qmkp_200_25_3_008
200
3

0.0	0.0	69.0	64.0	53.0	0.0	0.0	0.0	14.0	0.0	0.0	74.0	0.0	0.0	86.0	72.0	0.0	0.0	76.0	35.0	0.0	0.0	0.0	0.0	0.0	0.0	0.0	0.0	0.0	0.0	23.0	0.0	0.0	0.0	0.0	0.0	0.0	0.0	0.0	19.0	0.0	30.0	0.0	0.0	0.0	0.0	0.0	0.0	0.0	0.0	26.0	0.0	0.0	0.0	0.0	80.0	0.0	0.0	82.0	0.0	0.0	0.0	0.0	84.0	0.0	0.0	91.0	0.0	0.0	0.0	0.0	0.0	66.0	0.0	0.0	0.0	0.0	60.0	94.0	0.0	0.0	23.0	0.0	96.0	0.0	0.0	0.0	0.0	0.0	0.0	0.0	0.0	0.0	0.0	0.0	0.0	0.0	29.0	0.0	0.0	0.0	0.0	19.0	57.0	0.0	45.0	0.0	0.0	0.0	0.0	0.0	0.0	0.0	0.0	0.0	78.0	0.0	0.0	0.0	4.0	0.0	0.0	0.0	0.0	0.0	0.0	4.0	51.0	0.0	0.0	0.0	0.0	0.0	0.0	0.0	8.0	0.0	0.0	0.0	0.0	0.0	0.0	42.0	37.0	13.0	0.0	0.0	45.0	41.0	50.0	0.0	18.0	0.0	76.0	40.0	0.0	63.0	88.0	0.0	0.0	0.0	0.0	0.0	0.0	0.0	0.0	0.0	0.0	85.0	0.0	0.0	0.0	0.0	0.0	0.0	30.0	41.0	0.0	65.0	0.0	0.0	0.0	23.0	94.0	0.0	0.0	14.0	27.0	41.0	96.0	0.0	0.0	0.0	0.0	0.0	0.0	0.0	0.0	19.0	0.0
0.0	0.0	25.0	0.0	0.0	0.0	0.0	0.0	94.0	17.0	0.0	0.0	0.0	0.0	0.0	0.0	99.0	0.0	0.0	86.0	31.0	0.0	0.0	0.0	0.0	0.0	0.0	0.0	73.0	81.0	0.0	0.0	0.0	0.0	30.0	66.0	0.0	0.0	0.0	0.0	45.0	13.0	0.0	13.0	45.0	84.0	0.0	83.0	0.0	10.0	0.0	0.0	96.0	0.0	0.0	0.0	0.0	19.0	68.0	0.0	0.0	0.0	92.0	0.0	0.0	0.0	0.0	0.0	0.0	0.0	0.0	0.0	0.0	0.0	0.0	0.0	0.0	0.0	0.0	0.0	0.0	0.0	0.0	0.0	55.0	0.0	0.0	18.0	0.0	0.0	75.0	0.0	0.0	0.0	0.0	0.0	0.0	92.0	75.0	0.0	93.0	73.0	0.0	0.0	10.0	60.0	9.0	48.0	0.0	55.0	0.0	0.0	0.0	0.0	88.0	23.0	0.0	0.0	0.0	0.0	0.0	0.0	2.0	92.0	0.0	0.0	0.0	0.0	0.0	73.0	0.0	0.0	0.0	0.0	0.0	22.0	0.0	0.0	8.0	0.0	0.0	91.0	0.0	3.0	0.0	0.0	0.0	0.0	85.0	0.0	0.0	0.0	45.0	0.0	0.0	0.0	0.0	11.0	0.0	51.0	0.0	0.0	0.0	48.0	0.0	0.0	0.0	0.0	0.0	0.0	0.0	0.0	0.0	87.0	0.0	0.0	79.0	0.0	23.0	0.0	0.0	31.0	17.0	0.0	75.0	0.0	0.0	0.0	0.0	0.0	0.0	0.0	9.0	0.0	0.0	0.0	0.0	0.0	50.0
0.0	0.0	81.0	0.0	0.0	0.0	2.0	0.0	0.0	0.0	64.0	0.0	2.0	0.0	79.0	78.0	0.0	0.0	0.0	0.0	0.0	0.0	35.0	0.0	0.0	0.0	26.0	63.0	0.0	0.0	0.0	0.0	0.0	0.0	0.0	0.0	0.0	0.0	78.0	0.0	89.0	0.0	100.0	65.0	0.0	88.0	0.0	0.0	0.0	0.0	0.0	0.0	0.0	65.0	34.0	0.0	0.0	0.0	0.0	0.0	0.0	50.0	0.0	0.0	0.0	61.0	0.0	38.0	0.0	0.0	100.0	0.0	0.0	17.0	0.0	0.0	0.0	0.0	0.0	0.0	0.0	87.0	0.0	77.0	0.0	0.0	68.0	6.0	12.0	0.0	0.0	0.0	0.0	56.0	0.0	0.0	71.0	72.0	0.0	0.0	0.0	12.0	78.0	0.0	0.0	0.0	0.0	0.0	0.0	0.0	68.0	0.0	0.0	0.0	16.0	83.0	0.0	5.0	0.0	34.0	0.0	0.0	0.0	0.0	21.0	0.0	0.0	0.0	0.0	0.0	0.0	13.0	0.0	0.0	0.0	0.0	0.0	0.0	90.0	0.0	0.0	82.0	0.0	0.0	15.0	18.0	80.0	0.0	0.0	75.0	0.0	0.0	0.0	0.0	0.0	0.0	0.0	0.0	48.0	0.0	0.0	4.0	0.0	20.0	59.0	0.0	0.0	0.0	35.0	0.0	0.0	0.0	0.0	70.0	0.0	38.0	0.0	0.0	0.0	87.0	0.0	0.0	0.0	0.0	0.0	0.0	0.0	0.0	0.0	0.0	0.0	0.0	89.0	0.0	0.0	0.0	0.0	0.0
0.0	0.0	0.0	98.0	0.0	0.0	0.0	17.0	0.0	0.0	0.0	88.0	0.0	0.0	0.0	0.0	26.0	0.0	0.0	86.0	0.0	0.0	19.0	0.0	41.0	0.0	11.0	0.0	0.0	12.0	0.0	28.0	99.0	39.0	0.0	0.0	0.0	0.0	0.0	0.0	0.0	0.0	0.0	0.0	0.0	0.0	0.0	38.0	0.0	28.0	0.0	0.0	0.0	0.0	0.0	0.0	31.0	0.0	0.0	0.0	0.0	0.0	90.0	0.0	0.0	0.0	0.0	0.0	0.0	0.0	0.0	12.0	0.0	75.0	0.0	0.0	0.0	0.0	0.0	0.0	31.0	0.0	0.0	0.0	56.0	0.0	0.0	14.0	0.0	0.0	0.0	16.0	0.0	67.0	0.0	0.0	0.0	0.0	40.0	0.0	68.0	0.0	0.0	0.0	0.0	0.0	85.0	0.0	0.0	0.0	0.0	0.0	63.0	0.0	0.0	10.0	20.0	0.0	11.0	0.0	0.0	0.0	0.0	11.0	0.0	0.0	6.0	0.0	96.0	0.0	0.0	60.0	0.0	97.0	0.0	0.0	0.0	28.0	29.0	0.0	0.0	0.0	0.0	0.0	0.0	0.0	0.0	0.0	0.0	33.0	0.0	0.0	21.0	96.0	0.0	29.0	0.0	0.0	0.0	0.0	0.0	67.0	0.0	0.0	6.0	0.0	0.0	0.0	0.0	10.0	0.0	0.0	0.0	0.0	4.0	0.0	92.0	0.0	0.0	26.0	0.0	33.0	0.0	0.0	36.0	0.0	0.0	0.0	93.0	0.0	0.0	0.0	0.0	47.0	0.0	0.0	0.0
0.0	0.0	0.0	0.0	0.0	0.0	65.0	27.0	0.0	0.0	0.0	0.0	0.0	0.0	0.0	0.0	0.0	0.0	0.0	3.0	0.0	0.0	0.0	0.0	0.0	0.0	10.0	0.0	0.0	0.0	0.0	0.0	10.0	46.0	60.0	0.0	16.0	0.0	0.0	58.0	0.0	0.0	16.0	12.0	0.0	0.0	0.0	0.0	87.0	0.0	0.0	0.0	0.0	0.0	0.0	14.0	0.0	0.0	0.0	0.0	0.0	0.0	12.0	0.0	60.0	0.0	0.0	0.0	0.0	0.0	0.0	21.0	96.0	0.0	0.0	58.0	0.0	0.0	0.0	0.0	0.0	0.0	23.0	84.0	0.0	3.0	0.0	0.0	0.0	0.0	0.0	0.0	91.0	72.0	0.0	39.0	0.0	0.0	21.0	0.0	0.0	0.0	0.0	41.0	0.0	0.0	29.0	0.0	0.0	0.0	0.0	0.0	0.0	1.0	0.0	0.0	85.0	0.0	6.0	5.0	0.0	0.0	0.0	0.0	70.0	0.0	0.0	0.0	53.0	82.0	24.0	0.0	91.0	89.0	86.0	0.0	0.0	29.0	0.0	34.0	0.0	0.0	0.0	0.0	71.0	0.0	74.0	0.0	0.0	0.0	0.0	0.0	0.0	0.0	0.0	0.0	61.0	0.0	0.0	0.0	8.0	0.0	0.0	91.0	51.0	0.0	0.0	0.0	0.0	0.0	0.0	0.0	0.0	0.0	91.0	50.0	0.0	42.0	0.0	0.0	0.0	0.0	48.0	0.0	0.0	0.0	0.0	0.0	0.0	0.0	78.0	74.0	54.0	0.0	0.0	0.0
0.0	85.0	0.0	92.0	0.0	0.0	0.0	36.0	0.0	0.0	72.0	0.0	0.0	35.0	0.0	0.0	33.0	49.0	0.0	0.0	0.0	0.0	0.0	0.0	0.0	15.0	69.0	0.0	0.0	0.0	0.0	0.0	14.0	0.0	0.0	0.0	64.0	0.0	68.0	0.0	0.0	0.0	0.0	59.0	5.0	0.0	0.0	33.0	0.0	0.0	0.0	0.0	51.0	0.0	0.0	0.0	0.0	0.0	0.0	0.0	0.0	43.0	0.0	0.0	0.0	0.0	0.0	0.0	0.0	0.0	0.0	0.0	0.0	0.0	75.0	15.0	78.0	68.0	60.0	0.0	45.0	0.0	0.0	0.0	0.0	20.0	0.0	0.0	0.0	55.0	74.0	29.0	0.0	0.0	0.0	0.0	0.0	0.0	0.0	0.0	0.0	0.0	76.0	0.0	0.0	0.0	0.0	87.0	65.0	0.0	100.0	0.0	0.0	55.0	0.0	71.0	0.0	2.0	0.0	0.0	0.0	0.0	0.0	83.0	0.0	39.0	0.0	71.0	0.0	0.0	49.0	0.0	0.0	98.0	0.0	0.0	97.0	0.0	0.0	26.0	0.0	3.0	0.0	19.0	0.0	0.0	80.0	0.0	0.0	0.0	0.0	0.0	20.0	100.0	0.0	0.0	0.0	0.0	0.0	0.0	95.0	0.0	0.0	0.0	0.0	0.0	0.0	48.0	0.0	88.0	0.0	0.0	0.0	58.0	0.0	0.0	0.0	88.0	0.0	0.0	0.0	0.0	75.0	0.0	15.0	0.0	21.0	53.0	0.0	35.0	0.0	3.0	88.0	0.0	0.0
0.0	0.0	0.0	0.0	0.0	0.0	0.0	84.0	0.0	0.0	0.0	0.0	0.0	38.0	0.0	0.0	0.0	70.0	0.0	39.0	0.0	0.0	0.0	0.0	0.0	0.0	0.0	84.0	7.0	0.0	0.0	0.0	0.0	0.0	0.0	0.0	0.0	0.0	92.0	0.0	0.0	0.0	0.0	0.0	0.0	0.0	0.0	95.0	0.0	0.0	78.0	0.0	0.0	0.0	0.0	0.0	0.0	0.0	0.0	0.0	0.0	0.0	0.0	0.0	0.0	0.0	89.0	0.0	0.0	0.0	0.0	0.0	0.0	0.0	0.0	0.0	0.0	0.0	0.0	0.0	19.0	0.0	0.0	0.0	0.0	0.0	0.0	0.0	0.0	85.0	0.0	66.0	6.0	42.0	0.0	39.0	40.0	19.0	0.0	0.0	0.0	0.0	39.0	0.0	0.0	18.0	0.0	0.0	0.0	0.0	0.0	0.0	0.0	0.0	82.0	0.0	0.0	32.0	0.0	0.0	0.0	12.0	0.0	0.0	0.0	0.0	3.0	0.0	0.0	0.0	0.0	0.0	0.0	0.0	0.0	96.0	0.0	0.0	0.0	63.0	70.0	0.0	0.0	95.0	0.0	0.0	0.0	0.0	0.0	0.0	0.0	0.0	0.0	13.0	89.0	0.0	0.0	0.0	0.0	55.0	0.0	0.0	63.0	0.0	0.0	0.0	28.0	0.0	0.0	0.0	0.0	0.0	73.0	0.0	0.0	0.0	0.0	0.0	0.0	4.0	85.0	0.0	0.0	0.0	0.0	0.0	0.0	0.0	0.0	0.0	0.0	40.0	0.0	0.0
44.0	35.0	0.0	0.0	0.0	0.0	0.0	0.0	0.0	0.0	79.0	0.0	4.0	0.0	0.0	0.0	76.0	0.0	0.0	6.0	78.0	0.0	0.0	0.0	0.0	0.0	18.0	0.0	0.0	0.0	0.0	0.0	0.0	0.0	0.0	8.0	0.0	0.0	0.0	0.0	0.0	14.0	0.0	0.0	0.0	0.0	27.0	0.0	0.0	54.0	0.0	0.0	0.0	0.0	0.0	76.0	72.0	97.0	95.0	6.0	0.0	0.0	0.0	5.0	7.0	0.0	80.0	0.0	0.0	66.0	47.0	0.0	0.0	0.0	82.0	0.0	18.0	0.0	0.0	0.0	0.0	34.0	0.0	28.0	0.0	0.0	15.0	92.0	0.0	0.0	0.0	0.0	0.0	0.0	0.0	8.0	0.0	0.0	0.0	64.0	0.0	0.0	0.0	0.0	4.0	0.0	0.0	71.0	0.0	0.0	0.0	0.0	0.0	0.0	0.0	11.0	0.0	0.0	66.0	0.0	55.0	0.0	0.0	0.0	0.0	0.0	0.0	100.0	0.0	17.0	32.0	0.0	0.0	57.0	27.0	0.0	0.0	0.0	56.0	92.0	70.0	0.0	0.0	0.0	88.0	0.0	0.0	45.0	0.0	0.0	0.0	0.0	0.0	0.0	0.0	0.0	63.0	0.0	0.0	0.0	44.0	0.0	0.0	0.0	0.0	0.0	0.0	0.0	0.0	0.0	0.0	90.0	0.0	95.0	89.0	20.0	0.0	0.0	0.0	19.0	0.0	0.0	0.0	84.0	0.0	0.0	0.0	0.0	0.0	57.0	0.0	0.0	0.0
0.0	0.0	0.0	0.0	0.0	0.0	0.0	58.0	45.0	0.0	18.0	0.0	0.0	0.0	0.0	0.0	0.0	9.0	0.0	0.0	15.0	65.0	0.0	0.0	0.0	56.0	57.0	0.0	0.0	0.0	0.0	0.0	0.0	58.0	52.0	0.0	0.0	0.0	0.0	0.0	81.0	74.0	0.0	0.0	0.0	45.0	0.0	0.0	52.0	0.0	0.0	0.0	0.0	0.0	0.0	0.0	0.0	0.0	0.0	0.0	0.0	0.0	0.0	0.0	0.0	0.0	0.0	3.0	41.0	0.0	0.0	0.0	0.0	0.0	23.0	48.0	0.0	0.0	0.0	0.0	0.0	0.0	0.0	72.0	40.0	89.0	0.0	0.0	0.0	0.0	0.0	98.0	0.0	0.0	0.0	0.0	0.0	39.0	56.0	0.0	0.0	0.0	0.0	0.0	0.0	0.0	0.0	0.0	0.0	0.0	46.0	0.0	66.0	0.0	0.0	0.0	0.0	90.0	0.0	0.0	0.0	15.0	85.0	0.0	0.0	35.0	0.0	20.0	0.0	38.0	78.0	0.0	0.0	31.0	0.0	0.0	0.0	12.0	77.0	0.0	77.0	0.0	0.0	0.0	0.0	0.0	0.0	0.0	0.0	0.0	0.0	38.0	0.0	0.0	93.0	0.0	0.0	0.0	0.0	0.0	0.0	0.0	0.0	0.0	75.0	0.0	0.0	11.0	0.0	0.0	0.0	0.0	0.0	0.0	0.0	0.0	4.0	0.0	0.0	0.0	0.0	0.0	0.0	0.0	0.0	0.0	0.0	93.0	0.0	68.0	57.0	80.0
0.0	0.0	0.0	0.0	0.0	86.0	0.0	18.0	79.0	76.0	0.0	0.0	0.0	65.0	5.0	0.0	0.0	19.0	0.0	0.0	0.0	0.0	0.0	0.0	0.0	61.0	0.0	0.0	0.0	0.0	0.0	0.0	97.0	12.0	36.0	0.0	0.0	0.0	0.0	0.0	0.0	0.0	70.0	0.0	0.0	30.0	0.0	0.0	11.0	96.0	0.0	0.0	0.0	0.0	22.0	28.0	0.0	12.0	0.0	0.0	0.0	0.0	0.0	0.0	63.0	1.0	0.0	21.0	5.0	0.0	0.0	0.0	31.0	0.0	81.0	0.0	100.0	94.0	0.0	0.0	0.0	0.0	0.0	0.0	0.0	0.0	0.0	0.0	27.0	67.0	0.0	97.0	35.0	0.0	0.0	0.0	0.0	0.0	0.0	0.0	0.0	85.0	0.0	0.0	24.0	0.0	93.0	0.0	0.0	16.0	0.0	38.0	0.0	0.0	0.0	0.0	0.0	0.0	0.0	0.0	0.0	0.0	0.0	0.0	0.0	0.0	0.0	0.0	0.0	50.0	0.0	0.0	0.0	0.0	0.0	0.0	34.0	20.0	0.0	0.0	0.0	0.0	58.0	0.0	0.0	0.0	0.0	0.0	0.0	0.0	52.0	0.0	0.0	0.0	0.0	32.0	67.0	0.0	0.0	0.0	0.0	0.0	0.0	0.0	42.0	0.0	0.0	0.0	0.0	0.0	0.0	0.0	0.0	0.0	90.0	0.0	0.0	0.0	0.0	0.0	0.0	0.0	0.0	0.0	0.0	24.0	0.0	0.0	0.0	0.0	0.0
76.0	97.0	0.0	19.0	18.0	0.0	0.0	0.0	0.0	0.0	46.0	53.0	0.0	41.0	100.0	0.0	0.0	0.0	0.0	0.0	0.0	0.0	27.0	0.0	0.0	0.0	0.0	0.0	0.0	49.0	0.0	0.0	0.0	0.0	27.0	0.0	0.0	13.0	0.0	0.0	0.0	0.0	0.0	0.0	39.0	0.0	0.0	1.0	0.0	0.0	0.0	0.0	0.0	0.0	0.0	0.0	0.0	0.0	0.0	0.0	0.0	0.0	0.0	0.0	43.0	0.0	0.0	0.0	69.0	0.0	0.0	0.0	0.0	0.0	0.0	14.0	98.0	0.0	0.0	19.0	0.0	0.0	0.0	49.0	0.0	75.0	0.0	1.0	0.0	0.0	0.0	0.0	0.0	0.0	32.0	30.0	0.0	0.0	0.0	14.0	0.0	0.0	0.0	0.0	22.0	99.0	31.0	40.0	0.0	0.0	57.0	0.0	0.0	0.0	0.0	33.0	27.0	0.0	0.0	19.0	0.0	0.0	0.0	0.0	0.0	0.0	80.0	0.0	0.0	68.0	0.0	0.0	0.0	0.0	0.0	0.0	0.0	0.0	0.0	42.0	0.0	0.0	49.0	0.0	0.0	0.0	0.0	0.0	0.0	0.0	4.0	0.0	0.0	0.0	68.0	0.0	0.0	0.0	0.0	0.0	39.0	0.0	11.0	0.0	0.0	34.0	0.0	0.0	0.0	0.0	0.0	0.0	0.0	0.0	0.0	0.0	0.0	0.0	0.0	0.0	0.0	0.0	0.0	86.0	0.0	50.0	0.0	3.0	0.0	0.0
93.0	0.0	100.0	0.0	60.0	0.0	0.0	0.0	0.0	0.0	0.0	0.0	0.0	0.0	56.0	46.0	0.0	0.0	0.0	0.0	0.0	0.0	81.0	0.0	0.0	0.0	70.0	0.0	0.0	30.0	57.0	2.0	0.0	0.0	0.0	0.0	64.0	0.0	0.0	0.0	0.0	0.0	0.0	0.0	95.0	13.0	0.0	0.0	0.0	0.0	0.0	0.0	0.0	0.0	0.0	0.0	0.0	0.0	65.0	0.0	0.0	0.0	33.0	0.0	0.0	92.0	0.0	0.0	0.0	0.0	87.0	87.0	85.0	0.0	0.0	9.0	47.0	0.0	0.0	0.0	0.0	0.0	0.0	0.0	0.0	0.0	0.0	0.0	0.0	0.0	0.0	0.0	0.0	55.0	29.0	0.0	100.0	0.0	0.0	0.0	37.0	0.0	0.0	90.0	0.0	0.0	52.0	0.0	0.0	0.0	3.0	0.0	25.0	82.0	0.0	76.0	10.0	0.0	0.0	0.0	0.0	0.0	0.0	90.0	0.0	0.0	0.0	0.0	18.0	0.0	16.0	26.0	2.0	0.0	0.0	0.0	0.0	0.0	0.0	4.0	72.0	0.0	0.0	93.0	0.0	0.0	0.0	72.0	7.0	14.0	0.0	91.0	0.0	0.0	0.0	0.0	0.0	0.0	9.0	25.0	0.0	0.0	0.0	62.0	0.0	0.0	0.0	58.0	0.0	40.0	0.0	49.0	95.0	6.0	0.0	96.0	0.0	0.0	0.0	88.0	0.0	0.0	0.0	0.0	56.0	4.0	35.0	0.0	71.0
24.0	0.0	0.0	0.0	11.0	78.0	41.0	0.0	53.0	0.0	0.0	78.0	0.0	0.0	90.0	0.0	7.0	0.0	0.0	0.0	0.0	0.0	0.0	0.0	59.0	0.0	0.0	0.0	0.0	0.0	0.0	0.0	0.0	0.0	0.0	0.0	0.0	0.0	0.0	0.0	0.0	55.0	62.0	0.0	0.0	0.0	88.0	0.0	0.0	74.0	0.0	78.0	64.0	0.0	68.0	84.0	87.0	0.0	0.0	0.0	0.0	6.0	0.0	100.0	0.0	0.0	0.0	73.0	0.0	0.0	0.0	0.0	0.0	6.0	0.0	0.0	0.0	2.0	0.0	0.0	3.0	37.0	0.0	0.0	0.0	0.0	17.0	0.0	0.0	0.0	0.0	0.0	0.0	73.0	0.0	0.0	0.0	0.0	19.0	0.0	0.0	0.0	0.0	0.0	0.0	0.0	0.0	0.0	0.0	20.0	0.0	93.0	0.0	0.0	0.0	0.0	30.0	0.0	0.0	0.0	0.0	0.0	0.0	0.0	70.0	0.0	0.0	0.0	0.0	0.0	0.0	0.0	63.0	0.0	62.0	0.0	0.0	0.0	2.0	0.0	0.0	71.0	1.0	0.0	66.0	0.0	42.0	0.0	0.0	0.0	0.0	32.0	0.0	66.0	0.0	0.0	18.0	0.0	0.0	87.0	0.0	0.0	8.0	0.0	0.0	0.0	0.0	0.0	0.0	0.0	0.0	69.0	0.0	0.0	0.0	0.0	0.0	0.0	0.0	96.0	0.0	0.0	0.0	30.0	0.0	0.0	0.0	16.0
78.0	51.0	0.0	0.0	0.0	0.0	0.0	0.0	0.0	0.0	75.0	61.0	0.0	0.0	0.0	0.0	0.0	7.0	0.0	82.0	0.0	0.0	0.0	0.0	0.0	0.0	0.0	0.0	0.0	0.0	0.0	0.0	0.0	0.0	0.0	0.0	0.0	0.0	0.0	0.0	1.0	90.0	51.0	53.0	0.0	40.0	0.0	0.0	0.0	0.0	47.0	0.0	0.0	0.0	0.0	0.0	0.0	0.0	100.0	0.0	0.0	0.0	0.0	31.0	0.0	0.0	0.0	0.0	0.0	57.0	93.0	0.0	0.0	0.0	0.0	51.0	69.0	0.0	0.0	0.0	0.0	0.0	0.0	0.0	2.0	3.0	0.0	77.0	0.0	0.0	49.0	0.0	0.0	25.0	91.0	94.0	0.0	0.0	0.0	87.0	0.0	0.0	20.0	0.0	0.0	0.0	0.0	0.0	0.0	0.0	0.0	0.0	0.0	0.0	0.0	0.0	0.0	0.0	0.0	0.0	82.0	0.0	0.0	0.0	0.0	67.0	0.0	50.0	0.0	0.0	0.0	0.0	0.0	0.0	0.0	6.0	0.0	0.0	85.0	77.0	0.0	0.0	35.0	0.0	23.0	0.0	0.0	74.0	0.0	0.0	80.0	40.0	8.0	0.0	0.0	0.0	98.0	83.0	0.0	0.0	0.0	84.0	0.0	0.0	0.0	0.0	0.0	45.0	84.0	0.0	0.0	38.0	0.0	0.0	0.0	0.0	36.0	2.0	35.0	0.0	0.0	0.0	0.0	0.0	24.0	7.0	0.0
0.0	0.0	0.0	44.0	0.0	0.0	7.0	0.0	52.0	0.0	0.0	0.0	0.0	0.0	0.0	0.0	0.0	16.0	0.0	0.0	0.0	0.0	0.0	0.0	0.0	0.0	0.0	78.0	57.0	45.0	0.0	0.0	0.0	0.0	86.0	0.0	0.0	0.0	82.0	0.0	0.0	0.0	0.0	53.0	0.0	15.0	40.0	0.0	58.0	4.0	0.0	0.0	0.0	0.0	0.0	0.0	0.0	0.0	84.0	0.0	0.0	0.0	0.0	0.0	55.0	29.0	56.0	20.0	0.0	90.0	44.0	0.0	79.0	30.0	0.0	2.0	0.0	0.0	0.0	0.0	0.0	0.0	0.0	0.0	47.0	0.0	52.0	0.0	40.0	0.0	0.0	0.0	0.0	0.0	0.0	0.0	0.0	0.0	0.0	0.0	0.0	0.0	0.0	0.0	0.0	0.0	0.0	64.0	0.0	0.0	0.0	0.0	0.0	0.0	0.0	0.0	0.0	0.0	0.0	0.0	0.0	6.0	81.0	17.0	0.0	55.0	0.0	0.0	0.0	0.0	60.0	43.0	0.0	0.0	0.0	0.0	0.0	0.0	0.0	0.0	0.0	68.0	0.0	0.0	0.0	0.0	0.0	0.0	0.0	41.0	0.0	0.0	40.0	0.0	0.0	0.0	0.0	0.0	0.0	0.0	0.0	89.0	0.0	0.0	0.0	0.0	0.0	35.0	0.0	70.0	0.0	0.0	0.0	0.0	0.0	52.0	83.0	0.0	0.0	0.0	11.0	86.0	0.0	0.0	0.0	0.0
0.0	72.0	13.0	0.0	6.0	0.0	0.0	62.0	66.0	0.0	0.0	0.0	94.0	0.0	0.0	0.0	9.0	0.0	0.0	0.0	11.0	0.0	0.0	0.0	0.0	85.0	0.0	0.0	0.0	0.0	71.0	0.0	0.0	79.0	0.0	0.0	39.0	0.0	0.0	0.0	0.0	69.0	28.0	0.0	0.0	0.0	0.0	0.0	95.0	28.0	0.0	0.0	0.0	0.0	62.0	0.0	0.0	0.0	18.0	73.0	0.0	11.0	0.0	0.0	0.0	0.0	0.0	40.0	0.0	0.0	0.0	0.0	0.0	0.0	0.0	46.0	55.0	0.0	0.0	0.0	0.0	0.0	0.0	0.0	26.0	0.0	86.0	29.0	93.0	0.0	0.0	0.0	47.0	0.0	51.0	0.0	0.0	0.0	0.0	0.0	0.0	0.0	0.0	0.0	0.0	0.0	0.0	62.0	0.0	89.0	13.0	0.0	0.0	0.0	0.0	0.0	0.0	0.0	0.0	0.0	0.0	0.0	0.0	0.0	17.0	8.0	0.0	8.0	38.0	0.0	0.0	0.0	0.0	0.0	0.0	0.0	0.0	0.0	0.0	0.0	0.0	0.0	0.0	0.0	0.0	0.0	0.0	35.0	0.0	0.0	0.0	79.0	0.0	0.0	61.0	0.0	0.0	0.0	73.0	0.0	90.0	0.0	0.0	0.0	0.0	0.0	0.0	0.0	0.0	0.0	0.0	0.0	0.0	0.0	0.0	0.0	0.0	0.0	0.0	85.0	0.0	0.0	0.0	47.0	92.0
0.0	0.0	32.0	0.0	7.0	0.0	0.0	39.0	0.0	0.0	0.0	0.0	0.0	0.0	0.0	0.0	0.0	0.0	0.0	44.0	1.0	0.0	0.0	0.0	28.0	0.0	23.0	84.0	0.0	64.0	100.0	0.0	0.0	0.0	0.0	0.0	0.0	0.0	0.0	0.0	0.0	0.0	0.0	0.0	0.0	0.0	0.0	0.0	65.0	0.0	92.0	0.0	11.0	0.0	0.0	0.0	0.0	0.0	0.0	34.0	0.0	0.0	0.0	0.0	4.0	0.0	0.0	0.0	0.0	0.0	0.0	0.0	0.0	0.0	0.0	0.0	0.0	40.0	0.0	0.0	0.0	0.0	1.0	0.0	0.0	80.0	0.0	26.0	0.0	0.0	0.0	0.0	57.0	0.0	68.0	0.0	0.0	0.0	0.0	0.0	0.0	66.0	0.0	0.0	0.0	0.0	0.0	0.0	0.0	0.0	0.0	0.0	0.0	0.0	0.0	0.0	0.0	52.0	0.0	0.0	0.0	0.0	0.0	0.0	85.0	0.0	0.0	0.0	0.0	0.0	73.0	0.0	0.0	0.0	0.0	0.0	0.0	0.0	0.0	0.0	0.0	77.0	0.0	39.0	0.0	0.0	0.0	36.0	90.0	0.0	88.0	0.0	0.0	0.0	0.0	0.0	10.0	0.0	0.0	0.0	0.0	0.0	0.0	0.0	0.0	0.0	0.0	0.0	0.0	0.0	0.0	87.0	0.0	0.0	0.0	0.0	0.0	0.0	0.0	0.0	0.0	0.0	0.0	39.0
38.0	0.0	0.0	0.0	0.0	0.0	0.0	0.0	0.0	0.0	58.0	0.0	98.0	0.0	0.0	0.0	11.0	0.0	0.0	0.0	0.0	0.0	0.0	0.0	0.0	0.0	0.0	0.0	0.0	45.0	0.0	0.0	0.0	0.0	0.0	82.0	0.0	20.0	0.0	0.0	0.0	0.0	0.0	62.0	51.0	71.0	18.0	36.0	0.0	15.0	0.0	0.0	0.0	29.0	0.0	0.0	31.0	0.0	50.0	0.0	0.0	0.0	0.0	0.0	0.0	0.0	0.0	86.0	0.0	6.0	15.0	99.0	8.0	6.0	0.0	0.0	0.0	8.0	0.0	0.0	71.0	0.0	0.0	0.0	29.0	87.0	0.0	0.0	0.0	0.0	39.0	0.0	22.0	0.0	0.0	0.0	3.0	87.0	44.0	0.0	0.0	0.0	0.0	11.0	0.0	0.0	57.0	0.0	0.0	0.0	0.0	0.0	18.0	16.0	0.0	17.0	88.0	0.0	45.0	0.0	0.0	0.0	0.0	0.0	61.0	0.0	0.0	11.0	0.0	23.0	0.0	0.0	0.0	0.0	0.0	85.0	0.0	69.0	0.0	0.0	0.0	0.0	0.0	0.0	22.0	16.0	0.0	0.0	0.0	58.0	0.0	0.0	91.0	0.0	0.0	0.0	0.0	52.0	88.0	0.0	0.0	0.0	0.0	59.0	0.0	0.0	0.0	0.0	0.0	0.0	0.0	0.0	0.0	0.0	0.0	0.0	51.0	0.0	0.0	41.0	0.0	0.0	41.0
49.0	78.0	0.0	40.0	0.0	82.0	0.0	75.0	0.0	0.0	0.0	0.0	0.0	92.0	0.0	0.0	0.0	85.0	85.0	0.0	0.0	55.0	0.0	0.0	93.0	0.0	26.0	0.0	16.0	0.0	0.0	35.0	17.0	0.0	0.0	0.0	92.0	0.0	0.0	0.0	0.0	0.0	20.0	0.0	0.0	0.0	0.0	0.0	0.0	0.0	0.0	67.0	0.0	0.0	0.0	0.0	46.0	0.0	0.0	0.0	0.0	0.0	5.0	0.0	0.0	0.0	0.0	0.0	0.0	0.0	0.0	68.0	0.0	0.0	0.0	0.0	0.0	0.0	65.0	0.0	0.0	0.0	5.0	0.0	0.0	0.0	0.0	0.0	0.0	0.0	70.0	0.0	0.0	0.0	0.0	0.0	0.0	0.0	0.0	21.0	80.0	0.0	0.0	0.0	0.0	0.0	0.0	0.0	0.0	0.0	0.0	0.0	0.0	0.0	0.0	21.0	0.0	0.0	0.0	0.0	0.0	67.0	25.0	0.0	0.0	0.0	0.0	0.0	0.0	0.0	0.0	0.0	0.0	95.0	55.0	48.0	0.0	0.0	0.0	0.0	0.0	98.0	0.0	48.0	0.0	0.0	0.0	0.0	0.0	79.0	0.0	0.0	0.0	0.0	22.0	0.0	0.0	0.0	0.0	0.0	0.0	0.0	0.0	0.0	0.0	0.0	0.0	0.0	0.0	0.0	0.0	0.0	0.0	0.0	0.0	77.0	0.0	0.0	0.0	0.0	95.0	0.0
94.0	0.0	0.0	18.0	0.0	70.0	18.0	0.0	88.0	0.0	0.0	0.0	0.0	0.0	82.0	0.0	0.0	0.0	0.0	0.0	0.0	61.0	86.0	0.0	0.0	58.0	0.0	0.0	0.0	0.0	0.0	0.0	55.0	35.0	0.0	0.0	0.0	0.0	0.0	0.0	0.0	49.0	0.0	0.0	25.0	0.0	0.0	0.0	0.0	0.0	60.0	13.0	0.0	14.0	43.0	0.0	31.0	41.0	53.0	0.0	0.0	0.0	62.0	48.0	0.0	0.0	0.0	0.0	0.0	0.0	0.0	0.0	92.0	0.0	2.0	53.0	0.0	71.0	0.0	0.0	0.0	85.0	0.0	0.0	0.0	0.0	0.0	0.0	0.0	0.0	0.0	0.0	0.0	0.0	0.0	3.0	0.0	0.0	0.0	0.0	0.0	0.0	0.0	0.0	59.0	0.0	0.0	0.0	0.0	0.0	0.0	99.0	78.0	0.0	0.0	27.0	0.0	0.0	43.0	0.0	0.0	0.0	0.0	0.0	0.0	0.0	0.0	0.0	0.0	0.0	0.0	0.0	0.0	0.0	0.0	87.0	27.0	0.0	0.0	0.0	0.0	0.0	66.0	0.0	0.0	0.0	97.0	0.0	0.0	0.0	1.0	50.0	12.0	0.0	0.0	0.0	0.0	0.0	0.0	0.0	0.0	6.0	0.0	0.0	0.0	0.0	88.0	0.0	51.0	0.0	62.0	0.0	89.0	0.0	0.0	0.0	0.0	0.0	0.0	33.0	0.0
0.0	0.0	0.0	0.0	0.0	75.0	0.0	42.0	0.0	0.0	51.0	0.0	76.0	0.0	0.0	0.0	0.0	21.0	0.0	93.0	2.0	0.0	0.0	0.0	0.0	0.0	0.0	0.0	16.0	0.0	38.0	62.0	79.0	94.0	0.0	5.0	14.0	0.0	7.0	0.0	0.0	0.0	45.0	0.0	0.0	0.0	0.0	17.0	0.0	0.0	0.0	92.0	0.0	70.0	0.0	0.0	58.0	0.0	0.0	0.0	0.0	0.0	0.0	0.0	38.0	7.0	21.0	37.0	0.0	0.0	55.0	0.0	57.0	3.0	55.0	0.0	0.0	0.0	44.0	0.0	0.0	0.0	0.0	0.0	0.0	0.0	56.0	0.0	0.0	0.0	0.0	0.0	0.0	27.0	0.0	0.0	0.0	0.0	0.0	97.0	0.0	0.0	52.0	0.0	33.0	0.0	21.0	57.0	0.0	39.0	61.0	0.0	49.0	0.0	0.0	0.0	42.0	0.0	0.0	71.0	0.0	15.0	46.0	63.0	17.0	0.0	0.0	0.0	0.0	0.0	0.0	0.0	0.0	0.0	31.0	0.0	0.0	0.0	88.0	0.0	0.0	12.0	0.0	23.0	0.0	89.0	0.0	0.0	6.0	0.0	0.0	0.0	0.0	0.0	0.0	65.0	0.0	0.0	0.0	0.0	0.0	0.0	0.0	25.0	0.0	22.0	0.0	0.0	0.0	88.0	0.0	70.0	73.0	0.0	0.0	65.0	0.0	0.0	0.0	0.0
0.0	0.0	0.0	0.0	0.0	0.0	0.0	43.0	0.0	0.0	0.0	0.0	0.0	87.0	0.0	0.0	0.0	0.0	25.0	10.0	0.0	0.0	0.0	83.0	80.0	0.0	0.0	0.0	0.0	0.0	71.0	0.0	0.0	0.0	0.0	0.0	0.0	0.0	87.0	0.0	0.0	0.0	0.0	0.0	0.0	86.0	0.0	32.0	76.0	0.0	60.0	78.0	37.0	0.0	0.0	0.0	0.0	0.0	0.0	0.0	75.0	0.0	0.0	0.0	0.0	0.0	0.0	0.0	0.0	0.0	0.0	0.0	0.0	41.0	52.0	0.0	0.0	0.0	0.0	0.0	0.0	0.0	35.0	0.0	0.0	0.0	18.0	0.0	0.0	0.0	0.0	0.0	0.0	0.0	0.0	13.0	0.0	0.0	0.0	0.0	100.0	0.0	0.0	78.0	0.0	0.0	0.0	0.0	0.0	0.0	0.0	0.0	0.0	0.0	0.0	51.0	0.0	0.0	46.0	0.0	0.0	14.0	72.0	0.0	0.0	0.0	0.0	0.0	0.0	0.0	0.0	0.0	0.0	27.0	0.0	97.0	88.0	0.0	78.0	5.0	0.0	0.0	0.0	0.0	33.0	0.0	0.0	69.0	0.0	0.0	0.0	0.0	0.0	0.0	5.0	0.0	0.0	39.0	0.0	0.0	73.0	85.0	0.0	0.0	0.0	0.0	0.0	0.0	0.0	40.0	0.0	0.0	0.0	0.0	0.0	0.0	0.0	0.0	0.0
32.0	77.0	0.0	0.0	58.0	0.0	0.0	0.0	78.0	0.0	0.0	15.0	0.0	0.0	0.0	0.0	0.0	30.0	0.0	24.0	92.0	0.0	37.0	0.0	0.0	0.0	0.0	0.0	35.0	73.0	0.0	0.0	97.0	0.0	0.0	66.0	0.0	0.0	78.0	0.0	0.0	17.0	0.0	0.0	0.0	15.0	0.0	26.0	0.0	0.0	0.0	0.0	0.0	0.0	0.0	0.0	0.0	0.0	0.0	0.0	0.0	17.0	0.0	0.0	0.0	0.0	0.0	0.0	0.0	88.0	0.0	0.0	0.0	0.0	0.0	53.0	0.0	38.0	0.0	0.0	76.0	15.0	0.0	0.0	0.0	9.0	0.0	0.0	0.0	0.0	0.0	29.0	0.0	0.0	0.0	30.0	0.0	0.0	34.0	0.0	0.0	0.0	0.0	0.0	55.0	95.0	59.0	0.0	88.0	0.0	45.0	0.0	0.0	0.0	0.0	0.0	0.0	0.0	0.0	0.0	0.0	0.0	0.0	0.0	0.0	0.0	0.0	64.0	0.0	0.0	3.0	0.0	0.0	0.0	24.0	4.0	0.0	0.0	0.0	0.0	0.0	0.0	0.0	0.0	0.0	0.0	0.0	0.0	0.0	0.0	0.0	57.0	49.0	0.0	35.0	0.0	0.0	5.0	0.0	41.0	97.0	66.0	0.0	0.0	0.0	0.0	0.0	0.0	0.0	0.0	0.0	0.0	52.0	0.0	2.0	7.0	79.0	0.0
46.0	0.0	45.0	0.0	0.0	0.0	0.0	0.0	69.0	0.0	0.0	0.0	0.0	0.0	0.0	0.0	0.0	0.0	0.0	0.0	0.0	60.0	0.0	0.0	0.0	0.0	0.0	0.0	96.0	0.0	0.0	0.0	0.0	0.0	0.0	0.0	54.0	1.0	0.0	0.0	0.0	0.0	0.0	0.0	0.0	0.0	0.0	0.0	0.0	0.0	0.0	0.0	0.0	0.0	0.0	68.0	0.0	0.0	0.0	0.0	68.0	0.0	60.0	0.0	0.0	0.0	74.0	0.0	0.0	0.0	0.0	96.0	0.0	0.0	0.0	0.0	0.0	47.0	0.0	0.0	0.0	0.0	99.0	0.0	0.0	0.0	30.0	0.0	1.0	0.0	0.0	85.0	0.0	0.0	46.0	0.0	48.0	0.0	0.0	31.0	0.0	0.0	0.0	0.0	24.0	0.0	0.0	69.0	0.0	0.0	0.0	0.0	0.0	0.0	0.0	0.0	0.0	0.0	68.0	51.0	20.0	53.0	0.0	0.0	0.0	0.0	28.0	0.0	0.0	20.0	0.0	0.0	0.0	0.0	82.0	0.0	83.0	0.0	61.0	66.0	0.0	0.0	43.0	0.0	0.0	0.0	0.0	0.0	0.0	0.0	52.0	0.0	0.0	0.0	0.0	0.0	0.0	75.0	0.0	0.0	0.0	0.0	0.0	0.0	0.0	0.0	74.0	0.0	0.0	0.0	0.0	0.0	0.0	0.0	0.0	0.0	0.0
23.0	59.0	0.0	0.0	0.0	0.0	0.0	0.0	52.0	64.0	0.0	0.0	0.0	0.0	31.0	0.0	0.0	0.0	0.0	0.0	0.0	9.0	0.0	0.0	98.0	0.0	0.0	0.0	0.0	0.0	0.0	0.0	0.0	0.0	0.0	0.0	0.0	0.0	83.0	0.0	0.0	0.0	90.0	0.0	0.0	0.0	26.0	0.0	0.0	0.0	56.0	0.0	0.0	0.0	62.0	0.0	0.0	0.0	0.0	44.0	0.0	0.0	8.0	0.0	0.0	0.0	0.0	0.0	78.0	0.0	0.0	0.0	0.0	26.0	0.0	0.0	94.0	0.0	0.0	0.0	0.0	0.0	0.0	0.0	0.0	0.0	0.0	0.0	0.0	0.0	0.0	56.0	23.0	0.0	26.0	82.0	0.0	0.0	0.0	0.0	0.0	0.0	0.0	0.0	0.0	66.0	0.0	0.0	0.0	0.0	92.0	0.0	0.0	72.0	0.0	0.0	0.0	0.0	0.0	0.0	0.0	0.0	36.0	0.0	0.0	0.0	0.0	0.0	0.0	0.0	0.0	58.0	0.0	0.0	0.0	0.0	0.0	0.0	67.0	0.0	0.0	0.0	0.0	0.0	21.0	0.0	0.0	18.0	0.0	0.0	0.0	0.0	96.0	0.0	0.0	0.0	30.0	98.0	0.0	0.0	0.0	0.0	0.0	0.0	63.0	0.0	97.0	0.0	0.0	0.0	0.0	85.0	0.0	0.0	100.0	0.0
0.0	0.0	0.0	0.0	0.0	0.0	17.0	0.0	0.0	25.0	27.0	0.0	99.0	40.0	0.0	0.0	0.0	0.0	23.0	0.0	0.0	0.0	0.0	0.0	60.0	47.0	0.0	43.0	0.0	0.0	0.0	0.0	0.0	0.0	0.0	0.0	0.0	0.0	0.0	0.0	0.0	12.0	0.0	0.0	0.0	0.0	0.0	84.0	0.0	29.0	0.0	0.0	0.0	0.0	0.0	0.0	0.0	91.0	87.0	19.0	0.0	0.0	0.0	0.0	0.0	85.0	59.0	0.0	43.0	0.0	0.0	0.0	73.0	26.0	0.0	63.0	0.0	0.0	0.0	0.0	51.0	0.0	0.0	0.0	0.0	94.0	0.0	0.0	0.0	0.0	0.0	0.0	0.0	0.0	17.0	0.0	0.0	0.0	0.0	0.0	40.0	0.0	0.0	88.0	0.0	0.0	0.0	0.0	0.0	0.0	0.0	55.0	0.0	0.0	0.0	0.0	0.0	0.0	0.0	0.0	0.0	0.0	0.0	0.0	10.0	67.0	75.0	0.0	0.0	0.0	24.0	0.0	92.0	0.0	0.0	75.0	0.0	0.0	0.0	77.0	48.0	0.0	0.0	0.0	0.0	2.0	0.0	0.0	61.0	98.0	0.0	0.0	54.0	0.0	0.0	0.0	0.0	37.0	0.0	0.0	0.0	0.0	47.0	0.0	0.0	0.0	0.0	0.0	0.0	37.0	0.0	0.0	0.0	0.0	35.0
0.0	67.0	0.0	0.0	0.0	0.0	97.0	0.0	0.0	0.0	0.0	45.0	0.0	70.0	0.0	0.0	0.0	94.0	31.0	90.0	0.0	0.0	0.0	82.0	0.0	0.0	0.0	0.0	0.0	51.0	0.0	0.0	0.0	0.0	86.0	13.0	0.0	92.0	0.0	0.0	0.0	0.0	2.0	30.0	0.0	37.0	43.0	0.0	0.0	0.0	0.0	0.0	0.0	0.0	0.0	0.0	0.0	0.0	99.0	0.0	72.0	2.0	0.0	0.0	0.0	0.0	53.0	0.0	0.0	0.0	0.0	0.0	32.0	0.0	0.0	0.0	0.0	0.0	0.0	0.0	0.0	0.0	0.0	39.0	0.0	0.0	16.0	0.0	53.0	0.0	0.0	0.0	0.0	0.0	0.0	89.0	0.0	0.0	98.0	0.0	54.0	0.0	0.0	41.0	0.0	74.0	0.0	0.0	72.0	0.0	0.0	0.0	0.0	0.0	0.0	0.0	59.0	0.0	36.0	0.0	0.0	0.0	58.0	0.0	0.0	0.0	0.0	92.0	0.0	0.0	0.0	0.0	45.0	0.0	0.0	0.0	59.0	0.0	0.0	39.0	0.0	0.0	0.0	0.0	0.0	0.0	0.0	0.0	12.0	0.0	0.0	0.0	18.0	0.0	0.0	0.0	69.0	0.0	0.0	0.0	7.0	0.0	0.0	88.0	0.0	89.0	24.0	66.0	49.0	0.0	0.0	0.0	20.0	0.0
0.0	0.0	0.0	0.0	0.0	0.0	81.0	0.0	0.0	0.0	14.0	0.0	72.0	0.0	0.0	14.0	0.0	0.0	0.0	0.0	0.0	0.0	0.0	0.0	48.0	0.0	0.0	0.0	0.0	68.0	69.0	0.0	0.0	0.0	71.0	0.0	100.0	79.0	0.0	0.0	0.0	23.0	0.0	0.0	0.0	55.0	0.0	0.0	0.0	0.0	0.0	0.0	0.0	35.0	0.0	0.0	14.0	0.0	0.0	0.0	65.0	31.0	0.0	0.0	0.0	0.0	0.0	0.0	0.0	0.0	0.0	0.0	39.0	1.0	0.0	0.0	0.0	0.0	0.0	0.0	41.0	0.0	81.0	24.0	0.0	0.0	0.0	91.0	0.0	0.0	0.0	0.0	0.0	55.0	0.0	0.0	0.0	0.0	0.0	0.0	0.0	100.0	49.0	87.0	0.0	0.0	0.0	0.0	0.0	0.0	0.0	71.0	0.0	0.0	63.0	90.0	66.0	0.0	0.0	0.0	64.0	0.0	0.0	0.0	0.0	0.0	0.0	0.0	0.0	0.0	71.0	0.0	98.0	0.0	0.0	0.0	0.0	48.0	0.0	0.0	0.0	40.0	52.0	89.0	0.0	0.0	24.0	0.0	0.0	0.0	0.0	99.0	0.0	72.0	0.0	0.0	14.0	0.0	0.0	88.0	0.0	0.0	0.0	0.0	0.0	0.0	0.0	99.0	0.0	52.0	0.0	0.0	0.0
0.0	0.0	0.0	0.0	99.0	0.0	0.0	0.0	65.0	3.0	0.0	9.0	54.0	0.0	0.0	21.0	0.0	19.0	0.0	0.0	13.0	0.0	0.0	0.0	61.0	0.0	0.0	0.0	20.0	0.0	0.0	0.0	0.0	0.0	0.0	0.0	0.0	10.0	51.0	0.0	81.0	0.0	1.0	0.0	0.0	0.0	0.0	0.0	0.0	0.0	0.0	0.0	16.0	0.0	0.0	0.0	0.0	86.0	13.0	0.0	73.0	0.0	0.0	75.0	0.0	0.0	3.0	94.0	0.0	0.0	4.0	0.0	0.0	49.0	0.0	0.0	34.0	0.0	78.0	0.0	0.0	0.0	0.0	0.0	0.0	0.0	20.0	11.0	71.0	70.0	16.0	60.0	15.0	0.0	0.0	0.0	51.0	0.0	0.0	45.0	0.0	0.0	63.0	0.0	0.0	0.0	0.0	98.0	0.0	0.0	0.0	0.0	0.0	68.0	0.0	0.0	0.0	0.0	0.0	0.0	0.0	0.0	0.0	0.0	0.0	0.0	49.0	0.0	0.0	79.0	0.0	45.0	0.0	0.0	56.0	0.0	0.0	73.0	25.0	0.0	0.0	0.0	0.0	60.0	86.0	0.0	0.0	17.0	0.0	62.0	28.0	0.0	0.0	96.0	0.0	36.0	0.0	0.0	0.0	81.0	0.0	0.0	0.0	0.0	0.0	0.0	0.0	0.0	58.0	40.0	0.0	18.0
0.0	0.0	0.0	0.0	62.0	72.0	0.0	99.0	63.0	0.0	27.0	0.0	0.0	85.0	0.0	0.0	0.0	0.0	0.0	0.0	0.0	0.0	0.0	0.0	0.0	36.0	0.0	0.0	0.0	0.0	0.0	0.0	82.0	0.0	0.0	93.0	0.0	0.0	0.0	0.0	0.0	0.0	0.0	0.0	16.0	0.0	0.0	0.0	0.0	0.0	0.0	0.0	66.0	0.0	0.0	0.0	0.0	69.0	0.0	55.0	0.0	0.0	29.0	0.0	0.0	0.0	0.0	0.0	0.0	0.0	92.0	0.0	89.0	0.0	0.0	0.0	0.0	0.0	0.0	0.0	0.0	0.0	38.0	0.0	0.0	0.0	0.0	0.0	0.0	0.0	0.0	0.0	37.0	0.0	0.0	0.0	0.0	0.0	0.0	9.0	0.0	0.0	29.0	35.0	0.0	49.0	0.0	0.0	0.0	25.0	1.0	0.0	0.0	0.0	81.0	0.0	24.0	0.0	0.0	63.0	77.0	0.0	0.0	0.0	9.0	0.0	0.0	22.0	56.0	0.0	1.0	0.0	0.0	0.0	0.0	0.0	0.0	0.0	90.0	68.0	0.0	0.0	1.0	23.0	0.0	17.0	69.0	0.0	0.0	0.0	0.0	0.0	58.0	55.0	37.0	0.0	0.0	6.0	84.0	0.0	71.0	0.0	0.0	0.0	52.0	0.0	0.0	0.0	0.0	28.0	0.0
0.0	0.0	0.0	0.0	80.0	0.0	0.0	0.0	0.0	0.0	0.0	42.0	0.0	0.0	0.0	94.0	96.0	0.0	0.0	83.0	0.0	16.0	0.0	77.0	0.0	0.0	0.0	0.0	0.0	88.0	0.0	0.0	0.0	0.0	0.0	59.0	0.0	100.0	11.0	22.0	0.0	12.0	0.0	98.0	0.0	0.0	4.0	53.0	0.0	0.0	0.0	0.0	0.0	0.0	0.0	99.0	0.0	0.0	0.0	0.0	0.0	0.0	0.0	0.0	0.0	4.0	0.0	0.0	0.0	0.0	0.0	0.0	0.0	1.0	0.0	0.0	0.0	0.0	43.0	80.0	0.0	0.0	1.0	0.0	31.0	31.0	0.0	0.0	0.0	19.0	0.0	0.0	0.0	0.0	0.0	0.0	0.0	0.0	0.0	0.0	0.0	0.0	0.0	0.0	0.0	0.0	0.0	0.0	0.0	0.0	0.0	0.0	0.0	69.0	0.0	0.0	0.0	0.0	0.0	0.0	0.0	0.0	0.0	0.0	0.0	0.0	0.0	11.0	0.0	69.0	0.0	66.0	0.0	0.0	0.0	77.0	0.0	0.0	0.0	0.0	0.0	69.0	76.0	0.0	0.0	0.0	0.0	0.0	9.0	0.0	42.0	0.0	0.0	27.0	0.0	0.0	0.0	0.0	0.0	0.0	0.0	0.0	48.0	0.0	0.0	0.0	0.0	0.0	0.0	0.0
0.0	0.0	12.0	23.0	0.0	68.0	0.0	0.0	0.0	85.0	22.0	0.0	0.0	0.0	0.0	0.0	0.0	90.0	40.0	0.0	0.0	0.0	0.0	0.0	0.0	0.0	0.0	54.0	22.0	0.0	54.0	0.0	0.0	0.0	0.0	0.0	0.0	0.0	0.0	0.0	0.0	0.0	0.0	0.0	0.0	0.0	100.0	22.0	0.0	0.0	40.0	0.0	95.0	0.0	0.0	0.0	0.0	0.0	0.0	57.0	0.0	0.0	67.0	0.0	0.0	0.0	0.0	0.0	0.0	10.0	0.0	0.0	0.0	49.0	0.0	0.0	0.0	7.0	58.0	0.0	0.0	0.0	0.0	0.0	0.0	0.0	0.0	0.0	0.0	0.0	12.0	0.0	34.0	0.0	0.0	0.0	0.0	0.0	35.0	0.0	0.0	71.0	27.0	64.0	0.0	0.0	0.0	0.0	95.0	59.0	0.0	59.0	69.0	7.0	0.0	0.0	66.0	69.0	0.0	0.0	0.0	11.0	0.0	0.0	0.0	0.0	0.0	0.0	0.0	0.0	0.0	0.0	47.0	0.0	0.0	0.0	47.0	0.0	0.0	0.0	0.0	0.0	0.0	0.0	7.0	0.0	86.0	0.0	0.0	91.0	0.0	0.0	0.0	0.0	0.0	0.0	0.0	0.0	0.0	0.0	0.0	0.0	71.0	31.0	0.0	12.0	0.0	0.0	0.0
0.0	0.0	63.0	0.0	0.0	0.0	0.0	0.0	0.0	45.0	0.0	0.0	74.0	0.0	0.0	0.0	67.0	0.0	0.0	0.0	0.0	0.0	2.0	0.0	0.0	0.0	33.0	0.0	0.0	77.0	0.0	0.0	72.0	0.0	57.0	11.0	0.0	76.0	0.0	20.0	0.0	0.0	3.0	0.0	0.0	0.0	0.0	0.0	0.0	0.0	0.0	0.0	0.0	0.0	47.0	15.0	0.0	53.0	76.0	76.0	70.0	100.0	0.0	0.0	65.0	76.0	0.0	37.0	40.0	0.0	0.0	0.0	0.0	32.0	51.0	0.0	4.0	0.0	62.0	0.0	0.0	0.0	77.0	98.0	0.0	0.0	0.0	0.0	34.0	0.0	0.0	0.0	52.0	0.0	0.0	0.0	0.0	67.0	0.0	0.0	0.0	0.0	19.0	0.0	41.0	0.0	0.0	0.0	0.0	0.0	55.0	18.0	0.0	21.0	0.0	66.0	66.0	0.0	0.0	0.0	0.0	0.0	0.0	0.0	0.0	0.0	0.0	10.0	0.0	0.0	0.0	11.0	0.0	25.0	0.0	0.0	0.0	0.0	0.0	0.0	0.0	0.0	0.0	0.0	0.0	0.0	0.0	0.0	0.0	0.0	0.0	0.0	38.0	50.0	0.0	0.0	0.0	0.0	0.0	0.0	0.0	0.0	0.0	0.0	22.0	92.0	0.0	0.0
0.0	0.0	0.0	19.0	0.0	0.0	0.0	0.0	0.0	0.0	0.0	0.0	88.0	0.0	0.0	0.0	0.0	29.0	58.0	0.0	0.0	0.0	54.0	0.0	0.0	0.0	0.0	0.0	3.0	0.0	60.0	0.0	0.0	26.0	0.0	0.0	0.0	82.0	0.0	0.0	0.0	0.0	0.0	0.0	0.0	0.0	0.0	0.0	0.0	0.0	0.0	0.0	72.0	63.0	5.0	0.0	0.0	0.0	0.0	0.0	0.0	0.0	0.0	0.0	0.0	0.0	64.0	0.0	0.0	0.0	0.0	7.0	0.0	0.0	27.0	0.0	0.0	0.0	36.0	0.0	17.0	0.0	0.0	0.0	0.0	0.0	0.0	0.0	0.0	33.0	0.0	0.0	0.0	0.0	0.0	0.0	79.0	0.0	0.0	0.0	0.0	0.0	45.0	0.0	59.0	22.0	0.0	0.0	72.0	36.0	0.0	30.0	0.0	56.0	0.0	41.0	0.0	0.0	75.0	60.0	5.0	63.0	0.0	0.0	0.0	0.0	0.0	0.0	0.0	0.0	0.0	0.0	3.0	49.0	0.0	63.0	29.0	0.0	0.0	0.0	0.0	0.0	0.0	0.0	50.0	0.0	0.0	0.0	0.0	0.0	0.0	0.0	0.0	27.0	0.0	18.0	0.0	0.0	57.0	15.0	96.0	10.0	0.0	0.0	0.0	0.0	0.0
0.0	0.0	0.0	57.0	0.0	0.0	87.0	0.0	0.0	0.0	83.0	0.0	0.0	0.0	0.0	0.0	0.0	0.0	0.0	0.0	0.0	0.0	0.0	45.0	84.0	0.0	21.0	0.0	0.0	63.0	11.0	0.0	0.0	0.0	0.0	0.0	33.0	0.0	0.0	0.0	0.0	42.0	0.0	78.0	0.0	0.0	0.0	80.0	97.0	0.0	52.0	51.0	0.0	0.0	72.0	0.0	0.0	43.0	0.0	0.0	41.0	0.0	0.0	23.0	0.0	41.0	0.0	0.0	82.0	0.0	85.0	49.0	30.0	0.0	0.0	0.0	0.0	69.0	86.0	0.0	0.0	0.0	36.0	0.0	0.0	0.0	0.0	0.0	0.0	0.0	52.0	0.0	0.0	0.0	0.0	0.0	86.0	36.0	0.0	58.0	2.0	0.0	0.0	0.0	0.0	84.0	39.0	0.0	0.0	58.0	0.0	99.0	80.0	0.0	0.0	0.0	0.0	0.0	0.0	85.0	0.0	0.0	0.0	28.0	17.0	0.0	0.0	0.0	0.0	0.0	0.0	0.0	0.0	0.0	0.0	0.0	0.0	26.0	0.0	0.0	0.0	0.0	0.0	0.0	0.0	0.0	0.0	0.0	0.0	0.0	0.0	0.0	0.0	26.0	0.0	0.0	4.0	0.0	0.0	0.0	0.0	0.0	0.0	0.0	0.0	0.0
74.0	0.0	0.0	0.0	91.0	0.0	0.0	0.0	31.0	0.0	0.0	0.0	0.0	0.0	0.0	0.0	0.0	0.0	0.0	0.0	0.0	92.0	0.0	69.0	81.0	0.0	0.0	56.0	0.0	0.0	0.0	0.0	0.0	0.0	0.0	0.0	0.0	0.0	0.0	0.0	0.0	0.0	0.0	0.0	3.0	66.0	23.0	0.0	0.0	30.0	19.0	0.0	27.0	0.0	13.0	0.0	92.0	0.0	16.0	0.0	0.0	0.0	0.0	48.0	0.0	51.0	0.0	0.0	0.0	0.0	67.0	0.0	0.0	0.0	0.0	0.0	0.0	0.0	0.0	0.0	0.0	0.0	34.0	0.0	100.0	0.0	53.0	0.0	0.0	0.0	0.0	60.0	21.0	0.0	0.0	47.0	0.0	0.0	0.0	47.0	0.0	0.0	0.0	0.0	0.0	0.0	0.0	0.0	0.0	0.0	60.0	0.0	0.0	0.0	7.0	0.0	46.0	88.0	81.0	93.0	0.0	0.0	0.0	0.0	0.0	12.0	0.0	0.0	0.0	0.0	0.0	0.0	0.0	55.0	0.0	0.0	49.0	0.0	0.0	0.0	0.0	0.0	0.0	0.0	0.0	58.0	0.0	0.0	61.0	70.0	0.0	37.0	0.0	0.0	0.0	0.0	0.0	0.0	0.0	11.0	7.0	0.0	0.0	0.0	0.0
84.0	0.0	0.0	0.0	0.0	0.0	0.0	100.0	0.0	0.0	0.0	0.0	94.0	0.0	0.0	0.0	0.0	0.0	0.0	0.0	0.0	0.0	0.0	0.0	70.0	0.0	0.0	17.0	0.0	0.0	6.0	0.0	0.0	0.0	0.0	0.0	0.0	73.0	0.0	17.0	0.0	0.0	0.0	0.0	0.0	24.0	0.0	0.0	0.0	0.0	0.0	0.0	51.0	0.0	68.0	0.0	0.0	81.0	58.0	0.0	81.0	0.0	0.0	0.0	28.0	69.0	0.0	0.0	0.0	0.0	0.0	0.0	14.0	0.0	0.0	0.0	0.0	0.0	0.0	0.0	0.0	0.0	0.0	0.0	0.0	0.0	8.0	0.0	0.0	0.0	0.0	0.0	0.0	0.0	0.0	0.0	0.0	51.0	45.0	0.0	0.0	0.0	57.0	98.0	0.0	0.0	0.0	63.0	0.0	0.0	0.0	0.0	0.0	0.0	0.0	0.0	0.0	0.0	0.0	0.0	0.0	22.0	54.0	0.0	34.0	5.0	94.0	0.0	0.0	0.0	0.0	0.0	54.0	0.0	41.0	0.0	0.0	0.0	6.0	67.0	0.0	96.0	0.0	0.0	0.0	0.0	0.0	0.0	0.0	94.0	0.0	39.0	0.0	0.0	0.0	0.0	0.0	0.0	0.0	0.0	0.0	56.0	0.0	0.0
0.0	0.0	0.0	0.0	1.0	0.0	0.0	0.0	0.0	0.0	0.0	9.0	24.0	0.0	0.0	0.0	0.0	0.0	0.0	0.0	0.0	0.0	0.0	13.0	0.0	59.0	0.0	0.0	0.0	0.0	0.0	0.0	0.0	0.0	0.0	0.0	60.0	26.0	0.0	0.0	0.0	0.0	0.0	0.0	0.0	0.0	0.0	0.0	0.0	0.0	21.0	0.0	14.0	0.0	0.0	9.0	0.0	11.0	0.0	0.0	0.0	0.0	0.0	0.0	0.0	0.0	0.0	27.0	0.0	0.0	0.0	0.0	0.0	50.0	82.0	0.0	0.0	0.0	0.0	0.0	0.0	0.0	0.0	0.0	82.0	0.0	91.0	81.0	0.0	0.0	37.0	0.0	0.0	0.0	0.0	0.0	0.0	5.0	0.0	65.0	0.0	0.0	56.0	0.0	0.0	91.0	0.0	14.0	0.0	0.0	0.0	9.0	0.0	0.0	0.0	0.0	0.0	0.0	70.0	0.0	0.0	0.0	0.0	80.0	24.0	100.0	39.0	0.0	0.0	0.0	0.0	32.0	0.0	0.0	0.0	0.0	0.0	0.0	0.0	0.0	0.0	0.0	0.0	0.0	0.0	8.0	0.0	0.0	0.0	0.0	0.0	0.0	55.0	0.0	15.0	0.0	0.0	0.0	10.0	2.0	58.0	0.0	67.0
0.0	0.0	39.0	99.0	0.0	0.0	0.0	39.0	84.0	0.0	0.0	0.0	0.0	0.0	22.0	0.0	0.0	0.0	94.0	11.0	29.0	0.0	0.0	0.0	0.0	0.0	0.0	0.0	0.0	0.0	71.0	78.0	0.0	0.0	0.0	0.0	0.0	0.0	0.0	0.0	0.0	27.0	35.0	0.0	0.0	0.0	51.0	0.0	0.0	0.0	56.0	0.0	0.0	0.0	0.0	0.0	47.0	15.0	0.0	0.0	0.0	0.0	23.0	33.0	88.0	0.0	50.0	0.0	14.0	71.0	0.0	0.0	90.0	0.0	0.0	0.0	0.0	0.0	56.0	36.0	0.0	27.0	87.0	93.0	48.0	60.0	0.0	0.0	86.0	0.0	99.0	0.0	0.0	0.0	17.0	0.0	0.0	59.0	57.0	43.0	0.0	0.0	0.0	54.0	41.0	0.0	84.0	0.0	0.0	30.0	0.0	75.0	0.0	0.0	0.0	0.0	0.0	0.0	0.0	0.0	0.0	0.0	0.0	0.0	41.0	0.0	0.0	0.0	0.0	0.0	0.0	66.0	12.0	0.0	0.0	0.0	0.0	99.0	82.0	0.0	0.0	0.0	78.0	0.0	0.0	81.0	0.0	0.0	11.0	0.0	0.0	0.0	0.0	89.0	0.0	0.0	0.0	0.0	0.0	0.0	0.0	0.0
0.0	0.0	87.0	72.0	0.0	0.0	0.0	0.0	0.0	44.0	0.0	0.0	0.0	50.0	0.0	0.0	0.0	0.0	33.0	0.0	0.0	18.0	0.0	0.0	0.0	75.0	0.0	0.0	0.0	0.0	0.0	0.0	67.0	0.0	0.0	0.0	0.0	13.0	88.0	0.0	0.0	8.0	0.0	5.0	0.0	0.0	0.0	0.0	10.0	0.0	0.0	0.0	0.0	0.0	0.0	49.0	0.0	0.0	0.0	0.0	0.0	64.0	0.0	0.0	0.0	0.0	0.0	50.0	0.0	0.0	0.0	0.0	0.0	0.0	0.0	0.0	0.0	0.0	0.0	0.0	0.0	0.0	0.0	0.0	0.0	0.0	0.0	0.0	0.0	0.0	0.0	0.0	0.0	0.0	0.0	0.0	0.0	0.0	0.0	0.0	75.0	3.0	0.0	0.0	0.0	42.0	14.0	0.0	0.0	69.0	0.0	7.0	43.0	0.0	83.0	12.0	9.0	0.0	0.0	0.0	0.0	0.0	0.0	0.0	0.0	0.0	0.0	57.0	0.0	0.0	86.0	0.0	0.0	62.0	0.0	0.0	0.0	13.0	0.0	98.0	0.0	0.0	40.0	0.0	0.0	0.0	0.0	0.0	0.0	34.0	0.0	0.0	3.0	65.0	35.0	89.0	0.0	0.0	0.0	49.0	0.0
0.0	0.0	82.0	0.0	0.0	69.0	0.0	6.0	11.0	0.0	0.0	0.0	0.0	39.0	0.0	0.0	91.0	0.0	0.0	0.0	0.0	42.0	0.0	0.0	0.0	0.0	0.0	73.0	0.0	0.0	0.0	24.0	0.0	64.0	12.0	88.0	0.0	9.0	0.0	0.0	23.0	0.0	48.0	93.0	0.0	0.0	0.0	16.0	0.0	0.0	0.0	0.0	81.0	19.0	0.0	0.0	0.0	0.0	31.0	0.0	37.0	40.0	50.0	10.0	0.0	0.0	0.0	0.0	0.0	51.0	0.0	0.0	0.0	0.0	0.0	0.0	22.0	0.0	0.0	0.0	0.0	0.0	0.0	0.0	0.0	47.0	0.0	0.0	24.0	39.0	0.0	0.0	0.0	25.0	0.0	0.0	0.0	63.0	0.0	0.0	48.0	0.0	0.0	0.0	0.0	0.0	0.0	89.0	94.0	0.0	91.0	95.0	0.0	0.0	0.0	0.0	0.0	0.0	0.0	0.0	0.0	0.0	0.0	0.0	0.0	0.0	0.0	26.0	0.0	2.0	31.0	0.0	0.0	0.0	0.0	44.0	0.0	0.0	0.0	47.0	0.0	0.0	0.0	0.0	62.0	19.0	0.0	0.0	0.0	0.0	0.0	0.0	0.0	0.0	67.0	70.0	72.0	0.0	0.0	70.0
0.0	0.0	95.0	95.0	44.0	90.0	0.0	0.0	0.0	0.0	0.0	49.0	0.0	89.0	0.0	0.0	0.0	0.0	0.0	0.0	0.0	0.0	0.0	0.0	0.0	0.0	0.0	0.0	0.0	0.0	0.0	61.0	0.0	0.0	0.0	0.0	0.0	0.0	0.0	0.0	44.0	0.0	51.0	0.0	51.0	0.0	0.0	95.0	0.0	79.0	0.0	0.0	0.0	0.0	0.0	0.0	0.0	13.0	0.0	0.0	0.0	0.0	91.0	0.0	0.0	47.0	0.0	0.0	0.0	0.0	0.0	0.0	0.0	0.0	0.0	0.0	0.0	0.0	0.0	0.0	0.0	0.0	0.0	0.0	0.0	62.0	0.0	0.0	0.0	0.0	0.0	0.0	0.0	0.0	0.0	0.0	78.0	0.0	0.0	0.0	0.0	63.0	0.0	0.0	0.0	0.0	0.0	0.0	71.0	0.0	0.0	0.0	0.0	0.0	0.0	66.0	0.0	0.0	16.0	0.0	0.0	0.0	16.0	0.0	0.0	0.0	72.0	0.0	0.0	0.0	0.0	0.0	0.0	0.0	0.0	72.0	0.0	0.0	3.0	0.0	15.0	0.0	0.0	0.0	0.0	0.0	0.0	0.0	0.0	0.0	0.0	0.0	98.0	0.0	0.0	0.0	0.0	0.0	0.0
61.0	0.0	68.0	0.0	0.0	0.0	0.0	92.0	0.0	0.0	86.0	0.0	0.0	0.0	0.0	0.0	0.0	0.0	0.0	0.0	0.0	0.0	0.0	0.0	0.0	68.0	0.0	0.0	0.0	0.0	0.0	0.0	0.0	18.0	32.0	0.0	0.0	67.0	0.0	0.0	0.0	0.0	63.0	40.0	0.0	0.0	30.0	0.0	24.0	0.0	0.0	0.0	0.0	0.0	0.0	0.0	0.0	0.0	0.0	0.0	0.0	0.0	0.0	0.0	0.0	0.0	0.0	0.0	0.0	0.0	0.0	0.0	0.0	0.0	0.0	0.0	0.0	0.0	70.0	81.0	0.0	0.0	60.0	0.0	0.0	0.0	0.0	7.0	0.0	84.0	0.0	0.0	0.0	20.0	88.0	0.0	18.0	0.0	10.0	0.0	93.0	0.0	83.0	87.0	0.0	0.0	0.0	0.0	42.0	0.0	35.0	0.0	19.0	0.0	0.0	30.0	0.0	74.0	0.0	0.0	0.0	0.0	0.0	0.0	0.0	60.0	0.0	0.0	0.0	0.0	0.0	60.0	0.0	0.0	14.0	0.0	0.0	83.0	0.0	0.0	52.0	0.0	28.0	0.0	0.0	0.0	0.0	34.0	28.0	38.0	0.0	97.0	75.0	0.0	0.0	0.0	0.0	41.0
0.0	0.0	0.0	0.0	0.0	0.0	57.0	0.0	0.0	0.0	0.0	0.0	0.0	0.0	0.0	0.0	0.0	0.0	54.0	76.0	0.0	72.0	0.0	0.0	0.0	11.0	31.0	0.0	60.0	0.0	0.0	7.0	93.0	0.0	0.0	17.0	0.0	0.0	78.0	0.0	0.0	0.0	0.0	0.0	0.0	0.0	0.0	0.0	78.0	0.0	0.0	0.0	0.0	96.0	0.0	0.0	24.0	0.0	26.0	0.0	2.0	0.0	0.0	10.0	16.0	0.0	0.0	0.0	0.0	0.0	0.0	0.0	0.0	0.0	0.0	0.0	60.0	32.0	98.0	11.0	78.0	0.0	0.0	0.0	0.0	12.0	16.0	0.0	0.0	81.0	0.0	47.0	41.0	89.0	0.0	0.0	0.0	0.0	0.0	0.0	0.0	0.0	0.0	0.0	0.0	0.0	7.0	59.0	0.0	0.0	32.0	0.0	0.0	0.0	0.0	19.0	0.0	79.0	0.0	98.0	17.0	37.0	34.0	0.0	0.0	0.0	0.0	0.0	0.0	0.0	0.0	21.0	0.0	0.0	0.0	0.0	67.0	47.0	0.0	97.0	49.0	0.0	0.0	41.0	0.0	0.0	0.0	0.0	0.0	0.0	96.0	0.0	0.0	31.0	0.0	0.0	0.0
0.0	0.0	0.0	0.0	0.0	73.0	76.0	0.0	0.0	0.0	17.0	0.0	0.0	0.0	0.0	67.0	2.0	0.0	0.0	0.0	0.0	0.0	0.0	0.0	31.0	0.0	0.0	0.0	57.0	0.0	0.0	15.0	0.0	0.0	95.0	0.0	0.0	0.0	0.0	0.0	0.0	40.0	0.0	0.0	0.0	61.0	0.0	0.0	0.0	0.0	0.0	0.0	0.0	0.0	0.0	7.0	33.0	0.0	0.0	0.0	0.0	79.0	0.0	0.0	0.0	0.0	0.0	0.0	0.0	0.0	55.0	86.0	0.0	41.0	0.0	16.0	0.0	0.0	0.0	0.0	0.0	73.0	0.0	32.0	85.0	0.0	90.0	0.0	4.0	20.0	0.0	0.0	0.0	0.0	0.0	9.0	0.0	0.0	0.0	0.0	0.0	0.0	0.0	100.0	0.0	0.0	50.0	33.0	0.0	0.0	0.0	0.0	0.0	0.0	0.0	72.0	0.0	0.0	0.0	0.0	0.0	0.0	0.0	0.0	0.0	8.0	88.0	0.0	0.0	0.0	0.0	0.0	0.0	17.0	0.0	0.0	2.0	0.0	0.0	0.0	0.0	18.0	0.0	0.0	0.0	0.0	78.0	0.0	99.0	0.0	0.0	10.0	0.0	0.0	9.0	0.0
0.0	55.0	0.0	0.0	0.0	9.0	0.0	0.0	0.0	0.0	0.0	0.0	20.0	0.0	0.0	0.0	0.0	0.0	0.0	0.0	0.0	0.0	0.0	0.0	0.0	28.0	0.0	0.0	0.0	0.0	87.0	0.0	0.0	0.0	0.0	0.0	58.0	0.0	0.0	0.0	73.0	0.0	57.0	0.0	0.0	0.0	0.0	0.0	61.0	14.0	0.0	87.0	0.0	0.0	0.0	72.0	0.0	11.0	0.0	0.0	0.0	0.0	0.0	10.0	0.0	0.0	0.0	0.0	62.0	0.0	0.0	0.0	0.0	0.0	0.0	49.0	0.0	0.0	0.0	75.0	0.0	0.0	0.0	0.0	0.0	0.0	0.0	0.0	0.0	0.0	0.0	29.0	0.0	0.0	0.0	0.0	59.0	0.0	1.0	0.0	0.0	0.0	25.0	0.0	0.0	0.0	0.0	0.0	0.0	42.0	0.0	0.0	0.0	0.0	0.0	0.0	0.0	0.0	60.0	0.0	0.0	0.0	72.0	0.0	0.0	18.0	74.0	0.0	77.0	0.0	0.0	0.0	0.0	0.0	0.0	0.0	0.0	0.0	0.0	0.0	2.0	0.0	0.0	0.0	0.0	0.0	69.0	82.0	0.0	74.0	0.0	0.0	0.0	0.0	67.0
0.0	0.0	0.0	0.0	0.0	0.0	0.0	0.0	0.0	0.0	0.0	0.0	0.0	0.0	0.0	0.0	0.0	0.0	0.0	0.0	0.0	0.0	0.0	0.0	0.0	25.0	2.0	40.0	0.0	0.0	0.0	0.0	13.0	95.0	0.0	0.0	68.0	0.0	0.0	0.0	0.0	0.0	0.0	88.0	0.0	0.0	0.0	0.0	0.0	52.0	0.0	0.0	0.0	0.0	0.0	0.0	0.0	0.0	0.0	0.0	0.0	0.0	0.0	27.0	0.0	0.0	0.0	0.0	0.0	0.0	0.0	0.0	33.0	0.0	0.0	0.0	0.0	0.0	53.0	79.0	0.0	0.0	31.0	0.0	0.0	95.0	0.0	19.0	0.0	67.0	0.0	0.0	0.0	0.0	27.0	0.0	68.0	0.0	99.0	2.0	65.0	32.0	53.0	0.0	91.0	0.0	0.0	0.0	0.0	1.0	42.0	0.0	0.0	0.0	0.0	0.0	0.0	0.0	0.0	0.0	69.0	0.0	64.0	0.0	0.0	0.0	34.0	0.0	45.0	0.0	0.0	80.0	0.0	0.0	0.0	17.0	0.0	38.0	0.0	0.0	9.0	0.0	0.0	0.0	18.0	0.0	0.0	0.0	0.0	44.0	0.0	0.0	0.0	0.0
0.0	0.0	37.0	0.0	0.0	0.0	43.0	0.0	0.0	64.0	0.0	0.0	0.0	83.0	0.0	14.0	0.0	0.0	0.0	0.0	0.0	0.0	0.0	0.0	0.0	0.0	0.0	99.0	0.0	0.0	0.0	0.0	0.0	0.0	0.0	29.0	0.0	0.0	0.0	0.0	0.0	0.0	92.0	0.0	65.0	0.0	16.0	71.0	0.0	0.0	0.0	0.0	0.0	0.0	0.0	46.0	0.0	86.0	5.0	0.0	71.0	0.0	97.0	0.0	60.0	26.0	0.0	0.0	23.0	0.0	87.0	0.0	0.0	0.0	0.0	0.0	0.0	0.0	21.0	0.0	0.0	0.0	0.0	93.0	0.0	50.0	0.0	0.0	0.0	0.0	0.0	64.0	0.0	0.0	20.0	0.0	0.0	0.0	0.0	38.0	0.0	58.0	0.0	0.0	0.0	0.0	0.0	0.0	0.0	1.0	0.0	0.0	0.0	64.0	0.0	0.0	0.0	59.0	0.0	0.0	0.0	0.0	86.0	0.0	93.0	0.0	0.0	0.0	0.0	0.0	0.0	95.0	0.0	0.0	0.0	0.0	0.0	0.0	0.0	0.0	0.0	0.0	98.0	0.0	0.0	0.0	0.0	6.0	46.0	28.0	0.0	0.0	0.0
0.0	0.0	0.0	0.0	0.0	0.0	0.0	0.0	0.0	0.0	32.0	0.0	0.0	0.0	0.0	0.0	0.0	0.0	0.0	0.0	0.0	0.0	31.0	0.0	46.0	0.0	98.0	0.0	25.0	0.0	0.0	0.0	0.0	75.0	0.0	40.0	0.0	0.0	0.0	7.0	0.0	0.0	0.0	63.0	0.0	0.0	0.0	0.0	0.0	10.0	0.0	0.0	0.0	0.0	0.0	0.0	0.0	0.0	0.0	0.0	0.0	0.0	0.0	34.0	63.0	0.0	0.0	0.0	0.0	0.0	0.0	0.0	80.0	0.0	0.0	0.0	79.0	0.0	0.0	0.0	0.0	0.0	0.0	15.0	0.0	0.0	0.0	0.0	0.0	0.0	0.0	57.0	74.0	0.0	0.0	0.0	0.0	0.0	67.0	0.0	0.0	0.0	72.0	9.0	87.0	22.0	0.0	0.0	100.0	29.0	0.0	0.0	0.0	97.0	36.0	0.0	0.0	0.0	76.0	0.0	12.0	0.0	28.0	0.0	0.0	0.0	46.0	0.0	0.0	56.0	0.0	14.0	0.0	0.0	0.0	0.0	0.0	0.0	0.0	0.0	56.0	0.0	0.0	0.0	0.0	0.0	0.0	44.0	86.0	0.0	0.0	0.0
0.0	0.0	0.0	2.0	0.0	0.0	92.0	18.0	0.0	0.0	4.0	98.0	0.0	3.0	0.0	0.0	0.0	0.0	0.0	78.0	0.0	0.0	11.0	0.0	0.0	0.0	0.0	0.0	0.0	64.0	0.0	53.0	0.0	0.0	46.0	0.0	0.0	0.0	0.0	0.0	0.0	0.0	0.0	0.0	0.0	58.0	0.0	0.0	0.0	0.0	17.0	0.0	0.0	80.0	16.0	0.0	0.0	0.0	0.0	0.0	74.0	0.0	0.0	0.0	0.0	0.0	0.0	0.0	0.0	0.0	0.0	0.0	0.0	0.0	0.0	0.0	0.0	0.0	0.0	0.0	0.0	0.0	0.0	0.0	0.0	0.0	0.0	0.0	0.0	20.0	0.0	0.0	0.0	0.0	0.0	65.0	0.0	0.0	0.0	45.0	25.0	0.0	0.0	0.0	0.0	3.0	0.0	17.0	33.0	0.0	0.0	0.0	0.0	0.0	0.0	0.0	0.0	13.0	0.0	40.0	0.0	0.0	0.0	0.0	0.0	0.0	0.0	0.0	0.0	0.0	33.0	0.0	0.0	0.0	0.0	0.0	13.0	0.0	0.0	0.0	0.0	36.0	0.0	17.0	0.0	0.0	92.0	0.0	0.0	0.0	70.0
49.0	0.0	0.0	0.0	0.0	0.0	0.0	0.0	0.0	0.0	77.0	0.0	0.0	0.0	0.0	74.0	0.0	97.0	0.0	0.0	0.0	58.0	0.0	0.0	0.0	15.0	83.0	4.0	0.0	0.0	0.0	1.0	0.0	77.0	0.0	0.0	0.0	79.0	0.0	0.0	0.0	0.0	0.0	0.0	0.0	0.0	0.0	0.0	0.0	0.0	0.0	0.0	0.0	9.0	0.0	79.0	99.0	0.0	0.0	0.0	45.0	88.0	0.0	0.0	0.0	7.0	0.0	0.0	29.0	0.0	0.0	0.0	0.0	0.0	0.0	0.0	0.0	0.0	20.0	0.0	0.0	21.0	0.0	0.0	94.0	72.0	0.0	0.0	0.0	0.0	0.0	0.0	0.0	0.0	50.0	0.0	0.0	0.0	0.0	0.0	0.0	0.0	0.0	0.0	56.0	0.0	0.0	0.0	27.0	0.0	0.0	0.0	0.0	0.0	0.0	0.0	0.0	98.0	6.0	0.0	0.0	0.0	0.0	0.0	0.0	0.0	0.0	37.0	0.0	0.0	53.0	0.0	0.0	0.0	0.0	0.0	0.0	0.0	0.0	0.0	10.0	0.0	0.0	80.0	0.0	0.0	88.0	91.0	0.0	0.0
0.0	0.0	0.0	0.0	0.0	0.0	0.0	0.0	0.0	0.0	32.0	0.0	0.0	0.0	0.0	0.0	0.0	0.0	0.0	0.0	0.0	0.0	0.0	0.0	0.0	0.0	0.0	90.0	58.0	0.0	0.0	0.0	0.0	0.0	0.0	0.0	0.0	0.0	0.0	0.0	0.0	46.0	0.0	0.0	0.0	0.0	0.0	0.0	0.0	0.0	0.0	0.0	53.0	0.0	0.0	0.0	0.0	97.0	0.0	0.0	53.0	0.0	0.0	0.0	0.0	0.0	0.0	0.0	64.0	0.0	0.0	42.0	90.0	0.0	0.0	2.0	0.0	26.0	0.0	40.0	0.0	0.0	0.0	53.0	0.0	81.0	0.0	53.0	53.0	0.0	0.0	0.0	0.0	33.0	73.0	9.0	0.0	0.0	0.0	0.0	0.0	60.0	0.0	0.0	4.0	0.0	0.0	11.0	0.0	0.0	0.0	0.0	0.0	0.0	0.0	35.0	0.0	42.0	0.0	0.0	0.0	97.0	0.0	46.0	0.0	0.0	0.0	0.0	0.0	0.0	46.0	0.0	0.0	87.0	0.0	0.0	87.0	0.0	0.0	61.0	52.0	0.0	10.0	0.0	0.0	47.0	0.0	4.0	0.0
0.0	53.0	79.0	3.0	66.0	0.0	48.0	58.0	9.0	17.0	0.0	100.0	0.0	38.0	0.0	0.0	0.0	29.0	0.0	0.0	0.0	0.0	41.0	22.0	0.0	0.0	0.0	0.0	0.0	87.0	0.0	57.0	0.0	0.0	0.0	56.0	0.0	0.0	0.0	0.0	0.0	0.0	0.0	0.0	0.0	56.0	88.0	0.0	0.0	0.0	0.0	48.0	0.0	0.0	0.0	0.0	0.0	60.0	0.0	0.0	9.0	52.0	0.0	0.0	34.0	0.0	0.0	0.0	67.0	0.0	0.0	52.0	0.0	0.0	24.0	29.0	0.0	0.0	0.0	0.0	43.0	44.0	0.0	0.0	0.0	0.0	0.0	0.0	0.0	0.0	53.0	0.0	74.0	90.0	0.0	0.0	0.0	0.0	0.0	0.0	0.0	0.0	0.0	0.0	0.0	0.0	0.0	0.0	0.0	0.0	0.0	0.0	27.0	83.0	0.0	0.0	0.0	0.0	94.0	0.0	0.0	0.0	0.0	6.0	0.0	0.0	0.0	0.0	0.0	0.0	0.0	0.0	0.0	57.0	0.0	0.0	0.0	0.0	24.0	0.0	0.0	0.0	81.0	0.0	0.0	0.0	22.0	0.0
0.0	0.0	0.0	0.0	0.0	0.0	0.0	0.0	0.0	0.0	0.0	0.0	0.0	0.0	0.0	0.0	34.0	0.0	0.0	0.0	25.0	0.0	0.0	0.0	5.0	0.0	0.0	98.0	0.0	0.0	0.0	0.0	0.0	0.0	0.0	0.0	0.0	62.0	0.0	94.0	0.0	0.0	0.0	0.0	0.0	0.0	77.0	0.0	65.0	0.0	78.0	83.0	17.0	0.0	0.0	40.0	0.0	36.0	0.0	0.0	0.0	0.0	0.0	0.0	0.0	0.0	41.0	98.0	0.0	5.0	18.0	0.0	0.0	0.0	0.0	58.0	0.0	0.0	0.0	0.0	0.0	0.0	85.0	0.0	0.0	0.0	0.0	75.0	0.0	0.0	59.0	0.0	0.0	0.0	0.0	0.0	0.0	0.0	0.0	0.0	0.0	0.0	99.0	0.0	48.0	0.0	0.0	0.0	0.0	0.0	0.0	0.0	0.0	0.0	0.0	73.0	0.0	0.0	0.0	98.0	0.0	0.0	0.0	0.0	0.0	18.0	57.0	1.0	0.0	0.0	0.0	42.0	68.0	0.0	0.0	0.0	0.0	0.0	27.0	0.0	0.0	0.0	0.0	8.0	0.0	0.0	0.0
0.0	0.0	0.0	0.0	0.0	0.0	0.0	0.0	0.0	0.0	0.0	0.0	0.0	0.0	40.0	0.0	0.0	0.0	44.0	73.0	26.0	0.0	0.0	0.0	0.0	0.0	0.0	0.0	0.0	0.0	0.0	0.0	0.0	0.0	34.0	0.0	0.0	0.0	0.0	0.0	64.0	0.0	0.0	0.0	0.0	0.0	0.0	0.0	0.0	0.0	0.0	0.0	0.0	0.0	16.0	0.0	99.0	0.0	0.0	3.0	0.0	0.0	76.0	0.0	0.0	0.0	50.0	0.0	8.0	0.0	0.0	0.0	0.0	0.0	0.0	0.0	0.0	0.0	0.0	0.0	0.0	0.0	0.0	0.0	0.0	0.0	0.0	22.0	0.0	99.0	0.0	0.0	0.0	7.0	0.0	5.0	0.0	0.0	0.0	0.0	0.0	0.0	0.0	0.0	65.0	43.0	0.0	86.0	0.0	0.0	32.0	0.0	81.0	0.0	0.0	0.0	0.0	43.0	0.0	85.0	27.0	0.0	0.0	39.0	0.0	0.0	0.0	0.0	0.0	93.0	0.0	0.0	0.0	1.0	0.0	84.0	68.0	0.0	94.0	0.0	0.0	0.0	0.0	0.0	0.0	51.0
0.0	0.0	0.0	0.0	76.0	0.0	0.0	0.0	0.0	0.0	0.0	0.0	0.0	0.0	0.0	0.0	0.0	2.0	96.0	0.0	32.0	0.0	0.0	0.0	0.0	0.0	0.0	0.0	35.0	50.0	0.0	0.0	0.0	0.0	0.0	0.0	0.0	0.0	0.0	0.0	0.0	0.0	76.0	0.0	0.0	0.0	65.0	0.0	0.0	56.0	0.0	0.0	0.0	0.0	22.0	0.0	0.0	0.0	0.0	0.0	11.0	0.0	0.0	0.0	0.0	0.0	0.0	0.0	0.0	0.0	0.0	0.0	0.0	0.0	84.0	0.0	43.0	0.0	0.0	17.0	0.0	0.0	0.0	0.0	53.0	98.0	0.0	0.0	68.0	0.0	0.0	0.0	0.0	38.0	14.0	0.0	0.0	0.0	0.0	34.0	0.0	53.0	88.0	0.0	0.0	0.0	30.0	47.0	0.0	0.0	0.0	0.0	0.0	60.0	0.0	0.0	28.0	0.0	0.0	0.0	0.0	0.0	0.0	34.0	0.0	88.0	0.0	0.0	0.0	0.0	0.0	0.0	0.0	45.0	0.0	0.0	0.0	0.0	70.0	0.0	0.0	0.0	0.0	30.0	0.0
0.0	0.0	0.0	0.0	55.0	0.0	45.0	0.0	0.0	0.0	0.0	68.0	15.0	0.0	0.0	21.0	0.0	0.0	0.0	77.0	0.0	0.0	55.0	0.0	81.0	0.0	51.0	0.0	0.0	0.0	46.0	0.0	0.0	6.0	0.0	0.0	59.0	0.0	0.0	0.0	0.0	0.0	0.0	93.0	23.0	0.0	0.0	0.0	0.0	0.0	0.0	0.0	0.0	77.0	0.0	0.0	63.0	0.0	0.0	98.0	0.0	0.0	0.0	0.0	0.0	97.0	0.0	0.0	31.0	0.0	0.0	0.0	0.0	0.0	4.0	0.0	0.0	0.0	0.0	0.0	0.0	0.0	0.0	93.0	0.0	0.0	7.0	0.0	76.0	0.0	0.0	0.0	0.0	0.0	63.0	2.0	0.0	16.0	0.0	0.0	0.0	0.0	0.0	0.0	0.0	0.0	86.0	0.0	62.0	1.0	94.0	0.0	0.0	95.0	0.0	0.0	77.0	0.0	30.0	0.0	0.0	0.0	0.0	0.0	0.0	65.0	0.0	0.0	26.0	0.0	29.0	0.0	0.0	75.0	55.0	0.0	0.0	0.0	4.0	0.0	0.0	12.0	32.0	70.0
8.0	53.0	0.0	27.0	0.0	0.0	0.0	0.0	42.0	0.0	59.0	0.0	0.0	20.0	96.0	21.0	0.0	0.0	0.0	63.0	0.0	66.0	0.0	38.0	0.0	7.0	0.0	0.0	0.0	48.0	0.0	0.0	0.0	0.0	0.0	0.0	93.0	0.0	0.0	54.0	0.0	0.0	0.0	76.0	19.0	0.0	0.0	0.0	0.0	0.0	100.0	0.0	0.0	0.0	0.0	0.0	0.0	0.0	0.0	0.0	0.0	0.0	0.0	0.0	0.0	0.0	0.0	0.0	0.0	0.0	0.0	0.0	0.0	65.0	95.0	0.0	0.0	0.0	12.0	0.0	0.0	0.0	0.0	0.0	0.0	0.0	0.0	33.0	0.0	0.0	0.0	0.0	0.0	50.0	0.0	0.0	0.0	0.0	78.0	0.0	0.0	4.0	0.0	98.0	0.0	0.0	0.0	0.0	13.0	0.0	0.0	0.0	0.0	0.0	0.0	0.0	0.0	93.0	0.0	0.0	0.0	0.0	0.0	0.0	0.0	0.0	92.0	0.0	0.0	0.0	69.0	0.0	0.0	11.0	11.0	0.0	12.0	0.0	0.0	0.0	0.0	51.0	95.0
0.0	0.0	0.0	0.0	21.0	0.0	0.0	0.0	0.0	0.0	40.0	26.0	0.0	14.0	92.0	0.0	84.0	81.0	0.0	0.0	0.0	0.0	0.0	47.0	0.0	0.0	68.0	0.0	52.0	8.0	81.0	0.0	0.0	0.0	61.0	0.0	0.0	62.0	0.0	0.0	0.0	0.0	65.0	0.0	16.0	0.0	97.0	0.0	0.0	0.0	0.0	48.0	0.0	5.0	0.0	97.0	0.0	0.0	0.0	17.0	0.0	0.0	0.0	0.0	0.0	0.0	0.0	0.0	0.0	0.0	0.0	83.0	0.0	91.0	0.0	0.0	0.0	0.0	0.0	0.0	0.0	0.0	81.0	0.0	0.0	0.0	0.0	1.0	0.0	0.0	0.0	21.0	0.0	0.0	68.0	34.0	0.0	60.0	0.0	0.0	0.0	0.0	99.0	0.0	0.0	99.0	0.0	76.0	0.0	0.0	0.0	0.0	43.0	0.0	0.0	0.0	0.0	0.0	0.0	0.0	0.0	0.0	0.0	29.0	0.0	0.0	0.0	0.0	0.0	0.0	0.0	0.0	0.0	4.0	0.0	0.0	0.0	75.0	46.0	0.0	0.0	0.0
0.0	0.0	0.0	0.0	51.0	0.0	0.0	65.0	0.0	0.0	0.0	0.0	0.0	0.0	0.0	0.0	0.0	0.0	0.0	38.0	0.0	5.0	0.0	0.0	0.0	42.0	0.0	23.0	0.0	0.0	86.0	0.0	27.0	67.0	0.0	0.0	0.0	0.0	82.0	0.0	0.0	16.0	0.0	0.0	0.0	54.0	0.0	40.0	3.0	0.0	56.0	0.0	0.0	0.0	0.0	0.0	93.0	0.0	0.0	95.0	0.0	0.0	74.0	0.0	0.0	43.0	12.0	0.0	0.0	39.0	0.0	0.0	0.0	9.0	73.0	57.0	75.0	0.0	89.0	0.0	0.0	0.0	51.0	84.0	0.0	0.0	0.0	99.0	0.0	0.0	7.0	0.0	0.0	0.0	35.0	0.0	0.0	0.0	0.0	0.0	0.0	0.0	0.0	0.0	0.0	0.0	0.0	0.0	0.0	2.0	0.0	0.0	62.0	0.0	12.0	0.0	0.0	0.0	0.0	0.0	0.0	0.0	0.0	58.0	0.0	0.0	0.0	0.0	0.0	0.0	0.0	37.0	54.0	41.0	0.0	17.0	96.0	0.0	0.0	87.0	0.0
0.0	0.0	0.0	0.0	0.0	0.0	0.0	0.0	0.0	0.0	0.0	0.0	0.0	0.0	0.0	0.0	0.0	95.0	32.0	0.0	0.0	0.0	0.0	0.0	0.0	0.0	0.0	14.0	0.0	0.0	0.0	0.0	0.0	0.0	0.0	0.0	0.0	0.0	62.0	0.0	0.0	0.0	0.0	0.0	80.0	0.0	0.0	0.0	0.0	0.0	40.0	0.0	0.0	77.0	0.0	17.0	0.0	0.0	0.0	59.0	0.0	0.0	0.0	0.0	0.0	0.0	0.0	57.0	0.0	0.0	0.0	0.0	0.0	28.0	0.0	84.0	1.0	63.0	0.0	0.0	0.0	0.0	0.0	75.0	0.0	0.0	0.0	10.0	0.0	0.0	0.0	53.0	0.0	0.0	32.0	0.0	0.0	0.0	62.0	94.0	54.0	0.0	0.0	21.0	0.0	0.0	0.0	0.0	0.0	0.0	0.0	0.0	0.0	35.0	32.0	0.0	0.0	0.0	43.0	68.0	79.0	0.0	0.0	0.0	0.0	0.0	62.0	0.0	81.0	0.0	93.0	86.0	0.0	0.0	0.0	70.0	0.0	11.0	0.0	0.0
0.0	0.0	42.0	0.0	0.0	0.0	0.0	0.0	0.0	27.0	0.0	0.0	0.0	11.0	0.0	0.0	0.0	0.0	40.0	0.0	0.0	0.0	0.0	0.0	0.0	0.0	0.0	0.0	0.0	11.0	0.0	0.0	0.0	6.0	0.0	0.0	0.0	0.0	0.0	13.0	99.0	0.0	0.0	48.0	0.0	0.0	0.0	0.0	80.0	0.0	37.0	0.0	47.0	50.0	31.0	0.0	0.0	0.0	0.0	38.0	0.0	54.0	0.0	0.0	0.0	0.0	0.0	0.0	0.0	62.0	0.0	0.0	0.0	0.0	0.0	77.0	0.0	0.0	0.0	0.0	0.0	0.0	0.0	0.0	1.0	0.0	0.0	0.0	52.0	0.0	0.0	37.0	0.0	0.0	60.0	0.0	0.0	0.0	0.0	0.0	0.0	0.0	0.0	0.0	0.0	0.0	0.0	0.0	88.0	0.0	0.0	0.0	0.0	0.0	0.0	74.0	0.0	0.0	0.0	91.0	0.0	0.0	46.0	0.0	0.0	0.0	0.0	0.0	0.0	0.0	52.0	0.0	0.0	0.0	0.0	0.0	0.0	0.0	0.0
0.0	0.0	0.0	21.0	4.0	0.0	77.0	0.0	72.0	20.0	0.0	0.0	0.0	0.0	59.0	0.0	14.0	0.0	0.0	0.0	0.0	78.0	0.0	28.0	0.0	0.0	0.0	0.0	0.0	0.0	0.0	0.0	0.0	0.0	0.0	0.0	0.0	0.0	0.0	0.0	10.0	0.0	0.0	0.0	0.0	0.0	89.0	0.0	58.0	0.0	0.0	0.0	0.0	0.0	0.0	0.0	75.0	0.0	33.0	0.0	0.0	0.0	0.0	0.0	55.0	0.0	0.0	71.0	18.0	0.0	67.0	71.0	0.0	94.0	0.0	0.0	34.0	0.0	0.0	0.0	37.0	0.0	0.0	0.0	0.0	0.0	0.0	0.0	78.0	35.0	0.0	0.0	0.0	0.0	95.0	0.0	51.0	0.0	0.0	75.0	0.0	0.0	0.0	0.0	0.0	18.0	48.0	0.0	0.0	0.0	84.0	0.0	0.0	0.0	98.0	29.0	60.0	78.0	0.0	0.0	0.0	0.0	0.0	0.0	0.0	0.0	0.0	0.0	0.0	0.0	0.0	0.0	0.0	0.0	0.0	0.0	0.0	0.0
0.0	0.0	0.0	0.0	0.0	0.0	0.0	0.0	0.0	0.0	0.0	7.0	0.0	93.0	49.0	0.0	0.0	0.0	0.0	0.0	18.0	0.0	10.0	0.0	86.0	0.0	65.0	0.0	0.0	0.0	38.0	0.0	0.0	0.0	0.0	26.0	0.0	0.0	0.0	99.0	0.0	0.0	0.0	0.0	0.0	86.0	0.0	0.0	28.0	0.0	61.0	0.0	0.0	30.0	78.0	0.0	0.0	0.0	0.0	0.0	0.0	0.0	13.0	0.0	0.0	0.0	0.0	0.0	0.0	0.0	90.0	0.0	55.0	0.0	0.0	0.0	0.0	0.0	0.0	0.0	51.0	0.0	0.0	53.0	77.0	0.0	29.0	0.0	0.0	0.0	0.0	0.0	82.0	0.0	0.0	0.0	0.0	9.0	0.0	0.0	0.0	0.0	0.0	0.0	0.0	0.0	0.0	83.0	60.0	0.0	16.0	0.0	0.0	0.0	51.0	0.0	0.0	74.0	0.0	0.0	0.0	0.0	28.0	0.0	0.0	0.0	0.0	0.0	0.0	12.0	0.0	0.0	0.0	0.0	0.0	0.0	0.0
0.0	0.0	0.0	24.0	65.0	0.0	0.0	0.0	22.0	0.0	0.0	46.0	0.0	0.0	0.0	0.0	0.0	0.0	0.0	48.0	0.0	23.0	0.0	0.0	0.0	16.0	0.0	93.0	0.0	0.0	0.0	0.0	0.0	0.0	0.0	0.0	0.0	0.0	0.0	0.0	0.0	0.0	12.0	0.0	0.0	0.0	0.0	0.0	33.0	94.0	0.0	0.0	0.0	0.0	0.0	95.0	0.0	0.0	0.0	0.0	0.0	0.0	0.0	0.0	0.0	0.0	0.0	0.0	35.0	0.0	0.0	56.0	0.0	0.0	0.0	0.0	0.0	0.0	0.0	0.0	0.0	0.0	0.0	82.0	0.0	0.0	0.0	0.0	0.0	0.0	0.0	0.0	0.0	90.0	89.0	0.0	77.0	0.0	0.0	56.0	0.0	0.0	0.0	0.0	0.0	64.0	0.0	86.0	0.0	0.0	0.0	0.0	0.0	0.0	0.0	0.0	0.0	0.0	0.0	0.0	64.0	0.0	0.0	0.0	0.0	41.0	44.0	0.0	0.0	0.0	0.0	0.0	7.0	0.0	95.0	0.0
16.0	0.0	6.0	70.0	0.0	0.0	0.0	0.0	0.0	0.0	0.0	37.0	0.0	0.0	0.0	0.0	0.0	0.0	0.0	0.0	0.0	69.0	0.0	76.0	0.0	0.0	0.0	0.0	0.0	0.0	0.0	0.0	33.0	0.0	76.0	0.0	0.0	0.0	31.0	0.0	36.0	0.0	0.0	0.0	0.0	0.0	0.0	57.0	0.0	0.0	0.0	20.0	6.0	0.0	0.0	0.0	0.0	0.0	0.0	56.0	0.0	0.0	0.0	5.0	0.0	34.0	0.0	0.0	0.0	0.0	0.0	0.0	7.0	0.0	55.0	0.0	0.0	0.0	0.0	0.0	51.0	0.0	0.0	39.0	0.0	26.0	0.0	7.0	0.0	0.0	60.0	0.0	0.0	0.0	0.0	0.0	0.0	0.0	0.0	0.0	0.0	0.0	88.0	0.0	0.0	0.0	0.0	0.0	0.0	0.0	0.0	0.0	0.0	0.0	0.0	0.0	0.0	63.0	0.0	0.0	0.0	13.0	0.0	0.0	56.0	0.0	0.0	0.0	0.0	52.0	0.0	0.0	0.0	0.0	0.0
0.0	0.0	66.0	87.0	21.0	0.0	0.0	0.0	0.0	0.0	0.0	0.0	0.0	0.0	36.0	0.0	0.0	0.0	0.0	0.0	0.0	0.0	45.0	0.0	0.0	0.0	0.0	0.0	0.0	0.0	99.0	0.0	0.0	15.0	0.0	33.0	0.0	94.0	31.0	41.0	0.0	0.0	0.0	0.0	0.0	0.0	0.0	23.0	0.0	0.0	0.0	0.0	0.0	0.0	0.0	0.0	0.0	0.0	0.0	0.0	0.0	0.0	0.0	0.0	0.0	0.0	0.0	0.0	0.0	0.0	0.0	3.0	0.0	0.0	53.0	0.0	0.0	0.0	0.0	0.0	0.0	0.0	0.0	0.0	0.0	43.0	0.0	0.0	0.0	0.0	0.0	0.0	0.0	0.0	0.0	0.0	0.0	0.0	0.0	0.0	81.0	0.0	0.0	0.0	0.0	0.0	0.0	0.0	59.0	0.0	0.0	0.0	0.0	0.0	0.0	0.0	20.0	0.0	0.0	0.0	0.0	0.0	27.0	0.0	0.0	0.0	10.0	0.0	0.0	61.0	0.0	0.0	0.0	0.0
0.0	0.0	0.0	0.0	0.0	66.0	0.0	0.0	0.0	0.0	0.0	0.0	0.0	0.0	0.0	0.0	0.0	56.0	0.0	0.0	48.0	47.0	0.0	73.0	0.0	0.0	40.0	0.0	0.0	0.0	0.0	0.0	0.0	0.0	65.0	0.0	0.0	0.0	0.0	0.0	0.0	0.0	0.0	0.0	99.0	0.0	0.0	0.0	5.0	0.0	3.0	0.0	0.0	0.0	0.0	0.0	0.0	0.0	69.0	0.0	0.0	0.0	0.0	0.0	0.0	0.0	0.0	94.0	0.0	0.0	0.0	0.0	0.0	0.0	0.0	0.0	0.0	0.0	0.0	0.0	0.0	0.0	0.0	0.0	1.0	0.0	0.0	11.0	0.0	0.0	0.0	59.0	9.0	3.0	0.0	0.0	0.0	0.0	0.0	0.0	0.0	0.0	0.0	0.0	0.0	0.0	0.0	98.0	0.0	0.0	0.0	0.0	79.0	0.0	0.0	0.0	30.0	0.0	23.0	0.0	0.0	0.0	0.0	0.0	0.0	80.0	0.0	0.0	0.0	0.0	0.0	0.0	0.0
14.0	0.0	0.0	0.0	0.0	55.0	0.0	84.0	0.0	0.0	0.0	0.0	0.0	53.0	0.0	32.0	0.0	0.0	0.0	0.0	0.0	0.0	0.0	0.0	0.0	0.0	0.0	0.0	0.0	0.0	0.0	0.0	0.0	0.0	0.0	0.0	0.0	0.0	50.0	72.0	0.0	0.0	0.0	0.0	0.0	37.0	0.0	0.0	0.0	0.0	0.0	61.0	0.0	16.0	89.0	65.0	0.0	0.0	23.0	0.0	52.0	0.0	0.0	55.0	13.0	0.0	0.0	0.0	0.0	0.0	0.0	63.0	0.0	0.0	0.0	0.0	0.0	0.0	0.0	0.0	0.0	0.0	0.0	0.0	72.0	0.0	0.0	83.0	12.0	0.0	50.0	23.0	0.0	28.0	0.0	0.0	0.0	0.0	0.0	71.0	0.0	44.0	0.0	0.0	0.0	0.0	0.0	0.0	0.0	0.0	0.0	0.0	0.0	0.0	0.0	0.0	4.0	9.0	0.0	0.0	0.0	0.0	0.0	0.0	0.0	0.0	0.0	0.0	0.0	0.0	0.0	53.0
0.0	0.0	0.0	0.0	43.0	33.0	0.0	0.0	8.0	10.0	0.0	32.0	6.0	0.0	70.0	0.0	0.0	0.0	0.0	0.0	0.0	0.0	0.0	0.0	0.0	62.0	41.0	0.0	0.0	49.0	0.0	0.0	0.0	56.0	0.0	0.0	82.0	0.0	0.0	0.0	0.0	0.0	0.0	0.0	80.0	0.0	0.0	31.0	0.0	0.0	23.0	71.0	0.0	0.0	0.0	0.0	0.0	0.0	0.0	0.0	0.0	82.0	0.0	0.0	0.0	0.0	0.0	0.0	0.0	0.0	0.0	0.0	0.0	40.0	0.0	0.0	0.0	6.0	9.0	0.0	78.0	0.0	0.0	0.0	59.0	0.0	0.0	0.0	88.0	33.0	0.0	0.0	0.0	0.0	0.0	0.0	0.0	0.0	0.0	0.0	0.0	0.0	0.0	0.0	0.0	0.0	0.0	0.0	0.0	24.0	0.0	0.0	0.0	0.0	39.0	0.0	0.0	46.0	0.0	0.0	0.0	0.0	0.0	15.0	0.0	0.0	0.0	0.0	65.0	0.0	83.0
0.0	0.0	30.0	0.0	0.0	86.0	24.0	0.0	0.0	0.0	0.0	0.0	0.0	0.0	0.0	0.0	0.0	0.0	0.0	0.0	0.0	64.0	0.0	12.0	0.0	0.0	0.0	0.0	0.0	0.0	0.0	77.0	0.0	0.0	0.0	29.0	0.0	0.0	0.0	0.0	0.0	0.0	0.0	0.0	0.0	0.0	33.0	0.0	0.0	0.0	37.0	0.0	93.0	0.0	0.0	41.0	0.0	0.0	0.0	0.0	55.0	0.0	0.0	0.0	35.0	0.0	0.0	0.0	0.0	0.0	11.0	0.0	55.0	0.0	69.0	0.0	8.0	97.0	0.0	0.0	23.0	0.0	0.0	0.0	0.0	27.0	73.0	0.0	0.0	99.0	0.0	93.0	47.0	0.0	0.0	51.0	0.0	0.0	52.0	0.0	0.0	0.0	0.0	0.0	0.0	0.0	0.0	0.0	0.0	0.0	0.0	0.0	30.0	60.0	0.0	0.0	65.0	0.0	0.0	0.0	0.0	0.0	0.0	92.0	0.0	18.0	0.0	0.0	83.0	27.0
0.0	0.0	0.0	0.0	0.0	0.0	0.0	0.0	0.0	0.0	0.0	0.0	0.0	73.0	58.0	7.0	0.0	9.0	0.0	0.0	0.0	0.0	5.0	51.0	0.0	0.0	0.0	0.0	0.0	0.0	0.0	0.0	0.0	0.0	0.0	0.0	0.0	0.0	0.0	65.0	0.0	10.0	0.0	0.0	47.0	0.0	0.0	8.0	0.0	83.0	73.0	0.0	0.0	57.0	0.0	0.0	0.0	0.0	0.0	0.0	0.0	0.0	0.0	0.0	0.0	0.0	0.0	0.0	0.0	0.0	64.0	0.0	0.0	0.0	0.0	0.0	0.0	65.0	0.0	0.0	0.0	0.0	0.0	0.0	35.0	0.0	25.0	0.0	0.0	0.0	0.0	0.0	35.0	0.0	0.0	16.0	0.0	0.0	0.0	2.0	55.0	40.0	31.0	98.0	0.0	0.0	0.0	72.0	0.0	0.0	0.0	0.0	23.0	0.0	0.0	0.0	18.0	0.0	0.0	11.0	0.0	91.0	13.0	0.0	0.0	21.0	0.0	0.0	0.0
77.0	0.0	0.0	91.0	0.0	0.0	0.0	25.0	0.0	0.0	0.0	19.0	65.0	74.0	8.0	6.0	11.0	97.0	0.0	0.0	0.0	62.0	0.0	81.0	0.0	76.0	0.0	0.0	61.0	0.0	0.0	98.0	0.0	0.0	0.0	0.0	0.0	11.0	0.0	7.0	0.0	0.0	0.0	0.0	75.0	0.0	0.0	0.0	78.0	0.0	0.0	0.0	0.0	22.0	0.0	0.0	0.0	0.0	0.0	89.0	77.0	0.0	0.0	0.0	0.0	0.0	85.0	0.0	0.0	67.0	0.0	0.0	0.0	0.0	0.0	0.0	0.0	0.0	0.0	86.0	99.0	0.0	0.0	0.0	0.0	32.0	93.0	0.0	21.0	0.0	78.0	0.0	0.0	0.0	0.0	58.0	0.0	0.0	0.0	0.0	33.0	45.0	4.0	0.0	0.0	0.0	0.0	0.0	0.0	0.0	0.0	0.0	76.0	0.0	0.0	0.0	0.0	0.0	0.0	0.0	0.0	45.0	0.0	0.0	76.0	0.0	0.0	0.0
0.0	44.0	0.0	0.0	0.0	0.0	0.0	0.0	100.0	80.0	25.0	0.0	43.0	0.0	0.0	0.0	0.0	0.0	0.0	0.0	0.0	0.0	0.0	0.0	0.0	25.0	0.0	81.0	0.0	25.0	0.0	0.0	0.0	17.0	40.0	0.0	0.0	0.0	54.0	0.0	0.0	0.0	33.0	0.0	84.0	0.0	72.0	0.0	0.0	0.0	0.0	0.0	0.0	0.0	0.0	0.0	0.0	0.0	72.0	0.0	0.0	0.0	0.0	0.0	0.0	0.0	0.0	65.0	0.0	0.0	0.0	0.0	0.0	99.0	0.0	0.0	0.0	5.0	79.0	0.0	0.0	0.0	0.0	0.0	0.0	0.0	65.0	0.0	0.0	0.0	0.0	0.0	0.0	0.0	0.0	0.0	0.0	0.0	0.0	0.0	99.0	0.0	0.0	0.0	0.0	0.0	70.0	0.0	0.0	6.0	0.0	0.0	0.0	0.0	91.0	57.0	0.0	0.0	0.0	0.0	0.0	0.0	0.0	0.0	0.0	0.0	0.0
0.0	0.0	0.0	0.0	0.0	0.0	0.0	0.0	0.0	0.0	0.0	0.0	0.0	0.0	61.0	0.0	0.0	67.0	0.0	0.0	0.0	0.0	0.0	0.0	0.0	0.0	87.0	0.0	0.0	0.0	0.0	0.0	0.0	0.0	0.0	0.0	0.0	0.0	15.0	100.0	95.0	0.0	0.0	0.0	0.0	0.0	63.0	0.0	0.0	46.0	0.0	40.0	0.0	53.0	0.0	0.0	91.0	0.0	0.0	26.0	0.0	0.0	0.0	0.0	0.0	0.0	26.0	0.0	0.0	69.0	0.0	0.0	0.0	0.0	58.0	0.0	0.0	0.0	0.0	0.0	35.0	0.0	0.0	0.0	0.0	0.0	0.0	0.0	0.0	0.0	0.0	0.0	0.0	19.0	0.0	48.0	0.0	48.0	0.0	90.0	75.0	0.0	0.0	0.0	0.0	0.0	66.0	0.0	0.0	0.0	0.0	0.0	0.0	0.0	43.0	0.0	0.0	0.0	0.0	81.0	0.0	0.0	0.0	0.0	35.0	0.0
52.0	0.0	73.0	0.0	66.0	0.0	0.0	0.0	0.0	0.0	0.0	0.0	0.0	69.0	82.0	0.0	0.0	85.0	0.0	0.0	0.0	20.0	0.0	0.0	0.0	0.0	0.0	0.0	0.0	0.0	0.0	0.0	0.0	0.0	0.0	0.0	8.0	0.0	0.0	0.0	0.0	0.0	0.0	0.0	97.0	58.0	0.0	0.0	0.0	0.0	0.0	0.0	0.0	0.0	47.0	3.0	0.0	69.0	0.0	0.0	0.0	0.0	0.0	72.0	0.0	68.0	70.0	0.0	59.0	0.0	0.0	0.0	0.0	0.0	0.0	92.0	0.0	0.0	55.0	0.0	0.0	78.0	0.0	97.0	0.0	0.0	33.0	0.0	0.0	0.0	0.0	0.0	0.0	0.0	0.0	0.0	0.0	82.0	0.0	37.0	0.0	0.0	91.0	68.0	40.0	27.0	0.0	0.0	85.0	0.0	51.0	0.0	0.0	0.0	0.0	0.0	0.0	79.0	63.0	88.0	0.0	0.0	50.0	100.0	74.0
16.0	0.0	64.0	0.0	0.0	0.0	0.0	75.0	0.0	0.0	0.0	0.0	0.0	0.0	23.0	13.0	0.0	30.0	0.0	0.0	0.0	0.0	0.0	0.0	0.0	0.0	0.0	0.0	0.0	0.0	92.0	0.0	0.0	0.0	0.0	67.0	0.0	71.0	0.0	0.0	0.0	62.0	2.0	66.0	0.0	0.0	42.0	0.0	5.0	16.0	0.0	0.0	25.0	0.0	0.0	0.0	0.0	74.0	59.0	0.0	0.0	0.0	53.0	0.0	0.0	0.0	0.0	0.0	34.0	0.0	0.0	46.0	0.0	52.0	16.0	0.0	0.0	0.0	88.0	0.0	0.0	0.0	0.0	0.0	0.0	76.0	0.0	0.0	0.0	95.0	0.0	0.0	0.0	80.0	0.0	0.0	61.0	83.0	0.0	0.0	0.0	0.0	0.0	0.0	0.0	0.0	0.0	0.0	0.0	0.0	41.0	0.0	29.0	0.0	0.0	35.0	0.0	0.0	0.0	0.0	0.0	0.0	70.0	0.0
0.0	65.0	0.0	0.0	0.0	0.0	0.0	0.0	0.0	0.0	0.0	0.0	0.0	0.0	0.0	5.0	0.0	0.0	0.0	0.0	0.0	93.0	0.0	0.0	0.0	0.0	0.0	0.0	0.0	0.0	18.0	0.0	30.0	0.0	14.0	0.0	0.0	0.0	0.0	0.0	0.0	0.0	0.0	0.0	0.0	59.0	0.0	0.0	0.0	86.0	61.0	0.0	0.0	0.0	0.0	0.0	0.0	0.0	0.0	0.0	0.0	0.0	78.0	42.0	85.0	90.0	0.0	0.0	0.0	0.0	11.0	0.0	0.0	0.0	23.0	0.0	0.0	0.0	0.0	68.0	57.0	0.0	0.0	48.0	0.0	0.0	28.0	0.0	0.0	0.0	11.0	0.0	0.0	24.0	0.0	0.0	34.0	0.0	0.0	0.0	0.0	0.0	0.0	0.0	0.0	0.0	0.0	0.0	0.0	72.0	0.0	0.0	36.0	25.0	94.0	0.0	0.0	72.0	94.0	0.0	0.0	100.0	0.0
0.0	0.0	68.0	0.0	0.0	0.0	0.0	0.0	0.0	0.0	0.0	0.0	0.0	0.0	0.0	74.0	0.0	0.0	17.0	0.0	0.0	0.0	0.0	0.0	44.0	44.0	86.0	0.0	0.0	0.0	49.0	0.0	87.0	0.0	11.0	0.0	0.0	0.0	97.0	0.0	0.0	0.0	23.0	97.0	61.0	0.0	0.0	80.0	80.0	0.0	32.0	0.0	99.0	60.0	0.0	98.0	0.0	0.0	0.0	0.0	0.0	0.0	0.0	0.0	0.0	0.0	0.0	59.0	0.0	0.0	0.0	0.0	0.0	64.0	0.0	0.0	0.0	0.0	0.0	0.0	0.0	0.0	0.0	0.0	41.0	0.0	0.0	0.0	2.0	0.0	32.0	0.0	0.0	0.0	0.0	0.0	0.0	0.0	0.0	0.0	78.0	0.0	0.0	0.0	0.0	0.0	0.0	0.0	0.0	0.0	0.0	0.0	0.0	0.0	0.0	46.0	0.0	0.0	0.0	0.0	63.0	46.0
0.0	0.0	91.0	89.0	0.0	0.0	14.0	0.0	3.0	0.0	0.0	0.0	0.0	14.0	0.0	0.0	0.0	12.0	0.0	0.0	13.0	0.0	0.0	0.0	0.0	0.0	18.0	0.0	10.0	0.0	0.0	0.0	0.0	84.0	0.0	0.0	29.0	0.0	0.0	0.0	0.0	0.0	0.0	32.0	0.0	0.0	0.0	0.0	39.0	1.0	0.0	0.0	0.0	0.0	0.0	0.0	0.0	89.0	24.0	0.0	77.0	75.0	0.0	0.0	0.0	94.0	0.0	57.0	0.0	31.0	0.0	29.0	0.0	98.0	0.0	73.0	0.0	15.0	0.0	38.0	0.0	0.0	0.0	0.0	0.0	0.0	0.0	23.0	0.0	0.0	0.0	0.0	0.0	0.0	0.0	0.0	0.0	27.0	0.0	0.0	0.0	0.0	0.0	0.0	0.0	62.0	0.0	0.0	0.0	0.0	0.0	79.0	0.0	0.0	0.0	0.0	0.0	0.0	0.0	0.0	0.0
0.0	0.0	0.0	19.0	0.0	0.0	27.0	0.0	0.0	0.0	82.0	0.0	0.0	0.0	0.0	0.0	0.0	0.0	0.0	0.0	0.0	0.0	0.0	0.0	0.0	88.0	0.0	0.0	0.0	0.0	0.0	0.0	0.0	82.0	65.0	0.0	0.0	0.0	94.0	0.0	0.0	0.0	0.0	41.0	0.0	0.0	67.0	51.0	15.0	0.0	0.0	0.0	0.0	0.0	0.0	0.0	0.0	0.0	59.0	80.0	0.0	0.0	0.0	0.0	7.0	0.0	0.0	0.0	0.0	84.0	44.0	0.0	61.0	0.0	57.0	0.0	0.0	0.0	0.0	54.0	31.0	97.0	0.0	8.0	0.0	43.0	0.0	0.0	0.0	32.0	0.0	0.0	45.0	48.0	0.0	94.0	0.0	0.0	58.0	0.0	0.0	0.0	0.0	0.0	0.0	8.0	0.0	0.0	0.0	0.0	69.0	18.0	0.0	0.0	0.0	0.0	0.0	17.0	0.0	0.0
0.0	0.0	72.0	93.0	6.0	6.0	0.0	0.0	0.0	0.0	0.0	0.0	0.0	0.0	0.0	6.0	0.0	0.0	0.0	0.0	0.0	0.0	0.0	0.0	0.0	0.0	0.0	67.0	0.0	20.0	0.0	33.0	0.0	62.0	42.0	52.0	0.0	0.0	75.0	0.0	0.0	57.0	0.0	0.0	0.0	12.0	0.0	4.0	0.0	0.0	0.0	96.0	0.0	93.0	0.0	0.0	0.0	0.0	0.0	0.0	0.0	0.0	30.0	0.0	0.0	0.0	0.0	0.0	0.0	0.0	0.0	71.0	0.0	80.0	0.0	0.0	15.0	0.0	0.0	0.0	9.0	0.0	0.0	0.0	0.0	0.0	0.0	71.0	0.0	0.0	29.0	80.0	0.0	0.0	50.0	0.0	22.0	0.0	82.0	11.0	0.0	0.0	28.0	0.0	0.0	0.0	6.0	0.0	27.0	0.0	0.0	0.0	0.0	0.0	0.0	0.0	0.0	0.0	0.0
0.0	47.0	0.0	0.0	0.0	0.0	36.0	28.0	0.0	0.0	0.0	0.0	0.0	0.0	0.0	0.0	0.0	0.0	0.0	0.0	0.0	0.0	0.0	0.0	0.0	0.0	0.0	0.0	72.0	0.0	0.0	0.0	0.0	0.0	0.0	0.0	0.0	0.0	0.0	0.0	0.0	11.0	0.0	0.0	0.0	29.0	26.0	0.0	37.0	0.0	0.0	9.0	0.0	0.0	93.0	0.0	0.0	0.0	0.0	0.0	0.0	0.0	0.0	96.0	0.0	0.0	0.0	96.0	0.0	0.0	36.0	0.0	0.0	0.0	0.0	0.0	0.0	97.0	97.0	48.0	0.0	44.0	35.0	0.0	0.0	0.0	16.0	0.0	0.0	0.0	0.0	0.0	16.0	4.0	0.0	0.0	0.0	0.0	0.0	0.0	0.0	0.0	53.0	0.0	72.0	0.0	0.0	0.0	98.0	0.0	54.0	0.0	0.0	0.0	0.0	0.0	0.0	0.0
0.0	0.0	100.0	57.0	0.0	43.0	0.0	0.0	39.0	42.0	0.0	0.0	0.0	0.0	0.0	0.0	0.0	8.0	0.0	0.0	76.0	0.0	0.0	0.0	0.0	0.0	77.0	0.0	32.0	0.0	0.0	83.0	0.0	0.0	0.0	78.0	0.0	0.0	0.0	0.0	0.0	0.0	46.0	60.0	70.0	0.0	0.0	0.0	0.0	0.0	0.0	0.0	6.0	44.0	0.0	65.0	0.0	77.0	16.0	0.0	0.0	0.0	0.0	15.0	0.0	8.0	0.0	0.0	0.0	76.0	0.0	0.0	0.0	0.0	0.0	64.0	70.0	0.0	0.0	0.0	0.0	0.0	0.0	26.0	0.0	0.0	0.0	46.0	52.0	0.0	76.0	0.0	0.0	0.0	77.0	0.0	0.0	0.0	0.0	33.0	0.0	0.0	95.0	0.0	0.0	0.0	0.0	85.0	0.0	0.0	0.0	57.0	0.0	60.0	65.0	0.0	0.0
57.0	0.0	0.0	0.0	0.0	0.0	37.0	0.0	0.0	0.0	0.0	0.0	0.0	0.0	17.0	90.0	0.0	0.0	0.0	0.0	0.0	0.0	0.0	0.0	0.0	7.0	19.0	5.0	0.0	0.0	0.0	0.0	6.0	0.0	0.0	52.0	0.0	0.0	0.0	17.0	0.0	0.0	0.0	0.0	0.0	0.0	99.0	31.0	77.0	0.0	0.0	0.0	0.0	0.0	0.0	0.0	0.0	77.0	93.0	0.0	64.0	0.0	0.0	0.0	0.0	0.0	0.0	7.0	0.0	0.0	0.0	0.0	0.0	0.0	0.0	0.0	0.0	0.0	0.0	0.0	6.0	85.0	0.0	0.0	0.0	0.0	0.0	0.0	0.0	0.0	61.0	0.0	0.0	0.0	0.0	0.0	0.0	0.0	0.0	86.0	0.0	0.0	0.0	18.0	0.0	0.0	0.0	0.0	0.0	0.0	0.0	0.0	0.0	0.0	0.0	0.0
0.0	0.0	0.0	0.0	0.0	94.0	22.0	0.0	0.0	0.0	0.0	32.0	0.0	0.0	0.0	0.0	0.0	0.0	71.0	37.0	0.0	0.0	0.0	0.0	0.0	0.0	0.0	0.0	0.0	90.0	0.0	0.0	0.0	0.0	0.0	50.0	0.0	0.0	0.0	0.0	20.0	0.0	0.0	3.0	0.0	0.0	0.0	0.0	0.0	0.0	0.0	0.0	0.0	0.0	0.0	0.0	50.0	0.0	6.0	67.0	0.0	0.0	0.0	73.0	0.0	39.0	0.0	30.0	0.0	0.0	0.0	54.0	78.0	0.0	0.0	0.0	0.0	92.0	0.0	0.0	0.0	0.0	0.0	40.0	69.0	0.0	0.0	62.0	0.0	0.0	0.0	0.0	22.0	0.0	28.0	0.0	0.0	0.0	0.0	0.0	0.0	0.0	0.0	0.0	0.0	46.0	0.0	0.0	0.0	0.0	43.0	0.0	0.0	51.0	0.0
24.0	0.0	0.0	0.0	0.0	0.0	13.0	0.0	97.0	0.0	0.0	0.0	15.0	0.0	0.0	0.0	0.0	0.0	0.0	0.0	0.0	0.0	0.0	90.0	15.0	0.0	0.0	0.0	0.0	0.0	0.0	0.0	0.0	0.0	77.0	0.0	0.0	0.0	0.0	0.0	0.0	41.0	30.0	0.0	0.0	0.0	0.0	0.0	0.0	0.0	0.0	21.0	0.0	0.0	0.0	0.0	63.0	0.0	0.0	0.0	0.0	0.0	0.0	0.0	0.0	0.0	0.0	0.0	0.0	47.0	0.0	0.0	0.0	0.0	0.0	0.0	0.0	0.0	0.0	56.0	68.0	0.0	0.0	0.0	0.0	40.0	0.0	65.0	0.0	0.0	0.0	0.0	0.0	0.0	0.0	0.0	0.0	0.0	0.0	0.0	0.0	0.0	0.0	0.0	0.0	16.0	0.0	54.0	0.0	0.0	0.0	0.0	0.0	0.0
0.0	0.0	0.0	89.0	71.0	0.0	9.0	0.0	0.0	0.0	0.0	45.0	0.0	0.0	0.0	0.0	0.0	0.0	0.0	0.0	48.0	0.0	49.0	0.0	30.0	0.0	0.0	7.0	0.0	0.0	0.0	0.0	0.0	0.0	92.0	0.0	0.0	0.0	3.0	0.0	38.0	0.0	0.0	18.0	0.0	17.0	0.0	0.0	0.0	0.0	0.0	0.0	0.0	0.0	0.0	0.0	0.0	0.0	6.0	0.0	0.0	0.0	0.0	0.0	0.0	0.0	99.0	0.0	0.0	0.0	0.0	0.0	0.0	0.0	0.0	31.0	0.0	0.0	63.0	69.0	10.0	0.0	0.0	0.0	30.0	0.0	0.0	0.0	0.0	0.0	0.0	0.0	61.0	11.0	77.0	0.0	0.0	0.0	0.0	0.0	0.0	0.0	0.0	0.0	64.0	0.0	0.0	0.0	82.0	0.0	0.0	95.0	81.0
0.0	53.0	40.0	0.0	0.0	92.0	0.0	54.0	0.0	12.0	0.0	96.0	0.0	14.0	0.0	0.0	0.0	0.0	0.0	10.0	0.0	0.0	17.0	30.0	0.0	0.0	0.0	0.0	0.0	0.0	83.0	0.0	0.0	0.0	0.0	0.0	0.0	0.0	95.0	0.0	0.0	52.0	82.0	0.0	50.0	0.0	0.0	0.0	98.0	0.0	0.0	51.0	0.0	0.0	0.0	0.0	0.0	31.0	0.0	0.0	0.0	8.0	0.0	48.0	71.0	0.0	0.0	70.0	0.0	78.0	82.0	0.0	0.0	0.0	0.0	0.0	59.0	0.0	0.0	21.0	0.0	0.0	0.0	0.0	21.0	0.0	0.0	0.0	0.0	4.0	26.0	0.0	0.0	12.0	0.0	0.0	3.0	0.0	0.0	0.0	0.0	0.0	50.0	0.0	0.0	88.0	0.0	73.0	0.0	0.0	0.0	0.0
0.0	0.0	0.0	0.0	0.0	0.0	0.0	0.0	0.0	47.0	0.0	0.0	21.0	0.0	53.0	0.0	0.0	0.0	52.0	0.0	0.0	0.0	0.0	70.0	0.0	0.0	0.0	0.0	0.0	0.0	0.0	0.0	0.0	0.0	0.0	0.0	0.0	0.0	0.0	0.0	0.0	0.0	0.0	0.0	0.0	0.0	0.0	0.0	0.0	0.0	0.0	0.0	99.0	91.0	0.0	0.0	20.0	0.0	6.0	0.0	0.0	0.0	0.0	0.0	0.0	0.0	84.0	90.0	0.0	0.0	0.0	0.0	0.0	0.0	0.0	0.0	84.0	0.0	0.0	24.0	0.0	0.0	40.0	0.0	0.0	0.0	0.0	0.0	0.0	0.0	0.0	0.0	17.0	40.0	0.0	33.0	13.0	0.0	0.0	0.0	8.0	0.0	0.0	0.0	71.0	0.0	16.0	17.0	0.0	0.0	0.0
0.0	0.0	0.0	0.0	0.0	58.0	0.0	84.0	0.0	0.0	0.0	0.0	92.0	0.0	0.0	15.0	0.0	0.0	0.0	0.0	0.0	0.0	0.0	18.0	0.0	0.0	0.0	0.0	0.0	63.0	0.0	0.0	0.0	0.0	0.0	0.0	0.0	73.0	0.0	0.0	74.0	0.0	0.0	0.0	47.0	0.0	0.0	0.0	0.0	0.0	0.0	0.0	0.0	0.0	71.0	0.0	83.0	0.0	0.0	0.0	0.0	0.0	0.0	0.0	0.0	0.0	0.0	92.0	0.0	0.0	0.0	0.0	0.0	0.0	0.0	0.0	0.0	0.0	0.0	0.0	0.0	0.0	0.0	0.0	29.0	0.0	9.0	0.0	58.0	0.0	0.0	0.0	0.0	0.0	0.0	0.0	0.0	0.0	0.0	0.0	0.0	0.0	0.0	93.0	0.0	0.0	0.0	0.0	0.0	0.0
0.0	0.0	0.0	0.0	0.0	0.0	0.0	0.0	96.0	0.0	9.0	0.0	0.0	0.0	0.0	0.0	0.0	0.0	91.0	0.0	0.0	0.0	54.0	0.0	82.0	17.0	0.0	0.0	80.0	9.0	0.0	0.0	0.0	58.0	0.0	19.0	0.0	0.0	34.0	7.0	0.0	0.0	0.0	0.0	0.0	0.0	0.0	0.0	0.0	0.0	0.0	71.0	0.0	0.0	0.0	0.0	54.0	0.0	0.0	59.0	35.0	0.0	0.0	0.0	0.0	0.0	0.0	0.0	0.0	61.0	0.0	0.0	0.0	0.0	0.0	0.0	0.0	0.0	0.0	0.0	0.0	0.0	0.0	0.0	0.0	50.0	20.0	0.0	0.0	0.0	0.0	0.0	0.0	0.0	0.0	51.0	0.0	0.0	0.0	0.0	0.0	8.0	0.0	0.0	15.0	0.0	71.0	0.0	0.0
0.0	0.0	0.0	0.0	0.0	32.0	0.0	59.0	15.0	0.0	0.0	0.0	0.0	70.0	22.0	61.0	0.0	0.0	0.0	0.0	0.0	0.0	0.0	0.0	0.0	0.0	0.0	80.0	0.0	10.0	65.0	0.0	0.0	0.0	56.0	0.0	0.0	0.0	46.0	0.0	51.0	0.0	0.0	0.0	33.0	0.0	0.0	0.0	62.0	90.0	0.0	0.0	0.0	88.0	34.0	43.0	0.0	0.0	0.0	0.0	0.0	0.0	0.0	0.0	68.0	0.0	0.0	96.0	0.0	61.0	0.0	0.0	0.0	0.0	0.0	0.0	1.0	0.0	77.0	0.0	0.0	0.0	0.0	0.0	0.0	62.0	52.0	0.0	0.0	0.0	0.0	0.0	0.0	29.0	0.0	0.0	0.0	0.0	0.0	0.0	50.0	0.0	38.0	0.0	0.0	0.0	62.0	66.0
22.0	14.0	0.0	62.0	0.0	0.0	0.0	0.0	0.0	94.0	0.0	0.0	60.0	0.0	0.0	0.0	0.0	0.0	0.0	0.0	0.0	40.0	0.0	0.0	0.0	0.0	48.0	0.0	0.0	0.0	0.0	0.0	0.0	0.0	0.0	0.0	0.0	0.0	79.0	11.0	0.0	0.0	0.0	0.0	0.0	0.0	0.0	0.0	0.0	87.0	0.0	75.0	0.0	0.0	0.0	26.0	33.0	0.0	0.0	0.0	0.0	0.0	0.0	0.0	93.0	56.0	0.0	16.0	0.0	0.0	0.0	0.0	91.0	70.0	0.0	0.0	0.0	0.0	0.0	37.0	0.0	0.0	5.0	98.0	0.0	0.0	0.0	89.0	53.0	0.0	0.0	0.0	0.0	0.0	0.0	0.0	81.0	0.0	4.0	0.0	0.0	0.0	0.0	0.0	0.0	0.0	0.0
0.0	37.0	0.0	0.0	0.0	0.0	0.0	67.0	0.0	0.0	0.0	0.0	0.0	0.0	0.0	0.0	0.0	0.0	38.0	32.0	0.0	75.0	0.0	36.0	0.0	0.0	0.0	0.0	0.0	82.0	29.0	97.0	0.0	0.0	0.0	0.0	0.0	0.0	0.0	0.0	96.0	0.0	0.0	0.0	0.0	0.0	1.0	0.0	0.0	30.0	33.0	0.0	55.0	88.0	0.0	0.0	10.0	0.0	0.0	0.0	0.0	0.0	0.0	0.0	60.0	0.0	75.0	0.0	78.0	0.0	0.0	0.0	0.0	0.0	0.0	0.0	0.0	0.0	31.0	0.0	0.0	0.0	0.0	94.0	0.0	80.0	0.0	0.0	0.0	0.0	36.0	59.0	27.0	0.0	0.0	36.0	0.0	15.0	0.0	0.0	0.0	0.0	0.0	71.0	0.0	0.0
74.0	0.0	0.0	0.0	0.0	0.0	0.0	0.0	61.0	42.0	0.0	0.0	10.0	5.0	70.0	0.0	0.0	0.0	0.0	0.0	0.0	0.0	0.0	76.0	0.0	0.0	0.0	95.0	75.0	0.0	54.0	0.0	60.0	96.0	56.0	0.0	0.0	0.0	0.0	0.0	65.0	0.0	0.0	0.0	53.0	30.0	0.0	0.0	6.0	0.0	0.0	92.0	0.0	26.0	0.0	0.0	0.0	0.0	0.0	0.0	0.0	0.0	15.0	0.0	21.0	0.0	0.0	97.0	0.0	0.0	74.0	0.0	0.0	0.0	0.0	0.0	20.0	0.0	0.0	46.0	0.0	0.0	0.0	0.0	0.0	0.0	0.0	0.0	0.0	0.0	0.0	0.0	0.0	56.0	0.0	0.0	0.0	0.0	0.0	0.0	0.0	45.0	0.0	0.0	0.0
76.0	0.0	0.0	0.0	0.0	0.0	0.0	0.0	0.0	0.0	84.0	0.0	0.0	0.0	0.0	0.0	0.0	0.0	0.0	59.0	0.0	0.0	87.0	0.0	3.0	86.0	0.0	18.0	0.0	0.0	43.0	0.0	0.0	0.0	0.0	0.0	0.0	92.0	0.0	0.0	76.0	0.0	4.0	0.0	0.0	0.0	0.0	0.0	0.0	0.0	0.0	0.0	0.0	84.0	0.0	0.0	0.0	0.0	0.0	30.0	0.0	0.0	0.0	0.0	0.0	0.0	0.0	0.0	0.0	0.0	0.0	0.0	0.0	60.0	0.0	0.0	0.0	0.0	0.0	0.0	0.0	0.0	0.0	0.0	0.0	9.0	0.0	0.0	0.0	0.0	60.0	19.0	0.0	0.0	0.0	0.0	0.0	0.0	0.0	0.0	6.0	0.0	0.0	0.0
0.0	0.0	70.0	91.0	0.0	0.0	0.0	0.0	27.0	46.0	0.0	0.0	0.0	0.0	13.0	55.0	0.0	87.0	0.0	0.0	0.0	0.0	0.0	0.0	78.0	0.0	0.0	23.0	62.0	0.0	97.0	98.0	0.0	0.0	0.0	0.0	0.0	0.0	0.0	0.0	0.0	0.0	0.0	0.0	0.0	0.0	0.0	0.0	0.0	25.0	0.0	0.0	0.0	0.0	0.0	10.0	0.0	0.0	0.0	88.0	46.0	0.0	24.0	0.0	87.0	0.0	0.0	0.0	0.0	49.0	0.0	0.0	56.0	0.0	0.0	56.0	0.0	0.0	0.0	0.0	26.0	0.0	0.0	0.0	0.0	0.0	0.0	0.0	0.0	0.0	0.0	0.0	0.0	0.0	0.0	0.0	0.0	0.0	0.0	0.0	0.0	0.0	94.0
41.0	0.0	16.0	0.0	0.0	0.0	61.0	42.0	0.0	0.0	0.0	0.0	0.0	63.0	0.0	66.0	0.0	0.0	0.0	0.0	0.0	0.0	73.0	0.0	0.0	0.0	0.0	0.0	80.0	0.0	0.0	0.0	54.0	44.0	0.0	93.0	0.0	0.0	91.0	23.0	0.0	0.0	39.0	0.0	0.0	0.0	0.0	0.0	100.0	0.0	0.0	0.0	0.0	0.0	0.0	0.0	0.0	0.0	0.0	59.0	0.0	0.0	54.0	64.0	0.0	30.0	0.0	0.0	66.0	0.0	70.0	0.0	0.0	0.0	38.0	0.0	82.0	0.0	0.0	0.0	65.0	0.0	13.0	0.0	0.0	0.0	8.0	0.0	0.0	45.0	0.0	62.0	45.0	87.0	0.0	0.0	0.0	0.0	0.0	0.0	86.0	13.0
0.0	0.0	0.0	0.0	27.0	0.0	0.0	0.0	0.0	0.0	12.0	0.0	0.0	0.0	61.0	0.0	0.0	0.0	0.0	0.0	0.0	0.0	0.0	1.0	0.0	0.0	0.0	0.0	58.0	0.0	0.0	6.0	20.0	11.0	71.0	0.0	89.0	0.0	0.0	0.0	0.0	78.0	0.0	0.0	0.0	0.0	0.0	0.0	0.0	75.0	0.0	0.0	0.0	0.0	0.0	43.0	35.0	0.0	0.0	0.0	0.0	0.0	0.0	16.0	50.0	0.0	0.0	0.0	0.0	0.0	34.0	0.0	29.0	0.0	0.0	0.0	0.0	82.0	0.0	73.0	0.0	0.0	79.0	28.0	0.0	87.0	84.0	0.0	0.0	0.0	0.0	3.0	28.0	0.0	0.0	0.0	0.0	0.0	43.0	0.0	0.0
0.0	0.0	0.0	0.0	67.0	0.0	80.0	0.0	0.0	57.0	0.0	0.0	0.0	0.0	0.0	0.0	0.0	9.0	5.0	0.0	0.0	0.0	0.0	0.0	0.0	86.0	0.0	0.0	0.0	0.0	0.0	0.0	0.0	0.0	0.0	0.0	0.0	60.0	0.0	0.0	0.0	0.0	0.0	0.0	0.0	0.0	7.0	0.0	0.0	0.0	0.0	0.0	45.0	0.0	0.0	0.0	23.0	0.0	56.0	0.0	0.0	84.0	0.0	7.0	0.0	71.0	0.0	0.0	0.0	0.0	0.0	0.0	0.0	0.0	0.0	0.0	85.0	0.0	58.0	67.0	0.0	0.0	0.0	40.0	0.0	0.0	0.0	83.0	0.0	0.0	0.0	0.0	0.0	0.0	87.0	0.0	0.0	0.0	0.0	0.0
0.0	0.0	29.0	4.0	0.0	0.0	0.0	0.0	0.0	0.0	0.0	0.0	0.0	0.0	0.0	15.0	0.0	0.0	0.0	0.0	0.0	0.0	0.0	0.0	0.0	0.0	61.0	77.0	0.0	0.0	0.0	3.0	0.0	0.0	0.0	0.0	0.0	84.0	0.0	0.0	0.0	0.0	0.0	0.0	93.0	0.0	0.0	66.0	0.0	0.0	0.0	0.0	0.0	0.0	0.0	0.0	0.0	0.0	0.0	0.0	0.0	0.0	92.0	0.0	0.0	0.0	0.0	0.0	0.0	0.0	62.0	0.0	0.0	0.0	0.0	0.0	0.0	1.0	40.0	0.0	0.0	48.0	0.0	14.0	0.0	0.0	0.0	0.0	37.0	16.0	26.0	0.0	91.0	35.0	0.0	0.0	0.0	33.0	0.0
10.0	83.0	0.0	0.0	0.0	0.0	0.0	0.0	0.0	86.0	81.0	0.0	0.0	0.0	0.0	0.0	0.0	0.0	0.0	0.0	0.0	10.0	42.0	0.0	0.0	0.0	95.0	0.0	0.0	5.0	0.0	0.0	0.0	1.0	8.0	0.0	0.0	0.0	19.0	0.0	0.0	0.0	0.0	0.0	0.0	0.0	0.0	0.0	0.0	0.0	76.0	0.0	52.0	91.0	0.0	0.0	67.0	0.0	0.0	0.0	0.0	0.0	0.0	0.0	8.0	0.0	0.0	39.0	27.0	0.0	0.0	0.0	0.0	0.0	61.0	0.0	0.0	86.0	0.0	0.0	0.0	0.0	0.0	0.0	0.0	0.0	0.0	0.0	71.0	0.0	0.0	0.0	27.0	0.0	0.0	0.0	0.0	0.0
0.0	0.0	19.0	55.0	0.0	27.0	0.0	0.0	0.0	0.0	52.0	0.0	0.0	0.0	0.0	0.0	0.0	0.0	0.0	49.0	34.0	0.0	88.0	0.0	0.0	89.0	60.0	57.0	81.0	0.0	0.0	0.0	0.0	0.0	18.0	0.0	49.0	0.0	0.0	16.0	7.0	0.0	0.0	0.0	85.0	0.0	0.0	47.0	0.0	2.0	0.0	95.0	77.0	0.0	70.0	0.0	0.0	0.0	0.0	0.0	0.0	70.0	0.0	0.0	0.0	0.0	0.0	7.0	24.0	0.0	62.0	0.0	0.0	0.0	0.0	0.0	0.0	0.0	0.0	0.0	24.0	0.0	0.0	81.0	0.0	0.0	0.0	0.0	0.0	0.0	0.0	0.0	0.0	40.0	0.0	0.0	0.0
40.0	0.0	0.0	0.0	0.0	0.0	0.0	0.0	77.0	0.0	0.0	0.0	0.0	0.0	0.0	0.0	0.0	0.0	23.0	82.0	0.0	0.0	0.0	0.0	0.0	0.0	0.0	0.0	0.0	67.0	0.0	42.0	8.0	82.0	0.0	0.0	0.0	0.0	0.0	0.0	0.0	25.0	0.0	0.0	0.0	0.0	0.0	0.0	0.0	0.0	0.0	0.0	13.0	0.0	0.0	0.0	38.0	36.0	0.0	0.0	0.0	0.0	28.0	0.0	0.0	0.0	0.0	32.0	0.0	0.0	0.0	0.0	0.0	0.0	45.0	0.0	0.0	0.0	67.0	0.0	26.0	0.0	0.0	0.0	0.0	0.0	0.0	4.0	13.0	0.0	46.0	0.0	0.0	0.0	0.0	0.0
0.0	0.0	66.0	0.0	0.0	0.0	35.0	0.0	0.0	0.0	0.0	0.0	0.0	0.0	0.0	0.0	0.0	0.0	0.0	0.0	0.0	0.0	67.0	24.0	0.0	0.0	68.0	29.0	0.0	0.0	0.0	0.0	88.0	0.0	0.0	54.0	0.0	11.0	0.0	0.0	0.0	0.0	0.0	0.0	0.0	100.0	94.0	0.0	0.0	0.0	0.0	0.0	0.0	0.0	0.0	55.0	0.0	0.0	0.0	62.0	0.0	0.0	0.0	50.0	0.0	42.0	0.0	0.0	100.0	0.0	0.0	0.0	0.0	0.0	0.0	81.0	0.0	0.0	81.0	0.0	32.0	0.0	0.0	0.0	0.0	0.0	0.0	0.0	0.0	0.0	0.0	0.0	0.0	55.0	0.0
0.0	0.0	0.0	8.0	19.0	0.0	0.0	0.0	0.0	0.0	0.0	0.0	31.0	0.0	0.0	0.0	24.0	0.0	0.0	0.0	0.0	0.0	81.0	27.0	0.0	0.0	0.0	0.0	0.0	0.0	0.0	0.0	46.0	0.0	82.0	0.0	0.0	0.0	67.0	0.0	0.0	0.0	0.0	0.0	46.0	83.0	0.0	0.0	0.0	0.0	0.0	0.0	0.0	22.0	0.0	0.0	0.0	23.0	82.0	0.0	0.0	75.0	0.0	0.0	0.0	17.0	24.0	99.0	0.0	0.0	0.0	33.0	0.0	0.0	0.0	0.0	0.0	0.0	70.0	0.0	0.0	0.0	0.0	76.0	0.0	0.0	0.0	0.0	0.0	0.0	0.0	0.0	48.0	0.0
0.0	8.0	0.0	50.0	24.0	0.0	0.0	32.0	94.0	0.0	5.0	0.0	73.0	0.0	0.0	0.0	0.0	0.0	0.0	0.0	50.0	0.0	0.0	78.0	0.0	0.0	0.0	0.0	0.0	0.0	9.0	89.0	26.0	0.0	0.0	0.0	0.0	53.0	0.0	0.0	8.0	0.0	0.0	0.0	0.0	0.0	0.0	0.0	0.0	0.0	65.0	0.0	44.0	1.0	0.0	79.0	72.0	0.0	0.0	0.0	0.0	36.0	14.0	0.0	0.0	0.0	0.0	0.0	0.0	0.0	0.0	5.0	45.0	0.0	0.0	0.0	0.0	35.0	0.0	0.0	0.0	0.0	0.0	0.0	0.0	0.0	0.0	0.0	0.0	94.0	0.0	0.0	0.0
17.0	0.0	0.0	84.0	55.0	0.0	0.0	0.0	0.0	0.0	91.0	0.0	0.0	0.0	0.0	0.0	0.0	0.0	0.0	0.0	0.0	0.0	0.0	67.0	0.0	50.0	0.0	0.0	0.0	95.0	69.0	88.0	0.0	94.0	0.0	0.0	0.0	0.0	0.0	0.0	34.0	0.0	0.0	28.0	0.0	0.0	80.0	0.0	90.0	64.0	95.0	0.0	0.0	43.0	0.0	27.0	0.0	0.0	0.0	0.0	4.0	0.0	0.0	95.0	0.0	0.0	70.0	0.0	0.0	0.0	0.0	0.0	0.0	0.0	0.0	0.0	0.0	95.0	0.0	0.0	0.0	0.0	0.0	0.0	87.0	0.0	0.0	0.0	0.0	0.0	0.0	0.0
44.0	58.0	0.0	0.0	0.0	0.0	0.0	0.0	0.0	0.0	0.0	0.0	0.0	0.0	0.0	0.0	52.0	0.0	82.0	12.0	0.0	0.0	0.0	0.0	81.0	11.0	0.0	91.0	0.0	0.0	0.0	0.0	0.0	0.0	0.0	0.0	0.0	0.0	0.0	0.0	0.0	47.0	0.0	52.0	0.0	82.0	87.0	37.0	73.0	0.0	0.0	0.0	0.0	75.0	0.0	79.0	0.0	73.0	0.0	0.0	43.0	62.0	0.0	0.0	94.0	0.0	0.0	0.0	1.0	0.0	0.0	0.0	0.0	0.0	9.0	52.0	0.0	0.0	0.0	0.0	49.0	49.0	0.0	0.0	0.0	0.0	0.0	0.0	3.0	0.0	0.0
0.0	31.0	0.0	0.0	87.0	0.0	0.0	0.0	20.0	0.0	0.0	0.0	0.0	0.0	68.0	0.0	72.0	0.0	0.0	0.0	0.0	0.0	0.0	88.0	0.0	65.0	0.0	0.0	0.0	0.0	0.0	55.0	0.0	0.0	0.0	0.0	0.0	0.0	0.0	0.0	0.0	84.0	63.0	0.0	0.0	77.0	44.0	0.0	0.0	6.0	0.0	61.0	0.0	49.0	0.0	99.0	0.0	0.0	0.0	0.0	0.0	0.0	0.0	0.0	96.0	0.0	0.0	0.0	0.0	0.0	0.0	0.0	56.0	61.0	0.0	0.0	49.0	0.0	9.0	9.0	0.0	96.0	0.0	0.0	0.0	0.0	0.0	0.0	95.0	34.0
68.0	45.0	0.0	0.0	0.0	71.0	29.0	0.0	0.0	65.0	0.0	0.0	0.0	21.0	11.0	0.0	0.0	64.0	0.0	0.0	0.0	0.0	0.0	10.0	0.0	0.0	0.0	0.0	0.0	0.0	0.0	0.0	75.0	0.0	6.0	0.0	0.0	22.0	0.0	0.0	0.0	0.0	0.0	0.0	0.0	0.0	40.0	0.0	0.0	0.0	65.0	14.0	0.0	0.0	0.0	20.0	0.0	0.0	0.0	36.0	69.0	43.0	16.0	46.0	0.0	0.0	0.0	0.0	0.0	0.0	0.0	0.0	52.0	0.0	0.0	29.0	28.0	0.0	0.0	0.0	0.0	54.0	0.0	29.0	19.0	0.0	0.0	0.0	40.0
0.0	0.0	0.0	0.0	0.0	88.0	0.0	0.0	0.0	5.0	0.0	96.0	50.0	2.0	0.0	0.0	0.0	0.0	0.0	76.0	0.0	0.0	0.0	0.0	67.0	0.0	0.0	42.0	66.0	0.0	0.0	0.0	57.0	0.0	0.0	0.0	0.0	0.0	22.0	0.0	26.0	80.0	85.0	0.0	0.0	83.0	0.0	0.0	0.0	0.0	0.0	0.0	0.0	15.0	0.0	0.0	32.0	0.0	0.0	0.0	67.0	0.0	0.0	0.0	77.0	0.0	0.0	95.0	36.0	0.0	20.0	0.0	0.0	0.0	0.0	0.0	0.0	0.0	76.0	0.0	0.0	0.0	0.0	0.0	59.0	0.0	0.0	34.0
1.0	62.0	0.0	0.0	0.0	0.0	0.0	0.0	75.0	51.0	69.0	0.0	0.0	0.0	31.0	0.0	0.0	0.0	65.0	0.0	0.0	0.0	0.0	0.0	87.0	0.0	0.0	0.0	0.0	0.0	50.0	0.0	0.0	0.0	0.0	9.0	24.0	0.0	0.0	0.0	65.0	0.0	0.0	0.0	0.0	0.0	0.0	42.0	0.0	0.0	0.0	87.0	0.0	0.0	0.0	0.0	0.0	0.0	97.0	0.0	0.0	0.0	0.0	39.0	0.0	18.0	0.0	18.0	0.0	0.0	0.0	0.0	0.0	0.0	0.0	0.0	61.0	0.0	6.0	98.0	0.0	0.0	0.0	0.0	0.0	51.0	0.0
0.0	0.0	0.0	0.0	0.0	0.0	8.0	0.0	55.0	0.0	85.0	0.0	67.0	0.0	0.0	78.0	0.0	0.0	0.0	0.0	36.0	0.0	0.0	0.0	0.0	0.0	54.0	0.0	67.0	0.0	0.0	0.0	0.0	0.0	0.0	79.0	0.0	0.0	0.0	0.0	0.0	39.0	0.0	0.0	90.0	0.0	33.0	56.0	0.0	3.0	28.0	58.0	0.0	0.0	0.0	0.0	0.0	0.0	5.0	0.0	0.0	0.0	0.0	0.0	0.0	4.0	0.0	0.0	0.0	0.0	0.0	78.0	0.0	0.0	0.0	0.0	0.0	0.0	47.0	0.0	0.0	0.0	0.0	0.0	0.0	0.0
0.0	53.0	31.0	0.0	0.0	0.0	0.0	0.0	0.0	34.0	95.0	10.0	0.0	0.0	0.0	0.0	39.0	0.0	0.0	0.0	0.0	0.0	0.0	0.0	100.0	0.0	0.0	0.0	0.0	46.0	0.0	0.0	0.0	88.0	0.0	0.0	0.0	70.0	0.0	0.0	0.0	93.0	0.0	0.0	0.0	0.0	0.0	0.0	77.0	0.0	0.0	0.0	34.0	0.0	0.0	0.0	60.0	74.0	0.0	69.0	0.0	54.0	0.0	0.0	0.0	0.0	0.0	0.0	13.0	0.0	99.0	95.0	0.0	0.0	37.0	0.0	0.0	0.0	0.0	0.0	0.0	72.0	0.0	0.0	0.0
0.0	0.0	29.0	0.0	0.0	31.0	0.0	0.0	89.0	0.0	0.0	0.0	84.0	0.0	0.0	63.0	66.0	0.0	31.0	0.0	0.0	0.0	0.0	0.0	0.0	0.0	0.0	0.0	98.0	0.0	0.0	0.0	0.0	0.0	0.0	0.0	0.0	0.0	0.0	0.0	0.0	14.0	0.0	0.0	0.0	0.0	0.0	0.0	0.0	0.0	0.0	0.0	31.0	0.0	19.0	0.0	44.0	0.0	52.0	0.0	41.0	81.0	0.0	0.0	0.0	0.0	70.0	69.0	79.0	0.0	0.0	0.0	0.0	0.0	0.0	0.0	0.0	65.0	0.0	0.0	0.0	81.0	0.0	0.0
0.0	46.0	0.0	23.0	0.0	5.0	0.0	0.0	0.0	0.0	0.0	0.0	0.0	0.0	0.0	0.0	0.0	33.0	0.0	0.0	0.0	0.0	0.0	1.0	0.0	0.0	0.0	0.0	14.0	0.0	25.0	25.0	0.0	0.0	0.0	15.0	11.0	0.0	32.0	0.0	0.0	0.0	0.0	29.0	0.0	0.0	54.0	0.0	0.0	52.0	0.0	0.0	0.0	0.0	0.0	0.0	0.0	0.0	0.0	32.0	0.0	0.0	0.0	0.0	0.0	35.0	0.0	0.0	0.0	0.0	0.0	81.0	0.0	5.0	0.0	0.0	0.0	0.0	0.0	0.0	0.0	0.0	0.0
0.0	0.0	0.0	2.0	0.0	0.0	0.0	0.0	31.0	0.0	0.0	0.0	0.0	0.0	80.0	0.0	32.0	67.0	0.0	0.0	0.0	0.0	31.0	94.0	39.0	0.0	84.0	25.0	0.0	0.0	0.0	69.0	56.0	0.0	0.0	0.0	0.0	0.0	0.0	85.0	56.0	0.0	0.0	0.0	0.0	0.0	74.0	0.0	40.0	0.0	0.0	0.0	0.0	25.0	0.0	0.0	0.0	0.0	0.0	55.0	20.0	0.0	0.0	0.0	0.0	0.0	0.0	0.0	0.0	91.0	38.0	0.0	0.0	0.0	0.0	0.0	0.0	11.0	0.0	0.0	0.0	40.0
0.0	0.0	68.0	0.0	46.0	0.0	11.0	0.0	28.0	0.0	67.0	0.0	0.0	0.0	0.0	0.0	0.0	64.0	0.0	0.0	0.0	0.0	0.0	0.0	0.0	28.0	4.0	0.0	0.0	82.0	0.0	27.0	0.0	0.0	48.0	0.0	76.0	0.0	0.0	0.0	0.0	43.0	0.0	0.0	0.0	0.0	0.0	0.0	1.0	0.0	0.0	0.0	89.0	0.0	0.0	75.0	51.0	87.0	0.0	0.0	0.0	0.0	0.0	0.0	0.0	0.0	81.0	67.0	0.0	0.0	0.0	18.0	0.0	0.0	0.0	0.0	0.0	0.0	0.0	0.0	7.0
0.0	0.0	0.0	68.0	0.0	36.0	60.0	0.0	0.0	98.0	0.0	54.0	89.0	0.0	30.0	0.0	0.0	0.0	0.0	49.0	0.0	0.0	3.0	24.0	0.0	0.0	0.0	0.0	10.0	0.0	0.0	0.0	0.0	9.0	0.0	0.0	50.0	0.0	0.0	0.0	0.0	35.0	0.0	0.0	33.0	0.0	0.0	39.0	34.0	82.0	87.0	0.0	0.0	61.0	0.0	95.0	84.0	37.0	39.0	0.0	0.0	0.0	0.0	0.0	0.0	0.0	0.0	0.0	88.0	0.0	80.0	0.0	0.0	0.0	0.0	84.0	25.0	0.0	0.0	36.0
2.0	0.0	0.0	69.0	0.0	0.0	0.0	13.0	0.0	0.0	0.0	0.0	0.0	12.0	0.0	0.0	62.0	0.0	0.0	0.0	83.0	0.0	100.0	0.0	5.0	71.0	0.0	0.0	0.0	0.0	44.0	0.0	0.0	0.0	0.0	0.0	55.0	0.0	0.0	0.0	0.0	0.0	0.0	0.0	0.0	0.0	0.0	0.0	0.0	0.0	0.0	0.0	0.0	38.0	0.0	0.0	98.0	57.0	0.0	0.0	0.0	0.0	0.0	0.0	51.0	0.0	0.0	0.0	0.0	0.0	0.0	0.0	0.0	0.0	0.0	0.0	0.0	23.0	0.0
36.0	0.0	19.0	0.0	0.0	0.0	63.0	0.0	0.0	0.0	0.0	0.0	97.0	0.0	0.0	0.0	0.0	0.0	0.0	0.0	0.0	0.0	0.0	6.0	0.0	0.0	0.0	78.0	0.0	0.0	0.0	0.0	0.0	0.0	89.0	0.0	0.0	0.0	0.0	0.0	0.0	0.0	16.0	97.0	95.0	0.0	91.0	10.0	0.0	0.0	5.0	10.0	0.0	0.0	0.0	0.0	0.0	0.0	52.0	5.0	24.0	0.0	46.0	0.0	0.0	0.0	0.0	28.0	0.0	92.0	70.0	0.0	85.0	94.0	37.0	0.0	11.0	0.0
0.0	0.0	0.0	0.0	0.0	81.0	0.0	0.0	0.0	0.0	0.0	0.0	32.0	43.0	0.0	39.0	2.0	0.0	0.0	0.0	0.0	0.0	0.0	0.0	0.0	17.0	0.0	0.0	24.0	94.0	0.0	0.0	0.0	83.0	17.0	0.0	0.0	0.0	0.0	32.0	0.0	0.0	0.0	0.0	39.0	43.0	0.0	0.0	0.0	0.0	0.0	0.0	68.0	0.0	0.0	0.0	0.0	0.0	12.0	0.0	0.0	0.0	0.0	25.0	0.0	0.0	0.0	0.0	82.0	0.0	0.0	0.0	46.0	0.0	0.0	0.0	0.0
0.0	0.0	0.0	29.0	0.0	0.0	0.0	0.0	49.0	0.0	0.0	0.0	0.0	0.0	0.0	22.0	0.0	0.0	42.0	0.0	0.0	0.0	0.0	0.0	0.0	0.0	0.0	0.0	0.0	0.0	0.0	0.0	0.0	0.0	38.0	0.0	0.0	0.0	0.0	0.0	0.0	0.0	0.0	0.0	0.0	0.0	0.0	0.0	0.0	0.0	0.0	42.0	0.0	0.0	0.0	0.0	0.0	0.0	0.0	26.0	0.0	0.0	55.0	0.0	0.0	0.0	0.0	17.0	0.0	0.0	44.0	0.0	0.0	0.0	0.0	73.0
0.0	0.0	0.0	0.0	23.0	0.0	0.0	0.0	58.0	0.0	0.0	85.0	47.0	9.0	0.0	0.0	0.0	0.0	0.0	11.0	0.0	0.0	0.0	0.0	83.0	0.0	0.0	0.0	0.0	0.0	0.0	71.0	42.0	0.0	34.0	0.0	2.0	0.0	0.0	25.0	0.0	0.0	0.0	1.0	0.0	0.0	0.0	0.0	0.0	0.0	76.0	0.0	0.0	0.0	0.0	0.0	84.0	16.0	0.0	0.0	89.0	49.0	0.0	0.0	25.0	0.0	0.0	86.0	0.0	0.0	0.0	0.0	0.0	0.0	95.0
0.0	0.0	0.0	0.0	11.0	0.0	0.0	0.0	0.0	0.0	12.0	0.0	0.0	0.0	0.0	0.0	6.0	0.0	52.0	0.0	0.0	0.0	0.0	0.0	0.0	76.0	0.0	0.0	0.0	41.0	32.0	0.0	0.0	0.0	0.0	24.0	0.0	0.0	0.0	0.0	0.0	0.0	35.0	90.0	0.0	82.0	0.0	0.0	0.0	9.0	0.0	0.0	0.0	0.0	0.0	80.0	0.0	0.0	38.0	0.0	0.0	0.0	0.0	16.0	0.0	0.0	30.0	0.0	0.0	0.0	0.0	0.0	0.0	0.0
0.0	13.0	0.0	0.0	0.0	0.0	0.0	0.0	0.0	0.0	39.0	20.0	26.0	0.0	0.0	0.0	0.0	0.0	0.0	0.0	0.0	37.0	78.0	6.0	0.0	0.0	91.0	0.0	0.0	0.0	0.0	0.0	0.0	0.0	0.0	0.0	0.0	0.0	0.0	44.0	0.0	0.0	0.0	0.0	0.0	97.0	0.0	0.0	0.0	0.0	0.0	0.0	0.0	0.0	0.0	0.0	0.0	0.0	46.0	0.0	0.0	0.0	0.0	0.0	0.0	3.0	0.0	0.0	0.0	0.0	0.0	0.0	20.0
34.0	0.0	0.0	0.0	0.0	0.0	30.0	0.0	0.0	0.0	0.0	0.0	87.0	52.0	90.0	0.0	0.0	0.0	0.0	0.0	25.0	0.0	0.0	0.0	0.0	12.0	0.0	0.0	53.0	51.0	70.0	0.0	0.0	87.0	0.0	0.0	0.0	0.0	0.0	0.0	0.0	28.0	24.0	0.0	0.0	67.0	0.0	0.0	0.0	0.0	0.0	0.0	48.0	0.0	0.0	31.0	59.0	0.0	34.0	0.0	0.0	0.0	0.0	0.0	0.0	0.0	0.0	23.0	0.0	0.0	0.0	0.0
0.0	0.0	0.0	0.0	51.0	0.0	0.0	0.0	65.0	0.0	0.0	56.0	35.0	0.0	0.0	26.0	0.0	38.0	0.0	0.0	0.0	0.0	0.0	28.0	0.0	0.0	43.0	17.0	50.0	0.0	0.0	0.0	0.0	0.0	6.0	0.0	0.0	0.0	0.0	65.0	0.0	0.0	42.0	0.0	0.0	0.0	15.0	0.0	0.0	0.0	0.0	0.0	0.0	0.0	0.0	0.0	0.0	0.0	0.0	0.0	42.0	0.0	98.0	0.0	0.0	39.0	28.0	0.0	22.0	81.0	64.0
0.0	0.0	0.0	0.0	52.0	0.0	64.0	0.0	0.0	87.0	0.0	0.0	0.0	57.0	0.0	0.0	0.0	0.0	0.0	0.0	0.0	0.0	0.0	0.0	0.0	0.0	0.0	0.0	0.0	35.0	0.0	0.0	81.0	86.0	0.0	28.0	0.0	0.0	0.0	0.0	0.0	0.0	65.0	36.0	0.0	0.0	0.0	0.0	52.0	32.0	0.0	0.0	0.0	0.0	0.0	0.0	0.0	29.0	52.0	0.0	0.0	0.0	0.0	0.0	0.0	0.0	0.0	0.0	0.0	0.0
0.0	0.0	0.0	5.0	0.0	0.0	0.0	0.0	0.0	0.0	58.0	59.0	24.0	24.0	0.0	0.0	7.0	0.0	0.0	0.0	85.0	0.0	0.0	0.0	0.0	0.0	0.0	0.0	32.0	0.0	0.0	0.0	24.0	99.0	0.0	0.0	98.0	0.0	0.0	0.0	0.0	98.0	0.0	0.0	0.0	0.0	0.0	0.0	0.0	78.0	0.0	0.0	0.0	0.0	0.0	22.0	0.0	0.0	71.0	53.0	0.0	0.0	0.0	83.0	0.0	0.0	0.0	73.0	0.0
0.0	0.0	0.0	69.0	97.0	0.0	70.0	0.0	0.0	0.0	0.0	0.0	0.0	98.0	45.0	0.0	0.0	42.0	21.0	0.0	68.0	48.0	59.0	0.0	0.0	96.0	0.0	0.0	0.0	0.0	0.0	0.0	0.0	0.0	0.0	0.0	9.0	0.0	27.0	0.0	0.0	0.0	8.0	83.0	93.0	0.0	0.0	0.0	0.0	0.0	13.0	0.0	29.0	0.0	0.0	0.0	7.0	0.0	0.0	0.0	0.0	0.0	0.0	0.0	0.0	44.0	0.0	0.0
0.0	0.0	0.0	0.0	0.0	0.0	31.0	0.0	0.0	74.0	0.0	0.0	0.0	0.0	0.0	0.0	7.0	0.0	79.0	0.0	0.0	0.0	50.0	0.0	0.0	0.0	0.0	0.0	0.0	0.0	0.0	0.0	0.0	15.0	0.0	0.0	0.0	0.0	0.0	0.0	0.0	76.0	0.0	0.0	0.0	42.0	36.0	0.0	65.0	0.0	0.0	4.0	14.0	99.0	0.0	0.0	0.0	0.0	0.0	0.0	64.0	11.0	61.0	0.0	20.0	0.0	0.0
0.0	0.0	6.0	0.0	0.0	0.0	0.0	46.0	0.0	0.0	0.0	0.0	39.0	0.0	0.0	0.0	0.0	36.0	0.0	0.0	0.0	0.0	30.0	0.0	0.0	52.0	0.0	0.0	0.0	0.0	53.0	0.0	47.0	0.0	0.0	57.0	0.0	0.0	0.0	0.0	0.0	0.0	0.0	0.0	72.0	52.0	43.0	0.0	0.0	0.0	56.0	77.0	32.0	30.0	0.0	0.0	9.0	0.0	0.0	0.0	0.0	0.0	0.0	0.0	76.0	23.0
0.0	0.0	0.0	17.0	0.0	0.0	0.0	12.0	0.0	0.0	0.0	0.0	44.0	0.0	0.0	58.0	0.0	88.0	60.0	74.0	31.0	62.0	0.0	0.0	14.0	94.0	76.0	0.0	12.0	0.0	50.0	0.0	0.0	16.0	0.0	0.0	0.0	77.0	0.0	0.0	0.0	0.0	0.0	0.0	0.0	0.0	55.0	0.0	61.0	0.0	0.0	90.0	0.0	0.0	0.0	0.0	0.0	64.0	0.0	0.0	50.0	0.0	0.0	0.0	0.0
40.0	0.0	0.0	54.0	0.0	0.0	0.0	0.0	0.0	0.0	0.0	0.0	95.0	37.0	48.0	0.0	82.0	98.0	0.0	0.0	0.0	0.0	0.0	0.0	0.0	0.0	0.0	0.0	0.0	0.0	0.0	0.0	0.0	0.0	0.0	0.0	0.0	0.0	0.0	0.0	0.0	0.0	0.0	100.0	0.0	0.0	0.0	0.0	57.0	0.0	0.0	0.0	0.0	94.0	6.0	83.0	0.0	0.0	0.0	57.0	0.0	0.0	0.0	16.0
0.0	0.0	0.0	75.0	0.0	0.0	99.0	19.0	0.0	17.0	0.0	0.0	0.0	71.0	62.0	0.0	0.0	0.0	0.0	0.0	0.0	0.0	0.0	0.0	0.0	0.0	0.0	89.0	0.0	0.0	47.0	0.0	12.0	0.0	0.0	0.0	0.0	0.0	0.0	0.0	0.0	0.0	0.0	0.0	0.0	0.0	0.0	0.0	0.0	0.0	0.0	0.0	84.0	0.0	0.0	0.0	0.0	86.0	12.0	0.0	0.0	73.0	24.0
70.0	0.0	0.0	0.0	8.0	0.0	0.0	0.0	72.0	0.0	0.0	0.0	0.0	0.0	57.0	0.0	0.0	0.0	1.0	53.0	0.0	0.0	0.0	0.0	0.0	0.0	0.0	31.0	0.0	0.0	0.0	0.0	0.0	0.0	0.0	0.0	26.0	0.0	69.0	0.0	0.0	0.0	0.0	0.0	98.0	0.0	0.0	0.0	0.0	0.0	0.0	0.0	0.0	0.0	63.0	0.0	0.0	0.0	0.0	0.0	0.0	0.0
0.0	0.0	0.0	0.0	0.0	0.0	0.0	0.0	0.0	0.0	69.0	0.0	10.0	0.0	0.0	0.0	10.0	0.0	0.0	50.0	40.0	0.0	63.0	0.0	0.0	0.0	0.0	0.0	70.0	0.0	2.0	0.0	21.0	58.0	0.0	0.0	0.0	16.0	0.0	0.0	38.0	64.0	42.0	0.0	99.0	0.0	90.0	17.0	0.0	0.0	0.0	0.0	0.0	0.0	66.0	0.0	0.0	44.0	0.0	83.0	24.0
0.0	0.0	0.0	0.0	95.0	51.0	0.0	0.0	0.0	0.0	0.0	0.0	0.0	0.0	0.0	0.0	0.0	0.0	0.0	0.0	0.0	0.0	0.0	0.0	0.0	0.0	60.0	0.0	69.0	0.0	0.0	74.0	61.0	0.0	31.0	32.0	12.0	0.0	0.0	0.0	0.0	0.0	0.0	0.0	74.0	0.0	0.0	0.0	16.0	0.0	0.0	21.0	0.0	0.0	0.0	0.0	0.0	38.0	8.0	0.0
0.0	0.0	0.0	7.0	0.0	75.0	0.0	15.0	0.0	0.0	0.0	22.0	0.0	0.0	0.0	0.0	0.0	0.0	0.0	58.0	30.0	0.0	0.0	24.0	0.0	3.0	0.0	0.0	0.0	0.0	0.0	0.0	0.0	0.0	0.0	0.0	66.0	54.0	0.0	0.0	0.0	0.0	0.0	0.0	0.0	40.0	0.0	0.0	0.0	0.0	37.0	0.0	0.0	65.0	0.0	0.0	0.0	16.0	0.0
3.0	0.0	34.0	0.0	0.0	0.0	0.0	0.0	0.0	23.0	0.0	80.0	0.0	0.0	0.0	0.0	0.0	0.0	0.0	0.0	0.0	30.0	0.0	0.0	0.0	0.0	0.0	94.0	0.0	0.0	0.0	0.0	0.0	0.0	0.0	0.0	84.0	66.0	0.0	0.0	0.0	33.0	55.0	76.0	0.0	92.0	0.0	0.0	0.0	0.0	0.0	0.0	0.0	0.0	0.0	0.0	0.0	0.0
0.0	0.0	0.0	35.0	0.0	0.0	0.0	0.0	99.0	0.0	0.0	0.0	0.0	0.0	0.0	0.0	0.0	45.0	49.0	0.0	0.0	34.0	0.0	0.0	0.0	0.0	84.0	0.0	0.0	0.0	0.0	0.0	0.0	0.0	0.0	81.0	0.0	0.0	0.0	0.0	0.0	78.0	0.0	44.0	0.0	0.0	0.0	0.0	0.0	0.0	35.0	0.0	0.0	68.0	0.0	74.0	0.0
42.0	0.0	0.0	0.0	0.0	40.0	0.0	0.0	0.0	0.0	0.0	0.0	0.0	0.0	0.0	15.0	0.0	0.0	0.0	0.0	59.0	32.0	0.0	0.0	0.0	0.0	0.0	0.0	0.0	0.0	70.0	0.0	0.0	0.0	0.0	48.0	0.0	0.0	0.0	0.0	66.0	0.0	0.0	29.0	1.0	0.0	16.0	96.0	0.0	66.0	0.0	33.0	31.0	0.0	80.0	30.0
0.0	24.0	0.0	0.0	0.0	38.0	0.0	0.0	0.0	0.0	48.0	0.0	0.0	0.0	0.0	0.0	0.0	0.0	0.0	0.0	50.0	0.0	0.0	0.0	67.0	0.0	0.0	42.0	0.0	0.0	70.0	59.0	31.0	0.0	0.0	0.0	0.0	0.0	12.0	0.0	0.0	0.0	0.0	0.0	0.0	28.0	0.0	61.0	30.0	86.0	0.0	70.0	0.0	32.0	0.0
1.0	48.0	0.0	0.0	86.0	0.0	0.0	0.0	0.0	24.0	0.0	0.0	0.0	0.0	0.0	0.0	0.0	39.0	0.0	40.0	0.0	0.0	0.0	0.0	0.0	0.0	0.0	0.0	0.0	0.0	62.0	35.0	0.0	0.0	0.0	0.0	0.0	0.0	0.0	0.0	0.0	61.0	0.0	0.0	55.0	0.0	0.0	37.0	94.0	0.0	92.0	0.0	0.0	0.0
0.0	0.0	0.0	0.0	0.0	43.0	0.0	0.0	0.0	0.0	0.0	47.0	45.0	31.0	0.0	84.0	0.0	0.0	0.0	0.0	7.0	67.0	0.0	56.0	0.0	0.0	0.0	0.0	0.0	39.0	0.0	0.0	0.0	0.0	0.0	8.0	0.0	0.0	0.0	0.0	0.0	0.0	0.0	27.0	0.0	0.0	0.0	0.0	2.0	0.0	0.0	0.0	0.0
0.0	0.0	0.0	80.0	70.0	0.0	0.0	0.0	0.0	29.0	0.0	0.0	0.0	28.0	0.0	0.0	0.0	90.0	0.0	0.0	0.0	0.0	23.0	40.0	0.0	0.0	0.0	0.0	0.0	0.0	0.0	0.0	0.0	0.0	0.0	48.0	0.0	0.0	0.0	0.0	0.0	0.0	0.0	0.0	0.0	0.0	89.0	0.0	0.0	0.0	0.0	0.0
0.0	52.0	15.0	0.0	0.0	0.0	0.0	0.0	86.0	0.0	0.0	0.0	89.0	5.0	43.0	0.0	0.0	55.0	0.0	63.0	0.0	0.0	0.0	80.0	0.0	0.0	0.0	0.0	8.0	0.0	91.0	0.0	0.0	0.0	32.0	0.0	0.0	0.0	21.0	86.0	0.0	0.0	10.0	80.0	0.0	0.0	37.0	0.0	39.0	0.0	0.0
5.0	0.0	0.0	0.0	27.0	0.0	85.0	0.0	0.0	0.0	0.0	0.0	69.0	0.0	63.0	0.0	0.0	0.0	0.0	0.0	0.0	0.0	0.0	36.0	68.0	0.0	0.0	0.0	0.0	0.0	0.0	0.0	6.0	3.0	48.0	1.0	0.0	0.0	14.0	0.0	0.0	4.0	0.0	0.0	73.0	0.0	45.0	0.0	93.0	0.0
70.0	0.0	73.0	0.0	0.0	0.0	0.0	0.0	0.0	0.0	0.0	0.0	0.0	0.0	0.0	0.0	0.0	0.0	0.0	51.0	0.0	0.0	0.0	0.0	55.0	0.0	15.0	0.0	34.0	0.0	0.0	0.0	0.0	0.0	0.0	0.0	0.0	0.0	84.0	0.0	0.0	0.0	0.0	62.0	0.0	24.0	57.0	0.0	0.0
0.0	0.0	8.0	96.0	0.0	0.0	30.0	0.0	0.0	0.0	0.0	0.0	66.0	0.0	85.0	0.0	29.0	0.0	0.0	0.0	0.0	0.0	77.0	43.0	5.0	0.0	0.0	0.0	47.0	13.0	0.0	93.0	0.0	0.0	0.0	64.0	0.0	0.0	0.0	0.0	0.0	87.0	0.0	0.0	6.0	14.0	0.0	19.0
0.0	0.0	0.0	0.0	0.0	0.0	70.0	0.0	0.0	91.0	0.0	0.0	23.0	0.0	61.0	38.0	0.0	0.0	0.0	0.0	0.0	0.0	0.0	0.0	70.0	23.0	0.0	17.0	0.0	0.0	0.0	0.0	2.0	86.0	0.0	0.0	92.0	0.0	0.0	0.0	0.0	0.0	0.0	0.0	32.0	0.0	88.0
14.0	0.0	2.0	0.0	0.0	0.0	0.0	0.0	0.0	0.0	0.0	46.0	0.0	0.0	3.0	76.0	0.0	0.0	1.0	0.0	0.0	0.0	0.0	0.0	0.0	0.0	0.0	20.0	36.0	0.0	0.0	0.0	0.0	0.0	10.0	0.0	0.0	0.0	0.0	0.0	0.0	0.0	14.0	0.0	0.0	0.0
55.0	0.0	0.0	62.0	0.0	0.0	0.0	0.0	49.0	11.0	0.0	7.0	0.0	0.0	0.0	0.0	0.0	0.0	85.0	0.0	0.0	0.0	0.0	83.0	0.0	0.0	0.0	0.0	85.0	0.0	0.0	0.0	44.0	0.0	0.0	0.0	0.0	64.0	0.0	32.0	0.0	0.0	41.0	0.0	0.0
0.0	0.0	0.0	0.0	82.0	0.0	0.0	0.0	0.0	74.0	0.0	0.0	0.0	0.0	93.0	0.0	0.0	0.0	70.0	66.0	34.0	35.0	0.0	0.0	0.0	0.0	0.0	0.0	0.0	0.0	0.0	40.0	0.0	22.0	0.0	0.0	66.0	0.0	67.0	0.0	0.0	58.0	0.0	0.0
28.0	0.0	0.0	0.0	0.0	0.0	0.0	0.0	0.0	0.0	0.0	8.0	0.0	33.0	0.0	0.0	0.0	0.0	0.0	62.0	0.0	0.0	0.0	0.0	2.0	0.0	0.0	0.0	0.0	0.0	0.0	84.0	0.0	0.0	0.0	0.0	45.0	0.0	0.0	85.0	43.0	0.0	0.0
0.0	0.0	66.0	0.0	46.0	0.0	0.0	0.0	37.0	0.0	0.0	0.0	0.0	0.0	0.0	19.0	0.0	0.0	0.0	65.0	0.0	91.0	0.0	35.0	0.0	0.0	0.0	0.0	17.0	0.0	50.0	30.0	0.0	0.0	0.0	0.0	0.0	0.0	34.0	77.0	94.0	15.0
0.0	0.0	0.0	0.0	79.0	0.0	0.0	0.0	0.0	0.0	0.0	98.0	0.0	0.0	0.0	0.0	5.0	0.0	0.0	0.0	0.0	0.0	0.0	0.0	0.0	0.0	0.0	0.0	0.0	0.0	0.0	0.0	0.0	49.0	0.0	12.0	0.0	62.0	0.0	0.0	0.0
0.0	0.0	0.0	13.0	0.0	0.0	0.0	0.0	59.0	0.0	0.0	21.0	0.0	0.0	0.0	0.0	0.0	15.0	76.0	0.0	83.0	36.0	0.0	81.0	0.0	0.0	0.0	0.0	0.0	0.0	51.0	0.0	0.0	40.0	0.0	14.0	0.0	0.0	0.0	0.0
23.0	0.0	41.0	0.0	6.0	0.0	0.0	0.0	0.0	0.0	0.0	0.0	0.0	0.0	0.0	96.0	0.0	0.0	0.0	0.0	45.0	0.0	0.0	0.0	0.0	0.0	0.0	60.0	67.0	0.0	0.0	0.0	0.0	0.0	0.0	0.0	5.0	65.0	0.0
0.0	0.0	0.0	0.0	72.0	0.0	23.0	99.0	0.0	16.0	0.0	0.0	0.0	0.0	0.0	0.0	0.0	52.0	0.0	0.0	0.0	0.0	0.0	0.0	0.0	0.0	93.0	0.0	0.0	0.0	0.0	0.0	66.0	0.0	0.0	0.0	90.0	32.0
97.0	0.0	0.0	0.0	0.0	0.0	70.0	0.0	0.0	0.0	0.0	0.0	59.0	0.0	0.0	75.0	0.0	0.0	0.0	0.0	58.0	82.0	0.0	0.0	0.0	0.0	0.0	0.0	70.0	0.0	0.0	0.0	0.0	35.0	0.0	47.0	49.0
0.0	31.0	0.0	41.0	38.0	0.0	0.0	0.0	90.0	93.0	0.0	0.0	0.0	0.0	0.0	0.0	0.0	0.0	0.0	0.0	0.0	18.0	0.0	0.0	0.0	100.0	49.0	23.0	0.0	0.0	0.0	74.0	99.0	0.0	0.0	17.0
0.0	0.0	0.0	66.0	0.0	0.0	30.0	0.0	70.0	0.0	91.0	0.0	0.0	0.0	4.0	0.0	0.0	48.0	0.0	0.0	0.0	0.0	89.0	89.0	35.0	0.0	0.0	30.0	52.0	55.0	0.0	0.0	40.0	0.0	0.0
48.0	0.0	49.0	0.0	0.0	0.0	0.0	0.0	0.0	0.0	50.0	0.0	0.0	86.0	0.0	27.0	0.0	0.0	0.0	0.0	0.0	0.0	0.0	9.0	0.0	0.0	0.0	0.0	0.0	43.0	0.0	0.0	83.0	94.0
0.0	0.0	0.0	68.0	0.0	0.0	0.0	0.0	99.0	0.0	0.0	0.0	0.0	0.0	0.0	0.0	0.0	0.0	0.0	79.0	90.0	93.0	69.0	0.0	0.0	0.0	36.0	82.0	0.0	0.0	0.0	0.0	67.0
0.0	51.0	0.0	0.0	67.0	0.0	0.0	0.0	0.0	0.0	0.0	48.0	12.0	0.0	0.0	0.0	31.0	0.0	0.0	0.0	0.0	97.0	0.0	79.0	0.0	0.0	86.0	32.0	0.0	2.0	0.0	0.0
0.0	0.0	0.0	62.0	0.0	0.0	0.0	0.0	67.0	58.0	0.0	0.0	0.0	16.0	0.0	1.0	0.0	0.0	0.0	0.0	0.0	0.0	6.0	0.0	0.0	0.0	20.0	4.0	42.0	0.0	0.0
0.0	0.0	0.0	87.0	0.0	79.0	0.0	0.0	44.0	0.0	0.0	24.0	0.0	0.0	0.0	0.0	0.0	70.0	0.0	0.0	0.0	0.0	0.0	57.0	0.0	0.0	0.0	0.0	8.0	0.0
0.0	57.0	0.0	0.0	0.0	0.0	75.0	32.0	0.0	72.0	0.0	88.0	0.0	0.0	0.0	80.0	0.0	0.0	0.0	3.0	0.0	0.0	98.0	0.0	6.0	0.0	0.0	0.0	0.0
0.0	0.0	58.0	0.0	47.0	0.0	0.0	50.0	0.0	0.0	0.0	92.0	0.0	0.0	0.0	0.0	0.0	0.0	94.0	0.0	86.0	0.0	0.0	0.0	0.0	0.0	51.0	0.0
0.0	0.0	0.0	0.0	0.0	0.0	61.0	0.0	0.0	0.0	8.0	75.0	0.0	0.0	0.0	82.0	0.0	0.0	83.0	17.0	32.0	0.0	51.0	0.0	0.0	0.0	20.0
86.0	0.0	0.0	0.0	36.0	0.0	0.0	0.0	0.0	0.0	0.0	0.0	27.0	0.0	90.0	0.0	0.0	0.0	0.0	0.0	0.0	0.0	19.0	0.0	0.0	0.0
0.0	77.0	32.0	0.0	0.0	0.0	0.0	0.0	0.0	0.0	0.0	0.0	0.0	0.0	0.0	0.0	0.0	0.0	0.0	0.0	0.0	0.0	89.0	0.0	0.0
0.0	0.0	42.0	4.0	0.0	41.0	0.0	77.0	0.0	0.0	0.0	0.0	0.0	0.0	0.0	42.0	0.0	0.0	0.0	0.0	0.0	0.0	0.0	0.0
19.0	0.0	0.0	61.0	0.0	0.0	0.0	0.0	0.0	59.0	0.0	0.0	0.0	0.0	0.0	0.0	0.0	0.0	11.0	0.0	51.0	0.0	0.0
0.0	0.0	0.0	67.0	0.0	89.0	0.0	0.0	0.0	0.0	0.0	0.0	74.0	0.0	0.0	0.0	0.0	0.0	0.0	0.0	0.0	0.0
21.0	0.0	0.0	0.0	0.0	0.0	0.0	0.0	0.0	0.0	0.0	0.0	50.0	97.0	0.0	0.0	0.0	0.0	0.0	0.0	0.0
78.0	93.0	0.0	0.0	0.0	0.0	0.0	0.0	80.0	17.0	0.0	0.0	11.0	0.0	0.0	38.0	0.0	0.0	0.0	98.0
71.0	0.0	0.0	0.0	0.0	0.0	0.0	0.0	0.0	0.0	0.0	0.0	59.0	3.0	0.0	33.0	15.0	0.0	0.0
28.0	93.0	0.0	0.0	0.0	0.0	0.0	0.0	0.0	0.0	0.0	0.0	35.0	0.0	0.0	0.0	0.0	8.0
0.0	0.0	0.0	0.0	0.0	92.0	0.0	55.0	0.0	0.0	0.0	0.0	0.0	0.0	0.0	29.0	15.0
0.0	0.0	0.0	0.0	0.0	0.0	0.0	0.0	0.0	0.0	0.0	12.0	0.0	0.0	0.0	0.0
0.0	68.0	0.0	0.0	0.0	0.0	76.0	0.0	0.0	0.0	0.0	0.0	0.0	0.0	0.0
0.0	49.0	0.0	0.0	0.0	0.0	0.0	0.0	0.0	0.0	0.0	17.0	0.0	0.0
24.0	66.0	0.0	0.0	0.0	0.0	0.0	1.0	0.0	0.0	0.0	0.0	34.0
0.0	58.0	0.0	0.0	0.0	0.0	92.0	0.0	93.0	0.0	0.0	0.0
0.0	0.0	0.0	0.0	16.0	0.0	0.0	0.0	0.0	0.0	0.0
0.0	0.0	43.0	0.0	0.0	0.0	56.0	0.0	0.0	0.0
93.0	0.0	0.0	0.0	0.0	0.0	0.0	90.0	0.0
0.0	0.0	0.0	0.0	34.0	0.0	0.0	0.0
65.0	81.0	0.0	0.0	78.0	18.0	56.0
19.0	0.0	47.0	0.0	0.0	56.0
0.0	82.0	0.0	0.0	0.0
0.0	6.0	11.0	0.0
0.0	90.0	0.0
0.0	0.0
0.0

2.0	6.0	6.0	37.0	46.0	35.0	45.0	13.0	49.0	8.0	33.0	40.0	42.0	7.0	13.0	11.0	39.0	23.0	23.0	12.0	6.0	13.0	39.0	8.0	34.0	47.0	15.0	32.0	19.0	49.0	10.0	25.0	4.0	47.0	47.0	4.0	40.0	3.0	39.0	4.0	15.0	15.0	14.0	2.0	8.0	49.0	1.0	47.0	33.0	39.0	3.0	4.0	27.0	38.0	26.0	38.0	29.0	26.0	8.0	9.0	37.0	23.0	36.0	24.0	46.0	21.0	40.0	46.0	41.0	41.0	35.0	8.0	30.0	4.0	33.0	29.0	40.0	4.0	21.0	49.0	9.0	15.0	35.0	32.0	35.0	48.0	36.0	32.0	43.0	44.0	36.0	8.0	27.0	7.0	19.0	9.0	20.0	15.0	31.0	3.0	27.0	34.0	50.0	48.0	4.0	50.0	24.0	46.0	43.0	46.0	1.0	17.0	15.0	10.0	12.0	19.0	28.0	40.0	40.0	34.0	14.0	3.0	13.0	5.0	12.0	43.0	49.0	11.0	37.0	33.0	14.0	38.0	47.0	31.0	36.0	21.0	37.0	34.0	30.0	6.0	38.0	24.0	24.0	2.0	44.0	40.0	10.0	38.0	27.0	49.0	17.0	46.0	16.0	11.0	34.0	25.0	14.0	30.0	32.0	25.0	3.0	18.0	12.0	28.0	43.0	49.0	14.0	50.0	16.0	22.0	14.0	14.0	18.0	33.0	19.0	4.0	24.0	2.0	32.0	11.0	6.0	7.0	40.0	33.0	14.0	39.0	8.0	46.0	47.0	16.0	31.0	5.0	7.0	6.0	10.0	3.0	41.0	23.0	16.0	36.0

1340.2666666666667	1340.2666666666667	1340.2666666666667
