qmkp_100_100_10_008
100
10

82.0	83.0	16.0	38.0	15.0	11.0	60.0	53.0	66.0	98.0	5.0	69.0	68.0	26.0	92.0	64.0	85.0	76.0	25.0	76.0	96.0	67.0	32.0	23.0	44.0	90.0	1.0	1.0	66.0	30.0	69.0	38.0	6.0	81.0	99.0	18.0	79.0	100.0	67.0	38.0	82.0	2.0	32.0	52.0	11.0	46.0	4.0	21.0	73.0	48.0	98.0	12.0	58.0	36.0	70.0	88.0	68.0	21.0	34.0	86.0	4.0	92.0	35.0	10.0	60.0	53.0	54.0	87.0	6.0	6.0	16.0	56.0	55.0	76.0	35.0	94.0	61.0	21.0	58.0	80.0	96.0	29.0	52.0	96.0	75.0	46.0	97.0	46.0	26.0	73.0	40.0	34.0	91.0	15.0	30.0	62.0	60.0	35.0	100.0	17.0
92.0	66.0	14.0	25.0	12.0	44.0	93.0	5.0	5.0	54.0	94.0	55.0	17.0	67.0	69.0	46.0	77.0	87.0	73.0	82.0	99.0	94.0	30.0	42.0	86.0	67.0	31.0	86.0	22.0	45.0	89.0	51.0	39.0	73.0	1.0	73.0	95.0	81.0	98.0	44.0	24.0	53.0	10.0	30.0	23.0	66.0	70.0	5.0	37.0	37.0	42.0	45.0	31.0	13.0	84.0	56.0	13.0	97.0	45.0	98.0	84.0	14.0	1.0	83.0	27.0	63.0	10.0	72.0	44.0	29.0	96.0	1.0	33.0	1.0	57.0	67.0	19.0	56.0	68.0	97.0	14.0	27.0	79.0	92.0	55.0	99.0	18.0	100.0	51.0	10.0	42.0	72.0	9.0	76.0	39.0	100.0	45.0	78.0	5.0
100.0	68.0	93.0	57.0	53.0	65.0	55.0	90.0	93.0	86.0	18.0	26.0	93.0	38.0	75.0	55.0	46.0	50.0	79.0	52.0	94.0	34.0	92.0	71.0	75.0	53.0	8.0	93.0	78.0	73.0	75.0	98.0	44.0	10.0	4.0	60.0	22.0	9.0	57.0	48.0	71.0	10.0	55.0	43.0	19.0	68.0	23.0	15.0	88.0	94.0	23.0	38.0	27.0	86.0	33.0	31.0	95.0	27.0	2.0	39.0	92.0	26.0	44.0	96.0	62.0	40.0	32.0	73.0	37.0	70.0	48.0	88.0	87.0	80.0	22.0	44.0	19.0	36.0	8.0	20.0	71.0	36.0	91.0	90.0	58.0	3.0	95.0	39.0	89.0	54.0	22.0	85.0	81.0	89.0	96.0	55.0	45.0	73.0
3.0	84.0	74.0	11.0	74.0	43.0	51.0	14.0	26.0	81.0	8.0	48.0	40.0	50.0	71.0	63.0	81.0	84.0	66.0	7.0	43.0	11.0	87.0	55.0	15.0	89.0	79.0	50.0	74.0	23.0	26.0	84.0	27.0	31.0	2.0	17.0	37.0	54.0	75.0	39.0	72.0	9.0	3.0	23.0	5.0	63.0	4.0	9.0	64.0	52.0	11.0	28.0	19.0	26.0	50.0	94.0	70.0	54.0	21.0	81.0	16.0	96.0	18.0	39.0	2.0	78.0	11.0	14.0	65.0	64.0	45.0	86.0	2.0	4.0	24.0	79.0	74.0	78.0	35.0	3.0	70.0	3.0	25.0	14.0	99.0	35.0	66.0	20.0	88.0	61.0	26.0	1.0	63.0	35.0	70.0	68.0	28.0
14.0	37.0	3.0	28.0	85.0	20.0	78.0	44.0	92.0	89.0	94.0	37.0	100.0	5.0	65.0	64.0	47.0	88.0	79.0	76.0	90.0	91.0	88.0	63.0	24.0	18.0	65.0	22.0	34.0	35.0	78.0	16.0	76.0	53.0	27.0	6.0	50.0	91.0	41.0	43.0	14.0	61.0	42.0	53.0	38.0	88.0	64.0	81.0	100.0	30.0	44.0	95.0	17.0	9.0	98.0	19.0	30.0	34.0	25.0	40.0	96.0	87.0	4.0	42.0	77.0	96.0	32.0	60.0	68.0	60.0	6.0	89.0	12.0	59.0	52.0	51.0	56.0	3.0	56.0	98.0	23.0	85.0	71.0	77.0	72.0	60.0	57.0	24.0	10.0	12.0	6.0	78.0	50.0	15.0	99.0	28.0
59.0	47.0	28.0	68.0	68.0	66.0	2.0	59.0	16.0	51.0	83.0	25.0	85.0	5.0	38.0	4.0	34.0	67.0	73.0	86.0	44.0	42.0	21.0	46.0	56.0	2.0	93.0	83.0	60.0	68.0	13.0	41.0	38.0	55.0	17.0	40.0	39.0	23.0	90.0	80.0	31.0	61.0	82.0	52.0	46.0	19.0	15.0	55.0	18.0	94.0	80.0	16.0	73.0	78.0	75.0	37.0	53.0	27.0	90.0	88.0	7.0	90.0	57.0	88.0	48.0	32.0	41.0	83.0	4.0	53.0	40.0	20.0	92.0	59.0	47.0	81.0	77.0	50.0	35.0	70.0	71.0	46.0	96.0	61.0	70.0	96.0	9.0	38.0	32.0	90.0	69.0	57.0	87.0	51.0	6.0
49.0	83.0	48.0	95.0	83.0	10.0	7.0	4.0	25.0	54.0	89.0	20.0	87.0	57.0	19.0	90.0	63.0	69.0	58.0	18.0	76.0	39.0	98.0	14.0	45.0	95.0	6.0	17.0	19.0	19.0	29.0	75.0	88.0	38.0	64.0	4.0	3.0	23.0	26.0	44.0	13.0	40.0	86.0	47.0	27.0	42.0	19.0	44.0	22.0	41.0	76.0	85.0	11.0	55.0	77.0	56.0	12.0	2.0	19.0	28.0	59.0	99.0	87.0	39.0	77.0	16.0	18.0	11.0	74.0	98.0	57.0	36.0	42.0	46.0	86.0	71.0	65.0	52.0	38.0	13.0	81.0	28.0	62.0	31.0	7.0	8.0	63.0	33.0	45.0	31.0	28.0	86.0	48.0	8.0
36.0	90.0	35.0	9.0	15.0	19.0	16.0	48.0	61.0	91.0	85.0	12.0	10.0	15.0	75.0	62.0	61.0	28.0	58.0	8.0	85.0	75.0	31.0	65.0	4.0	58.0	31.0	56.0	89.0	41.0	38.0	14.0	60.0	5.0	33.0	77.0	16.0	10.0	1.0	67.0	83.0	34.0	70.0	64.0	7.0	40.0	38.0	40.0	68.0	86.0	22.0	34.0	83.0	13.0	68.0	85.0	38.0	58.0	40.0	66.0	97.0	3.0	63.0	74.0	82.0	91.0	10.0	67.0	20.0	60.0	22.0	11.0	85.0	81.0	100.0	100.0	11.0	11.0	19.0	9.0	100.0	6.0	29.0	4.0	96.0	90.0	13.0	35.0	60.0	51.0	22.0	97.0	15.0
87.0	84.0	28.0	15.0	29.0	60.0	92.0	66.0	53.0	55.0	98.0	69.0	74.0	66.0	39.0	49.0	33.0	87.0	43.0	69.0	21.0	56.0	96.0	27.0	23.0	29.0	85.0	38.0	39.0	53.0	72.0	13.0	67.0	49.0	6.0	40.0	6.0	12.0	6.0	41.0	46.0	2.0	10.0	64.0	75.0	64.0	6.0	57.0	4.0	24.0	29.0	92.0	60.0	29.0	14.0	26.0	46.0	61.0	33.0	54.0	6.0	81.0	36.0	95.0	1.0	57.0	45.0	93.0	21.0	50.0	66.0	43.0	31.0	47.0	21.0	31.0	57.0	84.0	64.0	85.0	66.0	51.0	13.0	49.0	7.0	37.0	65.0	3.0	27.0	84.0	85.0	94.0
70.0	74.0	21.0	27.0	49.0	21.0	33.0	43.0	3.0	12.0	40.0	46.0	31.0	84.0	97.0	87.0	10.0	66.0	90.0	68.0	24.0	95.0	43.0	10.0	28.0	46.0	15.0	60.0	3.0	33.0	16.0	58.0	4.0	25.0	58.0	64.0	28.0	63.0	16.0	37.0	12.0	49.0	17.0	37.0	25.0	4.0	87.0	36.0	100.0	31.0	52.0	93.0	56.0	33.0	14.0	48.0	61.0	7.0	72.0	48.0	16.0	94.0	12.0	42.0	47.0	60.0	88.0	33.0	50.0	21.0	23.0	27.0	48.0	21.0	39.0	96.0	50.0	5.0	56.0	58.0	52.0	48.0	23.0	71.0	9.0	63.0	59.0	23.0	95.0	84.0	61.0
3.0	32.0	34.0	41.0	100.0	13.0	73.0	3.0	91.0	20.0	72.0	93.0	62.0	39.0	87.0	84.0	51.0	21.0	58.0	43.0	3.0	5.0	73.0	41.0	41.0	76.0	78.0	29.0	65.0	24.0	52.0	34.0	8.0	25.0	65.0	1.0	100.0	27.0	91.0	85.0	80.0	14.0	6.0	9.0	5.0	41.0	13.0	47.0	95.0	14.0	70.0	98.0	94.0	25.0	86.0	53.0	59.0	82.0	64.0	24.0	11.0	99.0	91.0	19.0	89.0	76.0	86.0	32.0	92.0	38.0	29.0	64.0	8.0	34.0	3.0	15.0	68.0	78.0	95.0	71.0	72.0	92.0	74.0	26.0	72.0	31.0	57.0	98.0	31.0	36.0
87.0	73.0	61.0	43.0	26.0	29.0	36.0	8.0	64.0	58.0	27.0	91.0	4.0	51.0	65.0	2.0	2.0	82.0	90.0	15.0	11.0	59.0	14.0	48.0	91.0	21.0	50.0	95.0	9.0	42.0	16.0	58.0	57.0	34.0	52.0	48.0	68.0	34.0	70.0	4.0	26.0	19.0	66.0	59.0	78.0	70.0	74.0	1.0	54.0	80.0	61.0	41.0	76.0	53.0	56.0	60.0	85.0	35.0	8.0	92.0	63.0	66.0	16.0	71.0	36.0	18.0	89.0	61.0	72.0	61.0	34.0	14.0	35.0	37.0	64.0	98.0	33.0	89.0	49.0	38.0	88.0	3.0	7.0	84.0	44.0	41.0	48.0	15.0	18.0
65.0	15.0	80.0	37.0	82.0	94.0	14.0	17.0	52.0	55.0	5.0	64.0	62.0	71.0	68.0	41.0	35.0	52.0	24.0	15.0	59.0	75.0	5.0	97.0	72.0	2.0	33.0	4.0	36.0	78.0	2.0	64.0	51.0	17.0	53.0	38.0	43.0	39.0	44.0	58.0	22.0	40.0	43.0	9.0	79.0	38.0	33.0	100.0	56.0	8.0	20.0	10.0	97.0	4.0	75.0	11.0	75.0	38.0	15.0	3.0	78.0	13.0	68.0	91.0	60.0	62.0	55.0	45.0	77.0	47.0	39.0	83.0	52.0	20.0	41.0	22.0	89.0	47.0	55.0	59.0	74.0	39.0	29.0	58.0	95.0	46.0	83.0	1.0
11.0	60.0	25.0	31.0	48.0	76.0	61.0	55.0	26.0	32.0	19.0	87.0	88.0	65.0	94.0	26.0	100.0	26.0	20.0	47.0	55.0	26.0	96.0	71.0	98.0	72.0	2.0	49.0	58.0	17.0	30.0	2.0	52.0	83.0	11.0	88.0	39.0	46.0	52.0	71.0	32.0	44.0	46.0	49.0	66.0	55.0	77.0	98.0	5.0	69.0	1.0	97.0	82.0	97.0	66.0	26.0	77.0	74.0	3.0	64.0	56.0	19.0	95.0	29.0	10.0	80.0	95.0	2.0	73.0	91.0	60.0	68.0	20.0	21.0	100.0	72.0	77.0	66.0	15.0	20.0	37.0	52.0	95.0	63.0	49.0	72.0	58.0
94.0	42.0	48.0	34.0	87.0	88.0	1.0	39.0	12.0	53.0	58.0	70.0	68.0	13.0	7.0	88.0	8.0	7.0	75.0	100.0	86.0	75.0	32.0	78.0	15.0	33.0	77.0	21.0	3.0	53.0	33.0	84.0	35.0	24.0	6.0	3.0	97.0	88.0	25.0	86.0	32.0	82.0	9.0	17.0	68.0	75.0	60.0	25.0	25.0	84.0	21.0	39.0	54.0	61.0	58.0	99.0	38.0	77.0	20.0	69.0	93.0	70.0	97.0	22.0	39.0	37.0	74.0	98.0	92.0	41.0	51.0	26.0	56.0	84.0	44.0	7.0	89.0	5.0	90.0	49.0	55.0	16.0	45.0	8.0	67.0	24.0
36.0	14.0	60.0	10.0	49.0	95.0	38.0	18.0	93.0	95.0	52.0	100.0	33.0	78.0	25.0	61.0	15.0	21.0	25.0	15.0	98.0	71.0	49.0	38.0	35.0	50.0	73.0	40.0	12.0	46.0	89.0	77.0	16.0	1.0	34.0	60.0	25.0	13.0	74.0	10.0	82.0	65.0	75.0	25.0	68.0	19.0	82.0	84.0	45.0	6.0	47.0	95.0	93.0	84.0	82.0	85.0	14.0	53.0	66.0	88.0	6.0	73.0	42.0	54.0	27.0	39.0	28.0	40.0	9.0	19.0	81.0	90.0	11.0	62.0	24.0	39.0	55.0	51.0	43.0	18.0	78.0	41.0	62.0	11.0	17.0
41.0	52.0	62.0	82.0	52.0	64.0	32.0	32.0	32.0	7.0	1.0	44.0	12.0	70.0	38.0	80.0	56.0	15.0	3.0	44.0	62.0	59.0	55.0	2.0	68.0	64.0	71.0	30.0	96.0	48.0	11.0	76.0	20.0	63.0	84.0	70.0	62.0	56.0	11.0	95.0	94.0	28.0	30.0	49.0	31.0	63.0	24.0	58.0	88.0	8.0	13.0	87.0	89.0	60.0	55.0	28.0	72.0	95.0	55.0	3.0	54.0	9.0	63.0	16.0	70.0	48.0	22.0	28.0	38.0	16.0	20.0	41.0	59.0	72.0	73.0	1.0	9.0	81.0	1.0	13.0	33.0	6.0	4.0	8.0
60.0	21.0	22.0	70.0	26.0	91.0	55.0	42.0	56.0	51.0	75.0	40.0	7.0	52.0	84.0	32.0	44.0	52.0	35.0	86.0	10.0	65.0	56.0	78.0	17.0	25.0	6.0	93.0	79.0	31.0	6.0	4.0	79.0	38.0	2.0	25.0	76.0	41.0	4.0	50.0	6.0	37.0	78.0	67.0	83.0	81.0	45.0	1.0	69.0	18.0	16.0	54.0	8.0	64.0	87.0	47.0	45.0	59.0	54.0	8.0	35.0	88.0	65.0	46.0	53.0	39.0	14.0	74.0	67.0	73.0	13.0	72.0	27.0	100.0	9.0	17.0	54.0	22.0	62.0	17.0	71.0	79.0	80.0
45.0	72.0	48.0	97.0	97.0	95.0	77.0	6.0	22.0	71.0	41.0	84.0	5.0	85.0	7.0	35.0	26.0	80.0	91.0	49.0	80.0	66.0	51.0	47.0	4.0	18.0	72.0	89.0	82.0	82.0	87.0	18.0	3.0	23.0	7.0	58.0	62.0	34.0	25.0	4.0	28.0	7.0	76.0	36.0	15.0	76.0	92.0	55.0	91.0	4.0	93.0	94.0	82.0	17.0	86.0	8.0	89.0	49.0	20.0	73.0	64.0	25.0	65.0	42.0	65.0	47.0	4.0	100.0	13.0	33.0	71.0	54.0	46.0	58.0	91.0	60.0	19.0	71.0	74.0	11.0	65.0	38.0
66.0	30.0	16.0	55.0	43.0	69.0	95.0	67.0	35.0	28.0	52.0	100.0	35.0	24.0	17.0	72.0	32.0	51.0	2.0	63.0	57.0	71.0	27.0	19.0	25.0	42.0	7.0	56.0	68.0	92.0	88.0	70.0	95.0	56.0	15.0	32.0	88.0	12.0	5.0	19.0	45.0	43.0	36.0	46.0	76.0	13.0	63.0	14.0	77.0	24.0	63.0	69.0	81.0	8.0	74.0	44.0	74.0	95.0	45.0	73.0	19.0	89.0	90.0	22.0	29.0	70.0	12.0	90.0	72.0	56.0	95.0	66.0	89.0	63.0	20.0	49.0	74.0	31.0	60.0	19.0	68.0
25.0	90.0	84.0	26.0	67.0	89.0	66.0	78.0	60.0	57.0	84.0	12.0	14.0	29.0	16.0	9.0	93.0	26.0	80.0	76.0	17.0	77.0	58.0	71.0	45.0	58.0	24.0	18.0	78.0	20.0	75.0	38.0	47.0	65.0	18.0	9.0	41.0	66.0	25.0	15.0	10.0	65.0	39.0	50.0	1.0	43.0	56.0	94.0	57.0	8.0	62.0	58.0	18.0	67.0	19.0	63.0	58.0	11.0	52.0	23.0	89.0	65.0	51.0	59.0	42.0	81.0	23.0	74.0	30.0	62.0	31.0	50.0	45.0	92.0	91.0	39.0	52.0	5.0	82.0	9.0
60.0	60.0	17.0	86.0	26.0	17.0	99.0	67.0	88.0	41.0	29.0	66.0	48.0	21.0	81.0	3.0	39.0	41.0	43.0	72.0	13.0	60.0	50.0	21.0	23.0	35.0	48.0	11.0	34.0	42.0	52.0	41.0	75.0	35.0	18.0	72.0	2.0	40.0	85.0	89.0	84.0	70.0	25.0	16.0	44.0	18.0	98.0	80.0	91.0	63.0	80.0	68.0	65.0	39.0	71.0	56.0	77.0	63.0	17.0	54.0	58.0	62.0	47.0	52.0	75.0	15.0	88.0	68.0	46.0	17.0	56.0	66.0	72.0	39.0	4.0	83.0	39.0	90.0	96.0
93.0	12.0	15.0	23.0	85.0	72.0	88.0	46.0	35.0	55.0	30.0	20.0	91.0	4.0	38.0	66.0	78.0	86.0	97.0	26.0	31.0	53.0	33.0	54.0	45.0	12.0	1.0	77.0	72.0	22.0	77.0	46.0	24.0	71.0	56.0	47.0	11.0	31.0	68.0	74.0	13.0	87.0	38.0	57.0	57.0	15.0	93.0	10.0	66.0	21.0	54.0	71.0	38.0	32.0	94.0	61.0	31.0	75.0	24.0	7.0	53.0	11.0	9.0	19.0	69.0	11.0	15.0	10.0	68.0	73.0	29.0	4.0	47.0	95.0	32.0	8.0	26.0	75.0
89.0	83.0	96.0	38.0	93.0	27.0	75.0	68.0	8.0	57.0	13.0	80.0	19.0	14.0	96.0	34.0	69.0	35.0	33.0	2.0	86.0	91.0	92.0	18.0	89.0	79.0	2.0	76.0	83.0	54.0	46.0	67.0	65.0	74.0	5.0	70.0	17.0	11.0	19.0	76.0	11.0	39.0	29.0	84.0	59.0	64.0	61.0	61.0	29.0	66.0	28.0	79.0	20.0	97.0	27.0	97.0	65.0	12.0	65.0	36.0	32.0	37.0	32.0	100.0	15.0	44.0	34.0	36.0	70.0	14.0	39.0	27.0	30.0	61.0	57.0	59.0	11.0
96.0	16.0	56.0	66.0	19.0	34.0	22.0	52.0	28.0	86.0	82.0	12.0	97.0	22.0	3.0	89.0	46.0	80.0	32.0	63.0	34.0	1.0	45.0	35.0	21.0	51.0	5.0	44.0	57.0	30.0	50.0	31.0	34.0	80.0	81.0	100.0	48.0	100.0	33.0	94.0	49.0	24.0	15.0	42.0	67.0	76.0	74.0	3.0	43.0	51.0	29.0	27.0	80.0	67.0	4.0	95.0	97.0	3.0	35.0	58.0	14.0	62.0	31.0	68.0	86.0	90.0	65.0	34.0	85.0	13.0	36.0	85.0	24.0	45.0	12.0	93.0
84.0	99.0	16.0	54.0	80.0	38.0	5.0	73.0	71.0	11.0	57.0	32.0	87.0	37.0	84.0	70.0	91.0	71.0	98.0	6.0	74.0	76.0	33.0	93.0	50.0	76.0	95.0	30.0	32.0	54.0	57.0	47.0	34.0	62.0	20.0	19.0	53.0	73.0	86.0	3.0	58.0	60.0	30.0	44.0	35.0	71.0	90.0	98.0	58.0	52.0	96.0	89.0	77.0	38.0	50.0	32.0	21.0	67.0	38.0	86.0	26.0	94.0	88.0	30.0	88.0	15.0	42.0	92.0	76.0	31.0	95.0	58.0	45.0	85.0	75.0
97.0	90.0	45.0	95.0	47.0	61.0	86.0	39.0	69.0	95.0	11.0	79.0	17.0	24.0	80.0	20.0	90.0	70.0	67.0	100.0	44.0	76.0	67.0	97.0	49.0	31.0	19.0	49.0	18.0	18.0	26.0	68.0	80.0	58.0	83.0	46.0	4.0	53.0	73.0	2.0	41.0	4.0	100.0	12.0	59.0	99.0	2.0	1.0	40.0	15.0	77.0	27.0	9.0	67.0	20.0	67.0	22.0	75.0	74.0	49.0	7.0	27.0	3.0	89.0	46.0	27.0	67.0	39.0	90.0	13.0	41.0	74.0	41.0	9.0
32.0	8.0	39.0	58.0	13.0	15.0	1.0	96.0	74.0	22.0	76.0	40.0	85.0	73.0	78.0	77.0	17.0	42.0	11.0	72.0	68.0	46.0	68.0	20.0	43.0	1.0	100.0	85.0	17.0	69.0	70.0	57.0	99.0	36.0	31.0	88.0	41.0	14.0	91.0	98.0	62.0	69.0	25.0	19.0	71.0	58.0	48.0	5.0	49.0	62.0	5.0	75.0	3.0	84.0	1.0	36.0	62.0	70.0	68.0	19.0	41.0	83.0	32.0	14.0	30.0	80.0	94.0	78.0	53.0	14.0	30.0	52.0	100.0
40.0	22.0	87.0	99.0	1.0	31.0	91.0	40.0	16.0	72.0	61.0	57.0	61.0	96.0	22.0	3.0	8.0	33.0	98.0	27.0	94.0	78.0	7.0	19.0	51.0	58.0	58.0	91.0	17.0	30.0	100.0	80.0	14.0	28.0	73.0	68.0	45.0	63.0	87.0	25.0	46.0	36.0	23.0	11.0	7.0	19.0	42.0	47.0	82.0	64.0	49.0	36.0	100.0	50.0	4.0	6.0	53.0	9.0	73.0	4.0	30.0	59.0	58.0	97.0	68.0	36.0	47.0	63.0	3.0	32.0	37.0	39.0
19.0	11.0	52.0	8.0	18.0	34.0	84.0	14.0	98.0	99.0	33.0	52.0	65.0	13.0	92.0	58.0	21.0	93.0	3.0	69.0	71.0	100.0	30.0	31.0	86.0	99.0	30.0	50.0	6.0	68.0	3.0	51.0	22.0	93.0	38.0	93.0	72.0	70.0	100.0	32.0	66.0	60.0	95.0	62.0	20.0	60.0	72.0	24.0	38.0	86.0	56.0	82.0	56.0	43.0	46.0	100.0	67.0	31.0	75.0	9.0	80.0	1.0	81.0	75.0	53.0	6.0	89.0	70.0	19.0	82.0	59.0
15.0	57.0	20.0	2.0	42.0	98.0	47.0	73.0	40.0	64.0	92.0	73.0	39.0	33.0	29.0	3.0	13.0	53.0	95.0	56.0	13.0	17.0	76.0	47.0	76.0	69.0	4.0	27.0	32.0	56.0	59.0	75.0	38.0	83.0	65.0	55.0	87.0	65.0	87.0	33.0	65.0	49.0	90.0	92.0	5.0	73.0	28.0	35.0	7.0	87.0	32.0	87.0	26.0	85.0	62.0	43.0	62.0	9.0	40.0	47.0	44.0	80.0	4.0	60.0	3.0	53.0	7.0	55.0	13.0	65.0
97.0	25.0	8.0	54.0	76.0	68.0	55.0	100.0	29.0	47.0	27.0	100.0	12.0	76.0	72.0	82.0	37.0	67.0	62.0	17.0	90.0	52.0	59.0	3.0	52.0	66.0	14.0	77.0	24.0	3.0	60.0	6.0	25.0	12.0	82.0	6.0	12.0	76.0	5.0	10.0	82.0	8.0	46.0	51.0	59.0	9.0	69.0	90.0	78.0	21.0	73.0	67.0	69.0	18.0	98.0	69.0	16.0	26.0	26.0	27.0	2.0	4.0	37.0	54.0	47.0	70.0	83.0	31.0	4.0
72.0	89.0	32.0	76.0	93.0	3.0	44.0	4.0	60.0	72.0	44.0	7.0	94.0	14.0	79.0	34.0	91.0	27.0	54.0	29.0	61.0	69.0	77.0	61.0	9.0	2.0	25.0	81.0	40.0	62.0	76.0	62.0	25.0	10.0	73.0	26.0	58.0	90.0	97.0	40.0	89.0	59.0	49.0	51.0	95.0	5.0	6.0	56.0	22.0	96.0	33.0	3.0	95.0	32.0	88.0	19.0	50.0	16.0	59.0	16.0	56.0	54.0	4.0	83.0	35.0	84.0	13.0	71.0
74.0	36.0	24.0	57.0	17.0	42.0	62.0	11.0	41.0	78.0	67.0	41.0	75.0	22.0	53.0	51.0	72.0	58.0	78.0	57.0	99.0	43.0	90.0	7.0	89.0	7.0	69.0	62.0	26.0	84.0	78.0	16.0	66.0	57.0	59.0	57.0	81.0	38.0	29.0	92.0	49.0	82.0	52.0	51.0	67.0	62.0	98.0	26.0	91.0	33.0	11.0	21.0	55.0	17.0	62.0	17.0	32.0	67.0	19.0	88.0	25.0	95.0	54.0	74.0	2.0	48.0	78.0
64.0	85.0	49.0	68.0	33.0	84.0	86.0	87.0	13.0	17.0	10.0	28.0	22.0	6.0	83.0	97.0	100.0	76.0	10.0	78.0	7.0	73.0	25.0	95.0	43.0	46.0	26.0	39.0	6.0	44.0	49.0	41.0	48.0	2.0	8.0	34.0	1.0	3.0	82.0	37.0	23.0	97.0	65.0	75.0	17.0	17.0	22.0	24.0	83.0	24.0	51.0	2.0	61.0	73.0	44.0	85.0	40.0	48.0	95.0	19.0	58.0	64.0	94.0	44.0	86.0	44.0
39.0	37.0	46.0	11.0	20.0	83.0	8.0	93.0	23.0	17.0	67.0	21.0	7.0	30.0	63.0	23.0	33.0	25.0	59.0	67.0	53.0	23.0	70.0	49.0	27.0	58.0	44.0	76.0	88.0	71.0	63.0	63.0	69.0	20.0	62.0	79.0	48.0	16.0	93.0	2.0	74.0	49.0	31.0	71.0	76.0	1.0	97.0	73.0	66.0	85.0	81.0	42.0	27.0	37.0	57.0	83.0	49.0	32.0	8.0	15.0	66.0	99.0	80.0	22.0	18.0
61.0	48.0	87.0	49.0	58.0	12.0	8.0	95.0	78.0	27.0	18.0	61.0	98.0	67.0	100.0	22.0	69.0	87.0	53.0	90.0	50.0	10.0	21.0	20.0	60.0	96.0	32.0	75.0	47.0	49.0	30.0	50.0	31.0	20.0	32.0	16.0	81.0	27.0	78.0	33.0	51.0	100.0	16.0	85.0	71.0	11.0	47.0	100.0	39.0	78.0	75.0	37.0	61.0	22.0	85.0	93.0	62.0	32.0	25.0	7.0	60.0	89.0	82.0	61.0
17.0	44.0	58.0	5.0	93.0	45.0	20.0	22.0	10.0	74.0	17.0	92.0	63.0	58.0	72.0	55.0	27.0	25.0	36.0	1.0	23.0	90.0	71.0	51.0	5.0	53.0	40.0	71.0	40.0	67.0	45.0	66.0	31.0	61.0	47.0	11.0	74.0	52.0	72.0	37.0	64.0	25.0	4.0	100.0	57.0	31.0	14.0	70.0	68.0	31.0	87.0	14.0	100.0	1.0	33.0	90.0	57.0	44.0	93.0	41.0	46.0	85.0	59.0
51.0	33.0	69.0	43.0	10.0	46.0	97.0	32.0	37.0	100.0	2.0	2.0	9.0	3.0	59.0	51.0	77.0	80.0	85.0	82.0	49.0	17.0	43.0	20.0	25.0	21.0	91.0	64.0	94.0	79.0	12.0	74.0	93.0	87.0	78.0	16.0	91.0	20.0	86.0	28.0	34.0	80.0	70.0	81.0	52.0	90.0	24.0	86.0	14.0	17.0	41.0	86.0	20.0	53.0	21.0	72.0	82.0	30.0	94.0	65.0	90.0	3.0
37.0	72.0	50.0	31.0	10.0	20.0	70.0	55.0	60.0	23.0	11.0	6.0	44.0	61.0	82.0	85.0	12.0	77.0	82.0	96.0	40.0	35.0	62.0	10.0	23.0	25.0	15.0	36.0	74.0	17.0	21.0	7.0	80.0	34.0	40.0	93.0	8.0	15.0	45.0	41.0	16.0	98.0	63.0	83.0	37.0	94.0	46.0	41.0	84.0	95.0	39.0	7.0	64.0	72.0	12.0	45.0	3.0	84.0	41.0	26.0	18.0
98.0	78.0	87.0	51.0	34.0	36.0	97.0	2.0	95.0	35.0	6.0	94.0	1.0	37.0	7.0	54.0	24.0	74.0	7.0	21.0	13.0	59.0	3.0	11.0	75.0	44.0	94.0	18.0	1.0	7.0	98.0	97.0	52.0	8.0	57.0	64.0	73.0	1.0	29.0	94.0	84.0	51.0	16.0	98.0	12.0	86.0	67.0	58.0	1.0	94.0	42.0	78.0	87.0	78.0	83.0	57.0	70.0	45.0	63.0	22.0
29.0	42.0	86.0	9.0	79.0	36.0	74.0	82.0	67.0	85.0	79.0	16.0	61.0	53.0	2.0	47.0	15.0	67.0	40.0	40.0	59.0	58.0	47.0	4.0	68.0	86.0	22.0	57.0	16.0	93.0	44.0	63.0	44.0	84.0	76.0	96.0	100.0	26.0	15.0	52.0	55.0	86.0	29.0	71.0	56.0	81.0	20.0	47.0	48.0	90.0	6.0	44.0	90.0	15.0	79.0	97.0	30.0	99.0	34.0
75.0	51.0	37.0	80.0	83.0	90.0	52.0	27.0	33.0	47.0	79.0	66.0	52.0	56.0	27.0	40.0	14.0	38.0	8.0	11.0	15.0	53.0	21.0	61.0	60.0	28.0	49.0	97.0	43.0	14.0	33.0	86.0	63.0	88.0	83.0	64.0	9.0	96.0	9.0	16.0	94.0	98.0	95.0	32.0	88.0	17.0	36.0	23.0	36.0	54.0	6.0	36.0	81.0	7.0	17.0	79.0	28.0	55.0
26.0	20.0	49.0	5.0	60.0	75.0	43.0	59.0	73.0	26.0	68.0	30.0	28.0	22.0	67.0	53.0	83.0	68.0	58.0	5.0	63.0	15.0	41.0	59.0	73.0	23.0	41.0	17.0	66.0	48.0	40.0	65.0	96.0	83.0	98.0	54.0	27.0	63.0	1.0	73.0	89.0	10.0	81.0	37.0	96.0	14.0	59.0	35.0	12.0	60.0	70.0	53.0	45.0	94.0	31.0	42.0	100.0
39.0	83.0	93.0	20.0	85.0	83.0	11.0	21.0	86.0	58.0	87.0	99.0	38.0	29.0	86.0	9.0	1.0	72.0	70.0	13.0	97.0	95.0	6.0	45.0	46.0	85.0	62.0	41.0	66.0	56.0	26.0	17.0	24.0	94.0	82.0	6.0	100.0	18.0	9.0	70.0	38.0	48.0	27.0	11.0	5.0	98.0	3.0	77.0	36.0	85.0	4.0	97.0	87.0	12.0	75.0	71.0
91.0	86.0	79.0	16.0	1.0	77.0	39.0	52.0	46.0	91.0	23.0	17.0	69.0	9.0	28.0	48.0	32.0	37.0	51.0	14.0	41.0	95.0	34.0	28.0	9.0	62.0	22.0	86.0	97.0	62.0	94.0	94.0	65.0	97.0	18.0	61.0	73.0	15.0	14.0	11.0	77.0	59.0	74.0	88.0	88.0	34.0	40.0	43.0	31.0	87.0	54.0	87.0	25.0	86.0	16.0
56.0	55.0	69.0	34.0	90.0	58.0	43.0	23.0	19.0	52.0	26.0	72.0	69.0	86.0	8.0	29.0	37.0	93.0	51.0	46.0	1.0	58.0	47.0	86.0	79.0	51.0	20.0	68.0	72.0	56.0	88.0	66.0	20.0	64.0	10.0	95.0	61.0	93.0	12.0	62.0	14.0	81.0	89.0	61.0	13.0	35.0	25.0	65.0	97.0	22.0	3.0	10.0	29.0	88.0
8.0	95.0	18.0	23.0	17.0	40.0	8.0	91.0	67.0	8.0	81.0	38.0	78.0	77.0	46.0	11.0	74.0	22.0	93.0	54.0	5.0	57.0	30.0	42.0	42.0	67.0	40.0	65.0	48.0	17.0	48.0	35.0	41.0	74.0	85.0	9.0	79.0	14.0	9.0	69.0	61.0	7.0	81.0	64.0	42.0	73.0	60.0	79.0	90.0	96.0	72.0	82.0	52.0
32.0	36.0	92.0	7.0	86.0	28.0	18.0	48.0	64.0	36.0	81.0	23.0	23.0	66.0	85.0	78.0	48.0	44.0	88.0	47.0	37.0	92.0	37.0	72.0	36.0	33.0	77.0	32.0	77.0	93.0	7.0	53.0	95.0	99.0	39.0	27.0	13.0	75.0	53.0	95.0	49.0	36.0	63.0	35.0	79.0	12.0	12.0	44.0	77.0	1.0	31.0	47.0
45.0	28.0	3.0	69.0	23.0	70.0	84.0	46.0	34.0	64.0	28.0	100.0	89.0	19.0	45.0	13.0	38.0	46.0	68.0	77.0	47.0	55.0	9.0	79.0	45.0	95.0	21.0	39.0	68.0	3.0	65.0	18.0	6.0	92.0	18.0	15.0	11.0	35.0	70.0	58.0	66.0	24.0	59.0	50.0	34.0	28.0	30.0	22.0	78.0	4.0	4.0
73.0	93.0	66.0	88.0	94.0	48.0	19.0	36.0	80.0	85.0	42.0	81.0	40.0	30.0	70.0	52.0	25.0	42.0	1.0	32.0	44.0	80.0	80.0	15.0	70.0	26.0	61.0	16.0	1.0	51.0	1.0	57.0	71.0	43.0	68.0	17.0	73.0	35.0	40.0	31.0	74.0	59.0	66.0	45.0	4.0	59.0	10.0	86.0	98.0	62.0
2.0	4.0	79.0	99.0	19.0	73.0	52.0	68.0	52.0	48.0	96.0	91.0	21.0	56.0	47.0	57.0	85.0	15.0	12.0	85.0	44.0	28.0	75.0	73.0	34.0	11.0	83.0	14.0	15.0	41.0	31.0	26.0	75.0	82.0	40.0	77.0	43.0	87.0	39.0	91.0	92.0	6.0	32.0	36.0	84.0	90.0	41.0	58.0	88.0
77.0	85.0	24.0	57.0	20.0	10.0	15.0	60.0	16.0	60.0	63.0	67.0	91.0	68.0	97.0	58.0	47.0	77.0	34.0	33.0	52.0	87.0	40.0	17.0	5.0	59.0	20.0	76.0	31.0	46.0	62.0	11.0	87.0	34.0	39.0	14.0	44.0	38.0	1.0	8.0	32.0	21.0	17.0	24.0	79.0	51.0	32.0	76.0
63.0	58.0	98.0	65.0	90.0	50.0	50.0	11.0	46.0	24.0	76.0	60.0	65.0	55.0	78.0	77.0	57.0	62.0	25.0	36.0	33.0	45.0	98.0	19.0	97.0	49.0	2.0	38.0	82.0	46.0	31.0	20.0	19.0	49.0	76.0	45.0	14.0	9.0	62.0	93.0	51.0	52.0	71.0	65.0	18.0	22.0	36.0
10.0	15.0	87.0	46.0	18.0	76.0	29.0	81.0	25.0	66.0	31.0	78.0	82.0	50.0	5.0	1.0	36.0	25.0	73.0	33.0	90.0	89.0	92.0	86.0	90.0	88.0	6.0	60.0	15.0	65.0	99.0	3.0	8.0	49.0	6.0	1.0	94.0	70.0	22.0	8.0	67.0	62.0	76.0	71.0	54.0	64.0
76.0	29.0	68.0	87.0	32.0	61.0	29.0	75.0	38.0	39.0	40.0	35.0	22.0	80.0	58.0	99.0	69.0	3.0	10.0	87.0	86.0	44.0	3.0	90.0	74.0	49.0	92.0	11.0	64.0	78.0	86.0	57.0	85.0	44.0	21.0	100.0	18.0	46.0	18.0	98.0	16.0	41.0	7.0	17.0	92.0
19.0	91.0	45.0	74.0	100.0	42.0	65.0	98.0	71.0	61.0	39.0	29.0	35.0	11.0	5.0	53.0	23.0	79.0	73.0	60.0	78.0	60.0	63.0	85.0	21.0	70.0	69.0	70.0	87.0	13.0	51.0	54.0	75.0	17.0	22.0	61.0	16.0	94.0	56.0	66.0	38.0	58.0	46.0	96.0
91.0	2.0	52.0	56.0	9.0	11.0	52.0	71.0	88.0	81.0	59.0	72.0	55.0	32.0	59.0	63.0	58.0	80.0	47.0	30.0	82.0	41.0	70.0	47.0	96.0	57.0	36.0	83.0	51.0	88.0	31.0	88.0	41.0	4.0	62.0	75.0	41.0	53.0	85.0	49.0	11.0	78.0	100.0
40.0	94.0	75.0	82.0	91.0	58.0	75.0	94.0	34.0	34.0	41.0	6.0	77.0	92.0	15.0	26.0	44.0	76.0	85.0	89.0	85.0	28.0	90.0	49.0	55.0	98.0	36.0	57.0	93.0	66.0	17.0	26.0	67.0	91.0	16.0	49.0	25.0	70.0	35.0	26.0	17.0	81.0
36.0	75.0	92.0	83.0	25.0	19.0	43.0	100.0	22.0	20.0	22.0	83.0	22.0	91.0	74.0	30.0	68.0	39.0	90.0	67.0	52.0	32.0	78.0	8.0	97.0	46.0	32.0	66.0	58.0	98.0	74.0	83.0	5.0	27.0	17.0	37.0	20.0	84.0	31.0	52.0	98.0
68.0	4.0	76.0	70.0	80.0	65.0	8.0	88.0	65.0	20.0	44.0	20.0	59.0	5.0	15.0	7.0	26.0	20.0	29.0	63.0	32.0	48.0	70.0	41.0	67.0	91.0	92.0	37.0	41.0	46.0	85.0	89.0	21.0	30.0	80.0	78.0	12.0	30.0	1.0	55.0
27.0	53.0	5.0	94.0	62.0	55.0	68.0	6.0	64.0	21.0	19.0	19.0	52.0	87.0	73.0	5.0	67.0	98.0	25.0	92.0	88.0	18.0	77.0	99.0	52.0	1.0	13.0	41.0	84.0	97.0	95.0	22.0	55.0	38.0	48.0	55.0	30.0	58.0	33.0
11.0	98.0	64.0	19.0	48.0	64.0	5.0	97.0	69.0	5.0	94.0	79.0	69.0	83.0	67.0	55.0	72.0	22.0	38.0	93.0	9.0	40.0	60.0	3.0	12.0	40.0	71.0	71.0	24.0	93.0	70.0	71.0	24.0	24.0	18.0	67.0	88.0	8.0
77.0	51.0	20.0	35.0	90.0	57.0	95.0	16.0	76.0	76.0	97.0	94.0	45.0	89.0	90.0	18.0	64.0	55.0	70.0	75.0	18.0	19.0	56.0	88.0	64.0	41.0	15.0	18.0	46.0	51.0	82.0	26.0	13.0	76.0	28.0	99.0	28.0
61.0	88.0	86.0	92.0	64.0	87.0	58.0	38.0	17.0	67.0	57.0	94.0	85.0	56.0	55.0	25.0	35.0	71.0	62.0	84.0	56.0	64.0	95.0	20.0	10.0	49.0	40.0	55.0	57.0	25.0	42.0	84.0	86.0	84.0	41.0	34.0
70.0	13.0	30.0	32.0	14.0	32.0	43.0	86.0	32.0	31.0	11.0	41.0	70.0	53.0	85.0	10.0	6.0	99.0	62.0	8.0	48.0	94.0	47.0	80.0	10.0	9.0	66.0	25.0	11.0	98.0	92.0	40.0	59.0	2.0	5.0
73.0	48.0	71.0	80.0	76.0	42.0	49.0	85.0	48.0	97.0	97.0	22.0	15.0	1.0	53.0	50.0	70.0	48.0	60.0	39.0	32.0	12.0	3.0	1.0	77.0	84.0	3.0	1.0	20.0	78.0	70.0	49.0	59.0	89.0
51.0	44.0	66.0	66.0	27.0	99.0	88.0	78.0	3.0	22.0	86.0	27.0	40.0	99.0	6.0	43.0	60.0	65.0	63.0	47.0	25.0	69.0	92.0	86.0	74.0	41.0	1.0	52.0	86.0	60.0	79.0	18.0	58.0
36.0	27.0	99.0	27.0	51.0	69.0	80.0	7.0	66.0	17.0	3.0	94.0	75.0	97.0	4.0	69.0	84.0	37.0	1.0	7.0	50.0	6.0	12.0	34.0	88.0	88.0	55.0	5.0	77.0	39.0	75.0	77.0
56.0	44.0	71.0	49.0	27.0	88.0	13.0	27.0	51.0	61.0	85.0	62.0	68.0	83.0	89.0	16.0	16.0	60.0	86.0	85.0	43.0	31.0	33.0	75.0	65.0	35.0	94.0	38.0	66.0	76.0	71.0
75.0	80.0	13.0	42.0	22.0	70.0	65.0	51.0	88.0	25.0	76.0	11.0	15.0	46.0	32.0	85.0	21.0	27.0	70.0	93.0	20.0	2.0	89.0	80.0	49.0	74.0	27.0	23.0	66.0	87.0
56.0	3.0	38.0	6.0	62.0	33.0	79.0	11.0	94.0	17.0	1.0	5.0	94.0	14.0	86.0	22.0	7.0	52.0	52.0	30.0	38.0	45.0	33.0	84.0	5.0	86.0	3.0	17.0	90.0
39.0	52.0	92.0	27.0	85.0	70.0	9.0	91.0	79.0	58.0	70.0	58.0	57.0	17.0	91.0	15.0	39.0	75.0	38.0	41.0	7.0	77.0	21.0	37.0	37.0	77.0	71.0	31.0
47.0	1.0	57.0	35.0	3.0	68.0	55.0	7.0	67.0	42.0	72.0	44.0	30.0	75.0	94.0	13.0	66.0	82.0	86.0	47.0	56.0	91.0	82.0	31.0	24.0	75.0	28.0
27.0	49.0	1.0	12.0	68.0	21.0	47.0	97.0	46.0	89.0	96.0	52.0	66.0	68.0	33.0	86.0	40.0	21.0	71.0	57.0	5.0	76.0	39.0	38.0	61.0	66.0
49.0	26.0	29.0	32.0	55.0	42.0	27.0	70.0	24.0	71.0	42.0	79.0	15.0	84.0	46.0	29.0	63.0	38.0	17.0	43.0	94.0	96.0	73.0	67.0	62.0
57.0	39.0	6.0	31.0	76.0	21.0	16.0	71.0	88.0	41.0	53.0	17.0	12.0	83.0	29.0	23.0	32.0	54.0	89.0	77.0	75.0	85.0	6.0	65.0
84.0	7.0	20.0	48.0	86.0	65.0	5.0	69.0	91.0	59.0	3.0	89.0	23.0	12.0	25.0	21.0	63.0	22.0	7.0	31.0	42.0	59.0	88.0
19.0	70.0	68.0	73.0	36.0	71.0	55.0	65.0	24.0	30.0	60.0	78.0	69.0	94.0	36.0	65.0	17.0	77.0	1.0	20.0	92.0	43.0
31.0	85.0	62.0	86.0	92.0	87.0	7.0	45.0	42.0	4.0	38.0	25.0	43.0	10.0	81.0	2.0	70.0	67.0	83.0	15.0	80.0
4.0	37.0	60.0	48.0	86.0	71.0	6.0	75.0	73.0	75.0	22.0	40.0	43.0	49.0	87.0	47.0	91.0	6.0	30.0	46.0
4.0	86.0	68.0	12.0	32.0	15.0	76.0	65.0	47.0	60.0	18.0	78.0	84.0	37.0	73.0	58.0	77.0	30.0	78.0
22.0	68.0	75.0	54.0	85.0	27.0	86.0	51.0	53.0	85.0	5.0	16.0	17.0	42.0	100.0	2.0	41.0	3.0
8.0	69.0	67.0	12.0	83.0	1.0	20.0	47.0	35.0	11.0	97.0	76.0	91.0	18.0	43.0	20.0	49.0
76.0	29.0	94.0	11.0	11.0	13.0	44.0	96.0	73.0	29.0	47.0	100.0	45.0	82.0	96.0	78.0
18.0	93.0	47.0	57.0	15.0	67.0	14.0	93.0	73.0	75.0	50.0	51.0	80.0	32.0	81.0
68.0	15.0	42.0	14.0	51.0	72.0	97.0	94.0	73.0	72.0	21.0	14.0	29.0	84.0
2.0	92.0	27.0	19.0	39.0	97.0	91.0	88.0	61.0	65.0	78.0	16.0	5.0
82.0	89.0	99.0	55.0	33.0	80.0	95.0	85.0	69.0	97.0	1.0	14.0
15.0	19.0	36.0	5.0	75.0	59.0	85.0	39.0	88.0	86.0	31.0
20.0	85.0	20.0	64.0	15.0	12.0	85.0	52.0	93.0	53.0
65.0	27.0	96.0	90.0	48.0	94.0	79.0	29.0	16.0
69.0	32.0	70.0	77.0	2.0	15.0	74.0	58.0
1.0	66.0	85.0	78.0	98.0	23.0	85.0
45.0	4.0	52.0	7.0	71.0	83.0
56.0	53.0	24.0	42.0	92.0
10.0	37.0	13.0	52.0
89.0	3.0	55.0
13.0	73.0
90.0

47.0	1.0	34.0	1.0	16.0	20.0	11.0	35.0	28.0	23.0	24.0	5.0	17.0	46.0	47.0	4.0	40.0	15.0	3.0	37.0	26.0	16.0	38.0	9.0	24.0	20.0	16.0	19.0	28.0	37.0	16.0	36.0	18.0	22.0	35.0	17.0	36.0	38.0	7.0	30.0	2.0	23.0	11.0	39.0	38.0	1.0	2.0	22.0	11.0	45.0	31.0	3.0	7.0	41.0	38.0	17.0	44.0	12.0	26.0	19.0	15.0	39.0	20.0	17.0	33.0	9.0	49.0	17.0	46.0	38.0	48.0	29.0	29.0	40.0	45.0	43.0	11.0	30.0	38.0	19.0	7.0	34.0	40.0	24.0	5.0	39.0	8.0	33.0	5.0	35.0	45.0	21.0	9.0	5.0	2.0	38.0	41.0	27.0	45.0	26.0

198.24	198.24	198.24	198.24	198.24	198.24	198.24	198.24	198.24	198.24
