qmkp_200_25_10_010
200
10

0.0	0.0	0.0	0.0	65.0	0.0	0.0	3.0	0.0	0.0	0.0	0.0	0.0	33.0	0.0	0.0	0.0	0.0	0.0	0.0	0.0	0.0	0.0	0.0	0.0	0.0	0.0	0.0	0.0	0.0	0.0	0.0	0.0	4.0	0.0	46.0	5.0	0.0	53.0	0.0	0.0	0.0	0.0	0.0	0.0	5.0	0.0	0.0	0.0	0.0	0.0	0.0	0.0	0.0	0.0	66.0	57.0	0.0	0.0	46.0	0.0	0.0	0.0	0.0	0.0	0.0	0.0	96.0	0.0	0.0	0.0	0.0	0.0	0.0	29.0	0.0	0.0	0.0	47.0	0.0	0.0	0.0	0.0	58.0	0.0	30.0	0.0	0.0	0.0	0.0	0.0	33.0	59.0	0.0	0.0	0.0	58.0	0.0	0.0	0.0	0.0	0.0	0.0	0.0	0.0	60.0	82.0	0.0	0.0	0.0	0.0	0.0	0.0	24.0	0.0	0.0	6.0	66.0	0.0	0.0	0.0	0.0	37.0	91.0	41.0	0.0	75.0	59.0	0.0	0.0	0.0	0.0	0.0	0.0	0.0	0.0	0.0	0.0	37.0	0.0	0.0	17.0	0.0	0.0	0.0	0.0	0.0	41.0	0.0	0.0	0.0	0.0	0.0	0.0	0.0	0.0	0.0	0.0	61.0	0.0	0.0	60.0	0.0	0.0	0.0	0.0	0.0	33.0	14.0	0.0	0.0	0.0	14.0	0.0	0.0	0.0	0.0	93.0	0.0	0.0	0.0	0.0	0.0	22.0	0.0	0.0	23.0	0.0	0.0	0.0	36.0	0.0	0.0	0.0	0.0	0.0	0.0	0.0	0.0	72.0
0.0	0.0	0.0	0.0	0.0	98.0	0.0	86.0	55.0	0.0	0.0	0.0	63.0	0.0	0.0	0.0	0.0	0.0	0.0	0.0	0.0	10.0	0.0	0.0	98.0	0.0	0.0	0.0	0.0	5.0	0.0	51.0	0.0	0.0	0.0	0.0	0.0	0.0	0.0	0.0	100.0	0.0	97.0	0.0	0.0	0.0	39.0	0.0	0.0	0.0	0.0	85.0	0.0	0.0	3.0	0.0	0.0	0.0	0.0	0.0	0.0	0.0	0.0	0.0	0.0	0.0	0.0	51.0	0.0	80.0	0.0	0.0	0.0	49.0	0.0	0.0	77.0	0.0	0.0	0.0	0.0	0.0	0.0	0.0	49.0	0.0	0.0	83.0	0.0	0.0	32.0	0.0	0.0	15.0	0.0	0.0	0.0	0.0	0.0	0.0	0.0	0.0	0.0	0.0	0.0	0.0	0.0	0.0	0.0	0.0	0.0	0.0	0.0	6.0	0.0	0.0	0.0	0.0	0.0	0.0	4.0	0.0	0.0	0.0	74.0	0.0	0.0	56.0	0.0	0.0	0.0	37.0	0.0	0.0	0.0	70.0	0.0	0.0	83.0	0.0	0.0	0.0	0.0	0.0	0.0	91.0	0.0	0.0	0.0	0.0	0.0	0.0	0.0	0.0	0.0	0.0	0.0	0.0	0.0	0.0	8.0	45.0	81.0	0.0	0.0	0.0	0.0	0.0	0.0	0.0	0.0	0.0	0.0	0.0	0.0	0.0	0.0	99.0	0.0	0.0	65.0	0.0	0.0	0.0	0.0	48.0	0.0	72.0	0.0	0.0	0.0	0.0	44.0	82.0	0.0	27.0	67.0	0.0	0.0
0.0	0.0	0.0	0.0	0.0	0.0	0.0	0.0	0.0	0.0	0.0	0.0	20.0	0.0	0.0	0.0	0.0	63.0	0.0	42.0	0.0	80.0	0.0	30.0	80.0	0.0	0.0	0.0	0.0	0.0	0.0	23.0	94.0	0.0	77.0	0.0	0.0	0.0	0.0	16.0	0.0	0.0	92.0	10.0	62.0	0.0	0.0	26.0	0.0	17.0	34.0	43.0	0.0	0.0	0.0	0.0	0.0	48.0	0.0	39.0	1.0	0.0	0.0	77.0	0.0	0.0	0.0	0.0	0.0	0.0	0.0	52.0	0.0	0.0	0.0	0.0	0.0	0.0	18.0	0.0	0.0	0.0	0.0	0.0	0.0	76.0	72.0	0.0	0.0	0.0	0.0	0.0	78.0	0.0	0.0	0.0	0.0	0.0	0.0	49.0	0.0	0.0	0.0	0.0	0.0	0.0	0.0	0.0	75.0	0.0	0.0	0.0	0.0	0.0	0.0	0.0	0.0	0.0	56.0	0.0	98.0	34.0	0.0	0.0	0.0	0.0	0.0	0.0	0.0	0.0	88.0	0.0	0.0	0.0	0.0	26.0	0.0	0.0	0.0	0.0	0.0	0.0	0.0	32.0	0.0	0.0	0.0	36.0	0.0	0.0	0.0	32.0	0.0	0.0	75.0	0.0	0.0	0.0	0.0	0.0	0.0	0.0	0.0	0.0	0.0	0.0	0.0	47.0	0.0	0.0	0.0	20.0	0.0	0.0	0.0	0.0	0.0	0.0	0.0	0.0	15.0	12.0	0.0	0.0	0.0	75.0	0.0	0.0	0.0	0.0	0.0	0.0	0.0	0.0	0.0	36.0	0.0	0.0
74.0	0.0	0.0	0.0	22.0	0.0	0.0	0.0	0.0	90.0	0.0	0.0	0.0	0.0	57.0	80.0	0.0	0.0	67.0	0.0	61.0	0.0	0.0	0.0	0.0	0.0	0.0	0.0	0.0	0.0	0.0	0.0	0.0	0.0	64.0	61.0	0.0	95.0	0.0	86.0	0.0	0.0	0.0	0.0	0.0	0.0	0.0	0.0	0.0	0.0	4.0	24.0	0.0	10.0	77.0	13.0	0.0	63.0	30.0	0.0	0.0	0.0	0.0	16.0	0.0	0.0	0.0	0.0	0.0	0.0	0.0	0.0	0.0	100.0	22.0	0.0	0.0	0.0	50.0	14.0	0.0	0.0	95.0	0.0	71.0	63.0	0.0	0.0	0.0	0.0	1.0	0.0	0.0	82.0	0.0	35.0	0.0	0.0	0.0	0.0	48.0	0.0	0.0	0.0	0.0	0.0	75.0	0.0	0.0	31.0	0.0	0.0	0.0	0.0	0.0	0.0	54.0	0.0	0.0	76.0	0.0	0.0	97.0	74.0	0.0	0.0	0.0	92.0	31.0	0.0	99.0	88.0	0.0	0.0	58.0	0.0	0.0	0.0	0.0	0.0	17.0	61.0	0.0	6.0	29.0	0.0	0.0	0.0	33.0	0.0	0.0	0.0	0.0	0.0	0.0	0.0	0.0	45.0	93.0	0.0	44.0	0.0	0.0	0.0	0.0	0.0	0.0	0.0	0.0	0.0	0.0	0.0	0.0	0.0	0.0	0.0	51.0	0.0	0.0	0.0	0.0	0.0	48.0	0.0	0.0	0.0	0.0	0.0	73.0	0.0	0.0	0.0	85.0	0.0	0.0	75.0	48.0
0.0	0.0	7.0	0.0	0.0	0.0	0.0	0.0	0.0	0.0	0.0	0.0	0.0	15.0	0.0	0.0	0.0	0.0	0.0	0.0	0.0	0.0	0.0	77.0	0.0	0.0	47.0	0.0	0.0	19.0	0.0	0.0	0.0	0.0	0.0	62.0	0.0	0.0	0.0	0.0	0.0	0.0	61.0	58.0	52.0	82.0	0.0	0.0	0.0	0.0	0.0	59.0	0.0	69.0	88.0	0.0	0.0	0.0	0.0	33.0	0.0	44.0	0.0	5.0	0.0	0.0	57.0	0.0	0.0	0.0	0.0	0.0	0.0	75.0	0.0	0.0	0.0	0.0	100.0	0.0	71.0	4.0	14.0	0.0	19.0	0.0	0.0	0.0	0.0	0.0	0.0	0.0	0.0	0.0	26.0	37.0	77.0	0.0	0.0	29.0	11.0	99.0	0.0	89.0	0.0	0.0	0.0	0.0	0.0	0.0	0.0	0.0	0.0	0.0	0.0	72.0	0.0	0.0	0.0	16.0	0.0	0.0	0.0	0.0	0.0	0.0	0.0	0.0	0.0	68.0	0.0	0.0	0.0	0.0	0.0	98.0	100.0	0.0	55.0	42.0	0.0	0.0	34.0	23.0	0.0	0.0	0.0	0.0	0.0	0.0	29.0	0.0	0.0	0.0	0.0	0.0	0.0	0.0	48.0	0.0	0.0	40.0	0.0	0.0	0.0	0.0	7.0	72.0	29.0	29.0	0.0	0.0	0.0	0.0	0.0	0.0	4.0	22.0	0.0	0.0	0.0	0.0	0.0	0.0	0.0	64.0	0.0	0.0	0.0	12.0	0.0	0.0	0.0	0.0	0.0	0.0
0.0	47.0	75.0	0.0	43.0	0.0	0.0	7.0	0.0	0.0	0.0	0.0	8.0	0.0	0.0	4.0	0.0	0.0	0.0	0.0	0.0	0.0	0.0	0.0	0.0	0.0	13.0	0.0	0.0	0.0	0.0	0.0	87.0	0.0	75.0	0.0	0.0	17.0	0.0	72.0	0.0	16.0	0.0	0.0	0.0	0.0	24.0	0.0	0.0	0.0	68.0	0.0	0.0	0.0	9.0	0.0	0.0	0.0	0.0	0.0	0.0	0.0	0.0	0.0	17.0	0.0	8.0	0.0	0.0	0.0	0.0	0.0	0.0	0.0	0.0	94.0	0.0	0.0	0.0	0.0	0.0	0.0	0.0	65.0	0.0	0.0	0.0	0.0	0.0	0.0	0.0	53.0	59.0	0.0	3.0	45.0	44.0	0.0	0.0	0.0	0.0	0.0	0.0	0.0	0.0	0.0	0.0	57.0	0.0	0.0	0.0	0.0	0.0	0.0	0.0	0.0	11.0	0.0	0.0	0.0	46.0	0.0	0.0	0.0	0.0	0.0	0.0	0.0	0.0	26.0	0.0	0.0	0.0	100.0	0.0	5.0	0.0	15.0	0.0	0.0	95.0	59.0	0.0	0.0	0.0	0.0	77.0	10.0	0.0	0.0	0.0	0.0	0.0	96.0	0.0	0.0	0.0	0.0	30.0	0.0	0.0	46.0	0.0	0.0	24.0	0.0	0.0	0.0	0.0	0.0	0.0	0.0	0.0	0.0	85.0	0.0	42.0	0.0	0.0	0.0	0.0	0.0	28.0	0.0	0.0	0.0	0.0	0.0	0.0	59.0	0.0	7.0	0.0	0.0	0.0
0.0	0.0	84.0	0.0	0.0	59.0	0.0	0.0	0.0	83.0	0.0	0.0	0.0	97.0	0.0	0.0	0.0	0.0	0.0	0.0	0.0	0.0	0.0	0.0	0.0	0.0	0.0	0.0	0.0	0.0	0.0	61.0	94.0	0.0	0.0	0.0	0.0	71.0	0.0	0.0	0.0	0.0	0.0	0.0	0.0	0.0	0.0	0.0	0.0	0.0	0.0	80.0	0.0	0.0	0.0	56.0	75.0	0.0	0.0	0.0	0.0	0.0	0.0	0.0	0.0	0.0	100.0	42.0	0.0	0.0	0.0	0.0	71.0	0.0	0.0	80.0	0.0	66.0	0.0	34.0	60.0	12.0	0.0	20.0	0.0	0.0	0.0	0.0	0.0	0.0	24.0	62.0	0.0	0.0	0.0	0.0	0.0	0.0	61.0	16.0	84.0	0.0	5.0	0.0	0.0	8.0	6.0	0.0	0.0	0.0	0.0	0.0	0.0	0.0	0.0	0.0	72.0	0.0	34.0	0.0	0.0	82.0	0.0	0.0	0.0	0.0	0.0	0.0	14.0	0.0	71.0	0.0	0.0	0.0	92.0	0.0	0.0	48.0	30.0	0.0	0.0	63.0	83.0	0.0	0.0	0.0	0.0	0.0	0.0	0.0	0.0	0.0	59.0	0.0	0.0	0.0	55.0	0.0	57.0	0.0	8.0	0.0	0.0	0.0	0.0	0.0	80.0	0.0	0.0	0.0	0.0	0.0	0.0	52.0	0.0	0.0	0.0	0.0	31.0	7.0	0.0	0.0	0.0	0.0	0.0	0.0	0.0	0.0	0.0	0.0	95.0	13.0	0.0	0.0
0.0	0.0	0.0	0.0	0.0	0.0	0.0	23.0	30.0	0.0	0.0	63.0	0.0	0.0	0.0	0.0	0.0	0.0	48.0	0.0	0.0	0.0	0.0	0.0	0.0	0.0	0.0	0.0	0.0	0.0	13.0	0.0	38.0	0.0	0.0	0.0	0.0	0.0	0.0	0.0	0.0	0.0	70.0	0.0	0.0	0.0	21.0	0.0	0.0	2.0	0.0	0.0	0.0	23.0	0.0	97.0	0.0	0.0	0.0	51.0	0.0	79.0	0.0	0.0	0.0	0.0	0.0	0.0	0.0	0.0	0.0	42.0	0.0	0.0	0.0	9.0	0.0	0.0	0.0	27.0	0.0	35.0	0.0	0.0	0.0	0.0	0.0	0.0	71.0	21.0	40.0	46.0	0.0	29.0	54.0	64.0	0.0	0.0	0.0	95.0	0.0	79.0	0.0	0.0	0.0	0.0	0.0	34.0	0.0	0.0	0.0	0.0	0.0	30.0	0.0	37.0	0.0	15.0	4.0	0.0	10.0	0.0	0.0	8.0	0.0	99.0	0.0	75.0	0.0	0.0	0.0	0.0	0.0	0.0	0.0	0.0	27.0	0.0	54.0	0.0	0.0	95.0	0.0	0.0	39.0	46.0	97.0	16.0	0.0	0.0	0.0	0.0	0.0	0.0	14.0	0.0	0.0	22.0	0.0	0.0	0.0	0.0	18.0	0.0	0.0	0.0	0.0	83.0	0.0	0.0	0.0	0.0	59.0	0.0	0.0	0.0	0.0	0.0	0.0	36.0	0.0	0.0	8.0	0.0	0.0	0.0	0.0	0.0	0.0	0.0	73.0	36.0	0.0
55.0	0.0	0.0	0.0	0.0	0.0	0.0	0.0	47.0	0.0	0.0	0.0	0.0	97.0	56.0	0.0	0.0	53.0	0.0	88.0	0.0	0.0	0.0	67.0	0.0	0.0	0.0	92.0	0.0	67.0	0.0	0.0	88.0	0.0	0.0	0.0	0.0	0.0	0.0	0.0	0.0	91.0	0.0	0.0	11.0	0.0	0.0	0.0	0.0	45.0	66.0	0.0	0.0	0.0	0.0	0.0	0.0	0.0	0.0	50.0	0.0	0.0	0.0	0.0	0.0	0.0	19.0	0.0	0.0	0.0	0.0	0.0	0.0	82.0	0.0	69.0	39.0	0.0	0.0	80.0	0.0	0.0	0.0	64.0	44.0	0.0	0.0	87.0	0.0	93.0	0.0	0.0	88.0	0.0	0.0	0.0	0.0	0.0	0.0	0.0	38.0	0.0	41.0	0.0	0.0	84.0	0.0	0.0	0.0	0.0	0.0	98.0	0.0	48.0	61.0	0.0	0.0	0.0	0.0	0.0	0.0	0.0	0.0	0.0	0.0	0.0	0.0	0.0	0.0	0.0	0.0	0.0	66.0	0.0	0.0	0.0	0.0	0.0	0.0	28.0	0.0	0.0	62.0	0.0	0.0	0.0	85.0	26.0	0.0	0.0	0.0	0.0	0.0	4.0	0.0	0.0	60.0	0.0	0.0	0.0	0.0	42.0	27.0	50.0	0.0	0.0	0.0	0.0	0.0	89.0	0.0	0.0	96.0	0.0	0.0	0.0	0.0	0.0	11.0	92.0	0.0	0.0	90.0	17.0	0.0	49.0	12.0	0.0	0.0	0.0	0.0	76.0
0.0	0.0	0.0	0.0	0.0	88.0	20.0	0.0	0.0	0.0	53.0	0.0	0.0	0.0	9.0	37.0	0.0	15.0	0.0	0.0	0.0	11.0	67.0	0.0	81.0	0.0	0.0	0.0	0.0	0.0	0.0	0.0	0.0	0.0	97.0	88.0	0.0	0.0	0.0	0.0	0.0	0.0	0.0	0.0	0.0	0.0	0.0	0.0	0.0	0.0	0.0	24.0	0.0	0.0	0.0	0.0	0.0	0.0	0.0	0.0	0.0	0.0	0.0	0.0	51.0	0.0	0.0	47.0	0.0	0.0	0.0	0.0	0.0	0.0	0.0	0.0	0.0	97.0	0.0	0.0	0.0	0.0	13.0	49.0	50.0	9.0	43.0	56.0	0.0	0.0	0.0	0.0	0.0	0.0	0.0	65.0	7.0	0.0	0.0	0.0	0.0	0.0	0.0	0.0	0.0	80.0	0.0	0.0	0.0	0.0	0.0	0.0	0.0	0.0	0.0	0.0	75.0	0.0	0.0	0.0	0.0	53.0	87.0	0.0	12.0	0.0	0.0	96.0	0.0	0.0	0.0	70.0	0.0	0.0	0.0	0.0	0.0	87.0	1.0	0.0	0.0	0.0	78.0	0.0	26.0	0.0	57.0	0.0	0.0	0.0	0.0	0.0	0.0	0.0	0.0	0.0	0.0	0.0	0.0	0.0	7.0	0.0	0.0	19.0	0.0	7.0	0.0	0.0	65.0	53.0	42.0	0.0	0.0	0.0	18.0	0.0	16.0	0.0	50.0	86.0	0.0	0.0	0.0	0.0	0.0	0.0	51.0	0.0	0.0	0.0	0.0
0.0	0.0	0.0	0.0	37.0	0.0	25.0	0.0	0.0	89.0	0.0	0.0	81.0	0.0	0.0	0.0	0.0	0.0	0.0	0.0	0.0	82.0	0.0	77.0	54.0	0.0	0.0	0.0	0.0	42.0	0.0	0.0	16.0	0.0	0.0	0.0	0.0	24.0	35.0	0.0	0.0	0.0	0.0	11.0	0.0	0.0	19.0	0.0	0.0	0.0	0.0	5.0	0.0	32.0	0.0	69.0	80.0	0.0	0.0	0.0	0.0	0.0	0.0	85.0	0.0	51.0	86.0	0.0	0.0	12.0	0.0	0.0	0.0	0.0	0.0	0.0	0.0	0.0	0.0	0.0	0.0	0.0	58.0	0.0	0.0	0.0	0.0	0.0	0.0	0.0	0.0	0.0	0.0	6.0	0.0	20.0	70.0	65.0	0.0	0.0	0.0	0.0	50.0	0.0	0.0	0.0	0.0	0.0	0.0	0.0	0.0	13.0	0.0	0.0	0.0	0.0	0.0	0.0	0.0	0.0	0.0	58.0	0.0	0.0	0.0	74.0	0.0	53.0	26.0	22.0	38.0	0.0	0.0	44.0	0.0	8.0	0.0	63.0	0.0	92.0	5.0	0.0	0.0	19.0	0.0	0.0	0.0	0.0	0.0	45.0	0.0	0.0	0.0	0.0	0.0	0.0	35.0	0.0	0.0	0.0	5.0	12.0	0.0	0.0	0.0	0.0	0.0	0.0	0.0	0.0	0.0	95.0	0.0	0.0	0.0	95.0	0.0	0.0	0.0	0.0	0.0	0.0	0.0	93.0	0.0	0.0	0.0	0.0	0.0	31.0
0.0	0.0	0.0	67.0	0.0	0.0	9.0	0.0	45.0	0.0	0.0	0.0	0.0	0.0	0.0	0.0	0.0	0.0	0.0	18.0	0.0	0.0	0.0	64.0	0.0	0.0	0.0	0.0	64.0	0.0	13.0	0.0	0.0	0.0	0.0	0.0	0.0	41.0	0.0	0.0	0.0	0.0	93.0	0.0	0.0	0.0	0.0	42.0	44.0	17.0	0.0	0.0	0.0	0.0	0.0	0.0	87.0	0.0	0.0	0.0	0.0	0.0	0.0	27.0	13.0	0.0	0.0	0.0	64.0	0.0	0.0	58.0	0.0	0.0	0.0	15.0	0.0	63.0	44.0	0.0	0.0	0.0	45.0	0.0	30.0	0.0	0.0	0.0	0.0	0.0	0.0	0.0	0.0	0.0	0.0	70.0	0.0	0.0	0.0	26.0	0.0	0.0	0.0	0.0	0.0	0.0	90.0	0.0	0.0	0.0	0.0	0.0	0.0	0.0	0.0	0.0	0.0	0.0	0.0	0.0	9.0	0.0	81.0	0.0	47.0	51.0	10.0	0.0	94.0	0.0	0.0	0.0	41.0	0.0	0.0	0.0	0.0	0.0	0.0	6.0	0.0	89.0	11.0	0.0	0.0	0.0	0.0	64.0	0.0	0.0	0.0	0.0	0.0	0.0	0.0	0.0	60.0	0.0	0.0	0.0	90.0	0.0	61.0	0.0	0.0	0.0	0.0	13.0	0.0	0.0	0.0	81.0	0.0	0.0	0.0	59.0	0.0	74.0	0.0	0.0	0.0	0.0	0.0	0.0	73.0	0.0	0.0	15.0	0.0
0.0	34.0	88.0	0.0	0.0	0.0	0.0	0.0	0.0	0.0	0.0	0.0	0.0	0.0	71.0	55.0	0.0	0.0	0.0	0.0	66.0	0.0	0.0	0.0	0.0	0.0	0.0	34.0	0.0	0.0	58.0	0.0	0.0	0.0	0.0	0.0	66.0	0.0	0.0	0.0	0.0	0.0	0.0	0.0	0.0	0.0	28.0	19.0	0.0	0.0	0.0	0.0	0.0	0.0	0.0	64.0	11.0	0.0	62.0	0.0	62.0	0.0	0.0	0.0	0.0	0.0	0.0	45.0	0.0	0.0	21.0	0.0	0.0	0.0	0.0	0.0	0.0	0.0	0.0	0.0	0.0	93.0	0.0	0.0	0.0	0.0	0.0	0.0	0.0	0.0	72.0	0.0	0.0	0.0	0.0	0.0	0.0	0.0	0.0	0.0	43.0	0.0	0.0	0.0	0.0	0.0	0.0	0.0	72.0	0.0	0.0	0.0	0.0	0.0	0.0	0.0	0.0	0.0	53.0	31.0	0.0	3.0	82.0	0.0	0.0	25.0	0.0	0.0	0.0	0.0	51.0	0.0	0.0	0.0	0.0	94.0	0.0	0.0	9.0	0.0	0.0	0.0	0.0	0.0	0.0	0.0	0.0	0.0	68.0	0.0	0.0	0.0	0.0	29.0	0.0	0.0	0.0	0.0	0.0	0.0	19.0	0.0	0.0	0.0	0.0	0.0	0.0	0.0	0.0	0.0	67.0	19.0	0.0	0.0	0.0	0.0	0.0	0.0	79.0	36.0	0.0	14.0	0.0	0.0	0.0	0.0	0.0	43.0
23.0	59.0	0.0	89.0	0.0	0.0	0.0	0.0	0.0	0.0	0.0	0.0	0.0	0.0	0.0	6.0	79.0	0.0	0.0	0.0	0.0	0.0	71.0	0.0	7.0	72.0	88.0	0.0	0.0	0.0	0.0	0.0	0.0	0.0	17.0	59.0	0.0	0.0	80.0	0.0	0.0	0.0	0.0	58.0	0.0	3.0	0.0	80.0	45.0	63.0	0.0	0.0	0.0	0.0	0.0	22.0	0.0	0.0	0.0	0.0	0.0	58.0	0.0	64.0	0.0	0.0	21.0	0.0	0.0	83.0	0.0	93.0	0.0	100.0	0.0	0.0	0.0	0.0	5.0	76.0	0.0	97.0	0.0	0.0	0.0	96.0	0.0	0.0	0.0	93.0	0.0	0.0	46.0	0.0	0.0	0.0	0.0	92.0	0.0	0.0	73.0	23.0	0.0	0.0	23.0	0.0	27.0	0.0	0.0	0.0	0.0	0.0	0.0	0.0	0.0	0.0	0.0	0.0	64.0	0.0	0.0	0.0	0.0	0.0	0.0	0.0	0.0	0.0	23.0	0.0	0.0	57.0	0.0	30.0	0.0	0.0	0.0	0.0	54.0	96.0	0.0	42.0	96.0	0.0	0.0	0.0	0.0	38.0	0.0	0.0	0.0	0.0	0.0	0.0	0.0	0.0	0.0	41.0	0.0	0.0	0.0	89.0	0.0	0.0	0.0	0.0	0.0	32.0	0.0	32.0	0.0	0.0	45.0	69.0	63.0	0.0	0.0	0.0	0.0	0.0	0.0	90.0	41.0	0.0	0.0	0.0	97.0
70.0	0.0	0.0	0.0	0.0	0.0	6.0	0.0	0.0	0.0	0.0	0.0	0.0	53.0	0.0	0.0	80.0	0.0	0.0	0.0	0.0	55.0	87.0	0.0	0.0	0.0	0.0	0.0	88.0	0.0	0.0	0.0	0.0	79.0	0.0	0.0	95.0	0.0	15.0	0.0	0.0	0.0	0.0	0.0	0.0	0.0	77.0	69.0	0.0	45.0	0.0	0.0	0.0	0.0	0.0	0.0	0.0	0.0	0.0	0.0	50.0	0.0	0.0	0.0	11.0	0.0	0.0	0.0	0.0	0.0	0.0	0.0	66.0	21.0	0.0	0.0	0.0	0.0	47.0	0.0	94.0	0.0	0.0	0.0	0.0	0.0	0.0	0.0	0.0	0.0	0.0	0.0	0.0	0.0	59.0	99.0	80.0	0.0	0.0	20.0	0.0	0.0	0.0	10.0	0.0	0.0	0.0	0.0	0.0	0.0	0.0	4.0	0.0	0.0	0.0	0.0	12.0	0.0	0.0	0.0	0.0	87.0	39.0	21.0	0.0	42.0	0.0	0.0	10.0	69.0	80.0	67.0	32.0	48.0	99.0	40.0	0.0	0.0	0.0	61.0	0.0	0.0	0.0	0.0	47.0	0.0	0.0	79.0	15.0	7.0	0.0	0.0	15.0	98.0	0.0	0.0	99.0	0.0	58.0	0.0	27.0	25.0	0.0	0.0	0.0	0.0	0.0	0.0	0.0	0.0	0.0	0.0	0.0	0.0	0.0	0.0	0.0	0.0	0.0	44.0	72.0	46.0	0.0	0.0	0.0	32.0
0.0	0.0	0.0	0.0	0.0	58.0	0.0	0.0	0.0	0.0	0.0	0.0	0.0	0.0	0.0	0.0	0.0	28.0	0.0	0.0	0.0	0.0	0.0	0.0	100.0	0.0	0.0	0.0	49.0	0.0	0.0	0.0	0.0	0.0	8.0	0.0	49.0	0.0	0.0	0.0	0.0	15.0	0.0	0.0	0.0	0.0	89.0	92.0	0.0	39.0	0.0	63.0	0.0	0.0	0.0	0.0	0.0	0.0	0.0	0.0	0.0	88.0	90.0	0.0	21.0	0.0	15.0	48.0	0.0	0.0	0.0	0.0	0.0	0.0	0.0	0.0	0.0	23.0	0.0	0.0	50.0	0.0	0.0	0.0	0.0	33.0	0.0	0.0	79.0	56.0	0.0	0.0	22.0	78.0	0.0	0.0	1.0	0.0	0.0	25.0	22.0	0.0	0.0	0.0	95.0	0.0	0.0	0.0	0.0	0.0	0.0	0.0	47.0	0.0	0.0	0.0	97.0	0.0	0.0	0.0	17.0	0.0	41.0	0.0	0.0	67.0	99.0	0.0	0.0	88.0	0.0	0.0	0.0	0.0	0.0	0.0	0.0	0.0	76.0	0.0	0.0	0.0	0.0	51.0	0.0	0.0	0.0	0.0	0.0	0.0	26.0	0.0	0.0	0.0	0.0	0.0	0.0	0.0	0.0	35.0	0.0	0.0	0.0	0.0	0.0	0.0	0.0	0.0	0.0	0.0	26.0	0.0	0.0	0.0	0.0	0.0	76.0	0.0	10.0	0.0	89.0	0.0	0.0	0.0	6.0
0.0	0.0	74.0	78.0	0.0	0.0	0.0	0.0	0.0	0.0	0.0	0.0	0.0	14.0	0.0	0.0	9.0	0.0	0.0	0.0	52.0	60.0	0.0	0.0	0.0	31.0	0.0	0.0	0.0	0.0	10.0	0.0	0.0	13.0	0.0	9.0	0.0	0.0	0.0	0.0	0.0	0.0	0.0	0.0	0.0	0.0	0.0	10.0	7.0	0.0	0.0	0.0	38.0	0.0	0.0	46.0	45.0	0.0	0.0	0.0	0.0	0.0	0.0	0.0	64.0	0.0	0.0	0.0	0.0	0.0	34.0	0.0	0.0	16.0	73.0	93.0	0.0	0.0	0.0	0.0	0.0	0.0	0.0	79.0	0.0	0.0	1.0	41.0	54.0	0.0	0.0	0.0	0.0	0.0	0.0	16.0	0.0	63.0	75.0	0.0	0.0	0.0	0.0	0.0	65.0	0.0	8.0	0.0	0.0	0.0	0.0	78.0	0.0	17.0	0.0	0.0	0.0	34.0	0.0	0.0	13.0	0.0	0.0	0.0	65.0	0.0	0.0	0.0	61.0	0.0	99.0	0.0	0.0	0.0	0.0	0.0	0.0	59.0	0.0	0.0	10.0	85.0	0.0	0.0	0.0	0.0	20.0	94.0	0.0	0.0	0.0	0.0	0.0	65.0	0.0	56.0	0.0	0.0	0.0	0.0	0.0	0.0	0.0	21.0	36.0	21.0	63.0	12.0	0.0	0.0	0.0	0.0	0.0	0.0	0.0	0.0	0.0	1.0	33.0	51.0	0.0	0.0	0.0	0.0
0.0	0.0	0.0	51.0	94.0	0.0	3.0	0.0	1.0	0.0	0.0	0.0	0.0	0.0	0.0	0.0	0.0	0.0	27.0	0.0	94.0	0.0	16.0	0.0	0.0	0.0	0.0	0.0	92.0	0.0	0.0	0.0	0.0	0.0	0.0	77.0	0.0	0.0	19.0	0.0	64.0	0.0	19.0	15.0	0.0	17.0	11.0	6.0	0.0	0.0	0.0	0.0	0.0	0.0	0.0	86.0	0.0	0.0	56.0	0.0	64.0	81.0	51.0	0.0	26.0	0.0	0.0	92.0	0.0	56.0	0.0	0.0	0.0	0.0	0.0	0.0	0.0	0.0	0.0	0.0	0.0	0.0	42.0	0.0	0.0	0.0	0.0	0.0	0.0	0.0	0.0	0.0	0.0	0.0	45.0	0.0	49.0	0.0	16.0	0.0	0.0	0.0	0.0	0.0	33.0	21.0	0.0	62.0	0.0	54.0	0.0	16.0	0.0	0.0	0.0	1.0	0.0	0.0	0.0	0.0	0.0	0.0	0.0	0.0	0.0	0.0	94.0	0.0	34.0	0.0	89.0	48.0	21.0	0.0	26.0	0.0	0.0	0.0	0.0	9.0	0.0	0.0	0.0	97.0	0.0	0.0	0.0	0.0	0.0	0.0	0.0	0.0	0.0	0.0	0.0	0.0	0.0	0.0	49.0	57.0	0.0	0.0	0.0	22.0	0.0	0.0	0.0	0.0	24.0	84.0	0.0	0.0	0.0	0.0	62.0	0.0	0.0	14.0	49.0	0.0	0.0	0.0	0.0
24.0	5.0	0.0	0.0	0.0	0.0	0.0	0.0	0.0	0.0	0.0	46.0	0.0	57.0	0.0	0.0	27.0	0.0	0.0	95.0	0.0	0.0	56.0	0.0	0.0	0.0	84.0	0.0	3.0	52.0	0.0	0.0	0.0	0.0	0.0	96.0	0.0	0.0	0.0	0.0	0.0	0.0	0.0	0.0	0.0	0.0	0.0	0.0	0.0	0.0	0.0	0.0	0.0	0.0	93.0	0.0	0.0	0.0	43.0	91.0	0.0	0.0	91.0	0.0	38.0	79.0	0.0	0.0	0.0	0.0	0.0	36.0	41.0	32.0	60.0	0.0	0.0	0.0	0.0	0.0	0.0	0.0	99.0	0.0	0.0	83.0	0.0	10.0	0.0	0.0	40.0	42.0	0.0	0.0	0.0	99.0	0.0	0.0	0.0	0.0	0.0	0.0	0.0	0.0	0.0	0.0	96.0	29.0	0.0	0.0	0.0	0.0	0.0	0.0	0.0	0.0	0.0	0.0	83.0	0.0	0.0	0.0	78.0	0.0	0.0	0.0	0.0	0.0	0.0	0.0	0.0	0.0	0.0	0.0	14.0	0.0	0.0	92.0	0.0	0.0	61.0	69.0	0.0	86.0	0.0	0.0	0.0	76.0	0.0	0.0	0.0	0.0	98.0	0.0	22.0	79.0	100.0	0.0	0.0	0.0	43.0	0.0	0.0	0.0	37.0	54.0	0.0	0.0	0.0	0.0	0.0	0.0	0.0	0.0	0.0	0.0	0.0	0.0	13.0	0.0	0.0	0.0
97.0	0.0	54.0	48.0	0.0	45.0	0.0	60.0	0.0	0.0	0.0	0.0	0.0	0.0	0.0	0.0	0.0	75.0	0.0	0.0	38.0	0.0	0.0	0.0	82.0	9.0	0.0	47.0	0.0	0.0	0.0	82.0	48.0	0.0	0.0	0.0	50.0	69.0	0.0	19.0	0.0	0.0	0.0	25.0	0.0	0.0	0.0	0.0	0.0	20.0	0.0	0.0	11.0	0.0	0.0	2.0	0.0	0.0	0.0	0.0	0.0	27.0	0.0	0.0	8.0	0.0	0.0	0.0	77.0	17.0	0.0	78.0	0.0	0.0	33.0	0.0	78.0	0.0	0.0	95.0	0.0	0.0	0.0	0.0	0.0	0.0	0.0	52.0	0.0	0.0	0.0	0.0	0.0	20.0	62.0	0.0	0.0	0.0	98.0	0.0	16.0	0.0	0.0	0.0	0.0	74.0	0.0	0.0	0.0	0.0	0.0	0.0	0.0	0.0	16.0	0.0	0.0	0.0	0.0	0.0	0.0	32.0	0.0	0.0	0.0	79.0	0.0	0.0	0.0	57.0	86.0	0.0	0.0	0.0	0.0	0.0	0.0	0.0	0.0	0.0	0.0	0.0	46.0	0.0	0.0	0.0	0.0	0.0	9.0	0.0	0.0	0.0	100.0	0.0	0.0	0.0	0.0	0.0	0.0	0.0	0.0	0.0	0.0	0.0	0.0	0.0	0.0	0.0	0.0	0.0	96.0	0.0	30.0	0.0	0.0	0.0	35.0	19.0	0.0	0.0	41.0
0.0	0.0	0.0	23.0	0.0	0.0	0.0	45.0	0.0	93.0	0.0	66.0	12.0	0.0	0.0	0.0	0.0	0.0	36.0	0.0	0.0	71.0	0.0	0.0	0.0	4.0	0.0	0.0	86.0	0.0	0.0	0.0	0.0	0.0	83.0	0.0	0.0	97.0	0.0	0.0	0.0	0.0	7.0	0.0	0.0	0.0	33.0	61.0	78.0	0.0	0.0	0.0	0.0	0.0	0.0	8.0	0.0	0.0	0.0	0.0	0.0	4.0	19.0	92.0	0.0	98.0	0.0	0.0	0.0	76.0	21.0	0.0	0.0	0.0	38.0	0.0	0.0	0.0	0.0	0.0	0.0	0.0	0.0	0.0	0.0	0.0	0.0	0.0	4.0	0.0	48.0	53.0	0.0	0.0	0.0	51.0	0.0	0.0	0.0	67.0	0.0	0.0	0.0	0.0	0.0	0.0	0.0	86.0	0.0	0.0	0.0	0.0	0.0	0.0	0.0	0.0	0.0	0.0	0.0	0.0	0.0	0.0	0.0	0.0	0.0	0.0	0.0	0.0	0.0	91.0	97.0	0.0	0.0	12.0	0.0	0.0	0.0	13.0	0.0	0.0	79.0	14.0	57.0	0.0	90.0	19.0	86.0	0.0	59.0	0.0	69.0	0.0	0.0	0.0	20.0	0.0	0.0	0.0	0.0	91.0	0.0	0.0	0.0	0.0	0.0	0.0	0.0	49.0	31.0	19.0	74.0	0.0	50.0	45.0	0.0	0.0	0.0	0.0	0.0	15.0
0.0	0.0	17.0	0.0	7.0	0.0	0.0	0.0	0.0	0.0	0.0	0.0	65.0	22.0	0.0	47.0	0.0	0.0	0.0	74.0	0.0	0.0	100.0	0.0	0.0	0.0	49.0	0.0	0.0	0.0	0.0	50.0	87.0	6.0	0.0	0.0	56.0	16.0	0.0	0.0	0.0	0.0	0.0	0.0	0.0	0.0	0.0	85.0	0.0	0.0	0.0	0.0	0.0	0.0	0.0	0.0	90.0	0.0	0.0	90.0	0.0	0.0	0.0	0.0	0.0	27.0	0.0	0.0	0.0	0.0	0.0	6.0	0.0	0.0	57.0	0.0	0.0	0.0	0.0	49.0	0.0	0.0	17.0	0.0	0.0	0.0	51.0	0.0	0.0	0.0	0.0	0.0	0.0	0.0	22.0	0.0	37.0	8.0	0.0	0.0	0.0	43.0	7.0	0.0	0.0	0.0	0.0	0.0	0.0	0.0	49.0	35.0	91.0	77.0	0.0	0.0	4.0	94.0	0.0	0.0	14.0	0.0	0.0	0.0	0.0	0.0	0.0	0.0	0.0	0.0	0.0	41.0	0.0	0.0	89.0	0.0	68.0	26.0	0.0	0.0	0.0	0.0	0.0	20.0	0.0	0.0	0.0	33.0	0.0	0.0	1.0	0.0	0.0	0.0	49.0	97.0	0.0	75.0	0.0	76.0	0.0	0.0	0.0	0.0	0.0	0.0	0.0	9.0	0.0	0.0	81.0	0.0	32.0	44.0	0.0	0.0	0.0	0.0	82.0
0.0	0.0	0.0	0.0	0.0	0.0	0.0	22.0	0.0	0.0	0.0	44.0	0.0	60.0	0.0	0.0	50.0	0.0	30.0	0.0	0.0	0.0	0.0	0.0	0.0	0.0	0.0	0.0	0.0	67.0	14.0	0.0	0.0	0.0	0.0	0.0	0.0	0.0	78.0	0.0	0.0	0.0	0.0	43.0	85.0	0.0	38.0	89.0	0.0	0.0	0.0	0.0	0.0	79.0	0.0	0.0	68.0	85.0	77.0	17.0	0.0	0.0	0.0	3.0	63.0	0.0	0.0	43.0	9.0	0.0	0.0	0.0	15.0	0.0	0.0	0.0	0.0	0.0	0.0	78.0	4.0	0.0	0.0	0.0	0.0	0.0	0.0	83.0	0.0	63.0	0.0	0.0	0.0	58.0	0.0	0.0	0.0	28.0	0.0	0.0	52.0	0.0	0.0	0.0	0.0	0.0	0.0	12.0	60.0	0.0	85.0	0.0	0.0	0.0	0.0	0.0	0.0	0.0	0.0	0.0	0.0	0.0	0.0	0.0	0.0	0.0	0.0	21.0	0.0	0.0	0.0	24.0	61.0	0.0	0.0	0.0	0.0	51.0	63.0	0.0	0.0	0.0	0.0	0.0	0.0	42.0	59.0	0.0	0.0	0.0	0.0	0.0	0.0	19.0	0.0	0.0	0.0	0.0	64.0	44.0	0.0	0.0	0.0	0.0	12.0	0.0	0.0	0.0	0.0	47.0	0.0	0.0	0.0	51.0	0.0	0.0	0.0	0.0
0.0	0.0	0.0	0.0	0.0	61.0	0.0	0.0	0.0	0.0	0.0	0.0	0.0	0.0	0.0	0.0	0.0	0.0	0.0	0.0	0.0	41.0	0.0	29.0	0.0	7.0	0.0	0.0	0.0	0.0	32.0	26.0	0.0	83.0	0.0	69.0	0.0	71.0	0.0	0.0	0.0	0.0	0.0	0.0	0.0	0.0	0.0	0.0	0.0	90.0	0.0	0.0	0.0	0.0	47.0	0.0	51.0	0.0	90.0	0.0	89.0	0.0	0.0	89.0	39.0	0.0	0.0	59.0	0.0	0.0	0.0	8.0	0.0	0.0	0.0	54.0	0.0	27.0	0.0	0.0	0.0	0.0	94.0	0.0	0.0	0.0	0.0	0.0	0.0	0.0	20.0	0.0	0.0	0.0	4.0	0.0	0.0	0.0	0.0	0.0	0.0	0.0	45.0	0.0	0.0	0.0	0.0	88.0	0.0	0.0	60.0	63.0	8.0	0.0	0.0	0.0	0.0	23.0	0.0	80.0	0.0	0.0	0.0	0.0	23.0	0.0	79.0	0.0	0.0	0.0	0.0	6.0	0.0	0.0	0.0	0.0	53.0	0.0	0.0	0.0	0.0	57.0	0.0	0.0	58.0	0.0	0.0	57.0	0.0	0.0	0.0	51.0	0.0	0.0	0.0	0.0	0.0	0.0	29.0	0.0	0.0	0.0	0.0	0.0	0.0	49.0	0.0	0.0	0.0	0.0	0.0	0.0	84.0	69.0	0.0	0.0	23.0
0.0	0.0	0.0	0.0	0.0	0.0	0.0	0.0	56.0	0.0	0.0	0.0	93.0	62.0	0.0	0.0	0.0	0.0	0.0	0.0	0.0	0.0	0.0	0.0	0.0	37.0	0.0	0.0	0.0	0.0	0.0	0.0	18.0	0.0	0.0	0.0	0.0	0.0	0.0	0.0	0.0	0.0	0.0	0.0	0.0	0.0	0.0	0.0	0.0	0.0	0.0	0.0	0.0	0.0	0.0	0.0	79.0	0.0	0.0	0.0	0.0	77.0	98.0	0.0	0.0	64.0	0.0	0.0	0.0	0.0	0.0	0.0	0.0	0.0	0.0	0.0	4.0	0.0	37.0	5.0	0.0	0.0	0.0	0.0	57.0	0.0	43.0	0.0	0.0	0.0	81.0	0.0	0.0	0.0	0.0	0.0	0.0	0.0	0.0	0.0	73.0	0.0	0.0	0.0	0.0	0.0	0.0	0.0	0.0	0.0	0.0	0.0	0.0	0.0	0.0	0.0	0.0	0.0	0.0	35.0	0.0	0.0	12.0	0.0	0.0	0.0	0.0	0.0	18.0	1.0	0.0	29.0	0.0	0.0	0.0	63.0	0.0	57.0	0.0	76.0	0.0	0.0	0.0	0.0	26.0	0.0	0.0	0.0	0.0	0.0	73.0	0.0	0.0	93.0	80.0	0.0	11.0	0.0	0.0	0.0	0.0	0.0	0.0	60.0	74.0	0.0	0.0	59.0	74.0	71.0	0.0	0.0	0.0	0.0	15.0	0.0
0.0	57.0	33.0	0.0	0.0	0.0	0.0	0.0	0.0	0.0	51.0	0.0	0.0	0.0	0.0	40.0	0.0	0.0	0.0	0.0	23.0	78.0	0.0	0.0	0.0	0.0	32.0	0.0	0.0	0.0	29.0	0.0	0.0	10.0	29.0	0.0	0.0	33.0	0.0	0.0	0.0	0.0	64.0	0.0	0.0	0.0	0.0	0.0	30.0	94.0	0.0	51.0	16.0	0.0	0.0	50.0	0.0	0.0	0.0	0.0	0.0	0.0	67.0	0.0	91.0	0.0	0.0	0.0	0.0	68.0	0.0	0.0	0.0	0.0	56.0	0.0	0.0	0.0	0.0	0.0	0.0	0.0	0.0	0.0	28.0	0.0	0.0	0.0	0.0	0.0	0.0	0.0	0.0	0.0	0.0	0.0	0.0	0.0	0.0	0.0	0.0	92.0	0.0	0.0	0.0	0.0	0.0	0.0	0.0	14.0	35.0	0.0	0.0	18.0	0.0	0.0	0.0	0.0	99.0	0.0	0.0	0.0	0.0	0.0	58.0	0.0	0.0	0.0	0.0	0.0	0.0	0.0	0.0	0.0	64.0	0.0	0.0	0.0	0.0	0.0	0.0	0.0	0.0	0.0	0.0	0.0	81.0	0.0	0.0	0.0	0.0	29.0	0.0	0.0	0.0	0.0	2.0	0.0	71.0	0.0	0.0	0.0	0.0	0.0	0.0	57.0	0.0	0.0	0.0	0.0	0.0	0.0	0.0	0.0	0.0
0.0	0.0	42.0	0.0	0.0	0.0	0.0	0.0	0.0	0.0	0.0	0.0	0.0	0.0	49.0	0.0	0.0	7.0	0.0	58.0	6.0	0.0	0.0	0.0	0.0	0.0	0.0	0.0	0.0	0.0	0.0	0.0	35.0	0.0	0.0	0.0	0.0	0.0	0.0	0.0	0.0	0.0	0.0	0.0	0.0	0.0	0.0	0.0	0.0	92.0	0.0	0.0	0.0	0.0	0.0	74.0	0.0	0.0	0.0	0.0	0.0	0.0	0.0	0.0	0.0	53.0	0.0	0.0	0.0	0.0	0.0	0.0	0.0	0.0	0.0	0.0	0.0	0.0	0.0	0.0	31.0	45.0	0.0	63.0	0.0	29.0	0.0	0.0	0.0	8.0	0.0	0.0	15.0	0.0	0.0	42.0	0.0	78.0	71.0	0.0	0.0	0.0	0.0	0.0	68.0	44.0	0.0	0.0	15.0	0.0	0.0	37.0	87.0	0.0	82.0	55.0	0.0	0.0	0.0	35.0	0.0	98.0	85.0	0.0	0.0	0.0	84.0	0.0	0.0	0.0	0.0	0.0	30.0	0.0	75.0	0.0	0.0	0.0	0.0	0.0	0.0	0.0	0.0	37.0	0.0	0.0	0.0	0.0	90.0	0.0	0.0	0.0	92.0	0.0	0.0	35.0	37.0	43.0	0.0	0.0	0.0	45.0	0.0	0.0	0.0	0.0	44.0	0.0	0.0	0.0	87.0	0.0	0.0	0.0
0.0	0.0	0.0	90.0	0.0	0.0	95.0	0.0	0.0	0.0	0.0	0.0	0.0	0.0	24.0	0.0	0.0	0.0	0.0	0.0	0.0	0.0	12.0	25.0	70.0	65.0	0.0	0.0	0.0	0.0	75.0	0.0	0.0	0.0	0.0	82.0	35.0	0.0	0.0	35.0	62.0	0.0	0.0	76.0	0.0	13.0	0.0	0.0	0.0	0.0	0.0	64.0	0.0	0.0	0.0	0.0	39.0	1.0	0.0	0.0	69.0	69.0	0.0	0.0	7.0	0.0	0.0	0.0	0.0	0.0	0.0	54.0	0.0	5.0	0.0	0.0	0.0	0.0	0.0	0.0	0.0	0.0	0.0	0.0	0.0	0.0	78.0	0.0	0.0	0.0	0.0	0.0	76.0	29.0	0.0	0.0	0.0	0.0	0.0	0.0	0.0	0.0	0.0	17.0	13.0	92.0	9.0	0.0	0.0	65.0	0.0	0.0	0.0	0.0	0.0	0.0	0.0	0.0	0.0	16.0	0.0	0.0	0.0	20.0	0.0	0.0	33.0	81.0	0.0	0.0	0.0	93.0	0.0	0.0	0.0	0.0	36.0	0.0	0.0	19.0	0.0	0.0	0.0	0.0	0.0	0.0	86.0	54.0	0.0	0.0	0.0	0.0	0.0	0.0	0.0	0.0	100.0	0.0	0.0	65.0	0.0	0.0	0.0	0.0	0.0	28.0	0.0	0.0	0.0	0.0	0.0	0.0	0.0
0.0	0.0	0.0	0.0	0.0	0.0	0.0	75.0	23.0	0.0	61.0	0.0	98.0	0.0	0.0	0.0	92.0	0.0	0.0	80.0	0.0	0.0	0.0	0.0	0.0	0.0	0.0	0.0	7.0	0.0	58.0	0.0	0.0	0.0	0.0	88.0	0.0	0.0	0.0	0.0	0.0	0.0	5.0	0.0	0.0	0.0	0.0	0.0	0.0	0.0	38.0	0.0	75.0	1.0	0.0	24.0	0.0	0.0	22.0	0.0	0.0	0.0	0.0	0.0	0.0	95.0	0.0	15.0	0.0	33.0	0.0	0.0	31.0	0.0	29.0	0.0	44.0	0.0	0.0	0.0	0.0	0.0	0.0	0.0	3.0	0.0	0.0	0.0	0.0	0.0	0.0	0.0	0.0	0.0	39.0	64.0	0.0	0.0	0.0	0.0	77.0	0.0	0.0	0.0	0.0	84.0	0.0	0.0	0.0	0.0	0.0	0.0	0.0	61.0	0.0	60.0	0.0	0.0	0.0	1.0	0.0	0.0	0.0	0.0	0.0	47.0	0.0	40.0	0.0	0.0	0.0	0.0	0.0	39.0	49.0	0.0	0.0	0.0	0.0	0.0	0.0	0.0	0.0	80.0	0.0	0.0	0.0	0.0	0.0	0.0	0.0	0.0	0.0	16.0	0.0	0.0	0.0	0.0	0.0	31.0	0.0	0.0	0.0	0.0	0.0	0.0	0.0	0.0	0.0	0.0	0.0	0.0
0.0	0.0	59.0	0.0	0.0	0.0	8.0	0.0	100.0	81.0	0.0	0.0	0.0	0.0	0.0	0.0	0.0	0.0	0.0	0.0	92.0	0.0	0.0	0.0	99.0	0.0	0.0	0.0	0.0	0.0	49.0	40.0	0.0	0.0	0.0	60.0	0.0	0.0	90.0	0.0	0.0	0.0	56.0	0.0	0.0	94.0	76.0	0.0	0.0	0.0	0.0	0.0	0.0	0.0	0.0	0.0	32.0	0.0	0.0	0.0	0.0	26.0	0.0	0.0	0.0	0.0	41.0	68.0	0.0	85.0	32.0	0.0	0.0	46.0	0.0	0.0	64.0	69.0	0.0	0.0	0.0	0.0	0.0	0.0	0.0	0.0	0.0	55.0	0.0	0.0	0.0	0.0	0.0	35.0	1.0	62.0	43.0	97.0	0.0	0.0	0.0	0.0	0.0	51.0	0.0	41.0	48.0	22.0	0.0	35.0	0.0	0.0	0.0	16.0	0.0	0.0	96.0	0.0	0.0	34.0	0.0	0.0	0.0	0.0	12.0	0.0	0.0	0.0	0.0	0.0	0.0	0.0	0.0	25.0	0.0	74.0	0.0	90.0	4.0	0.0	0.0	0.0	33.0	0.0	91.0	16.0	0.0	0.0	0.0	0.0	0.0	0.0	15.0	0.0	3.0	0.0	0.0	4.0	0.0	0.0	0.0	0.0	0.0	79.0	0.0	0.0	0.0	45.0	0.0	0.0	0.0
0.0	0.0	0.0	0.0	28.0	0.0	0.0	38.0	0.0	0.0	0.0	0.0	0.0	0.0	62.0	40.0	0.0	0.0	0.0	0.0	0.0	0.0	72.0	0.0	0.0	1.0	7.0	0.0	14.0	0.0	0.0	0.0	0.0	42.0	0.0	0.0	75.0	18.0	0.0	0.0	48.0	0.0	0.0	0.0	19.0	0.0	0.0	0.0	83.0	0.0	0.0	90.0	56.0	0.0	0.0	0.0	0.0	0.0	0.0	92.0	0.0	0.0	64.0	0.0	0.0	22.0	0.0	0.0	0.0	100.0	31.0	0.0	0.0	89.0	43.0	0.0	68.0	0.0	0.0	0.0	0.0	0.0	0.0	27.0	0.0	0.0	0.0	0.0	0.0	0.0	0.0	0.0	0.0	66.0	0.0	0.0	59.0	0.0	0.0	0.0	0.0	67.0	0.0	0.0	0.0	0.0	80.0	0.0	0.0	0.0	0.0	0.0	0.0	0.0	75.0	0.0	2.0	58.0	62.0	0.0	0.0	0.0	0.0	69.0	0.0	0.0	0.0	18.0	71.0	78.0	11.0	60.0	0.0	0.0	0.0	0.0	0.0	0.0	15.0	58.0	0.0	78.0	0.0	0.0	0.0	0.0	3.0	0.0	0.0	0.0	0.0	0.0	0.0	0.0	0.0	0.0	0.0	0.0	0.0	0.0	71.0	0.0	0.0	13.0	0.0	0.0	30.0	0.0	0.0	4.0
0.0	0.0	72.0	0.0	0.0	0.0	0.0	0.0	0.0	50.0	29.0	0.0	68.0	0.0	0.0	0.0	0.0	27.0	64.0	0.0	30.0	97.0	60.0	0.0	0.0	0.0	0.0	0.0	0.0	0.0	20.0	0.0	96.0	0.0	84.0	0.0	64.0	35.0	4.0	60.0	0.0	0.0	0.0	0.0	34.0	0.0	0.0	68.0	0.0	0.0	38.0	0.0	0.0	0.0	2.0	0.0	0.0	0.0	41.0	96.0	0.0	0.0	0.0	0.0	0.0	76.0	2.0	0.0	0.0	0.0	0.0	0.0	0.0	57.0	0.0	0.0	0.0	0.0	63.0	0.0	0.0	0.0	0.0	0.0	0.0	0.0	0.0	7.0	70.0	0.0	0.0	0.0	31.0	0.0	0.0	14.0	0.0	0.0	0.0	66.0	0.0	0.0	10.0	0.0	0.0	0.0	0.0	55.0	99.0	0.0	0.0	0.0	0.0	0.0	46.0	0.0	0.0	0.0	95.0	0.0	0.0	22.0	0.0	28.0	0.0	0.0	0.0	0.0	0.0	58.0	0.0	0.0	0.0	43.0	0.0	0.0	0.0	0.0	0.0	0.0	0.0	0.0	0.0	0.0	45.0	0.0	0.0	0.0	51.0	65.0	0.0	0.0	0.0	0.0	7.0	0.0	0.0	0.0	0.0	0.0	0.0	0.0	0.0	0.0	0.0	0.0	0.0	41.0	0.0
0.0	0.0	0.0	0.0	0.0	0.0	0.0	0.0	0.0	0.0	0.0	47.0	0.0	59.0	0.0	100.0	0.0	6.0	0.0	0.0	21.0	0.0	44.0	0.0	70.0	0.0	0.0	0.0	66.0	0.0	0.0	0.0	0.0	0.0	0.0	0.0	0.0	46.0	0.0	0.0	0.0	9.0	21.0	0.0	0.0	0.0	89.0	0.0	0.0	0.0	0.0	0.0	37.0	0.0	91.0	0.0	0.0	0.0	0.0	0.0	0.0	0.0	0.0	0.0	0.0	75.0	0.0	28.0	0.0	0.0	0.0	0.0	0.0	0.0	0.0	0.0	0.0	0.0	0.0	87.0	0.0	38.0	0.0	10.0	10.0	10.0	0.0	0.0	0.0	0.0	85.0	0.0	0.0	0.0	45.0	0.0	45.0	0.0	0.0	60.0	61.0	16.0	0.0	0.0	95.0	0.0	77.0	0.0	0.0	0.0	0.0	50.0	0.0	43.0	0.0	0.0	60.0	0.0	0.0	0.0	0.0	0.0	0.0	0.0	21.0	0.0	0.0	97.0	24.0	0.0	0.0	0.0	0.0	0.0	0.0	0.0	100.0	0.0	0.0	0.0	0.0	0.0	48.0	0.0	0.0	0.0	0.0	0.0	0.0	78.0	0.0	0.0	0.0	0.0	0.0	0.0	0.0	58.0	0.0	89.0	0.0	0.0	0.0	0.0	43.0	0.0	0.0	0.0
0.0	0.0	0.0	97.0	70.0	0.0	100.0	0.0	0.0	0.0	5.0	0.0	0.0	88.0	0.0	13.0	0.0	34.0	0.0	0.0	0.0	0.0	41.0	43.0	0.0	0.0	0.0	71.0	0.0	40.0	0.0	0.0	64.0	0.0	0.0	59.0	71.0	74.0	44.0	0.0	42.0	62.0	98.0	0.0	72.0	76.0	0.0	0.0	38.0	0.0	0.0	0.0	0.0	0.0	0.0	0.0	77.0	0.0	0.0	0.0	0.0	0.0	62.0	0.0	0.0	0.0	0.0	16.0	27.0	0.0	0.0	42.0	0.0	0.0	0.0	0.0	0.0	51.0	0.0	0.0	0.0	0.0	36.0	0.0	0.0	0.0	0.0	0.0	41.0	0.0	0.0	0.0	0.0	0.0	65.0	0.0	0.0	0.0	0.0	0.0	0.0	0.0	31.0	0.0	0.0	0.0	0.0	0.0	0.0	0.0	93.0	0.0	0.0	0.0	0.0	12.0	0.0	0.0	0.0	0.0	62.0	0.0	0.0	0.0	0.0	0.0	0.0	0.0	0.0	72.0	3.0	0.0	97.0	0.0	0.0	52.0	1.0	94.0	0.0	0.0	68.0	0.0	34.0	0.0	0.0	0.0	0.0	0.0	0.0	0.0	0.0	0.0	77.0	0.0	28.0	0.0	45.0	0.0	10.0	94.0	0.0	0.0	0.0	14.0	0.0	0.0	54.0
0.0	0.0	100.0	0.0	20.0	0.0	0.0	0.0	73.0	0.0	0.0	0.0	0.0	0.0	25.0	0.0	0.0	0.0	0.0	0.0	0.0	0.0	0.0	0.0	0.0	91.0	0.0	47.0	0.0	71.0	0.0	0.0	0.0	0.0	0.0	0.0	0.0	35.0	71.0	0.0	70.0	0.0	0.0	0.0	0.0	0.0	0.0	0.0	0.0	60.0	0.0	0.0	0.0	0.0	0.0	0.0	0.0	0.0	0.0	0.0	30.0	0.0	0.0	0.0	0.0	7.0	0.0	23.0	18.0	0.0	0.0	0.0	28.0	0.0	0.0	0.0	21.0	0.0	0.0	0.0	0.0	0.0	0.0	38.0	0.0	0.0	0.0	0.0	0.0	0.0	59.0	0.0	0.0	47.0	0.0	0.0	84.0	0.0	0.0	0.0	0.0	0.0	23.0	0.0	13.0	0.0	3.0	0.0	0.0	0.0	0.0	0.0	0.0	0.0	0.0	0.0	0.0	0.0	5.0	0.0	0.0	0.0	0.0	0.0	94.0	0.0	0.0	0.0	53.0	91.0	0.0	0.0	0.0	95.0	0.0	0.0	0.0	0.0	33.0	0.0	41.0	0.0	0.0	54.0	89.0	0.0	0.0	0.0	0.0	0.0	0.0	0.0	0.0	0.0	0.0	0.0	0.0	0.0	0.0	0.0	0.0	0.0	0.0	0.0	0.0	0.0
73.0	0.0	0.0	59.0	64.0	0.0	0.0	43.0	35.0	0.0	62.0	0.0	0.0	40.0	0.0	0.0	0.0	0.0	0.0	0.0	0.0	0.0	0.0	0.0	0.0	0.0	0.0	0.0	0.0	0.0	0.0	0.0	0.0	0.0	0.0	0.0	54.0	0.0	0.0	0.0	77.0	0.0	0.0	0.0	0.0	0.0	76.0	0.0	56.0	9.0	0.0	0.0	0.0	0.0	49.0	0.0	0.0	0.0	58.0	0.0	0.0	0.0	0.0	0.0	0.0	0.0	0.0	0.0	0.0	0.0	0.0	0.0	0.0	19.0	0.0	30.0	0.0	66.0	0.0	0.0	0.0	30.0	0.0	0.0	21.0	0.0	0.0	0.0	62.0	0.0	0.0	0.0	0.0	68.0	0.0	0.0	0.0	0.0	0.0	0.0	0.0	0.0	0.0	0.0	0.0	0.0	78.0	58.0	0.0	0.0	63.0	0.0	0.0	0.0	0.0	76.0	0.0	0.0	0.0	43.0	0.0	0.0	4.0	0.0	0.0	0.0	87.0	0.0	47.0	0.0	76.0	0.0	0.0	0.0	0.0	0.0	0.0	0.0	20.0	0.0	0.0	50.0	0.0	0.0	0.0	0.0	0.0	0.0	43.0	71.0	0.0	0.0	0.0	0.0	0.0	0.0	0.0	0.0	82.0	0.0	0.0	0.0	86.0	0.0	0.0
0.0	81.0	0.0	37.0	63.0	84.0	0.0	45.0	0.0	0.0	0.0	0.0	0.0	0.0	0.0	89.0	0.0	99.0	0.0	0.0	0.0	36.0	0.0	0.0	12.0	0.0	0.0	87.0	0.0	0.0	90.0	58.0	1.0	0.0	0.0	0.0	0.0	81.0	0.0	31.0	0.0	0.0	0.0	0.0	0.0	0.0	0.0	20.0	0.0	0.0	65.0	0.0	27.0	0.0	0.0	100.0	0.0	0.0	0.0	24.0	0.0	0.0	0.0	24.0	0.0	1.0	58.0	0.0	0.0	0.0	32.0	0.0	0.0	0.0	0.0	0.0	72.0	0.0	0.0	0.0	67.0	0.0	0.0	13.0	0.0	0.0	0.0	0.0	0.0	0.0	0.0	0.0	0.0	8.0	0.0	39.0	0.0	8.0	10.0	40.0	0.0	79.0	47.0	0.0	0.0	0.0	0.0	0.0	61.0	0.0	0.0	82.0	24.0	0.0	0.0	90.0	0.0	0.0	0.0	0.0	0.0	29.0	61.0	8.0	94.0	0.0	51.0	0.0	27.0	0.0	62.0	56.0	47.0	0.0	0.0	94.0	33.0	0.0	0.0	0.0	0.0	0.0	0.0	0.0	0.0	0.0	0.0	0.0	0.0	0.0	0.0	34.0	0.0	0.0	68.0	0.0	0.0	0.0	0.0	77.0	0.0	0.0	0.0	0.0
97.0	0.0	0.0	86.0	0.0	0.0	0.0	0.0	0.0	26.0	0.0	13.0	0.0	0.0	0.0	0.0	0.0	0.0	0.0	0.0	0.0	0.0	0.0	0.0	82.0	0.0	12.0	0.0	0.0	93.0	0.0	0.0	0.0	11.0	4.0	0.0	0.0	0.0	79.0	0.0	0.0	15.0	0.0	0.0	0.0	36.0	0.0	0.0	43.0	0.0	0.0	0.0	9.0	0.0	0.0	0.0	0.0	22.0	35.0	0.0	0.0	0.0	0.0	0.0	0.0	0.0	0.0	0.0	0.0	0.0	0.0	0.0	0.0	0.0	16.0	0.0	0.0	0.0	37.0	0.0	0.0	0.0	0.0	46.0	0.0	0.0	0.0	0.0	50.0	0.0	0.0	0.0	9.0	0.0	0.0	0.0	97.0	0.0	0.0	0.0	0.0	3.0	0.0	0.0	0.0	0.0	0.0	0.0	11.0	20.0	0.0	0.0	0.0	93.0	0.0	0.0	65.0	14.0	0.0	0.0	0.0	0.0	0.0	0.0	0.0	53.0	0.0	23.0	76.0	0.0	0.0	0.0	30.0	86.0	0.0	0.0	0.0	97.0	15.0	0.0	54.0	0.0	0.0	0.0	0.0	64.0	0.0	96.0	0.0	0.0	0.0	0.0	0.0	0.0	0.0	0.0	0.0	0.0	0.0	0.0	22.0	0.0	14.0
25.0	50.0	51.0	0.0	53.0	0.0	0.0	0.0	2.0	0.0	0.0	73.0	51.0	0.0	0.0	0.0	0.0	0.0	0.0	0.0	41.0	0.0	0.0	0.0	0.0	0.0	0.0	94.0	0.0	0.0	92.0	0.0	0.0	0.0	0.0	0.0	95.0	0.0	0.0	0.0	98.0	0.0	0.0	0.0	0.0	45.0	79.0	0.0	38.0	0.0	0.0	0.0	88.0	3.0	8.0	0.0	0.0	48.0	22.0	0.0	0.0	0.0	65.0	0.0	20.0	56.0	0.0	0.0	76.0	0.0	0.0	99.0	0.0	0.0	0.0	0.0	0.0	0.0	0.0	0.0	0.0	0.0	0.0	0.0	0.0	0.0	0.0	0.0	0.0	0.0	18.0	0.0	0.0	0.0	0.0	0.0	0.0	0.0	0.0	1.0	16.0	0.0	0.0	63.0	0.0	0.0	0.0	0.0	0.0	23.0	0.0	0.0	0.0	0.0	0.0	3.0	0.0	0.0	0.0	6.0	0.0	66.0	2.0	0.0	0.0	0.0	0.0	0.0	0.0	0.0	24.0	0.0	0.0	0.0	91.0	13.0	0.0	0.0	0.0	58.0	0.0	0.0	80.0	0.0	0.0	30.0	0.0	0.0	0.0	0.0	0.0	3.0	0.0	0.0	0.0	98.0	0.0	0.0	0.0	0.0	0.0	40.0
0.0	0.0	0.0	0.0	0.0	79.0	0.0	0.0	0.0	0.0	0.0	0.0	0.0	68.0	9.0	0.0	0.0	0.0	0.0	0.0	0.0	0.0	0.0	86.0	81.0	30.0	0.0	0.0	90.0	0.0	22.0	61.0	43.0	0.0	0.0	0.0	61.0	87.0	0.0	37.0	59.0	0.0	55.0	0.0	0.0	69.0	0.0	0.0	0.0	0.0	57.0	0.0	0.0	83.0	0.0	0.0	0.0	0.0	0.0	0.0	0.0	0.0	0.0	0.0	0.0	100.0	0.0	0.0	31.0	86.0	27.0	0.0	0.0	0.0	0.0	0.0	0.0	29.0	0.0	0.0	0.0	0.0	0.0	56.0	0.0	0.0	0.0	0.0	0.0	0.0	0.0	2.0	49.0	0.0	0.0	0.0	14.0	0.0	0.0	0.0	0.0	0.0	0.0	91.0	0.0	0.0	0.0	0.0	0.0	0.0	36.0	0.0	25.0	18.0	0.0	20.0	0.0	0.0	0.0	0.0	0.0	0.0	0.0	0.0	0.0	0.0	53.0	0.0	0.0	100.0	14.0	0.0	0.0	98.0	0.0	0.0	0.0	0.0	88.0	0.0	0.0	0.0	0.0	0.0	0.0	0.0	0.0	14.0	0.0	0.0	0.0	0.0	0.0	0.0	27.0	67.0	0.0	0.0	0.0	0.0	0.0
0.0	0.0	0.0	0.0	95.0	0.0	0.0	0.0	0.0	83.0	0.0	60.0	0.0	0.0	0.0	0.0	0.0	0.0	0.0	56.0	0.0	0.0	0.0	86.0	0.0	26.0	0.0	0.0	0.0	0.0	0.0	0.0	0.0	23.0	0.0	0.0	21.0	31.0	0.0	0.0	0.0	0.0	0.0	0.0	0.0	0.0	0.0	0.0	0.0	0.0	0.0	0.0	0.0	0.0	0.0	0.0	0.0	0.0	0.0	0.0	0.0	0.0	0.0	0.0	0.0	0.0	0.0	0.0	73.0	0.0	0.0	54.0	0.0	0.0	0.0	3.0	10.0	66.0	0.0	0.0	0.0	0.0	0.0	0.0	0.0	0.0	42.0	0.0	0.0	0.0	50.0	49.0	0.0	0.0	79.0	0.0	0.0	0.0	0.0	0.0	0.0	0.0	36.0	0.0	0.0	0.0	47.0	0.0	10.0	89.0	91.0	64.0	0.0	0.0	0.0	0.0	8.0	6.0	0.0	0.0	0.0	0.0	0.0	0.0	24.0	0.0	69.0	0.0	38.0	0.0	67.0	0.0	0.0	0.0	0.0	9.0	0.0	0.0	0.0	0.0	0.0	73.0	0.0	0.0	83.0	81.0	44.0	0.0	0.0	0.0	0.0	0.0	0.0	62.0	0.0	0.0	0.0	0.0	74.0	0.0
0.0	65.0	44.0	0.0	6.0	0.0	34.0	0.0	0.0	0.0	0.0	0.0	0.0	0.0	0.0	0.0	61.0	4.0	0.0	82.0	0.0	0.0	0.0	0.0	0.0	0.0	0.0	0.0	0.0	0.0	0.0	0.0	78.0	0.0	0.0	0.0	0.0	0.0	0.0	69.0	0.0	0.0	0.0	48.0	0.0	0.0	0.0	0.0	0.0	0.0	0.0	0.0	67.0	0.0	81.0	0.0	0.0	37.0	0.0	0.0	58.0	0.0	91.0	0.0	0.0	83.0	55.0	0.0	93.0	0.0	0.0	0.0	0.0	0.0	0.0	0.0	51.0	0.0	0.0	0.0	38.0	0.0	0.0	0.0	0.0	0.0	0.0	0.0	0.0	0.0	0.0	49.0	12.0	17.0	73.0	0.0	0.0	0.0	22.0	0.0	0.0	0.0	0.0	0.0	58.0	74.0	0.0	0.0	13.0	0.0	0.0	0.0	0.0	0.0	45.0	0.0	9.0	0.0	0.0	0.0	0.0	84.0	0.0	0.0	0.0	0.0	0.0	0.0	0.0	0.0	0.0	27.0	8.0	22.0	0.0	0.0	100.0	0.0	0.0	0.0	0.0	0.0	20.0	0.0	0.0	10.0	0.0	0.0	41.0	0.0	81.0	0.0	0.0	0.0	26.0	98.0	0.0	0.0	0.0
0.0	88.0	0.0	0.0	0.0	0.0	0.0	5.0	0.0	43.0	92.0	0.0	0.0	0.0	59.0	0.0	0.0	0.0	0.0	0.0	35.0	0.0	65.0	0.0	0.0	0.0	0.0	0.0	0.0	0.0	0.0	0.0	0.0	58.0	0.0	0.0	6.0	0.0	0.0	0.0	62.0	0.0	66.0	0.0	0.0	0.0	0.0	0.0	0.0	0.0	0.0	0.0	0.0	0.0	37.0	0.0	0.0	0.0	0.0	62.0	0.0	0.0	0.0	0.0	69.0	0.0	57.0	0.0	0.0	0.0	78.0	0.0	0.0	0.0	21.0	99.0	66.0	82.0	0.0	0.0	0.0	0.0	0.0	0.0	0.0	0.0	0.0	0.0	0.0	0.0	0.0	6.0	81.0	0.0	45.0	88.0	29.0	0.0	67.0	0.0	0.0	0.0	0.0	43.0	0.0	0.0	88.0	0.0	19.0	0.0	86.0	0.0	0.0	0.0	0.0	0.0	96.0	0.0	68.0	0.0	45.0	0.0	0.0	77.0	0.0	73.0	0.0	0.0	0.0	16.0	0.0	0.0	0.0	0.0	0.0	61.0	0.0	0.0	78.0	0.0	0.0	87.0	0.0	84.0	0.0	0.0	0.0	0.0	0.0	0.0	0.0	0.0	90.0	0.0	0.0	0.0	20.0	0.0
0.0	0.0	11.0	37.0	33.0	0.0	0.0	0.0	2.0	0.0	0.0	40.0	0.0	0.0	0.0	0.0	0.0	0.0	0.0	0.0	57.0	0.0	0.0	30.0	0.0	0.0	9.0	0.0	0.0	90.0	0.0	0.0	0.0	89.0	0.0	0.0	84.0	99.0	53.0	0.0	99.0	0.0	0.0	0.0	0.0	0.0	0.0	0.0	0.0	0.0	0.0	0.0	0.0	0.0	0.0	2.0	0.0	0.0	0.0	0.0	0.0	0.0	0.0	97.0	0.0	0.0	0.0	0.0	42.0	93.0	0.0	0.0	0.0	0.0	0.0	0.0	0.0	0.0	0.0	0.0	86.0	63.0	0.0	0.0	0.0	0.0	44.0	0.0	0.0	0.0	0.0	0.0	0.0	0.0	0.0	0.0	0.0	0.0	0.0	37.0	0.0	0.0	0.0	0.0	0.0	0.0	0.0	39.0	0.0	0.0	0.0	0.0	0.0	0.0	83.0	0.0	0.0	0.0	0.0	0.0	0.0	0.0	0.0	0.0	0.0	0.0	0.0	0.0	0.0	38.0	0.0	0.0	0.0	0.0	86.0	0.0	0.0	0.0	0.0	0.0	0.0	0.0	0.0	28.0	0.0	0.0	6.0	0.0	0.0	0.0	0.0	62.0	0.0	75.0	0.0	0.0	9.0
0.0	0.0	0.0	0.0	0.0	51.0	0.0	0.0	0.0	88.0	0.0	54.0	0.0	8.0	0.0	42.0	0.0	0.0	0.0	12.0	0.0	0.0	26.0	0.0	0.0	8.0	0.0	56.0	0.0	0.0	0.0	81.0	0.0	0.0	40.0	0.0	0.0	0.0	41.0	0.0	0.0	0.0	0.0	0.0	61.0	0.0	0.0	0.0	0.0	63.0	0.0	94.0	0.0	0.0	0.0	0.0	0.0	0.0	0.0	0.0	0.0	44.0	85.0	0.0	0.0	0.0	0.0	4.0	0.0	0.0	0.0	0.0	0.0	0.0	49.0	0.0	0.0	0.0	0.0	15.0	0.0	34.0	50.0	0.0	0.0	0.0	0.0	70.0	0.0	0.0	0.0	0.0	0.0	0.0	0.0	0.0	0.0	0.0	0.0	0.0	0.0	8.0	0.0	0.0	0.0	0.0	75.0	0.0	0.0	0.0	0.0	0.0	0.0	0.0	100.0	0.0	83.0	0.0	14.0	57.0	0.0	0.0	0.0	0.0	0.0	0.0	61.0	0.0	0.0	0.0	0.0	0.0	0.0	0.0	0.0	0.0	0.0	0.0	0.0	0.0	32.0	96.0	0.0	0.0	0.0	0.0	0.0	21.0	0.0	0.0	0.0	0.0	0.0	0.0	0.0	0.0
15.0	0.0	0.0	0.0	0.0	0.0	0.0	0.0	8.0	0.0	46.0	0.0	0.0	0.0	0.0	0.0	0.0	0.0	0.0	0.0	0.0	0.0	17.0	17.0	0.0	0.0	0.0	0.0	0.0	0.0	83.0	0.0	42.0	0.0	0.0	0.0	0.0	0.0	0.0	0.0	0.0	0.0	0.0	87.0	55.0	0.0	0.0	0.0	9.0	0.0	0.0	0.0	29.0	0.0	0.0	26.0	0.0	2.0	41.0	0.0	0.0	0.0	0.0	0.0	0.0	0.0	35.0	0.0	0.0	0.0	0.0	0.0	0.0	0.0	41.0	0.0	5.0	0.0	0.0	0.0	6.0	0.0	0.0	0.0	11.0	86.0	0.0	0.0	0.0	0.0	0.0	38.0	0.0	85.0	0.0	0.0	34.0	0.0	0.0	15.0	25.0	0.0	0.0	25.0	0.0	8.0	9.0	0.0	0.0	0.0	0.0	0.0	0.0	0.0	0.0	0.0	62.0	0.0	0.0	0.0	98.0	0.0	0.0	87.0	11.0	0.0	0.0	0.0	0.0	0.0	0.0	0.0	16.0	0.0	0.0	0.0	0.0	0.0	0.0	35.0	78.0	0.0	0.0	77.0	0.0	0.0	27.0	0.0	0.0	0.0	0.0	0.0	0.0	0.0	21.0
0.0	0.0	52.0	0.0	86.0	0.0	0.0	0.0	0.0	0.0	0.0	42.0	0.0	0.0	43.0	0.0	0.0	0.0	0.0	0.0	0.0	28.0	0.0	56.0	0.0	0.0	49.0	0.0	0.0	0.0	0.0	0.0	0.0	60.0	64.0	0.0	0.0	0.0	0.0	0.0	0.0	0.0	0.0	0.0	0.0	0.0	51.0	0.0	0.0	0.0	0.0	0.0	0.0	0.0	0.0	0.0	0.0	0.0	0.0	0.0	0.0	0.0	0.0	0.0	51.0	0.0	0.0	8.0	0.0	45.0	0.0	0.0	0.0	69.0	11.0	0.0	0.0	0.0	0.0	0.0	98.0	0.0	0.0	0.0	0.0	10.0	0.0	0.0	0.0	0.0	0.0	29.0	0.0	100.0	0.0	100.0	0.0	0.0	0.0	0.0	0.0	0.0	0.0	59.0	74.0	0.0	0.0	0.0	0.0	0.0	0.0	0.0	0.0	0.0	0.0	0.0	0.0	98.0	59.0	0.0	0.0	0.0	0.0	0.0	0.0	0.0	0.0	0.0	78.0	0.0	0.0	4.0	0.0	0.0	0.0	0.0	43.0	69.0	67.0	0.0	0.0	0.0	0.0	0.0	70.0	0.0	0.0	0.0	0.0	0.0	0.0	85.0	0.0	0.0
0.0	0.0	0.0	0.0	0.0	0.0	0.0	0.0	11.0	0.0	0.0	0.0	70.0	0.0	2.0	0.0	0.0	0.0	72.0	0.0	0.0	0.0	36.0	0.0	0.0	0.0	45.0	0.0	99.0	0.0	0.0	0.0	0.0	0.0	0.0	38.0	0.0	0.0	33.0	52.0	0.0	0.0	0.0	0.0	0.0	0.0	92.0	0.0	0.0	0.0	0.0	0.0	0.0	0.0	0.0	0.0	0.0	23.0	0.0	0.0	0.0	0.0	0.0	0.0	0.0	0.0	63.0	74.0	0.0	9.0	0.0	65.0	0.0	0.0	0.0	12.0	0.0	39.0	0.0	0.0	0.0	86.0	49.0	0.0	0.0	0.0	0.0	0.0	0.0	0.0	58.0	13.0	0.0	0.0	0.0	0.0	68.0	0.0	0.0	0.0	0.0	0.0	0.0	43.0	0.0	0.0	0.0	0.0	63.0	0.0	0.0	0.0	0.0	0.0	0.0	0.0	0.0	0.0	0.0	0.0	0.0	0.0	74.0	0.0	0.0	0.0	0.0	0.0	0.0	0.0	0.0	46.0	0.0	44.0	0.0	32.0	0.0	0.0	0.0	0.0	0.0	0.0	0.0	0.0	0.0	0.0	0.0	0.0	0.0	0.0	55.0	0.0	0.0
31.0	0.0	0.0	0.0	29.0	0.0	0.0	84.0	0.0	0.0	0.0	0.0	72.0	0.0	16.0	0.0	0.0	0.0	0.0	79.0	0.0	0.0	0.0	0.0	0.0	0.0	0.0	0.0	0.0	0.0	14.0	0.0	0.0	0.0	18.0	0.0	0.0	0.0	0.0	0.0	0.0	0.0	0.0	0.0	0.0	0.0	5.0	0.0	0.0	86.0	1.0	0.0	0.0	0.0	0.0	0.0	0.0	56.0	0.0	49.0	0.0	0.0	38.0	0.0	0.0	19.0	0.0	0.0	45.0	0.0	0.0	0.0	0.0	8.0	0.0	96.0	0.0	0.0	0.0	26.0	51.0	0.0	0.0	0.0	56.0	70.0	0.0	0.0	0.0	0.0	0.0	91.0	0.0	0.0	6.0	0.0	0.0	28.0	0.0	38.0	0.0	0.0	52.0	0.0	0.0	0.0	0.0	0.0	0.0	0.0	0.0	0.0	0.0	0.0	0.0	0.0	0.0	0.0	0.0	0.0	0.0	0.0	0.0	0.0	54.0	0.0	0.0	0.0	0.0	0.0	0.0	0.0	0.0	0.0	93.0	53.0	0.0	29.0	3.0	0.0	96.0	0.0	0.0	40.0	0.0	0.0	0.0	0.0	0.0	0.0	0.0	0.0
0.0	0.0	0.0	57.0	0.0	1.0	0.0	67.0	0.0	0.0	0.0	0.0	70.0	0.0	25.0	79.0	9.0	0.0	83.0	0.0	0.0	52.0	54.0	0.0	0.0	0.0	21.0	0.0	0.0	0.0	0.0	54.0	0.0	13.0	0.0	0.0	0.0	0.0	0.0	0.0	0.0	0.0	0.0	0.0	15.0	0.0	0.0	0.0	62.0	0.0	0.0	0.0	0.0	0.0	0.0	0.0	55.0	0.0	88.0	0.0	0.0	0.0	61.0	0.0	0.0	0.0	0.0	18.0	0.0	89.0	0.0	0.0	0.0	0.0	2.0	0.0	0.0	59.0	0.0	29.0	0.0	0.0	0.0	84.0	0.0	0.0	23.0	21.0	0.0	0.0	0.0	0.0	0.0	92.0	0.0	0.0	0.0	0.0	34.0	0.0	0.0	0.0	0.0	0.0	77.0	0.0	0.0	0.0	0.0	0.0	0.0	0.0	0.0	2.0	0.0	0.0	0.0	52.0	0.0	73.0	0.0	75.0	44.0	0.0	0.0	0.0	0.0	0.0	0.0	0.0	0.0	0.0	0.0	0.0	0.0	0.0	91.0	0.0	0.0	10.0	13.0	0.0	12.0	0.0	0.0	94.0	92.0	0.0	0.0	34.0	0.0
0.0	0.0	0.0	0.0	26.0	0.0	0.0	0.0	0.0	0.0	0.0	70.0	0.0	0.0	0.0	0.0	0.0	0.0	0.0	0.0	0.0	0.0	0.0	0.0	0.0	0.0	0.0	28.0	0.0	0.0	0.0	0.0	0.0	0.0	0.0	0.0	0.0	0.0	0.0	0.0	0.0	0.0	0.0	0.0	0.0	35.0	0.0	0.0	90.0	0.0	0.0	0.0	0.0	0.0	21.0	0.0	0.0	0.0	0.0	0.0	0.0	21.0	0.0	0.0	0.0	0.0	0.0	0.0	71.0	8.0	0.0	7.0	20.0	0.0	0.0	94.0	0.0	95.0	0.0	0.0	0.0	0.0	0.0	0.0	0.0	0.0	0.0	0.0	0.0	24.0	0.0	10.0	0.0	0.0	0.0	0.0	0.0	0.0	0.0	77.0	0.0	0.0	0.0	17.0	0.0	0.0	0.0	43.0	0.0	0.0	0.0	0.0	51.0	0.0	0.0	0.0	0.0	2.0	64.0	0.0	37.0	13.0	0.0	0.0	0.0	0.0	0.0	0.0	87.0	0.0	64.0	85.0	0.0	0.0	0.0	0.0	28.0	17.0	0.0	30.0	0.0	0.0	0.0	0.0	31.0	17.0	0.0	0.0	0.0	0.0
0.0	0.0	0.0	0.0	93.0	0.0	0.0	28.0	0.0	0.0	0.0	0.0	0.0	0.0	0.0	0.0	0.0	45.0	58.0	59.0	0.0	0.0	0.0	0.0	99.0	0.0	0.0	0.0	10.0	31.0	0.0	22.0	0.0	0.0	0.0	0.0	93.0	47.0	88.0	33.0	0.0	0.0	0.0	0.0	0.0	0.0	0.0	0.0	58.0	0.0	57.0	0.0	8.0	0.0	0.0	0.0	96.0	0.0	0.0	13.0	0.0	93.0	0.0	0.0	0.0	0.0	0.0	0.0	0.0	0.0	0.0	29.0	0.0	0.0	8.0	0.0	0.0	0.0	59.0	0.0	0.0	0.0	0.0	0.0	0.0	0.0	0.0	24.0	0.0	86.0	0.0	0.0	0.0	0.0	31.0	0.0	0.0	0.0	0.0	62.0	0.0	0.0	4.0	0.0	0.0	0.0	0.0	0.0	0.0	0.0	0.0	40.0	0.0	93.0	0.0	0.0	0.0	100.0	0.0	0.0	0.0	0.0	23.0	0.0	0.0	0.0	9.0	0.0	0.0	0.0	0.0	0.0	0.0	14.0	0.0	0.0	21.0	0.0	80.0	0.0	0.0	0.0	0.0	67.0	0.0	0.0	87.0	15.0	89.0
37.0	0.0	0.0	0.0	0.0	92.0	0.0	68.0	0.0	0.0	0.0	0.0	0.0	81.0	58.0	0.0	0.0	36.0	0.0	0.0	0.0	96.0	0.0	0.0	0.0	0.0	0.0	0.0	12.0	1.0	0.0	0.0	0.0	0.0	0.0	0.0	26.0	0.0	0.0	0.0	0.0	0.0	0.0	0.0	58.0	0.0	0.0	0.0	0.0	0.0	0.0	0.0	0.0	0.0	0.0	0.0	0.0	0.0	0.0	0.0	0.0	40.0	0.0	0.0	19.0	0.0	21.0	0.0	23.0	34.0	0.0	0.0	0.0	0.0	0.0	87.0	0.0	0.0	97.0	0.0	17.0	0.0	0.0	0.0	89.0	0.0	23.0	18.0	0.0	0.0	0.0	0.0	0.0	55.0	75.0	69.0	12.0	0.0	18.0	41.0	0.0	69.0	0.0	92.0	0.0	0.0	0.0	0.0	90.0	0.0	0.0	0.0	0.0	0.0	0.0	80.0	0.0	0.0	0.0	0.0	0.0	100.0	0.0	0.0	0.0	0.0	0.0	0.0	0.0	0.0	0.0	32.0	0.0	80.0	0.0	0.0	0.0	0.0	0.0	0.0	0.0	48.0	0.0	0.0	84.0	0.0	0.0	0.0
0.0	0.0	0.0	0.0	88.0	0.0	0.0	19.0	0.0	0.0	0.0	0.0	0.0	0.0	0.0	0.0	11.0	0.0	0.0	0.0	0.0	0.0	53.0	0.0	0.0	0.0	0.0	0.0	0.0	0.0	0.0	0.0	0.0	0.0	7.0	0.0	0.0	0.0	0.0	0.0	96.0	0.0	46.0	63.0	0.0	0.0	0.0	39.0	0.0	0.0	0.0	0.0	19.0	0.0	0.0	53.0	0.0	0.0	0.0	0.0	0.0	0.0	0.0	87.0	55.0	0.0	0.0	0.0	0.0	0.0	0.0	0.0	11.0	71.0	0.0	0.0	72.0	0.0	0.0	0.0	0.0	0.0	0.0	0.0	0.0	0.0	0.0	0.0	0.0	0.0	0.0	0.0	0.0	0.0	0.0	12.0	54.0	75.0	0.0	0.0	17.0	0.0	0.0	0.0	0.0	0.0	36.0	81.0	0.0	0.0	0.0	0.0	0.0	0.0	37.0	0.0	0.0	0.0	11.0	0.0	0.0	0.0	0.0	63.0	0.0	0.0	0.0	0.0	0.0	0.0	22.0	0.0	0.0	62.0	0.0	0.0	33.0	0.0	0.0	0.0	0.0	0.0	0.0	0.0	0.0	0.0	23.0
0.0	6.0	31.0	0.0	0.0	0.0	0.0	0.0	0.0	0.0	9.0	0.0	0.0	0.0	38.0	0.0	0.0	0.0	0.0	0.0	0.0	0.0	0.0	0.0	99.0	7.0	66.0	0.0	35.0	0.0	88.0	0.0	72.0	0.0	26.0	0.0	0.0	100.0	37.0	0.0	0.0	79.0	0.0	0.0	82.0	0.0	0.0	0.0	0.0	0.0	0.0	0.0	0.0	0.0	0.0	0.0	0.0	0.0	54.0	0.0	41.0	0.0	17.0	0.0	88.0	0.0	0.0	22.0	0.0	0.0	91.0	0.0	0.0	0.0	0.0	0.0	0.0	0.0	0.0	0.0	0.0	41.0	0.0	0.0	0.0	0.0	0.0	47.0	0.0	26.0	0.0	0.0	0.0	0.0	0.0	0.0	0.0	0.0	70.0	0.0	0.0	0.0	80.0	0.0	0.0	0.0	0.0	0.0	0.0	0.0	0.0	0.0	0.0	0.0	0.0	0.0	17.0	32.0	0.0	0.0	0.0	0.0	0.0	15.0	0.0	0.0	0.0	0.0	0.0	0.0	0.0	51.0	0.0	0.0	0.0	44.0	0.0	58.0	0.0	0.0	71.0	81.0	70.0	0.0	0.0	0.0
45.0	0.0	0.0	0.0	0.0	93.0	0.0	0.0	0.0	0.0	0.0	24.0	0.0	0.0	73.0	0.0	0.0	36.0	0.0	0.0	0.0	0.0	60.0	79.0	20.0	0.0	0.0	0.0	0.0	0.0	8.0	0.0	0.0	0.0	57.0	0.0	63.0	0.0	0.0	0.0	0.0	0.0	0.0	0.0	100.0	0.0	0.0	0.0	0.0	0.0	0.0	100.0	0.0	0.0	0.0	0.0	0.0	0.0	0.0	55.0	0.0	0.0	62.0	23.0	0.0	0.0	5.0	0.0	0.0	0.0	53.0	61.0	0.0	0.0	0.0	0.0	73.0	70.0	0.0	0.0	0.0	0.0	26.0	36.0	30.0	94.0	0.0	0.0	37.0	0.0	0.0	0.0	0.0	54.0	0.0	21.0	0.0	0.0	0.0	0.0	0.0	11.0	35.0	0.0	63.0	0.0	66.0	0.0	0.0	0.0	87.0	37.0	0.0	27.0	0.0	0.0	0.0	0.0	75.0	0.0	0.0	0.0	0.0	0.0	6.0	0.0	0.0	0.0	80.0	0.0	89.0	0.0	0.0	0.0	49.0	0.0	0.0	84.0	0.0	0.0	0.0	45.0	0.0	0.0	0.0
0.0	0.0	23.0	71.0	0.0	0.0	0.0	58.0	0.0	0.0	61.0	29.0	4.0	0.0	0.0	0.0	0.0	0.0	0.0	0.0	0.0	0.0	0.0	0.0	2.0	0.0	0.0	0.0	50.0	61.0	0.0	0.0	0.0	55.0	0.0	0.0	0.0	0.0	0.0	0.0	0.0	0.0	0.0	35.0	0.0	25.0	0.0	0.0	0.0	0.0	0.0	0.0	0.0	0.0	50.0	86.0	0.0	78.0	0.0	0.0	0.0	0.0	0.0	75.0	0.0	0.0	43.0	8.0	0.0	59.0	0.0	0.0	0.0	0.0	0.0	76.0	0.0	0.0	92.0	0.0	59.0	0.0	10.0	0.0	96.0	0.0	0.0	13.0	44.0	55.0	0.0	0.0	43.0	0.0	0.0	0.0	13.0	52.0	53.0	53.0	0.0	100.0	0.0	0.0	0.0	67.0	0.0	97.0	0.0	0.0	50.0	0.0	0.0	0.0	0.0	0.0	0.0	0.0	85.0	0.0	0.0	0.0	0.0	0.0	0.0	0.0	0.0	0.0	85.0	0.0	0.0	0.0	0.0	0.0	19.0	0.0	0.0	0.0	73.0	0.0	0.0	0.0	0.0	0.0
0.0	0.0	0.0	0.0	0.0	0.0	0.0	0.0	0.0	0.0	0.0	0.0	0.0	0.0	0.0	41.0	0.0	77.0	0.0	0.0	0.0	0.0	0.0	0.0	36.0	0.0	46.0	0.0	0.0	0.0	0.0	0.0	92.0	0.0	0.0	7.0	0.0	0.0	0.0	0.0	62.0	0.0	0.0	0.0	0.0	0.0	84.0	0.0	0.0	0.0	33.0	0.0	0.0	0.0	0.0	19.0	0.0	14.0	0.0	0.0	55.0	0.0	0.0	0.0	0.0	0.0	21.0	0.0	13.0	0.0	0.0	0.0	48.0	0.0	0.0	0.0	70.0	0.0	0.0	0.0	0.0	0.0	0.0	0.0	14.0	0.0	0.0	0.0	2.0	0.0	0.0	51.0	0.0	93.0	0.0	45.0	0.0	0.0	0.0	0.0	0.0	0.0	96.0	60.0	0.0	86.0	0.0	0.0	0.0	0.0	0.0	0.0	0.0	0.0	0.0	0.0	78.0	0.0	0.0	0.0	0.0	0.0	60.0	40.0	0.0	99.0	57.0	37.0	0.0	0.0	0.0	0.0	89.0	0.0	0.0	57.0	0.0	0.0	63.0	0.0	0.0	0.0	0.0
0.0	26.0	0.0	0.0	92.0	0.0	0.0	0.0	0.0	0.0	0.0	0.0	77.0	0.0	89.0	0.0	0.0	0.0	0.0	0.0	0.0	0.0	0.0	0.0	0.0	49.0	0.0	0.0	0.0	0.0	0.0	0.0	76.0	0.0	18.0	0.0	44.0	0.0	85.0	0.0	0.0	0.0	0.0	0.0	0.0	53.0	34.0	0.0	0.0	0.0	0.0	0.0	0.0	96.0	0.0	52.0	0.0	0.0	11.0	95.0	0.0	0.0	0.0	0.0	0.0	13.0	0.0	93.0	0.0	0.0	0.0	0.0	0.0	0.0	0.0	0.0	24.0	0.0	0.0	0.0	0.0	0.0	0.0	0.0	38.0	22.0	0.0	0.0	0.0	0.0	0.0	0.0	0.0	0.0	0.0	0.0	0.0	0.0	43.0	0.0	0.0	0.0	0.0	41.0	0.0	72.0	0.0	0.0	100.0	71.0	0.0	0.0	47.0	0.0	0.0	0.0	0.0	0.0	60.0	0.0	38.0	0.0	0.0	0.0	23.0	0.0	11.0	0.0	0.0	11.0	0.0	0.0	0.0	0.0	0.0	0.0	0.0	58.0	0.0	0.0	0.0	0.0
0.0	0.0	0.0	0.0	62.0	58.0	0.0	0.0	0.0	21.0	0.0	0.0	2.0	95.0	0.0	0.0	64.0	0.0	0.0	0.0	0.0	97.0	62.0	74.0	0.0	0.0	0.0	61.0	0.0	0.0	0.0	0.0	0.0	0.0	0.0	0.0	0.0	0.0	0.0	0.0	0.0	0.0	0.0	37.0	0.0	0.0	97.0	0.0	0.0	5.0	0.0	0.0	0.0	0.0	6.0	0.0	73.0	87.0	0.0	69.0	0.0	0.0	66.0	53.0	0.0	0.0	0.0	0.0	34.0	0.0	64.0	95.0	0.0	92.0	3.0	45.0	0.0	0.0	0.0	0.0	38.0	0.0	0.0	44.0	28.0	0.0	66.0	90.0	0.0	22.0	57.0	0.0	0.0	0.0	7.0	0.0	0.0	35.0	0.0	65.0	29.0	84.0	0.0	0.0	91.0	0.0	0.0	0.0	0.0	0.0	0.0	0.0	0.0	0.0	0.0	0.0	0.0	0.0	0.0	0.0	90.0	0.0	0.0	0.0	0.0	0.0	87.0	0.0	0.0	0.0	0.0	0.0	12.0	43.0	63.0	0.0	61.0	0.0	0.0	0.0	0.0
0.0	0.0	0.0	0.0	0.0	0.0	0.0	0.0	0.0	0.0	0.0	0.0	25.0	0.0	55.0	0.0	44.0	0.0	51.0	0.0	0.0	19.0	48.0	52.0	62.0	0.0	0.0	0.0	0.0	17.0	59.0	0.0	0.0	96.0	30.0	0.0	0.0	0.0	0.0	97.0	26.0	0.0	52.0	0.0	9.0	0.0	0.0	0.0	64.0	0.0	0.0	0.0	0.0	0.0	47.0	0.0	0.0	0.0	0.0	0.0	0.0	0.0	0.0	0.0	0.0	0.0	0.0	0.0	0.0	0.0	30.0	0.0	0.0	0.0	0.0	0.0	0.0	0.0	0.0	83.0	0.0	0.0	0.0	0.0	0.0	60.0	0.0	0.0	58.0	52.0	0.0	0.0	0.0	0.0	0.0	57.0	12.0	23.0	0.0	0.0	0.0	0.0	0.0	13.0	0.0	34.0	0.0	0.0	0.0	0.0	0.0	0.0	72.0	0.0	0.0	0.0	0.0	0.0	0.0	0.0	0.0	24.0	0.0	59.0	0.0	0.0	24.0	0.0	58.0	15.0	0.0	0.0	0.0	0.0	0.0	0.0	0.0	7.0	53.0	0.0
0.0	0.0	0.0	59.0	0.0	92.0	0.0	0.0	20.0	0.0	5.0	0.0	0.0	11.0	0.0	0.0	0.0	34.0	0.0	0.0	0.0	0.0	0.0	0.0	0.0	0.0	0.0	0.0	77.0	0.0	0.0	0.0	0.0	0.0	0.0	0.0	0.0	0.0	0.0	0.0	0.0	0.0	0.0	0.0	0.0	20.0	0.0	0.0	0.0	0.0	56.0	14.0	0.0	0.0	0.0	76.0	0.0	0.0	0.0	0.0	0.0	0.0	31.0	0.0	0.0	0.0	88.0	0.0	0.0	0.0	26.0	0.0	14.0	0.0	0.0	22.0	0.0	0.0	0.0	19.0	0.0	0.0	9.0	0.0	0.0	0.0	0.0	0.0	0.0	17.0	0.0	0.0	0.0	0.0	0.0	0.0	0.0	0.0	0.0	0.0	0.0	0.0	0.0	0.0	75.0	0.0	70.0	0.0	28.0	0.0	0.0	12.0	0.0	0.0	0.0	0.0	0.0	0.0	0.0	0.0	0.0	76.0	57.0	0.0	6.0	0.0	0.0	0.0	0.0	0.0	62.0	0.0	0.0	0.0	0.0	0.0	0.0	0.0	86.0
0.0	0.0	0.0	0.0	0.0	0.0	0.0	0.0	0.0	0.0	0.0	0.0	24.0	0.0	0.0	59.0	0.0	54.0	0.0	0.0	0.0	97.0	76.0	0.0	0.0	82.0	0.0	0.0	0.0	0.0	0.0	0.0	40.0	0.0	0.0	91.0	0.0	0.0	0.0	0.0	0.0	0.0	0.0	0.0	0.0	0.0	0.0	27.0	80.0	0.0	0.0	74.0	100.0	49.0	0.0	0.0	0.0	35.0	0.0	0.0	70.0	0.0	95.0	0.0	0.0	0.0	0.0	0.0	0.0	0.0	0.0	33.0	0.0	0.0	5.0	0.0	0.0	84.0	0.0	0.0	0.0	0.0	0.0	0.0	0.0	0.0	0.0	0.0	0.0	12.0	0.0	62.0	0.0	0.0	0.0	0.0	0.0	79.0	0.0	0.0	0.0	6.0	0.0	0.0	0.0	0.0	0.0	0.0	58.0	2.0	0.0	0.0	0.0	13.0	0.0	0.0	0.0	54.0	0.0	77.0	0.0	0.0	0.0	5.0	0.0	0.0	17.0	0.0	83.0	0.0	0.0	36.0	0.0	0.0	0.0	48.0	0.0	55.0
86.0	0.0	6.0	0.0	0.0	0.0	0.0	0.0	0.0	0.0	72.0	0.0	0.0	0.0	9.0	33.0	0.0	92.0	0.0	0.0	0.0	0.0	0.0	0.0	22.0	25.0	0.0	0.0	59.0	0.0	0.0	80.0	20.0	0.0	91.0	0.0	89.0	0.0	80.0	0.0	0.0	0.0	74.0	55.0	0.0	0.0	0.0	0.0	0.0	0.0	0.0	0.0	0.0	0.0	0.0	51.0	0.0	25.0	0.0	0.0	0.0	0.0	46.0	0.0	0.0	20.0	94.0	0.0	27.0	0.0	6.0	6.0	0.0	0.0	0.0	0.0	0.0	0.0	24.0	0.0	67.0	0.0	82.0	5.0	0.0	0.0	0.0	0.0	13.0	0.0	0.0	0.0	0.0	0.0	20.0	0.0	0.0	0.0	0.0	36.0	0.0	0.0	0.0	0.0	0.0	0.0	0.0	0.0	0.0	0.0	0.0	0.0	0.0	0.0	0.0	0.0	0.0	0.0	0.0	0.0	0.0	0.0	0.0	0.0	0.0	0.0	29.0	0.0	0.0	0.0	0.0	0.0	0.0	24.0	0.0	0.0	0.0
0.0	0.0	10.0	0.0	0.0	0.0	0.0	0.0	0.0	0.0	0.0	7.0	0.0	0.0	0.0	82.0	45.0	0.0	0.0	0.0	0.0	0.0	59.0	0.0	95.0	23.0	44.0	0.0	0.0	79.0	0.0	0.0	0.0	84.0	0.0	0.0	0.0	0.0	69.0	93.0	0.0	18.0	0.0	47.0	0.0	0.0	24.0	0.0	0.0	0.0	0.0	43.0	0.0	0.0	14.0	0.0	0.0	0.0	58.0	0.0	0.0	0.0	0.0	0.0	0.0	66.0	100.0	0.0	39.0	79.0	22.0	0.0	0.0	0.0	71.0	0.0	57.0	31.0	0.0	29.0	0.0	0.0	0.0	0.0	0.0	0.0	0.0	0.0	0.0	0.0	0.0	0.0	0.0	0.0	2.0	15.0	0.0	11.0	0.0	17.0	0.0	0.0	0.0	0.0	0.0	0.0	87.0	0.0	81.0	0.0	0.0	0.0	0.0	0.0	0.0	60.0	0.0	0.0	0.0	96.0	0.0	49.0	0.0	0.0	93.0	0.0	30.0	0.0	0.0	0.0	0.0	0.0	29.0	0.0	0.0	69.0
47.0	0.0	0.0	0.0	0.0	0.0	66.0	0.0	91.0	0.0	0.0	0.0	0.0	0.0	0.0	15.0	0.0	0.0	0.0	0.0	27.0	0.0	0.0	0.0	0.0	0.0	28.0	95.0	0.0	0.0	0.0	0.0	0.0	0.0	86.0	9.0	0.0	0.0	0.0	34.0	0.0	2.0	0.0	0.0	0.0	34.0	0.0	0.0	95.0	0.0	0.0	0.0	0.0	29.0	0.0	0.0	82.0	0.0	64.0	0.0	0.0	0.0	0.0	0.0	0.0	0.0	0.0	72.0	0.0	0.0	0.0	72.0	5.0	0.0	10.0	0.0	0.0	0.0	0.0	0.0	2.0	0.0	0.0	69.0	0.0	0.0	0.0	0.0	0.0	0.0	0.0	0.0	0.0	75.0	0.0	0.0	0.0	0.0	0.0	26.0	0.0	92.0	0.0	56.0	0.0	34.0	0.0	0.0	0.0	78.0	0.0	0.0	0.0	20.0	0.0	0.0	0.0	0.0	73.0	0.0	0.0	93.0	5.0	18.0	0.0	20.0	0.0	18.0	0.0	0.0	96.0	0.0	0.0	0.0	6.0
0.0	0.0	79.0	0.0	0.0	0.0	0.0	0.0	0.0	0.0	0.0	0.0	0.0	0.0	59.0	0.0	0.0	39.0	0.0	0.0	0.0	0.0	0.0	4.0	34.0	0.0	74.0	0.0	0.0	0.0	0.0	0.0	86.0	18.0	0.0	42.0	0.0	0.0	78.0	0.0	58.0	0.0	0.0	0.0	0.0	0.0	0.0	0.0	0.0	53.0	0.0	0.0	0.0	0.0	0.0	0.0	0.0	0.0	0.0	64.0	75.0	0.0	0.0	0.0	0.0	0.0	0.0	0.0	0.0	92.0	0.0	0.0	0.0	0.0	0.0	17.0	0.0	0.0	0.0	0.0	0.0	0.0	0.0	0.0	0.0	0.0	12.0	59.0	58.0	85.0	37.0	0.0	0.0	0.0	0.0	14.0	0.0	0.0	0.0	80.0	0.0	0.0	0.0	3.0	0.0	0.0	77.0	0.0	0.0	0.0	71.0	63.0	0.0	43.0	0.0	0.0	0.0	0.0	61.0	0.0	0.0	0.0	62.0	0.0	0.0	0.0	0.0	0.0	0.0	0.0	0.0	0.0	0.0	0.0
0.0	0.0	0.0	0.0	89.0	0.0	0.0	0.0	0.0	0.0	0.0	0.0	0.0	0.0	0.0	0.0	4.0	0.0	0.0	56.0	0.0	0.0	0.0	0.0	0.0	0.0	0.0	0.0	0.0	0.0	0.0	0.0	0.0	0.0	0.0	0.0	0.0	0.0	99.0	0.0	0.0	0.0	0.0	0.0	0.0	0.0	0.0	35.0	0.0	0.0	7.0	0.0	0.0	0.0	0.0	0.0	0.0	0.0	0.0	0.0	0.0	0.0	58.0	0.0	0.0	0.0	0.0	0.0	18.0	64.0	0.0	0.0	0.0	0.0	0.0	0.0	0.0	12.0	0.0	0.0	0.0	0.0	0.0	0.0	45.0	0.0	96.0	0.0	87.0	0.0	47.0	0.0	0.0	24.0	0.0	0.0	0.0	0.0	88.0	20.0	0.0	0.0	0.0	0.0	92.0	0.0	0.0	0.0	0.0	0.0	0.0	0.0	11.0	0.0	0.0	0.0	0.0	0.0	0.0	0.0	0.0	45.0	0.0	26.0	94.0	58.0	0.0	0.0	31.0	88.0	0.0	0.0	0.0
0.0	0.0	0.0	0.0	14.0	59.0	13.0	0.0	0.0	0.0	14.0	50.0	0.0	0.0	0.0	0.0	0.0	0.0	8.0	0.0	0.0	21.0	0.0	0.0	98.0	0.0	0.0	0.0	29.0	90.0	0.0	12.0	0.0	0.0	0.0	0.0	0.0	74.0	0.0	40.0	0.0	40.0	0.0	38.0	0.0	54.0	0.0	0.0	62.0	0.0	0.0	0.0	0.0	0.0	36.0	0.0	0.0	16.0	85.0	64.0	0.0	0.0	0.0	0.0	0.0	73.0	0.0	27.0	0.0	0.0	0.0	0.0	43.0	0.0	0.0	0.0	0.0	0.0	0.0	89.0	0.0	0.0	0.0	0.0	0.0	0.0	0.0	0.0	64.0	100.0	9.0	0.0	0.0	0.0	0.0	0.0	0.0	88.0	0.0	0.0	0.0	61.0	0.0	0.0	0.0	0.0	33.0	0.0	0.0	0.0	0.0	19.0	67.0	0.0	0.0	0.0	10.0	0.0	13.0	0.0	0.0	0.0	0.0	0.0	0.0	35.0	0.0	0.0	0.0	0.0	0.0	20.0
0.0	0.0	69.0	0.0	8.0	0.0	0.0	0.0	0.0	0.0	0.0	19.0	13.0	0.0	0.0	63.0	99.0	0.0	71.0	0.0	0.0	0.0	89.0	0.0	0.0	0.0	0.0	0.0	0.0	0.0	100.0	0.0	0.0	21.0	0.0	65.0	0.0	0.0	12.0	33.0	0.0	99.0	0.0	0.0	0.0	0.0	86.0	0.0	0.0	0.0	0.0	0.0	0.0	96.0	98.0	0.0	0.0	87.0	0.0	0.0	0.0	38.0	0.0	0.0	0.0	59.0	0.0	0.0	0.0	0.0	0.0	0.0	0.0	50.0	0.0	0.0	0.0	22.0	0.0	0.0	0.0	0.0	0.0	0.0	0.0	0.0	75.0	0.0	0.0	85.0	0.0	0.0	0.0	70.0	0.0	0.0	0.0	0.0	0.0	83.0	51.0	0.0	0.0	18.0	0.0	39.0	70.0	0.0	0.0	0.0	28.0	0.0	0.0	15.0	0.0	8.0	0.0	59.0	0.0	0.0	62.0	0.0	0.0	0.0	60.0	0.0	0.0	0.0	0.0	0.0	0.0
73.0	0.0	0.0	0.0	0.0	0.0	22.0	0.0	61.0	0.0	0.0	0.0	0.0	0.0	88.0	0.0	0.0	0.0	0.0	0.0	74.0	0.0	0.0	0.0	25.0	0.0	0.0	94.0	78.0	0.0	48.0	0.0	0.0	79.0	0.0	0.0	4.0	34.0	94.0	67.0	0.0	0.0	0.0	0.0	0.0	0.0	89.0	0.0	0.0	0.0	0.0	0.0	0.0	0.0	0.0	78.0	0.0	33.0	0.0	72.0	99.0	62.0	0.0	0.0	0.0	75.0	60.0	51.0	0.0	0.0	70.0	0.0	57.0	0.0	0.0	0.0	0.0	0.0	0.0	0.0	0.0	0.0	82.0	0.0	0.0	0.0	0.0	64.0	22.0	0.0	0.0	0.0	0.0	100.0	0.0	0.0	0.0	0.0	0.0	0.0	0.0	0.0	0.0	0.0	37.0	46.0	0.0	0.0	0.0	81.0	0.0	55.0	0.0	0.0	0.0	0.0	0.0	0.0	8.0	0.0	0.0	0.0	24.0	0.0	24.0	0.0	53.0	0.0	54.0	0.0
0.0	0.0	44.0	0.0	0.0	0.0	0.0	68.0	0.0	0.0	0.0	24.0	0.0	60.0	0.0	0.0	0.0	86.0	0.0	0.0	0.0	0.0	0.0	0.0	0.0	0.0	0.0	0.0	0.0	0.0	0.0	0.0	0.0	0.0	0.0	33.0	0.0	0.0	45.0	0.0	60.0	0.0	0.0	0.0	0.0	0.0	82.0	0.0	0.0	0.0	23.0	0.0	24.0	34.0	0.0	20.0	0.0	0.0	0.0	0.0	0.0	0.0	74.0	0.0	79.0	25.0	34.0	0.0	0.0	0.0	82.0	0.0	0.0	96.0	0.0	67.0	0.0	0.0	0.0	77.0	0.0	9.0	0.0	0.0	0.0	0.0	0.0	0.0	0.0	0.0	89.0	0.0	0.0	0.0	84.0	0.0	0.0	0.0	0.0	0.0	0.0	0.0	0.0	0.0	0.0	77.0	0.0	0.0	0.0	0.0	53.0	0.0	0.0	0.0	0.0	0.0	0.0	0.0	39.0	0.0	5.0	0.0	64.0	0.0	22.0	78.0	0.0	0.0	0.0
0.0	0.0	21.0	0.0	0.0	0.0	0.0	0.0	0.0	0.0	79.0	0.0	46.0	0.0	0.0	0.0	27.0	98.0	95.0	0.0	0.0	0.0	0.0	12.0	0.0	0.0	47.0	0.0	0.0	24.0	0.0	0.0	0.0	0.0	0.0	0.0	0.0	0.0	0.0	0.0	0.0	0.0	0.0	0.0	0.0	70.0	0.0	0.0	0.0	94.0	0.0	0.0	0.0	0.0	19.0	0.0	0.0	0.0	0.0	0.0	60.0	0.0	66.0	0.0	0.0	0.0	0.0	0.0	29.0	0.0	0.0	0.0	43.0	73.0	0.0	0.0	17.0	91.0	0.0	12.0	0.0	41.0	94.0	8.0	2.0	0.0	71.0	0.0	0.0	0.0	0.0	0.0	0.0	0.0	0.0	37.0	0.0	0.0	0.0	49.0	0.0	0.0	0.0	0.0	0.0	0.0	0.0	0.0	0.0	84.0	0.0	0.0	98.0	0.0	0.0	0.0	0.0	0.0	0.0	0.0	0.0	85.0	3.0	0.0	0.0	71.0	30.0	0.0
0.0	0.0	24.0	0.0	0.0	0.0	0.0	49.0	0.0	92.0	0.0	0.0	0.0	69.0	0.0	69.0	0.0	20.0	30.0	0.0	0.0	0.0	0.0	0.0	49.0	75.0	0.0	23.0	0.0	0.0	98.0	0.0	0.0	69.0	0.0	60.0	17.0	0.0	49.0	0.0	19.0	0.0	0.0	30.0	2.0	0.0	84.0	0.0	77.0	0.0	0.0	0.0	55.0	0.0	0.0	0.0	0.0	87.0	51.0	4.0	29.0	27.0	0.0	95.0	96.0	91.0	18.0	0.0	0.0	0.0	0.0	0.0	0.0	0.0	0.0	0.0	0.0	0.0	0.0	0.0	0.0	0.0	0.0	0.0	61.0	92.0	0.0	0.0	0.0	0.0	0.0	0.0	0.0	0.0	0.0	26.0	0.0	0.0	0.0	0.0	0.0	0.0	0.0	0.0	0.0	0.0	76.0	0.0	0.0	0.0	0.0	0.0	69.0	1.0	0.0	0.0	32.0	0.0	30.0	0.0	58.0	56.0	84.0	0.0	0.0	36.0	0.0
0.0	0.0	0.0	0.0	0.0	0.0	0.0	0.0	0.0	87.0	0.0	8.0	0.0	0.0	86.0	26.0	0.0	0.0	0.0	0.0	0.0	0.0	0.0	0.0	0.0	70.0	0.0	0.0	57.0	0.0	0.0	12.0	0.0	51.0	0.0	44.0	0.0	2.0	0.0	0.0	0.0	0.0	0.0	83.0	95.0	31.0	0.0	0.0	0.0	0.0	75.0	28.0	0.0	0.0	84.0	0.0	0.0	0.0	29.0	0.0	0.0	0.0	0.0	0.0	0.0	0.0	0.0	0.0	0.0	20.0	0.0	0.0	99.0	47.0	0.0	0.0	0.0	0.0	0.0	0.0	34.0	0.0	46.0	0.0	18.0	0.0	0.0	0.0	0.0	0.0	16.0	0.0	0.0	0.0	0.0	41.0	31.0	50.0	66.0	74.0	76.0	0.0	0.0	0.0	0.0	0.0	0.0	0.0	0.0	0.0	64.0	0.0	71.0	0.0	0.0	0.0	0.0	0.0	0.0	0.0	15.0	0.0	0.0	0.0	0.0	0.0
0.0	0.0	0.0	0.0	74.0	0.0	54.0	0.0	0.0	0.0	0.0	0.0	0.0	0.0	0.0	0.0	12.0	0.0	45.0	0.0	0.0	0.0	0.0	0.0	0.0	0.0	48.0	0.0	0.0	0.0	94.0	0.0	0.0	0.0	0.0	0.0	0.0	0.0	97.0	0.0	52.0	23.0	0.0	0.0	0.0	0.0	0.0	0.0	0.0	14.0	0.0	0.0	0.0	0.0	0.0	0.0	0.0	0.0	63.0	0.0	45.0	0.0	0.0	0.0	2.0	0.0	0.0	0.0	50.0	0.0	0.0	0.0	36.0	0.0	0.0	0.0	25.0	0.0	3.0	100.0	33.0	0.0	0.0	98.0	0.0	51.0	43.0	0.0	83.0	0.0	0.0	94.0	0.0	0.0	0.0	0.0	0.0	0.0	0.0	0.0	0.0	0.0	0.0	0.0	0.0	0.0	0.0	0.0	60.0	0.0	0.0	0.0	79.0	51.0	26.0	0.0	15.0	0.0	0.0	0.0	0.0	0.0	0.0	0.0	0.0
100.0	0.0	0.0	0.0	0.0	0.0	0.0	92.0	0.0	0.0	30.0	0.0	0.0	0.0	0.0	0.0	0.0	0.0	0.0	0.0	10.0	0.0	0.0	0.0	0.0	0.0	95.0	0.0	0.0	0.0	0.0	0.0	0.0	0.0	0.0	0.0	0.0	0.0	0.0	0.0	100.0	0.0	0.0	0.0	0.0	0.0	38.0	0.0	0.0	78.0	0.0	0.0	49.0	0.0	0.0	0.0	0.0	0.0	0.0	0.0	0.0	0.0	0.0	0.0	0.0	76.0	0.0	0.0	0.0	0.0	0.0	0.0	0.0	0.0	0.0	0.0	0.0	0.0	0.0	0.0	0.0	0.0	0.0	0.0	30.0	84.0	0.0	0.0	0.0	0.0	0.0	0.0	0.0	0.0	0.0	0.0	90.0	0.0	0.0	0.0	89.0	0.0	0.0	0.0	0.0	0.0	0.0	0.0	0.0	0.0	0.0	29.0	69.0	0.0	0.0	0.0	0.0	40.0	21.0	0.0	89.0	0.0	81.0	0.0
0.0	0.0	0.0	46.0	0.0	0.0	0.0	85.0	16.0	98.0	0.0	0.0	0.0	0.0	0.0	0.0	0.0	0.0	0.0	85.0	0.0	27.0	0.0	0.0	0.0	0.0	0.0	0.0	0.0	0.0	0.0	0.0	73.0	0.0	0.0	0.0	0.0	0.0	26.0	0.0	0.0	0.0	21.0	0.0	0.0	0.0	0.0	0.0	8.0	0.0	0.0	0.0	0.0	0.0	0.0	0.0	0.0	0.0	0.0	0.0	0.0	0.0	0.0	0.0	0.0	0.0	0.0	0.0	60.0	0.0	8.0	0.0	0.0	0.0	0.0	26.0	0.0	0.0	0.0	39.0	0.0	0.0	0.0	0.0	0.0	0.0	0.0	0.0	0.0	0.0	0.0	0.0	13.0	0.0	23.0	51.0	0.0	0.0	50.0	0.0	0.0	0.0	77.0	0.0	0.0	0.0	0.0	0.0	0.0	0.0	29.0	49.0	69.0	0.0	23.0	41.0	0.0	0.0	81.0	0.0	0.0	0.0	0.0
0.0	0.0	0.0	0.0	0.0	0.0	0.0	0.0	0.0	0.0	0.0	0.0	0.0	0.0	0.0	0.0	0.0	0.0	52.0	0.0	0.0	0.0	0.0	0.0	0.0	0.0	66.0	27.0	0.0	0.0	22.0	0.0	0.0	0.0	0.0	0.0	7.0	0.0	0.0	0.0	0.0	0.0	0.0	0.0	97.0	0.0	61.0	0.0	0.0	0.0	0.0	0.0	0.0	0.0	0.0	27.0	0.0	16.0	0.0	0.0	0.0	0.0	0.0	43.0	0.0	0.0	48.0	0.0	0.0	0.0	0.0	0.0	0.0	0.0	0.0	0.0	34.0	24.0	86.0	95.0	0.0	0.0	0.0	0.0	0.0	0.0	0.0	0.0	25.0	0.0	22.0	0.0	0.0	0.0	0.0	70.0	71.0	0.0	36.0	95.0	0.0	0.0	0.0	0.0	0.0	0.0	0.0	0.0	0.0	0.0	0.0	0.0	0.0	36.0	0.0	0.0	50.0	0.0	0.0	14.0	0.0	0.0
0.0	0.0	0.0	0.0	0.0	0.0	0.0	0.0	0.0	0.0	38.0	0.0	42.0	0.0	0.0	0.0	0.0	0.0	16.0	0.0	0.0	0.0	0.0	59.0	0.0	0.0	0.0	0.0	0.0	0.0	0.0	0.0	0.0	0.0	0.0	0.0	80.0	0.0	0.0	22.0	0.0	0.0	0.0	11.0	0.0	43.0	0.0	0.0	10.0	0.0	0.0	0.0	3.0	56.0	0.0	0.0	61.0	0.0	0.0	0.0	0.0	0.0	0.0	80.0	0.0	0.0	0.0	73.0	0.0	0.0	30.0	90.0	72.0	85.0	0.0	0.0	0.0	0.0	56.0	0.0	0.0	63.0	0.0	0.0	0.0	25.0	23.0	0.0	0.0	12.0	0.0	0.0	0.0	0.0	0.0	0.0	50.0	60.0	0.0	0.0	0.0	75.0	0.0	100.0	0.0	95.0	73.0	0.0	0.0	0.0	0.0	0.0	0.0	0.0	0.0	67.0	36.0	0.0	0.0	100.0	82.0
0.0	82.0	56.0	0.0	0.0	79.0	0.0	12.0	0.0	0.0	0.0	0.0	87.0	34.0	0.0	65.0	70.0	0.0	0.0	0.0	0.0	0.0	0.0	36.0	0.0	0.0	0.0	0.0	0.0	46.0	0.0	0.0	37.0	0.0	21.0	0.0	0.0	0.0	0.0	0.0	0.0	0.0	40.0	0.0	0.0	0.0	0.0	0.0	0.0	0.0	0.0	0.0	0.0	70.0	0.0	78.0	0.0	0.0	0.0	0.0	30.0	0.0	0.0	0.0	74.0	0.0	0.0	0.0	0.0	0.0	0.0	10.0	0.0	53.0	0.0	0.0	0.0	0.0	0.0	0.0	0.0	0.0	0.0	0.0	0.0	0.0	0.0	0.0	0.0	0.0	0.0	0.0	86.0	0.0	0.0	0.0	0.0	0.0	0.0	9.0	0.0	0.0	0.0	0.0	0.0	0.0	0.0	0.0	0.0	0.0	0.0	0.0	0.0	0.0	0.0	0.0	9.0	0.0	0.0	0.0
0.0	80.0	0.0	0.0	0.0	0.0	0.0	0.0	0.0	10.0	0.0	0.0	0.0	0.0	0.0	0.0	0.0	87.0	0.0	0.0	0.0	3.0	0.0	0.0	0.0	0.0	0.0	0.0	0.0	0.0	13.0	0.0	48.0	0.0	0.0	0.0	58.0	0.0	0.0	49.0	0.0	0.0	0.0	72.0	7.0	38.0	0.0	0.0	73.0	0.0	0.0	0.0	0.0	78.0	0.0	36.0	0.0	16.0	0.0	95.0	100.0	0.0	0.0	0.0	0.0	0.0	0.0	40.0	0.0	0.0	0.0	0.0	0.0	0.0	0.0	0.0	0.0	0.0	0.0	60.0	0.0	7.0	6.0	99.0	0.0	0.0	0.0	0.0	0.0	0.0	0.0	0.0	0.0	0.0	54.0	0.0	0.0	0.0	0.0	0.0	0.0	0.0	50.0	0.0	0.0	0.0	0.0	0.0	0.0	0.0	0.0	0.0	0.0	47.0	0.0	0.0	68.0	0.0	0.0
0.0	0.0	0.0	0.0	0.0	0.0	0.0	0.0	96.0	0.0	0.0	0.0	20.0	0.0	0.0	70.0	0.0	70.0	83.0	0.0	82.0	0.0	0.0	0.0	65.0	0.0	99.0	0.0	0.0	0.0	0.0	2.0	0.0	0.0	27.0	0.0	0.0	0.0	0.0	0.0	10.0	68.0	28.0	0.0	0.0	18.0	0.0	0.0	22.0	51.0	0.0	47.0	82.0	0.0	40.0	0.0	0.0	26.0	0.0	20.0	36.0	8.0	0.0	0.0	0.0	0.0	0.0	0.0	0.0	28.0	0.0	0.0	0.0	0.0	0.0	0.0	0.0	0.0	0.0	0.0	0.0	49.0	78.0	0.0	0.0	0.0	0.0	0.0	0.0	0.0	0.0	0.0	0.0	32.0	50.0	0.0	0.0	5.0	11.0	64.0	0.0	0.0	0.0	0.0	0.0	0.0	0.0	0.0	90.0	0.0	0.0	0.0	0.0	0.0	36.0	0.0	0.0	65.0
0.0	84.0	44.0	0.0	0.0	0.0	0.0	62.0	0.0	40.0	0.0	0.0	0.0	57.0	0.0	0.0	0.0	20.0	56.0	90.0	0.0	0.0	0.0	0.0	0.0	30.0	0.0	0.0	0.0	69.0	0.0	65.0	0.0	0.0	0.0	0.0	35.0	0.0	11.0	0.0	65.0	0.0	0.0	0.0	0.0	0.0	0.0	0.0	0.0	0.0	0.0	0.0	0.0	0.0	95.0	0.0	0.0	0.0	51.0	0.0	0.0	90.0	0.0	0.0	41.0	0.0	23.0	27.0	0.0	75.0	0.0	0.0	0.0	0.0	0.0	53.0	11.0	0.0	0.0	0.0	0.0	0.0	10.0	0.0	0.0	0.0	0.0	0.0	31.0	0.0	0.0	0.0	0.0	0.0	0.0	0.0	0.0	0.0	0.0	0.0	0.0	79.0	0.0	0.0	2.0	0.0	0.0	0.0	0.0	78.0	0.0	0.0	0.0	0.0	54.0	0.0	0.0
13.0	0.0	0.0	0.0	0.0	0.0	0.0	0.0	0.0	0.0	0.0	0.0	94.0	90.0	0.0	0.0	0.0	97.0	67.0	0.0	0.0	0.0	85.0	0.0	0.0	0.0	0.0	0.0	0.0	83.0	57.0	0.0	0.0	40.0	0.0	0.0	0.0	86.0	0.0	0.0	0.0	100.0	0.0	44.0	47.0	0.0	0.0	0.0	69.0	0.0	0.0	0.0	90.0	97.0	89.0	81.0	0.0	0.0	0.0	0.0	0.0	0.0	0.0	0.0	0.0	9.0	0.0	0.0	0.0	0.0	7.0	28.0	0.0	30.0	0.0	0.0	0.0	0.0	0.0	94.0	0.0	54.0	0.0	0.0	0.0	0.0	0.0	0.0	0.0	18.0	0.0	60.0	0.0	74.0	58.0	0.0	0.0	0.0	0.0	0.0	0.0	0.0	0.0	16.0	0.0	0.0	0.0	0.0	0.0	0.0	0.0	0.0	0.0	0.0	0.0	30.0
0.0	97.0	0.0	0.0	18.0	0.0	11.0	0.0	34.0	0.0	0.0	5.0	9.0	70.0	39.0	0.0	0.0	30.0	28.0	91.0	0.0	0.0	59.0	58.0	0.0	0.0	0.0	0.0	0.0	13.0	0.0	91.0	0.0	0.0	0.0	0.0	72.0	0.0	97.0	0.0	0.0	62.0	0.0	80.0	0.0	0.0	0.0	0.0	71.0	75.0	18.0	0.0	0.0	0.0	0.0	24.0	0.0	0.0	0.0	0.0	0.0	0.0	15.0	0.0	0.0	0.0	0.0	0.0	0.0	0.0	0.0	0.0	0.0	0.0	79.0	0.0	0.0	0.0	0.0	0.0	0.0	0.0	0.0	0.0	0.0	0.0	21.0	0.0	55.0	0.0	0.0	0.0	0.0	0.0	2.0	0.0	99.0	21.0	0.0	0.0	0.0	69.0	0.0	0.0	0.0	0.0	0.0	0.0	0.0	0.0	35.0	0.0	0.0	0.0	0.0
0.0	65.0	0.0	0.0	0.0	31.0	78.0	0.0	0.0	0.0	0.0	0.0	0.0	0.0	0.0	37.0	18.0	0.0	0.0	0.0	83.0	92.0	86.0	0.0	0.0	0.0	0.0	0.0	0.0	29.0	0.0	0.0	0.0	0.0	0.0	0.0	91.0	0.0	0.0	0.0	75.0	95.0	99.0	0.0	0.0	0.0	0.0	0.0	0.0	0.0	0.0	0.0	5.0	0.0	0.0	0.0	0.0	0.0	88.0	56.0	0.0	0.0	0.0	0.0	0.0	0.0	0.0	11.0	0.0	0.0	0.0	0.0	0.0	0.0	42.0	3.0	0.0	92.0	0.0	0.0	0.0	31.0	0.0	70.0	78.0	0.0	0.0	0.0	0.0	0.0	51.0	0.0	0.0	0.0	0.0	0.0	0.0	23.0	0.0	36.0	0.0	0.0	0.0	0.0	0.0	0.0	0.0	58.0	0.0	0.0	0.0	17.0	81.0	0.0
0.0	1.0	0.0	0.0	0.0	0.0	0.0	0.0	0.0	70.0	0.0	0.0	0.0	0.0	0.0	0.0	0.0	37.0	0.0	21.0	0.0	0.0	0.0	48.0	0.0	11.0	0.0	0.0	0.0	0.0	84.0	0.0	74.0	8.0	72.0	33.0	0.0	0.0	0.0	0.0	0.0	0.0	40.0	29.0	0.0	0.0	0.0	0.0	61.0	0.0	0.0	0.0	0.0	0.0	0.0	48.0	0.0	0.0	0.0	0.0	0.0	0.0	68.0	95.0	49.0	0.0	91.0	51.0	0.0	93.0	7.0	43.0	0.0	0.0	0.0	0.0	0.0	28.0	0.0	0.0	0.0	0.0	89.0	77.0	0.0	75.0	12.0	98.0	0.0	0.0	0.0	81.0	0.0	0.0	0.0	0.0	26.0	47.0	0.0	0.0	0.0	35.0	75.0	58.0	0.0	84.0	0.0	0.0	0.0	20.0	0.0	100.0	0.0
17.0	0.0	21.0	0.0	76.0	0.0	8.0	0.0	0.0	0.0	0.0	0.0	0.0	46.0	0.0	0.0	0.0	0.0	0.0	29.0	0.0	0.0	0.0	49.0	0.0	86.0	3.0	0.0	0.0	0.0	0.0	0.0	0.0	0.0	0.0	0.0	0.0	0.0	87.0	0.0	0.0	28.0	88.0	0.0	74.0	0.0	0.0	0.0	77.0	0.0	0.0	0.0	0.0	0.0	0.0	0.0	52.0	48.0	0.0	0.0	0.0	0.0	67.0	0.0	0.0	0.0	0.0	0.0	0.0	0.0	0.0	59.0	0.0	0.0	0.0	0.0	0.0	0.0	0.0	60.0	0.0	0.0	27.0	0.0	12.0	0.0	0.0	0.0	7.0	0.0	0.0	0.0	0.0	0.0	14.0	0.0	0.0	0.0	0.0	0.0	66.0	93.0	48.0	0.0	0.0	0.0	0.0	0.0	0.0	0.0	0.0	0.0
0.0	32.0	0.0	0.0	38.0	0.0	0.0	0.0	0.0	0.0	14.0	31.0	0.0	0.0	0.0	88.0	55.0	0.0	0.0	0.0	0.0	0.0	0.0	54.0	0.0	0.0	0.0	80.0	0.0	0.0	0.0	0.0	0.0	67.0	63.0	2.0	5.0	22.0	0.0	0.0	0.0	0.0	0.0	70.0	0.0	0.0	0.0	0.0	0.0	0.0	0.0	0.0	0.0	0.0	0.0	0.0	0.0	13.0	0.0	0.0	0.0	0.0	0.0	0.0	0.0	0.0	0.0	0.0	0.0	5.0	0.0	0.0	0.0	0.0	0.0	0.0	0.0	98.0	0.0	40.0	0.0	0.0	87.0	0.0	0.0	89.0	0.0	0.0	0.0	0.0	89.0	0.0	0.0	0.0	0.0	0.0	0.0	0.0	61.0	0.0	0.0	0.0	0.0	85.0	87.0	58.0	0.0	0.0	66.0	0.0	0.0
0.0	0.0	0.0	72.0	0.0	29.0	0.0	0.0	0.0	0.0	0.0	49.0	0.0	0.0	0.0	0.0	0.0	96.0	56.0	0.0	49.0	0.0	75.0	29.0	0.0	28.0	90.0	0.0	0.0	0.0	59.0	17.0	0.0	0.0	0.0	0.0	52.0	0.0	77.0	5.0	0.0	6.0	15.0	0.0	0.0	0.0	0.0	0.0	50.0	0.0	0.0	8.0	0.0	0.0	0.0	0.0	0.0	0.0	72.0	0.0	68.0	0.0	0.0	0.0	0.0	0.0	83.0	0.0	5.0	0.0	48.0	0.0	31.0	73.0	0.0	83.0	0.0	0.0	0.0	0.0	0.0	0.0	0.0	51.0	0.0	0.0	0.0	0.0	0.0	0.0	28.0	74.0	0.0	0.0	0.0	0.0	53.0	0.0	95.0	0.0	29.0	0.0	0.0	0.0	0.0	0.0	0.0	6.0	0.0	0.0
0.0	19.0	0.0	0.0	0.0	0.0	0.0	0.0	0.0	56.0	0.0	60.0	0.0	0.0	0.0	0.0	0.0	0.0	33.0	0.0	0.0	0.0	94.0	0.0	0.0	0.0	0.0	0.0	0.0	0.0	0.0	0.0	78.0	0.0	0.0	0.0	30.0	0.0	0.0	0.0	0.0	0.0	0.0	78.0	0.0	67.0	0.0	5.0	69.0	0.0	0.0	0.0	0.0	0.0	0.0	0.0	0.0	0.0	0.0	58.0	0.0	0.0	49.0	48.0	9.0	0.0	0.0	12.0	42.0	0.0	0.0	59.0	0.0	0.0	0.0	0.0	0.0	0.0	37.0	0.0	0.0	0.0	0.0	0.0	0.0	0.0	0.0	0.0	0.0	0.0	28.0	0.0	0.0	100.0	22.0	90.0	0.0	0.0	0.0	0.0	0.0	0.0	27.0	0.0	0.0	3.0	0.0	43.0	0.0
45.0	0.0	0.0	99.0	0.0	0.0	0.0	0.0	0.0	0.0	65.0	97.0	40.0	0.0	0.0	0.0	24.0	0.0	96.0	0.0	0.0	0.0	0.0	0.0	0.0	0.0	0.0	0.0	0.0	28.0	0.0	0.0	0.0	0.0	0.0	0.0	0.0	0.0	0.0	0.0	0.0	0.0	0.0	0.0	0.0	12.0	54.0	0.0	0.0	0.0	16.0	0.0	0.0	2.0	24.0	0.0	0.0	0.0	0.0	0.0	0.0	0.0	0.0	74.0	0.0	0.0	0.0	0.0	0.0	68.0	9.0	0.0	0.0	0.0	0.0	0.0	0.0	0.0	0.0	0.0	0.0	95.0	0.0	0.0	0.0	0.0	48.0	0.0	0.0	0.0	0.0	56.0	0.0	0.0	61.0	57.0	38.0	0.0	63.0	0.0	0.0	0.0	0.0	26.0	0.0	0.0	0.0	46.0
0.0	0.0	51.0	0.0	0.0	21.0	0.0	96.0	0.0	0.0	0.0	0.0	0.0	30.0	43.0	0.0	0.0	78.0	0.0	0.0	0.0	0.0	0.0	11.0	0.0	89.0	0.0	0.0	0.0	0.0	0.0	88.0	0.0	0.0	0.0	0.0	0.0	0.0	0.0	0.0	0.0	0.0	0.0	0.0	0.0	71.0	0.0	39.0	0.0	0.0	0.0	0.0	0.0	0.0	96.0	0.0	0.0	0.0	0.0	0.0	0.0	40.0	0.0	0.0	0.0	0.0	68.0	0.0	0.0	0.0	0.0	0.0	0.0	0.0	87.0	40.0	13.0	0.0	39.0	82.0	0.0	0.0	0.0	0.0	0.0	0.0	0.0	0.0	0.0	0.0	0.0	58.0	0.0	0.0	0.0	0.0	0.0	0.0	0.0	0.0	58.0	49.0	6.0	0.0	0.0	0.0	33.0
0.0	49.0	0.0	0.0	34.0	0.0	0.0	36.0	0.0	0.0	0.0	0.0	0.0	0.0	0.0	8.0	0.0	0.0	0.0	0.0	31.0	99.0	80.0	0.0	30.0	0.0	0.0	33.0	0.0	86.0	0.0	0.0	0.0	0.0	41.0	0.0	0.0	81.0	0.0	0.0	0.0	0.0	74.0	0.0	0.0	0.0	56.0	0.0	0.0	0.0	0.0	0.0	0.0	9.0	0.0	0.0	0.0	0.0	0.0	0.0	0.0	35.0	0.0	0.0	0.0	0.0	0.0	0.0	0.0	0.0	0.0	0.0	0.0	8.0	0.0	74.0	27.0	0.0	0.0	0.0	0.0	86.0	0.0	0.0	0.0	0.0	0.0	0.0	43.0	0.0	0.0	0.0	0.0	100.0	65.0	0.0	0.0	0.0	84.0	0.0	0.0	73.0	0.0	0.0	0.0	0.0
53.0	0.0	60.0	0.0	43.0	14.0	0.0	0.0	0.0	24.0	0.0	0.0	0.0	0.0	0.0	0.0	0.0	0.0	0.0	0.0	0.0	31.0	73.0	0.0	0.0	0.0	44.0	0.0	0.0	0.0	0.0	0.0	0.0	0.0	0.0	0.0	0.0	0.0	0.0	0.0	0.0	0.0	0.0	0.0	0.0	0.0	0.0	70.0	0.0	0.0	0.0	0.0	0.0	25.0	0.0	0.0	35.0	0.0	0.0	0.0	0.0	0.0	57.0	0.0	5.0	16.0	0.0	0.0	0.0	82.0	0.0	0.0	0.0	43.0	0.0	0.0	0.0	0.0	0.0	0.0	0.0	53.0	0.0	0.0	0.0	0.0	84.0	0.0	0.0	0.0	91.0	0.0	60.0	0.0	0.0	0.0	0.0	0.0	0.0	50.0	0.0	89.0	0.0	0.0	0.0
0.0	86.0	0.0	0.0	0.0	56.0	0.0	0.0	89.0	0.0	84.0	0.0	100.0	0.0	0.0	0.0	39.0	0.0	26.0	0.0	0.0	0.0	0.0	0.0	28.0	0.0	0.0	0.0	0.0	40.0	0.0	0.0	0.0	0.0	0.0	0.0	35.0	0.0	0.0	18.0	0.0	34.0	0.0	47.0	0.0	19.0	0.0	0.0	34.0	96.0	0.0	0.0	0.0	42.0	0.0	0.0	0.0	0.0	0.0	27.0	46.0	96.0	0.0	0.0	0.0	0.0	42.0	0.0	0.0	0.0	0.0	0.0	0.0	0.0	57.0	60.0	88.0	0.0	0.0	0.0	0.0	0.0	0.0	0.0	0.0	75.0	0.0	0.0	0.0	0.0	0.0	79.0	0.0	0.0	61.0	0.0	28.0	0.0	0.0	0.0	0.0	0.0	0.0	0.0
85.0	0.0	4.0	0.0	0.0	0.0	0.0	0.0	0.0	0.0	0.0	0.0	77.0	0.0	0.0	0.0	0.0	0.0	0.0	0.0	0.0	0.0	27.0	0.0	0.0	0.0	0.0	0.0	0.0	33.0	52.0	0.0	0.0	0.0	0.0	0.0	0.0	85.0	0.0	0.0	49.0	0.0	85.0	49.0	0.0	77.0	60.0	0.0	52.0	25.0	0.0	64.0	0.0	85.0	0.0	0.0	97.0	0.0	0.0	0.0	57.0	0.0	0.0	75.0	8.0	49.0	0.0	0.0	0.0	1.0	0.0	88.0	0.0	0.0	0.0	0.0	0.0	67.0	0.0	0.0	46.0	88.0	0.0	71.0	31.0	0.0	0.0	0.0	0.0	0.0	0.0	0.0	62.0	54.0	0.0	0.0	0.0	0.0	0.0	0.0	0.0	0.0	66.0
0.0	0.0	0.0	0.0	0.0	92.0	43.0	0.0	0.0	0.0	0.0	0.0	0.0	73.0	0.0	100.0	93.0	0.0	51.0	0.0	0.0	0.0	7.0	31.0	0.0	0.0	33.0	0.0	0.0	0.0	0.0	0.0	0.0	0.0	0.0	0.0	40.0	0.0	0.0	0.0	0.0	0.0	0.0	0.0	0.0	0.0	0.0	0.0	0.0	0.0	0.0	64.0	66.0	0.0	0.0	2.0	0.0	0.0	0.0	0.0	0.0	78.0	0.0	0.0	0.0	0.0	32.0	0.0	0.0	0.0	0.0	0.0	81.0	0.0	0.0	0.0	0.0	0.0	0.0	0.0	0.0	0.0	0.0	0.0	89.0	0.0	0.0	0.0	86.0	62.0	0.0	0.0	0.0	0.0	0.0	71.0	0.0	0.0	0.0	0.0	0.0	0.0
0.0	0.0	0.0	0.0	0.0	0.0	15.0	0.0	0.0	0.0	9.0	0.0	0.0	0.0	91.0	0.0	35.0	0.0	0.0	73.0	0.0	0.0	0.0	0.0	95.0	0.0	0.0	58.0	0.0	0.0	78.0	0.0	0.0	0.0	0.0	0.0	54.0	0.0	0.0	0.0	0.0	0.0	26.0	0.0	0.0	0.0	0.0	0.0	0.0	40.0	0.0	3.0	37.0	0.0	0.0	0.0	49.0	0.0	0.0	0.0	99.0	0.0	0.0	0.0	0.0	51.0	0.0	0.0	0.0	0.0	37.0	0.0	0.0	0.0	0.0	48.0	0.0	0.0	0.0	0.0	25.0	0.0	0.0	35.0	0.0	0.0	0.0	29.0	0.0	0.0	0.0	0.0	0.0	0.0	0.0	43.0	0.0	34.0	0.0	0.0	0.0
0.0	0.0	0.0	0.0	0.0	0.0	17.0	0.0	0.0	0.0	32.0	89.0	61.0	0.0	0.0	5.0	0.0	0.0	79.0	29.0	0.0	0.0	0.0	0.0	0.0	12.0	66.0	16.0	0.0	0.0	0.0	0.0	0.0	0.0	0.0	0.0	0.0	0.0	34.0	0.0	57.0	0.0	0.0	10.0	0.0	0.0	0.0	0.0	0.0	0.0	0.0	95.0	0.0	0.0	99.0	36.0	0.0	0.0	7.0	0.0	0.0	78.0	0.0	0.0	0.0	0.0	0.0	23.0	0.0	0.0	0.0	0.0	0.0	4.0	0.0	0.0	0.0	0.0	0.0	0.0	0.0	49.0	0.0	0.0	0.0	0.0	0.0	0.0	56.0	0.0	0.0	0.0	0.0	88.0	38.0	0.0	0.0	0.0	0.0	0.0
42.0	0.0	0.0	0.0	0.0	0.0	34.0	0.0	0.0	0.0	0.0	0.0	90.0	0.0	0.0	0.0	0.0	0.0	0.0	53.0	0.0	31.0	0.0	37.0	0.0	0.0	79.0	0.0	0.0	0.0	0.0	0.0	57.0	0.0	0.0	0.0	0.0	0.0	0.0	0.0	0.0	0.0	0.0	43.0	76.0	89.0	0.0	12.0	0.0	0.0	0.0	0.0	0.0	4.0	46.0	0.0	0.0	0.0	0.0	0.0	43.0	73.0	0.0	0.0	0.0	0.0	0.0	0.0	0.0	0.0	0.0	78.0	16.0	73.0	0.0	0.0	0.0	0.0	0.0	0.0	0.0	0.0	0.0	0.0	0.0	85.0	0.0	0.0	99.0	0.0	0.0	0.0	0.0	0.0	10.0	0.0	0.0	0.0	0.0
0.0	63.0	0.0	0.0	0.0	0.0	0.0	0.0	66.0	0.0	0.0	44.0	97.0	0.0	19.0	0.0	0.0	0.0	0.0	38.0	50.0	0.0	0.0	0.0	0.0	0.0	88.0	0.0	0.0	0.0	0.0	0.0	0.0	91.0	0.0	0.0	23.0	0.0	0.0	0.0	0.0	0.0	32.0	0.0	0.0	0.0	0.0	0.0	0.0	0.0	0.0	0.0	0.0	93.0	79.0	64.0	87.0	0.0	0.0	0.0	0.0	0.0	0.0	3.0	0.0	0.0	0.0	0.0	89.0	0.0	0.0	0.0	0.0	0.0	0.0	18.0	0.0	50.0	0.0	0.0	0.0	25.0	0.0	0.0	0.0	0.0	0.0	0.0	0.0	52.0	0.0	0.0	84.0	0.0	0.0	0.0	0.0	74.0
0.0	0.0	0.0	0.0	10.0	0.0	0.0	0.0	19.0	0.0	0.0	0.0	0.0	0.0	0.0	0.0	3.0	0.0	0.0	0.0	0.0	0.0	0.0	0.0	96.0	0.0	0.0	0.0	0.0	0.0	0.0	0.0	0.0	0.0	0.0	0.0	0.0	0.0	41.0	0.0	0.0	0.0	0.0	0.0	70.0	30.0	71.0	0.0	0.0	0.0	0.0	82.0	0.0	0.0	63.0	0.0	0.0	0.0	0.0	28.0	51.0	0.0	0.0	0.0	0.0	0.0	0.0	0.0	0.0	0.0	45.0	0.0	3.0	0.0	0.0	0.0	0.0	0.0	85.0	0.0	0.0	93.0	75.0	0.0	0.0	75.0	0.0	0.0	0.0	0.0	0.0	0.0	0.0	0.0	0.0	0.0	99.0
0.0	70.0	75.0	0.0	0.0	0.0	0.0	0.0	0.0	0.0	0.0	0.0	0.0	23.0	83.0	0.0	50.0	0.0	0.0	54.0	0.0	24.0	0.0	0.0	0.0	0.0	0.0	0.0	0.0	55.0	0.0	0.0	0.0	0.0	2.0	0.0	0.0	0.0	51.0	86.0	0.0	0.0	0.0	0.0	82.0	0.0	0.0	0.0	0.0	0.0	0.0	0.0	0.0	0.0	0.0	0.0	0.0	0.0	0.0	0.0	0.0	0.0	0.0	0.0	71.0	12.0	13.0	0.0	0.0	0.0	25.0	50.0	0.0	0.0	98.0	0.0	0.0	0.0	0.0	0.0	39.0	0.0	0.0	89.0	0.0	0.0	0.0	100.0	0.0	16.0	0.0	0.0	0.0	0.0	0.0	0.0
0.0	31.0	44.0	2.0	0.0	0.0	69.0	0.0	0.0	0.0	33.0	0.0	94.0	0.0	53.0	0.0	0.0	0.0	0.0	64.0	0.0	0.0	54.0	81.0	0.0	0.0	0.0	0.0	1.0	0.0	0.0	0.0	2.0	93.0	0.0	0.0	0.0	81.0	99.0	0.0	0.0	0.0	17.0	42.0	0.0	0.0	0.0	0.0	0.0	0.0	0.0	0.0	0.0	0.0	0.0	0.0	9.0	0.0	64.0	41.0	0.0	0.0	0.0	0.0	0.0	0.0	0.0	0.0	0.0	0.0	40.0	0.0	0.0	98.0	0.0	10.0	45.0	35.0	0.0	0.0	0.0	92.0	0.0	0.0	0.0	0.0	0.0	0.0	0.0	91.0	0.0	0.0	22.0	0.0	0.0
0.0	0.0	87.0	37.0	0.0	0.0	0.0	0.0	89.0	0.0	0.0	0.0	0.0	0.0	0.0	0.0	0.0	0.0	86.0	1.0	0.0	0.0	0.0	0.0	0.0	0.0	0.0	0.0	0.0	0.0	77.0	0.0	0.0	0.0	23.0	0.0	0.0	96.0	0.0	0.0	0.0	0.0	0.0	0.0	0.0	0.0	0.0	0.0	55.0	0.0	0.0	0.0	92.0	0.0	0.0	96.0	0.0	79.0	0.0	71.0	0.0	0.0	0.0	0.0	0.0	0.0	0.0	67.0	0.0	0.0	0.0	0.0	0.0	50.0	0.0	0.0	0.0	0.0	0.0	57.0	0.0	74.0	0.0	0.0	0.0	0.0	0.0	0.0	0.0	0.0	0.0	0.0	0.0	78.0
0.0	0.0	19.0	6.0	0.0	0.0	45.0	0.0	0.0	0.0	0.0	0.0	0.0	0.0	0.0	0.0	0.0	0.0	0.0	87.0	0.0	0.0	0.0	0.0	0.0	0.0	0.0	0.0	0.0	65.0	73.0	0.0	0.0	0.0	0.0	0.0	0.0	0.0	0.0	0.0	0.0	0.0	59.0	0.0	0.0	46.0	0.0	0.0	0.0	0.0	0.0	0.0	0.0	0.0	0.0	0.0	0.0	0.0	0.0	0.0	54.0	77.0	0.0	0.0	0.0	33.0	0.0	0.0	0.0	28.0	0.0	0.0	0.0	0.0	0.0	0.0	0.0	0.0	63.0	0.0	0.0	0.0	0.0	0.0	0.0	0.0	0.0	0.0	0.0	0.0	0.0	0.0	0.0
40.0	0.0	0.0	0.0	0.0	0.0	61.0	0.0	0.0	0.0	0.0	0.0	0.0	0.0	0.0	0.0	79.0	0.0	0.0	0.0	52.0	0.0	0.0	0.0	0.0	0.0	0.0	0.0	0.0	0.0	0.0	0.0	0.0	0.0	70.0	0.0	0.0	0.0	0.0	15.0	0.0	0.0	100.0	0.0	0.0	0.0	84.0	76.0	100.0	0.0	0.0	0.0	0.0	0.0	0.0	0.0	0.0	0.0	73.0	0.0	0.0	0.0	0.0	0.0	0.0	0.0	4.0	0.0	0.0	0.0	0.0	32.0	0.0	0.0	0.0	0.0	53.0	0.0	0.0	90.0	0.0	0.0	0.0	0.0	94.0	0.0	0.0	0.0	0.0	0.0	59.0	0.0
0.0	0.0	0.0	0.0	0.0	0.0	0.0	0.0	0.0	52.0	0.0	0.0	73.0	0.0	31.0	0.0	14.0	0.0	0.0	0.0	0.0	0.0	0.0	17.0	0.0	0.0	0.0	0.0	33.0	0.0	0.0	0.0	0.0	0.0	0.0	0.0	0.0	97.0	0.0	0.0	77.0	0.0	0.0	0.0	72.0	0.0	0.0	0.0	78.0	15.0	55.0	71.0	0.0	0.0	95.0	0.0	0.0	0.0	0.0	91.0	0.0	0.0	0.0	0.0	0.0	79.0	0.0	91.0	0.0	0.0	0.0	87.0	93.0	0.0	0.0	0.0	0.0	0.0	0.0	93.0	0.0	10.0	95.0	0.0	0.0	60.0	0.0	0.0	0.0	0.0	0.0
11.0	81.0	0.0	0.0	100.0	0.0	0.0	0.0	0.0	0.0	0.0	0.0	0.0	30.0	70.0	42.0	0.0	0.0	0.0	0.0	0.0	43.0	16.0	69.0	0.0	0.0	0.0	28.0	0.0	0.0	0.0	0.0	0.0	75.0	0.0	33.0	0.0	0.0	0.0	0.0	0.0	0.0	0.0	0.0	0.0	0.0	0.0	76.0	0.0	0.0	15.0	0.0	0.0	0.0	0.0	0.0	0.0	0.0	0.0	0.0	0.0	0.0	0.0	16.0	75.0	0.0	0.0	58.0	0.0	0.0	11.0	91.0	91.0	0.0	0.0	0.0	54.0	0.0	0.0	54.0	0.0	56.0	0.0	0.0	0.0	0.0	0.0	69.0	99.0	0.0
0.0	0.0	75.0	0.0	0.0	91.0	0.0	72.0	0.0	0.0	12.0	46.0	86.0	0.0	0.0	82.0	0.0	0.0	0.0	0.0	0.0	0.0	0.0	0.0	75.0	0.0	0.0	28.0	0.0	20.0	0.0	29.0	0.0	34.0	0.0	0.0	0.0	0.0	80.0	0.0	23.0	0.0	29.0	0.0	0.0	0.0	0.0	52.0	0.0	0.0	0.0	0.0	0.0	0.0	0.0	0.0	0.0	67.0	0.0	0.0	74.0	0.0	0.0	0.0	0.0	0.0	0.0	0.0	0.0	0.0	0.0	0.0	0.0	0.0	51.0	46.0	0.0	0.0	0.0	0.0	0.0	0.0	0.0	0.0	0.0	57.0	45.0	23.0	0.0
65.0	30.0	0.0	0.0	27.0	0.0	0.0	0.0	0.0	34.0	0.0	22.0	0.0	0.0	0.0	0.0	0.0	0.0	0.0	0.0	0.0	0.0	0.0	0.0	0.0	0.0	0.0	0.0	0.0	0.0	0.0	0.0	0.0	0.0	92.0	0.0	0.0	0.0	10.0	6.0	0.0	54.0	0.0	0.0	0.0	0.0	0.0	0.0	0.0	0.0	0.0	65.0	0.0	0.0	23.0	30.0	0.0	59.0	57.0	0.0	0.0	0.0	0.0	0.0	0.0	0.0	99.0	7.0	0.0	0.0	0.0	31.0	0.0	0.0	0.0	84.0	77.0	0.0	0.0	0.0	91.0	0.0	0.0	91.0	0.0	0.0	0.0	0.0
0.0	0.0	0.0	0.0	29.0	18.0	0.0	0.0	45.0	0.0	7.0	47.0	0.0	0.0	0.0	0.0	0.0	0.0	0.0	0.0	0.0	0.0	0.0	50.0	0.0	0.0	0.0	0.0	0.0	0.0	0.0	41.0	24.0	86.0	0.0	0.0	0.0	30.0	0.0	0.0	98.0	0.0	0.0	0.0	0.0	0.0	0.0	0.0	0.0	0.0	25.0	27.0	0.0	0.0	0.0	0.0	0.0	0.0	0.0	0.0	0.0	0.0	0.0	0.0	6.0	15.0	0.0	0.0	0.0	3.0	85.0	0.0	78.0	0.0	0.0	15.0	0.0	0.0	0.0	0.0	0.0	0.0	0.0	0.0	0.0	0.0	0.0
0.0	89.0	0.0	0.0	0.0	0.0	0.0	0.0	15.0	65.0	0.0	0.0	69.0	0.0	0.0	0.0	0.0	0.0	5.0	0.0	0.0	0.0	0.0	0.0	17.0	0.0	0.0	0.0	0.0	0.0	0.0	0.0	0.0	0.0	92.0	0.0	0.0	0.0	0.0	86.0	0.0	0.0	0.0	0.0	0.0	7.0	0.0	89.0	0.0	0.0	0.0	38.0	69.0	0.0	82.0	0.0	0.0	0.0	44.0	57.0	10.0	0.0	0.0	0.0	0.0	0.0	0.0	0.0	0.0	0.0	0.0	12.0	0.0	0.0	0.0	0.0	0.0	0.0	0.0	0.0	0.0	0.0	0.0	0.0	13.0	0.0
0.0	0.0	0.0	25.0	0.0	0.0	0.0	0.0	0.0	0.0	0.0	0.0	0.0	0.0	39.0	0.0	0.0	46.0	0.0	0.0	0.0	0.0	0.0	46.0	0.0	42.0	0.0	0.0	0.0	18.0	0.0	0.0	0.0	0.0	0.0	0.0	77.0	0.0	0.0	0.0	0.0	0.0	0.0	24.0	0.0	0.0	0.0	0.0	0.0	0.0	0.0	56.0	0.0	0.0	0.0	0.0	0.0	0.0	0.0	0.0	0.0	0.0	0.0	66.0	26.0	0.0	0.0	67.0	40.0	0.0	0.0	92.0	64.0	0.0	10.0	0.0	0.0	0.0	0.0	0.0	0.0	24.0	0.0	0.0	0.0
0.0	0.0	89.0	0.0	20.0	0.0	0.0	0.0	63.0	57.0	0.0	0.0	0.0	52.0	0.0	0.0	0.0	0.0	62.0	0.0	0.0	76.0	0.0	0.0	0.0	0.0	0.0	0.0	84.0	0.0	0.0	0.0	0.0	37.0	0.0	0.0	0.0	0.0	0.0	85.0	0.0	0.0	0.0	0.0	0.0	0.0	0.0	0.0	11.0	0.0	0.0	0.0	0.0	0.0	0.0	9.0	0.0	0.0	0.0	0.0	0.0	0.0	0.0	0.0	50.0	18.0	0.0	0.0	0.0	0.0	0.0	73.0	86.0	0.0	0.0	0.0	0.0	17.0	0.0	0.0	0.0	0.0	0.0	0.0
0.0	0.0	0.0	0.0	0.0	0.0	0.0	91.0	0.0	0.0	0.0	0.0	48.0	0.0	0.0	0.0	0.0	0.0	38.0	0.0	0.0	71.0	0.0	58.0	0.0	93.0	0.0	0.0	73.0	0.0	48.0	0.0	0.0	0.0	0.0	0.0	0.0	0.0	0.0	0.0	0.0	0.0	97.0	0.0	62.0	18.0	0.0	0.0	0.0	83.0	1.0	0.0	0.0	19.0	0.0	95.0	0.0	37.0	0.0	56.0	0.0	83.0	0.0	0.0	0.0	0.0	0.0	0.0	0.0	0.0	0.0	0.0	0.0	0.0	74.0	0.0	61.0	0.0	0.0	0.0	0.0	0.0	6.0
0.0	0.0	0.0	0.0	31.0	0.0	20.0	0.0	51.0	0.0	0.0	0.0	0.0	0.0	0.0	0.0	79.0	0.0	0.0	5.0	0.0	0.0	0.0	0.0	46.0	0.0	0.0	0.0	100.0	0.0	0.0	0.0	0.0	0.0	0.0	0.0	0.0	0.0	0.0	0.0	0.0	0.0	0.0	8.0	0.0	0.0	0.0	0.0	0.0	0.0	23.0	3.0	0.0	0.0	0.0	0.0	0.0	0.0	45.0	0.0	0.0	0.0	71.0	0.0	0.0	83.0	0.0	0.0	0.0	43.0	0.0	0.0	0.0	0.0	76.0	62.0	0.0	0.0	0.0	0.0	86.0	0.0
0.0	0.0	0.0	0.0	0.0	0.0	0.0	0.0	96.0	0.0	0.0	0.0	39.0	0.0	0.0	0.0	0.0	0.0	0.0	88.0	0.0	0.0	0.0	0.0	0.0	0.0	0.0	92.0	0.0	56.0	78.0	80.0	0.0	23.0	0.0	0.0	0.0	75.0	0.0	0.0	37.0	0.0	0.0	0.0	0.0	0.0	71.0	0.0	0.0	0.0	0.0	67.0	0.0	0.0	0.0	0.0	0.0	71.0	0.0	17.0	0.0	0.0	0.0	23.0	0.0	0.0	0.0	0.0	0.0	0.0	52.0	0.0	0.0	0.0	0.0	0.0	1.0	0.0	0.0	0.0	75.0
68.0	0.0	0.0	0.0	0.0	0.0	0.0	0.0	0.0	0.0	0.0	0.0	0.0	0.0	0.0	0.0	0.0	0.0	0.0	0.0	0.0	0.0	0.0	0.0	0.0	0.0	0.0	0.0	0.0	0.0	0.0	45.0	0.0	56.0	30.0	0.0	61.0	0.0	0.0	0.0	0.0	30.0	10.0	0.0	56.0	0.0	97.0	0.0	0.0	0.0	0.0	0.0	0.0	35.0	88.0	0.0	0.0	19.0	98.0	0.0	27.0	0.0	0.0	62.0	34.0	0.0	0.0	24.0	61.0	0.0	0.0	0.0	0.0	0.0	0.0	0.0	0.0	1.0	0.0	32.0
0.0	0.0	0.0	0.0	0.0	0.0	0.0	0.0	0.0	0.0	0.0	0.0	0.0	27.0	78.0	0.0	0.0	0.0	0.0	0.0	0.0	0.0	73.0	0.0	0.0	34.0	0.0	0.0	0.0	0.0	35.0	0.0	45.0	97.0	0.0	0.0	0.0	2.0	42.0	0.0	0.0	0.0	0.0	0.0	6.0	80.0	14.0	0.0	4.0	0.0	9.0	0.0	99.0	0.0	0.0	0.0	0.0	0.0	0.0	53.0	0.0	0.0	0.0	0.0	0.0	25.0	40.0	0.0	0.0	0.0	0.0	0.0	7.0	82.0	0.0	28.0	0.0	0.0	0.0
0.0	0.0	0.0	0.0	0.0	0.0	0.0	0.0	0.0	66.0	0.0	0.0	0.0	0.0	68.0	96.0	0.0	0.0	0.0	30.0	0.0	0.0	0.0	0.0	85.0	0.0	0.0	0.0	0.0	0.0	28.0	0.0	0.0	60.0	0.0	0.0	48.0	0.0	0.0	0.0	0.0	0.0	57.0	82.0	0.0	0.0	0.0	0.0	0.0	62.0	6.0	0.0	0.0	0.0	0.0	23.0	56.0	0.0	73.0	0.0	41.0	0.0	0.0	65.0	12.0	0.0	0.0	88.0	0.0	0.0	0.0	0.0	0.0	0.0	0.0	0.0	61.0	0.0
0.0	0.0	0.0	83.0	0.0	56.0	0.0	0.0	0.0	0.0	0.0	62.0	0.0	93.0	0.0	7.0	0.0	0.0	0.0	0.0	66.0	0.0	41.0	0.0	0.0	20.0	0.0	82.0	0.0	0.0	0.0	0.0	67.0	0.0	0.0	76.0	0.0	30.0	0.0	0.0	0.0	0.0	0.0	0.0	0.0	0.0	0.0	91.0	5.0	61.0	0.0	0.0	0.0	0.0	0.0	0.0	13.0	0.0	0.0	62.0	0.0	14.0	0.0	0.0	0.0	0.0	0.0	0.0	51.0	0.0	0.0	0.0	0.0	79.0	0.0	0.0	0.0
0.0	9.0	0.0	0.0	0.0	0.0	0.0	0.0	0.0	0.0	0.0	0.0	0.0	0.0	0.0	86.0	0.0	0.0	0.0	0.0	0.0	0.0	3.0	0.0	0.0	0.0	0.0	0.0	0.0	0.0	0.0	0.0	38.0	0.0	0.0	60.0	76.0	0.0	0.0	0.0	0.0	0.0	0.0	0.0	0.0	0.0	0.0	0.0	0.0	0.0	0.0	0.0	0.0	0.0	0.0	24.0	0.0	0.0	0.0	98.0	22.0	83.0	0.0	0.0	56.0	0.0	80.0	0.0	82.0	0.0	0.0	0.0	0.0	84.0	60.0	29.0
97.0	78.0	10.0	0.0	0.0	19.0	0.0	0.0	44.0	0.0	0.0	0.0	0.0	0.0	0.0	0.0	37.0	0.0	0.0	0.0	0.0	0.0	98.0	0.0	0.0	27.0	0.0	30.0	0.0	0.0	0.0	0.0	0.0	14.0	0.0	91.0	64.0	0.0	0.0	0.0	46.0	53.0	0.0	0.0	9.0	0.0	0.0	39.0	81.0	0.0	96.0	0.0	0.0	84.0	34.0	38.0	7.0	0.0	0.0	0.0	59.0	0.0	0.0	0.0	54.0	43.0	0.0	28.0	0.0	0.0	0.0	0.0	0.0	0.0	98.0
0.0	3.0	0.0	67.0	6.0	0.0	8.0	0.0	0.0	0.0	0.0	0.0	73.0	0.0	78.0	1.0	77.0	0.0	0.0	0.0	80.0	0.0	38.0	0.0	0.0	49.0	0.0	0.0	0.0	0.0	0.0	12.0	0.0	59.0	0.0	0.0	0.0	0.0	0.0	32.0	51.0	0.0	0.0	0.0	0.0	10.0	18.0	82.0	0.0	0.0	0.0	17.0	0.0	0.0	0.0	0.0	0.0	35.0	79.0	0.0	0.0	0.0	0.0	0.0	0.0	8.0	25.0	0.0	0.0	0.0	0.0	53.0	0.0	0.0
0.0	36.0	100.0	0.0	0.0	84.0	0.0	0.0	76.0	0.0	0.0	0.0	0.0	0.0	15.0	0.0	0.0	99.0	0.0	0.0	0.0	98.0	0.0	0.0	0.0	53.0	0.0	0.0	0.0	28.0	47.0	98.0	87.0	0.0	87.0	0.0	0.0	0.0	0.0	40.0	0.0	0.0	0.0	0.0	0.0	0.0	0.0	0.0	0.0	54.0	52.0	0.0	0.0	0.0	0.0	30.0	0.0	0.0	0.0	100.0	0.0	0.0	0.0	0.0	0.0	0.0	0.0	42.0	52.0	0.0	0.0	0.0	0.0
0.0	41.0	0.0	0.0	1.0	0.0	0.0	0.0	0.0	20.0	0.0	0.0	0.0	0.0	0.0	0.0	0.0	0.0	0.0	0.0	1.0	44.0	0.0	29.0	0.0	0.0	0.0	0.0	0.0	0.0	0.0	0.0	34.0	0.0	0.0	25.0	17.0	0.0	0.0	0.0	0.0	52.0	0.0	0.0	0.0	0.0	48.0	0.0	0.0	0.0	48.0	0.0	0.0	0.0	0.0	62.0	0.0	0.0	0.0	69.0	0.0	0.0	40.0	34.0	21.0	0.0	0.0	0.0	77.0	0.0	0.0	0.0
0.0	0.0	17.0	93.0	0.0	0.0	0.0	0.0	50.0	0.0	0.0	0.0	0.0	7.0	0.0	0.0	11.0	0.0	0.0	0.0	31.0	0.0	0.0	71.0	0.0	72.0	95.0	0.0	0.0	43.0	0.0	0.0	0.0	0.0	0.0	0.0	0.0	6.0	0.0	0.0	0.0	0.0	0.0	0.0	0.0	0.0	72.0	0.0	0.0	1.0	81.0	0.0	0.0	0.0	0.0	0.0	14.0	0.0	0.0	0.0	0.0	0.0	0.0	0.0	0.0	51.0	0.0	0.0	77.0	70.0	0.0
0.0	0.0	40.0	0.0	20.0	0.0	0.0	0.0	0.0	0.0	33.0	33.0	0.0	59.0	0.0	0.0	0.0	0.0	0.0	94.0	0.0	16.0	0.0	0.0	69.0	59.0	0.0	0.0	0.0	0.0	95.0	0.0	0.0	0.0	0.0	3.0	0.0	0.0	0.0	0.0	0.0	0.0	0.0	0.0	99.0	0.0	0.0	3.0	85.0	0.0	0.0	0.0	0.0	0.0	91.0	27.0	65.0	0.0	0.0	0.0	0.0	15.0	0.0	78.0	0.0	0.0	0.0	0.0	0.0	0.0
0.0	0.0	57.0	6.0	0.0	3.0	59.0	0.0	0.0	70.0	0.0	0.0	49.0	0.0	0.0	0.0	0.0	0.0	0.0	0.0	97.0	75.0	0.0	0.0	0.0	0.0	11.0	98.0	0.0	0.0	86.0	80.0	0.0	0.0	0.0	0.0	0.0	0.0	12.0	0.0	12.0	0.0	25.0	0.0	68.0	0.0	0.0	0.0	0.0	0.0	0.0	0.0	0.0	80.0	0.0	89.0	0.0	75.0	0.0	0.0	0.0	0.0	0.0	56.0	0.0	0.0	91.0	0.0	0.0
0.0	0.0	74.0	0.0	0.0	0.0	81.0	21.0	0.0	0.0	0.0	97.0	20.0	60.0	64.0	14.0	59.0	14.0	0.0	96.0	0.0	0.0	0.0	0.0	0.0	0.0	0.0	38.0	0.0	0.0	0.0	39.0	77.0	0.0	0.0	0.0	0.0	0.0	55.0	0.0	46.0	0.0	0.0	0.0	0.0	99.0	41.0	31.0	98.0	0.0	0.0	0.0	21.0	20.0	0.0	0.0	28.0	0.0	45.0	0.0	0.0	0.0	73.0	0.0	0.0	0.0	0.0	0.0
0.0	0.0	40.0	0.0	0.0	0.0	22.0	0.0	0.0	24.0	0.0	0.0	0.0	0.0	0.0	0.0	0.0	34.0	24.0	0.0	0.0	0.0	0.0	0.0	0.0	0.0	0.0	8.0	0.0	0.0	54.0	0.0	0.0	0.0	0.0	0.0	0.0	92.0	0.0	0.0	0.0	0.0	0.0	0.0	69.0	0.0	0.0	0.0	58.0	0.0	0.0	1.0	0.0	0.0	0.0	0.0	59.0	0.0	0.0	0.0	0.0	0.0	16.0	0.0	0.0	0.0	0.0
0.0	6.0	0.0	27.0	0.0	0.0	0.0	0.0	0.0	0.0	0.0	71.0	0.0	62.0	0.0	0.0	0.0	0.0	0.0	0.0	0.0	0.0	0.0	0.0	53.0	0.0	0.0	0.0	0.0	0.0	28.0	0.0	0.0	0.0	54.0	0.0	0.0	0.0	0.0	0.0	83.0	29.0	63.0	0.0	0.0	0.0	0.0	0.0	0.0	0.0	0.0	0.0	0.0	0.0	0.0	0.0	0.0	0.0	0.0	0.0	0.0	0.0	0.0	0.0	0.0	0.0
0.0	85.0	0.0	0.0	75.0	0.0	0.0	0.0	0.0	0.0	0.0	86.0	0.0	0.0	0.0	0.0	0.0	79.0	0.0	0.0	15.0	0.0	0.0	0.0	0.0	0.0	0.0	0.0	0.0	0.0	0.0	0.0	0.0	0.0	0.0	69.0	65.0	0.0	0.0	0.0	0.0	0.0	0.0	0.0	0.0	97.0	49.0	0.0	0.0	53.0	78.0	0.0	42.0	0.0	0.0	97.0	0.0	24.0	0.0	0.0	0.0	0.0	0.0	14.0	0.0
0.0	79.0	2.0	0.0	0.0	0.0	0.0	0.0	0.0	0.0	0.0	0.0	21.0	0.0	0.0	0.0	0.0	24.0	0.0	0.0	0.0	0.0	1.0	0.0	0.0	21.0	19.0	37.0	55.0	0.0	0.0	0.0	48.0	0.0	0.0	0.0	0.0	0.0	0.0	0.0	0.0	0.0	0.0	0.0	0.0	0.0	0.0	99.0	0.0	0.0	0.0	0.0	0.0	79.0	0.0	71.0	0.0	0.0	0.0	40.0	0.0	0.0	100.0	42.0
0.0	0.0	0.0	0.0	0.0	0.0	0.0	0.0	0.0	0.0	0.0	0.0	0.0	0.0	0.0	0.0	87.0	0.0	0.0	88.0	0.0	0.0	0.0	98.0	0.0	0.0	0.0	0.0	0.0	61.0	0.0	0.0	79.0	0.0	0.0	0.0	0.0	40.0	0.0	0.0	46.0	0.0	75.0	0.0	0.0	0.0	62.0	0.0	0.0	0.0	0.0	0.0	0.0	0.0	0.0	40.0	0.0	0.0	5.0	0.0	0.0	0.0	0.0
0.0	0.0	0.0	0.0	0.0	0.0	0.0	0.0	0.0	36.0	0.0	23.0	0.0	38.0	0.0	86.0	0.0	0.0	61.0	0.0	69.0	0.0	0.0	0.0	0.0	0.0	40.0	0.0	0.0	0.0	0.0	0.0	0.0	0.0	47.0	0.0	70.0	74.0	0.0	24.0	17.0	0.0	0.0	0.0	10.0	0.0	0.0	0.0	0.0	0.0	0.0	31.0	0.0	67.0	63.0	0.0	0.0	0.0	0.0	0.0	0.0	0.0
0.0	0.0	50.0	0.0	73.0	0.0	0.0	0.0	0.0	0.0	38.0	0.0	0.0	0.0	0.0	0.0	0.0	0.0	7.0	0.0	0.0	71.0	0.0	54.0	0.0	0.0	0.0	0.0	0.0	36.0	70.0	0.0	0.0	91.0	0.0	3.0	0.0	0.0	0.0	0.0	0.0	0.0	0.0	0.0	0.0	0.0	0.0	0.0	54.0	0.0	0.0	11.0	45.0	0.0	0.0	1.0	0.0	0.0	0.0	0.0	0.0
28.0	0.0	0.0	0.0	0.0	0.0	0.0	0.0	0.0	18.0	0.0	0.0	0.0	0.0	0.0	0.0	0.0	49.0	69.0	0.0	85.0	54.0	0.0	0.0	0.0	0.0	0.0	0.0	74.0	0.0	0.0	66.0	0.0	0.0	14.0	0.0	71.0	34.0	0.0	12.0	100.0	0.0	0.0	0.0	0.0	0.0	58.0	0.0	0.0	0.0	0.0	0.0	0.0	0.0	0.0	0.0	7.0	0.0	0.0	0.0
0.0	0.0	0.0	0.0	0.0	0.0	0.0	98.0	16.0	0.0	0.0	0.0	0.0	0.0	59.0	60.0	23.0	0.0	15.0	0.0	0.0	0.0	72.0	0.0	31.0	99.0	0.0	92.0	0.0	3.0	0.0	0.0	0.0	0.0	0.0	0.0	0.0	0.0	0.0	0.0	0.0	0.0	0.0	54.0	7.0	0.0	0.0	0.0	8.0	0.0	42.0	0.0	0.0	77.0	0.0	0.0	63.0	4.0	0.0
88.0	0.0	0.0	0.0	55.0	0.0	0.0	0.0	0.0	74.0	0.0	57.0	0.0	0.0	0.0	38.0	61.0	0.0	0.0	0.0	0.0	25.0	32.0	0.0	0.0	0.0	30.0	0.0	0.0	0.0	0.0	54.0	0.0	0.0	0.0	0.0	90.0	0.0	13.0	0.0	0.0	79.0	17.0	0.0	25.0	94.0	0.0	34.0	0.0	0.0	0.0	0.0	0.0	0.0	98.0	0.0	0.0	0.0
0.0	0.0	0.0	0.0	0.0	0.0	36.0	0.0	0.0	0.0	92.0	0.0	62.0	38.0	0.0	0.0	0.0	0.0	0.0	0.0	0.0	0.0	0.0	0.0	0.0	0.0	0.0	77.0	0.0	0.0	0.0	42.0	0.0	0.0	0.0	57.0	0.0	0.0	0.0	0.0	0.0	49.0	6.0	0.0	0.0	0.0	54.0	98.0	0.0	46.0	51.0	0.0	0.0	0.0	80.0	76.0	0.0
0.0	0.0	7.0	0.0	6.0	27.0	0.0	19.0	0.0	0.0	0.0	0.0	77.0	0.0	68.0	0.0	0.0	88.0	0.0	0.0	0.0	0.0	0.0	0.0	92.0	0.0	65.0	0.0	0.0	98.0	0.0	0.0	0.0	0.0	0.0	0.0	54.0	0.0	0.0	74.0	0.0	0.0	42.0	0.0	64.0	0.0	0.0	0.0	0.0	0.0	0.0	100.0	0.0	0.0	0.0	67.0
0.0	0.0	0.0	0.0	0.0	0.0	0.0	0.0	0.0	0.0	76.0	54.0	0.0	0.0	0.0	0.0	0.0	0.0	0.0	0.0	15.0	0.0	0.0	0.0	0.0	94.0	0.0	0.0	0.0	25.0	0.0	51.0	0.0	8.0	0.0	0.0	70.0	0.0	42.0	0.0	0.0	25.0	0.0	0.0	0.0	83.0	6.0	0.0	0.0	97.0	88.0	0.0	0.0	0.0	0.0
0.0	0.0	0.0	0.0	0.0	0.0	0.0	44.0	0.0	79.0	24.0	0.0	0.0	0.0	66.0	0.0	0.0	0.0	0.0	0.0	0.0	87.0	0.0	0.0	0.0	88.0	0.0	0.0	0.0	0.0	0.0	0.0	0.0	0.0	0.0	0.0	0.0	0.0	0.0	0.0	0.0	0.0	0.0	0.0	0.0	0.0	0.0	87.0	0.0	25.0	0.0	0.0	89.0	0.0
0.0	0.0	0.0	0.0	0.0	5.0	0.0	0.0	0.0	0.0	67.0	0.0	0.0	0.0	5.0	0.0	0.0	0.0	0.0	0.0	0.0	63.0	0.0	0.0	48.0	0.0	32.0	19.0	37.0	0.0	12.0	0.0	0.0	27.0	0.0	0.0	0.0	0.0	57.0	0.0	0.0	0.0	35.0	0.0	20.0	0.0	0.0	0.0	0.0	0.0	0.0	57.0	0.0
79.0	64.0	0.0	82.0	0.0	0.0	0.0	47.0	17.0	59.0	0.0	0.0	0.0	0.0	0.0	0.0	65.0	1.0	0.0	0.0	84.0	0.0	0.0	0.0	10.0	0.0	0.0	0.0	0.0	51.0	0.0	0.0	0.0	0.0	13.0	0.0	0.0	64.0	87.0	0.0	59.0	0.0	0.0	57.0	0.0	34.0	0.0	0.0	0.0	0.0	0.0	0.0
0.0	0.0	0.0	79.0	0.0	0.0	0.0	0.0	91.0	96.0	0.0	0.0	42.0	0.0	0.0	0.0	59.0	0.0	0.0	0.0	0.0	24.0	0.0	0.0	0.0	0.0	49.0	0.0	0.0	0.0	0.0	0.0	0.0	75.0	0.0	0.0	19.0	57.0	0.0	0.0	0.0	0.0	0.0	34.0	0.0	0.0	0.0	20.0	0.0	10.0	0.0
21.0	0.0	7.0	0.0	0.0	0.0	0.0	28.0	0.0	0.0	0.0	0.0	0.0	14.0	0.0	0.0	33.0	0.0	33.0	0.0	0.0	0.0	95.0	0.0	0.0	0.0	0.0	0.0	26.0	0.0	76.0	0.0	0.0	0.0	23.0	0.0	0.0	0.0	0.0	56.0	0.0	0.0	46.0	0.0	0.0	0.0	0.0	66.0	0.0	12.0
0.0	0.0	0.0	0.0	18.0	0.0	0.0	49.0	0.0	0.0	0.0	0.0	84.0	19.0	0.0	52.0	0.0	98.0	77.0	98.0	0.0	11.0	0.0	0.0	0.0	0.0	0.0	0.0	0.0	0.0	29.0	22.0	0.0	0.0	0.0	67.0	0.0	0.0	0.0	0.0	68.0	0.0	0.0	0.0	0.0	0.0	0.0	0.0	0.0
0.0	0.0	5.0	0.0	0.0	0.0	0.0	0.0	99.0	0.0	0.0	100.0	0.0	0.0	28.0	96.0	0.0	0.0	26.0	0.0	0.0	0.0	0.0	0.0	0.0	0.0	83.0	0.0	95.0	0.0	0.0	59.0	0.0	0.0	0.0	0.0	79.0	0.0	0.0	0.0	0.0	0.0	0.0	0.0	0.0	0.0	0.0	0.0
13.0	45.0	32.0	18.0	84.0	0.0	93.0	0.0	12.0	0.0	0.0	0.0	0.0	91.0	0.0	5.0	0.0	16.0	34.0	0.0	10.0	0.0	87.0	0.0	0.0	0.0	96.0	0.0	0.0	0.0	0.0	0.0	43.0	55.0	0.0	33.0	0.0	46.0	0.0	0.0	0.0	0.0	0.0	0.0	0.0	0.0	0.0
83.0	0.0	0.0	0.0	27.0	34.0	58.0	0.0	59.0	0.0	0.0	14.0	0.0	16.0	0.0	0.0	89.0	0.0	0.0	40.0	0.0	0.0	0.0	0.0	0.0	0.0	0.0	0.0	31.0	0.0	10.0	0.0	0.0	0.0	0.0	0.0	0.0	0.0	0.0	0.0	0.0	0.0	0.0	0.0	0.0	0.0
56.0	0.0	0.0	0.0	0.0	85.0	0.0	0.0	0.0	0.0	0.0	12.0	0.0	0.0	89.0	0.0	0.0	0.0	0.0	0.0	0.0	100.0	51.0	0.0	0.0	0.0	0.0	0.0	44.0	84.0	0.0	0.0	98.0	68.0	0.0	0.0	0.0	81.0	0.0	0.0	0.0	0.0	51.0	80.0	0.0
0.0	0.0	0.0	0.0	0.0	0.0	72.0	0.0	0.0	0.0	0.0	0.0	51.0	0.0	0.0	0.0	93.0	77.0	47.0	0.0	0.0	0.0	0.0	0.0	0.0	77.0	0.0	23.0	0.0	0.0	56.0	82.0	0.0	0.0	0.0	53.0	0.0	0.0	13.0	0.0	0.0	44.0	0.0	11.0
15.0	0.0	0.0	0.0	0.0	0.0	0.0	17.0	0.0	0.0	0.0	0.0	0.0	0.0	0.0	0.0	0.0	0.0	17.0	0.0	0.0	0.0	4.0	0.0	0.0	0.0	0.0	0.0	0.0	0.0	0.0	100.0	54.0	42.0	54.0	0.0	0.0	0.0	0.0	0.0	94.0	0.0	0.0
0.0	95.0	0.0	0.0	0.0	0.0	0.0	0.0	0.0	0.0	0.0	10.0	0.0	0.0	0.0	0.0	7.0	0.0	38.0	0.0	0.0	0.0	37.0	0.0	84.0	0.0	0.0	0.0	0.0	0.0	0.0	0.0	0.0	0.0	32.0	0.0	0.0	0.0	0.0	0.0	0.0	0.0
0.0	0.0	0.0	0.0	0.0	0.0	46.0	97.0	0.0	0.0	0.0	95.0	0.0	58.0	0.0	0.0	0.0	0.0	0.0	0.0	0.0	0.0	0.0	62.0	0.0	0.0	0.0	0.0	96.0	0.0	95.0	0.0	69.0	0.0	0.0	1.0	78.0	0.0	0.0	0.0	0.0
0.0	0.0	0.0	0.0	0.0	0.0	0.0	0.0	0.0	12.0	5.0	0.0	0.0	11.0	0.0	23.0	0.0	0.0	0.0	0.0	86.0	81.0	0.0	28.0	0.0	0.0	0.0	1.0	0.0	0.0	0.0	4.0	57.0	58.0	0.0	0.0	0.0	80.0	0.0	0.0
70.0	90.0	0.0	18.0	0.0	0.0	0.0	0.0	0.0	0.0	0.0	0.0	0.0	0.0	0.0	0.0	7.0	0.0	0.0	0.0	73.0	0.0	21.0	0.0	0.0	0.0	0.0	0.0	64.0	0.0	0.0	0.0	0.0	0.0	0.0	0.0	0.0	0.0	0.0
0.0	0.0	80.0	0.0	0.0	94.0	24.0	31.0	0.0	0.0	0.0	0.0	0.0	0.0	0.0	0.0	0.0	0.0	100.0	0.0	0.0	46.0	57.0	0.0	0.0	0.0	0.0	0.0	0.0	0.0	0.0	0.0	11.0	0.0	0.0	94.0	0.0	82.0
0.0	55.0	0.0	0.0	0.0	0.0	0.0	0.0	0.0	39.0	0.0	10.0	0.0	0.0	0.0	8.0	0.0	74.0	0.0	0.0	97.0	57.0	0.0	0.0	0.0	8.0	0.0	79.0	0.0	0.0	85.0	33.0	0.0	44.0	91.0	27.0	0.0
0.0	0.0	0.0	0.0	0.0	0.0	0.0	0.0	13.0	0.0	0.0	0.0	0.0	0.0	0.0	77.0	0.0	0.0	98.0	0.0	0.0	0.0	0.0	0.0	0.0	0.0	0.0	70.0	0.0	0.0	67.0	97.0	0.0	0.0	0.0	0.0
0.0	0.0	0.0	87.0	93.0	0.0	0.0	0.0	0.0	4.0	56.0	0.0	0.0	0.0	0.0	0.0	0.0	79.0	0.0	0.0	0.0	0.0	0.0	0.0	0.0	0.0	30.0	0.0	73.0	0.0	0.0	0.0	0.0	0.0	0.0
0.0	0.0	0.0	0.0	0.0	0.0	0.0	0.0	0.0	39.0	0.0	0.0	0.0	0.0	0.0	0.0	80.0	0.0	0.0	0.0	0.0	0.0	0.0	0.0	0.0	0.0	50.0	0.0	0.0	0.0	0.0	0.0	45.0	0.0
0.0	0.0	41.0	0.0	0.0	0.0	0.0	0.0	0.0	0.0	94.0	0.0	0.0	0.0	0.0	0.0	0.0	0.0	0.0	0.0	0.0	0.0	0.0	0.0	26.0	0.0	0.0	0.0	0.0	0.0	0.0	0.0	0.0
0.0	61.0	100.0	0.0	0.0	35.0	0.0	2.0	9.0	0.0	0.0	45.0	0.0	0.0	0.0	6.0	0.0	0.0	0.0	87.0	0.0	9.0	0.0	0.0	0.0	85.0	0.0	0.0	0.0	6.0	0.0	0.0
0.0	68.0	0.0	0.0	0.0	0.0	0.0	0.0	0.0	0.0	0.0	0.0	0.0	0.0	0.0	0.0	0.0	0.0	0.0	0.0	0.0	2.0	0.0	0.0	7.0	0.0	0.0	0.0	0.0	0.0	0.0
6.0	0.0	0.0	36.0	0.0	0.0	90.0	0.0	47.0	0.0	56.0	76.0	0.0	0.0	0.0	0.0	0.0	0.0	68.0	0.0	0.0	0.0	0.0	0.0	62.0	0.0	31.0	0.0	0.0	0.0
0.0	0.0	0.0	94.0	0.0	59.0	0.0	0.0	0.0	0.0	0.0	0.0	0.0	28.0	93.0	0.0	0.0	37.0	0.0	0.0	0.0	77.0	0.0	0.0	0.0	0.0	0.0	0.0	0.0
0.0	0.0	0.0	0.0	0.0	0.0	45.0	0.0	45.0	0.0	0.0	22.0	0.0	0.0	0.0	0.0	0.0	0.0	0.0	0.0	0.0	0.0	0.0	0.0	0.0	0.0	0.0	0.0
74.0	62.0	11.0	0.0	35.0	0.0	0.0	57.0	0.0	0.0	0.0	0.0	0.0	66.0	0.0	0.0	76.0	30.0	0.0	85.0	0.0	0.0	0.0	22.0	0.0	0.0	0.0
0.0	0.0	0.0	0.0	0.0	37.0	36.0	0.0	0.0	0.0	66.0	0.0	0.0	46.0	0.0	0.0	0.0	0.0	0.0	0.0	77.0	0.0	93.0	0.0	0.0	0.0
0.0	11.0	7.0	0.0	37.0	0.0	82.0	0.0	0.0	0.0	0.0	0.0	0.0	0.0	0.0	0.0	0.0	0.0	7.0	19.0	0.0	39.0	6.0	88.0	0.0
0.0	25.0	0.0	0.0	0.0	0.0	0.0	0.0	0.0	94.0	0.0	0.0	0.0	0.0	0.0	0.0	0.0	0.0	0.0	0.0	0.0	75.0	0.0	0.0
0.0	0.0	47.0	58.0	0.0	0.0	0.0	35.0	0.0	0.0	0.0	0.0	0.0	0.0	0.0	31.0	0.0	0.0	0.0	2.0	0.0	0.0	6.0
46.0	0.0	81.0	58.0	0.0	0.0	0.0	94.0	0.0	0.0	49.0	40.0	0.0	29.0	0.0	0.0	91.0	0.0	0.0	0.0	0.0	22.0
0.0	0.0	11.0	0.0	0.0	0.0	0.0	57.0	0.0	0.0	24.0	0.0	0.0	67.0	76.0	0.0	16.0	0.0	0.0	0.0	0.0
0.0	0.0	80.0	0.0	0.0	0.0	0.0	0.0	18.0	0.0	48.0	0.0	0.0	0.0	0.0	57.0	0.0	0.0	0.0	54.0
0.0	0.0	0.0	0.0	0.0	0.0	43.0	0.0	0.0	93.0	0.0	0.0	0.0	0.0	0.0	0.0	0.0	0.0	0.0
0.0	0.0	0.0	0.0	0.0	0.0	0.0	0.0	0.0	0.0	0.0	0.0	0.0	3.0	0.0	0.0	0.0	0.0
95.0	0.0	0.0	0.0	0.0	0.0	88.0	91.0	0.0	0.0	0.0	0.0	0.0	0.0	0.0	0.0	0.0
0.0	0.0	0.0	0.0	0.0	0.0	0.0	0.0	16.0	0.0	0.0	0.0	70.0	0.0	29.0	23.0
55.0	8.0	0.0	0.0	0.0	41.0	0.0	0.0	0.0	25.0	0.0	0.0	0.0	0.0	0.0
0.0	0.0	0.0	0.0	0.0	0.0	50.0	31.0	0.0	0.0	90.0	36.0	0.0	0.0
0.0	62.0	0.0	0.0	0.0	0.0	64.0	51.0	45.0	0.0	22.0	0.0	0.0
0.0	0.0	76.0	0.0	0.0	0.0	82.0	0.0	0.0	0.0	71.0	0.0
0.0	0.0	0.0	0.0	0.0	72.0	27.0	0.0	0.0	0.0	0.0
74.0	0.0	0.0	0.0	0.0	0.0	0.0	0.0	0.0	0.0
0.0	0.0	0.0	0.0	0.0	0.0	61.0	0.0	0.0
90.0	0.0	0.0	0.0	0.0	0.0	0.0	0.0
0.0	0.0	0.0	0.0	0.0	0.0	97.0
0.0	0.0	0.0	0.0	6.0	0.0
45.0	0.0	0.0	0.0	0.0
0.0	75.0	0.0	0.0
53.0	0.0	0.0
0.0	0.0
97.0

18.0	25.0	7.0	4.0	25.0	46.0	32.0	44.0	12.0	26.0	48.0	28.0	1.0	34.0	1.0	35.0	34.0	47.0	38.0	11.0	46.0	9.0	48.0	8.0	9.0	8.0	11.0	41.0	41.0	5.0	21.0	50.0	36.0	34.0	50.0	10.0	10.0	18.0	21.0	8.0	38.0	48.0	27.0	33.0	38.0	46.0	45.0	22.0	21.0	37.0	39.0	3.0	30.0	42.0	36.0	49.0	4.0	29.0	12.0	30.0	17.0	48.0	11.0	34.0	25.0	41.0	20.0	46.0	46.0	37.0	36.0	43.0	50.0	20.0	45.0	7.0	30.0	29.0	9.0	1.0	38.0	1.0	48.0	13.0	44.0	15.0	29.0	50.0	12.0	47.0	5.0	30.0	6.0	29.0	48.0	19.0	45.0	19.0	10.0	34.0	38.0	13.0	9.0	14.0	39.0	35.0	14.0	42.0	2.0	23.0	7.0	24.0	2.0	21.0	41.0	8.0	23.0	21.0	20.0	46.0	37.0	3.0	21.0	47.0	39.0	24.0	9.0	32.0	13.0	44.0	11.0	42.0	47.0	42.0	2.0	9.0	25.0	14.0	47.0	36.0	7.0	32.0	47.0	1.0	7.0	49.0	21.0	50.0	35.0	23.0	40.0	33.0	8.0	13.0	15.0	25.0	18.0	25.0	21.0	41.0	13.0	40.0	27.0	38.0	34.0	18.0	23.0	45.0	43.0	41.0	3.0	50.0	14.0	36.0	12.0	23.0	20.0	5.0	25.0	25.0	12.0	50.0	24.0	31.0	20.0	29.0	28.0	3.0	14.0	41.0	27.0	19.0	22.0	38.0	43.0	42.0	10.0	8.0	29.0	28.0

425.28000000000003	425.28000000000003	425.28000000000003	425.28000000000003	425.28000000000003	425.28000000000003	425.28000000000003	425.28000000000003	425.28000000000003	425.28000000000003
