qmkp_200_25_10_009
200
10

78.0	35.0	0.0	0.0	0.0	0.0	0.0	0.0	67.0	0.0	65.0	0.0	55.0	0.0	0.0	80.0	0.0	0.0	0.0	0.0	0.0	0.0	9.0	9.0	0.0	0.0	0.0	0.0	0.0	44.0	0.0	0.0	0.0	83.0	0.0	0.0	46.0	0.0	0.0	0.0	33.0	0.0	11.0	0.0	0.0	0.0	0.0	27.0	0.0	0.0	30.0	0.0	0.0	0.0	0.0	11.0	73.0	0.0	81.0	36.0	0.0	0.0	0.0	0.0	0.0	0.0	0.0	0.0	0.0	4.0	20.0	0.0	62.0	0.0	30.0	0.0	0.0	0.0	0.0	0.0	0.0	0.0	0.0	0.0	17.0	0.0	0.0	0.0	12.0	11.0	20.0	12.0	0.0	0.0	0.0	18.0	0.0	0.0	0.0	0.0	10.0	0.0	0.0	26.0	0.0	0.0	0.0	0.0	0.0	0.0	0.0	76.0	0.0	0.0	91.0	45.0	0.0	0.0	62.0	0.0	0.0	0.0	0.0	42.0	0.0	0.0	37.0	0.0	26.0	0.0	0.0	0.0	0.0	0.0	0.0	64.0	0.0	0.0	0.0	0.0	0.0	0.0	0.0	86.0	0.0	0.0	0.0	0.0	0.0	0.0	0.0	0.0	78.0	0.0	0.0	0.0	0.0	0.0	0.0	0.0	18.0	61.0	0.0	49.0	80.0	26.0	0.0	0.0	0.0	81.0	0.0	23.0	58.0	12.0	0.0	98.0	54.0	0.0	0.0	75.0	0.0	0.0	0.0	95.0	69.0	56.0	0.0	0.0	0.0	0.0	0.0	0.0	0.0	0.0	0.0	0.0	53.0	0.0	87.0	57.0
0.0	70.0	89.0	0.0	0.0	0.0	0.0	0.0	0.0	0.0	0.0	26.0	0.0	0.0	0.0	0.0	0.0	0.0	0.0	0.0	51.0	0.0	46.0	59.0	0.0	0.0	33.0	0.0	0.0	52.0	0.0	0.0	0.0	0.0	0.0	0.0	0.0	0.0	0.0	0.0	87.0	0.0	0.0	0.0	0.0	0.0	0.0	0.0	0.0	0.0	0.0	94.0	0.0	0.0	0.0	37.0	0.0	0.0	36.0	56.0	0.0	0.0	76.0	0.0	57.0	0.0	0.0	0.0	0.0	0.0	0.0	0.0	29.0	43.0	0.0	0.0	0.0	0.0	0.0	0.0	0.0	0.0	98.0	0.0	0.0	0.0	69.0	0.0	0.0	91.0	0.0	0.0	0.0	8.0	70.0	0.0	31.0	0.0	0.0	0.0	0.0	0.0	0.0	19.0	0.0	93.0	0.0	0.0	0.0	0.0	0.0	85.0	0.0	0.0	0.0	0.0	0.0	0.0	0.0	0.0	81.0	0.0	0.0	0.0	26.0	0.0	0.0	15.0	0.0	0.0	25.0	0.0	0.0	0.0	0.0	29.0	0.0	0.0	73.0	0.0	23.0	0.0	0.0	22.0	0.0	80.0	68.0	0.0	38.0	0.0	0.0	0.0	0.0	0.0	15.0	0.0	0.0	0.0	0.0	66.0	80.0	93.0	98.0	0.0	0.0	0.0	90.0	5.0	0.0	0.0	13.0	0.0	0.0	0.0	0.0	0.0	0.0	0.0	0.0	0.0	0.0	0.0	0.0	0.0	0.0	28.0	22.0	0.0	13.0	0.0	67.0	0.0	22.0	0.0	0.0	0.0	0.0	63.0	68.0
0.0	0.0	1.0	0.0	0.0	0.0	24.0	0.0	0.0	76.0	13.0	32.0	0.0	13.0	0.0	0.0	0.0	80.0	0.0	0.0	0.0	22.0	0.0	0.0	0.0	43.0	0.0	40.0	80.0	0.0	0.0	0.0	0.0	11.0	0.0	0.0	61.0	0.0	0.0	22.0	43.0	0.0	0.0	0.0	0.0	15.0	0.0	0.0	43.0	0.0	0.0	0.0	0.0	0.0	0.0	0.0	0.0	0.0	15.0	0.0	0.0	43.0	0.0	58.0	64.0	0.0	0.0	0.0	0.0	0.0	0.0	0.0	0.0	12.0	0.0	0.0	44.0	62.0	0.0	0.0	0.0	0.0	0.0	0.0	0.0	0.0	0.0	39.0	37.0	44.0	0.0	0.0	1.0	3.0	0.0	0.0	0.0	0.0	0.0	0.0	0.0	0.0	0.0	0.0	0.0	0.0	0.0	0.0	0.0	13.0	0.0	0.0	0.0	0.0	0.0	13.0	52.0	0.0	0.0	0.0	0.0	0.0	0.0	0.0	0.0	0.0	0.0	45.0	14.0	0.0	0.0	0.0	95.0	0.0	0.0	0.0	41.0	59.0	0.0	0.0	0.0	0.0	88.0	0.0	0.0	0.0	0.0	0.0	0.0	0.0	0.0	0.0	0.0	36.0	0.0	0.0	0.0	0.0	97.0	0.0	0.0	0.0	0.0	0.0	0.0	0.0	0.0	0.0	1.0	0.0	0.0	67.0	0.0	43.0	0.0	0.0	0.0	0.0	0.0	95.0	0.0	47.0	0.0	0.0	0.0	1.0	0.0	0.0	0.0	0.0	0.0	0.0	0.0	0.0	42.0	0.0	0.0	87.0
0.0	0.0	74.0	0.0	0.0	0.0	0.0	0.0	54.0	0.0	0.0	0.0	0.0	27.0	0.0	0.0	61.0	0.0	0.0	70.0	63.0	0.0	45.0	2.0	0.0	0.0	0.0	0.0	0.0	0.0	0.0	0.0	0.0	0.0	89.0	2.0	0.0	68.0	0.0	88.0	0.0	25.0	80.0	0.0	15.0	0.0	23.0	0.0	78.0	0.0	6.0	68.0	0.0	19.0	0.0	0.0	0.0	0.0	0.0	0.0	0.0	0.0	0.0	0.0	0.0	0.0	51.0	0.0	0.0	0.0	0.0	0.0	51.0	0.0	48.0	0.0	85.0	20.0	0.0	0.0	0.0	39.0	44.0	0.0	0.0	67.0	0.0	0.0	0.0	0.0	0.0	0.0	0.0	0.0	0.0	0.0	0.0	0.0	0.0	0.0	0.0	0.0	0.0	53.0	15.0	0.0	2.0	0.0	0.0	0.0	14.0	0.0	82.0	0.0	0.0	0.0	6.0	0.0	0.0	0.0	0.0	0.0	0.0	0.0	0.0	69.0	0.0	0.0	0.0	32.0	0.0	2.0	0.0	0.0	0.0	0.0	0.0	0.0	0.0	0.0	0.0	100.0	0.0	0.0	0.0	52.0	0.0	0.0	0.0	0.0	0.0	0.0	0.0	40.0	0.0	0.0	0.0	0.0	90.0	0.0	0.0	0.0	30.0	5.0	0.0	0.0	84.0	34.0	0.0	0.0	0.0	0.0	62.0	0.0	0.0	0.0	0.0	0.0	0.0	94.0	0.0	0.0	0.0	0.0	31.0	0.0	50.0	65.0	53.0	0.0	0.0	32.0	0.0	0.0	0.0	0.0	0.0
0.0	0.0	0.0	12.0	96.0	0.0	0.0	0.0	0.0	0.0	86.0	0.0	41.0	0.0	99.0	0.0	0.0	0.0	0.0	0.0	0.0	0.0	0.0	0.0	81.0	0.0	0.0	0.0	0.0	0.0	32.0	0.0	0.0	0.0	0.0	61.0	0.0	37.0	42.0	69.0	15.0	0.0	0.0	0.0	0.0	0.0	0.0	0.0	0.0	0.0	0.0	0.0	0.0	92.0	62.0	0.0	0.0	0.0	0.0	0.0	0.0	0.0	0.0	0.0	0.0	0.0	0.0	0.0	0.0	40.0	48.0	0.0	0.0	100.0	0.0	50.0	0.0	0.0	0.0	0.0	18.0	89.0	0.0	0.0	0.0	0.0	0.0	0.0	0.0	73.0	0.0	0.0	0.0	40.0	0.0	0.0	0.0	54.0	68.0	0.0	0.0	38.0	0.0	95.0	0.0	0.0	0.0	0.0	10.0	0.0	0.0	0.0	0.0	0.0	89.0	0.0	11.0	0.0	0.0	0.0	1.0	2.0	0.0	0.0	0.0	0.0	0.0	87.0	0.0	3.0	0.0	0.0	0.0	37.0	59.0	0.0	0.0	0.0	0.0	0.0	0.0	0.0	0.0	24.0	0.0	0.0	0.0	0.0	0.0	0.0	0.0	0.0	0.0	0.0	46.0	0.0	0.0	0.0	0.0	0.0	0.0	0.0	0.0	0.0	0.0	0.0	0.0	76.0	0.0	0.0	0.0	0.0	0.0	0.0	0.0	90.0	9.0	14.0	26.0	94.0	0.0	0.0	94.0	0.0	0.0	0.0	15.0	81.0	96.0	0.0	0.0	0.0	0.0	0.0	0.0	0.0
0.0	0.0	0.0	0.0	74.0	61.0	0.0	0.0	0.0	0.0	0.0	0.0	0.0	0.0	0.0	21.0	0.0	0.0	0.0	0.0	0.0	0.0	18.0	0.0	0.0	0.0	28.0	0.0	41.0	0.0	0.0	0.0	0.0	4.0	0.0	0.0	71.0	0.0	85.0	49.0	0.0	40.0	0.0	0.0	0.0	0.0	32.0	0.0	0.0	40.0	0.0	0.0	0.0	0.0	0.0	38.0	0.0	0.0	0.0	100.0	0.0	0.0	0.0	0.0	63.0	9.0	0.0	78.0	0.0	0.0	0.0	0.0	0.0	0.0	0.0	0.0	0.0	0.0	31.0	0.0	0.0	0.0	0.0	0.0	0.0	0.0	0.0	0.0	95.0	8.0	0.0	77.0	0.0	58.0	0.0	0.0	0.0	0.0	0.0	0.0	75.0	0.0	0.0	0.0	62.0	0.0	87.0	0.0	0.0	0.0	76.0	0.0	86.0	0.0	0.0	0.0	0.0	0.0	0.0	0.0	0.0	43.0	0.0	1.0	16.0	0.0	0.0	0.0	0.0	0.0	14.0	0.0	29.0	0.0	0.0	3.0	0.0	0.0	0.0	1.0	0.0	0.0	0.0	0.0	0.0	0.0	94.0	0.0	0.0	0.0	0.0	0.0	0.0	0.0	18.0	0.0	0.0	32.0	0.0	0.0	0.0	29.0	0.0	0.0	0.0	35.0	0.0	0.0	90.0	0.0	0.0	0.0	0.0	0.0	0.0	78.0	0.0	0.0	0.0	0.0	0.0	0.0	0.0	0.0	0.0	14.0	0.0	0.0	0.0	0.0	0.0	2.0	0.0	18.0	0.0
0.0	0.0	0.0	51.0	0.0	71.0	0.0	0.0	0.0	0.0	0.0	0.0	0.0	0.0	44.0	54.0	0.0	15.0	0.0	0.0	0.0	0.0	0.0	0.0	0.0	24.0	0.0	0.0	0.0	0.0	0.0	0.0	0.0	0.0	0.0	0.0	18.0	0.0	0.0	0.0	0.0	0.0	0.0	0.0	11.0	0.0	0.0	0.0	0.0	0.0	0.0	0.0	92.0	100.0	0.0	0.0	0.0	0.0	0.0	0.0	0.0	97.0	0.0	0.0	0.0	0.0	0.0	0.0	0.0	29.0	0.0	0.0	0.0	0.0	12.0	0.0	42.0	0.0	93.0	44.0	96.0	0.0	28.0	0.0	0.0	0.0	0.0	68.0	0.0	0.0	0.0	0.0	0.0	0.0	0.0	0.0	77.0	29.0	0.0	0.0	8.0	0.0	0.0	0.0	0.0	0.0	0.0	99.0	75.0	4.0	79.0	59.0	0.0	100.0	0.0	28.0	0.0	75.0	0.0	0.0	83.0	3.0	0.0	0.0	54.0	0.0	0.0	0.0	0.0	86.0	0.0	0.0	0.0	0.0	39.0	0.0	80.0	0.0	0.0	0.0	0.0	0.0	0.0	0.0	62.0	0.0	44.0	0.0	75.0	50.0	66.0	47.0	0.0	0.0	0.0	0.0	0.0	0.0	0.0	0.0	0.0	0.0	0.0	0.0	0.0	0.0	56.0	0.0	0.0	97.0	0.0	0.0	0.0	0.0	0.0	0.0	0.0	79.0	45.0	0.0	0.0	0.0	64.0	0.0	100.0	0.0	0.0	0.0	0.0	0.0	0.0	0.0	70.0	24.0
0.0	0.0	0.0	0.0	0.0	0.0	95.0	0.0	0.0	0.0	0.0	1.0	0.0	33.0	0.0	0.0	0.0	0.0	0.0	0.0	0.0	0.0	0.0	86.0	0.0	0.0	0.0	0.0	0.0	0.0	27.0	0.0	85.0	0.0	0.0	0.0	0.0	0.0	72.0	0.0	0.0	0.0	0.0	0.0	38.0	0.0	0.0	27.0	0.0	0.0	30.0	0.0	0.0	38.0	85.0	0.0	0.0	0.0	0.0	0.0	0.0	0.0	0.0	0.0	45.0	0.0	0.0	41.0	0.0	0.0	0.0	0.0	16.0	0.0	0.0	0.0	29.0	0.0	0.0	0.0	0.0	0.0	0.0	91.0	0.0	56.0	0.0	0.0	0.0	0.0	0.0	0.0	81.0	0.0	0.0	0.0	0.0	3.0	0.0	0.0	0.0	0.0	0.0	0.0	0.0	70.0	0.0	0.0	0.0	88.0	98.0	0.0	0.0	0.0	0.0	0.0	0.0	0.0	0.0	0.0	0.0	0.0	0.0	71.0	0.0	0.0	0.0	0.0	0.0	0.0	0.0	77.0	0.0	0.0	0.0	23.0	0.0	0.0	0.0	0.0	0.0	0.0	66.0	0.0	0.0	0.0	0.0	0.0	0.0	0.0	0.0	0.0	0.0	0.0	0.0	89.0	0.0	67.0	0.0	0.0	89.0	0.0	0.0	0.0	0.0	0.0	0.0	0.0	0.0	0.0	88.0	0.0	0.0	0.0	0.0	0.0	0.0	0.0	0.0	25.0	0.0	0.0	0.0	0.0	47.0	0.0	0.0	0.0	0.0	0.0	24.0	0.0	0.0
0.0	0.0	0.0	0.0	0.0	0.0	88.0	0.0	0.0	27.0	0.0	0.0	0.0	0.0	0.0	0.0	0.0	0.0	0.0	0.0	0.0	0.0	0.0	0.0	0.0	0.0	0.0	0.0	40.0	38.0	84.0	0.0	0.0	0.0	0.0	0.0	0.0	57.0	12.0	0.0	0.0	0.0	51.0	0.0	0.0	0.0	0.0	0.0	63.0	0.0	0.0	0.0	0.0	13.0	0.0	77.0	0.0	84.0	0.0	0.0	0.0	0.0	0.0	0.0	17.0	0.0	0.0	0.0	0.0	0.0	64.0	0.0	0.0	0.0	0.0	0.0	0.0	0.0	0.0	0.0	0.0	0.0	0.0	0.0	0.0	9.0	0.0	0.0	0.0	64.0	0.0	0.0	0.0	0.0	0.0	0.0	0.0	0.0	0.0	10.0	0.0	82.0	0.0	17.0	62.0	0.0	0.0	0.0	0.0	0.0	12.0	0.0	0.0	0.0	0.0	0.0	80.0	0.0	0.0	0.0	0.0	0.0	0.0	0.0	0.0	0.0	0.0	74.0	0.0	90.0	0.0	68.0	0.0	0.0	0.0	0.0	33.0	55.0	0.0	0.0	0.0	0.0	0.0	0.0	0.0	0.0	0.0	0.0	0.0	0.0	0.0	2.0	16.0	49.0	56.0	0.0	14.0	17.0	0.0	0.0	0.0	51.0	54.0	0.0	0.0	0.0	48.0	0.0	0.0	0.0	0.0	0.0	0.0	0.0	54.0	0.0	0.0	0.0	0.0	2.0	0.0	0.0	0.0	0.0	0.0	0.0	0.0	0.0	58.0	0.0	0.0	28.0
21.0	0.0	40.0	0.0	89.0	0.0	0.0	0.0	0.0	0.0	0.0	0.0	4.0	0.0	0.0	0.0	0.0	0.0	0.0	97.0	0.0	0.0	0.0	0.0	0.0	82.0	0.0	0.0	42.0	0.0	0.0	0.0	87.0	0.0	0.0	0.0	0.0	36.0	0.0	0.0	0.0	0.0	0.0	0.0	0.0	75.0	0.0	0.0	0.0	0.0	0.0	0.0	73.0	0.0	0.0	0.0	0.0	0.0	0.0	0.0	0.0	36.0	0.0	0.0	0.0	0.0	0.0	97.0	0.0	25.0	0.0	0.0	0.0	0.0	35.0	0.0	0.0	0.0	0.0	0.0	0.0	0.0	0.0	0.0	0.0	0.0	0.0	0.0	0.0	53.0	0.0	0.0	0.0	0.0	0.0	0.0	0.0	0.0	0.0	0.0	0.0	53.0	0.0	0.0	0.0	0.0	0.0	0.0	0.0	59.0	0.0	71.0	96.0	0.0	0.0	61.0	0.0	0.0	0.0	0.0	0.0	0.0	63.0	0.0	0.0	79.0	55.0	0.0	0.0	0.0	0.0	86.0	0.0	17.0	78.0	0.0	0.0	0.0	0.0	0.0	0.0	0.0	0.0	46.0	14.0	0.0	0.0	0.0	0.0	25.0	0.0	45.0	0.0	0.0	0.0	0.0	0.0	0.0	72.0	0.0	0.0	0.0	0.0	0.0	85.0	26.0	0.0	32.0	0.0	0.0	51.0	0.0	0.0	0.0	0.0	0.0	18.0	0.0	86.0	0.0	0.0	0.0	0.0	0.0	0.0	0.0	0.0	0.0	0.0	0.0	0.0
0.0	0.0	0.0	87.0	99.0	0.0	92.0	0.0	0.0	70.0	0.0	0.0	78.0	36.0	0.0	44.0	0.0	0.0	0.0	0.0	0.0	43.0	0.0	16.0	0.0	0.0	34.0	0.0	0.0	0.0	0.0	39.0	0.0	0.0	0.0	0.0	25.0	41.0	0.0	0.0	19.0	0.0	78.0	97.0	0.0	26.0	0.0	62.0	0.0	3.0	0.0	9.0	0.0	7.0	0.0	22.0	88.0	0.0	0.0	0.0	0.0	0.0	36.0	0.0	86.0	0.0	3.0	0.0	0.0	0.0	0.0	0.0	0.0	0.0	0.0	0.0	0.0	0.0	38.0	47.0	70.0	65.0	45.0	6.0	82.0	24.0	0.0	87.0	0.0	0.0	0.0	0.0	93.0	0.0	0.0	0.0	0.0	0.0	0.0	0.0	0.0	65.0	0.0	0.0	0.0	0.0	0.0	0.0	0.0	0.0	0.0	0.0	0.0	0.0	0.0	34.0	41.0	0.0	0.0	0.0	0.0	0.0	0.0	0.0	0.0	0.0	0.0	0.0	0.0	0.0	84.0	0.0	0.0	0.0	72.0	0.0	0.0	12.0	0.0	0.0	55.0	0.0	0.0	0.0	0.0	0.0	0.0	0.0	0.0	64.0	43.0	0.0	0.0	0.0	0.0	0.0	0.0	0.0	0.0	100.0	0.0	0.0	0.0	81.0	0.0	0.0	80.0	28.0	0.0	0.0	5.0	0.0	0.0	0.0	0.0	80.0	41.0	96.0	34.0	0.0	0.0	0.0	0.0	83.0	0.0	33.0	0.0	0.0	66.0	0.0
0.0	0.0	0.0	0.0	0.0	0.0	0.0	0.0	0.0	0.0	0.0	79.0	12.0	0.0	0.0	0.0	0.0	0.0	37.0	0.0	0.0	0.0	36.0	0.0	1.0	0.0	0.0	0.0	57.0	0.0	0.0	0.0	0.0	0.0	0.0	1.0	50.0	0.0	0.0	0.0	0.0	0.0	0.0	66.0	94.0	5.0	0.0	0.0	0.0	0.0	86.0	0.0	0.0	0.0	45.0	0.0	0.0	57.0	0.0	0.0	97.0	79.0	60.0	0.0	0.0	31.0	35.0	0.0	0.0	0.0	0.0	0.0	37.0	0.0	0.0	28.0	0.0	0.0	0.0	0.0	0.0	8.0	0.0	0.0	0.0	0.0	0.0	0.0	30.0	0.0	0.0	95.0	0.0	3.0	0.0	0.0	0.0	0.0	0.0	0.0	86.0	54.0	0.0	0.0	0.0	0.0	0.0	64.0	0.0	0.0	26.0	0.0	56.0	0.0	0.0	0.0	0.0	0.0	0.0	27.0	0.0	0.0	0.0	0.0	0.0	0.0	0.0	0.0	0.0	0.0	0.0	22.0	0.0	0.0	0.0	0.0	0.0	0.0	0.0	0.0	0.0	0.0	0.0	65.0	15.0	92.0	0.0	0.0	0.0	0.0	0.0	13.0	0.0	84.0	0.0	0.0	0.0	0.0	82.0	0.0	0.0	0.0	0.0	77.0	0.0	33.0	0.0	19.0	0.0	72.0	0.0	0.0	0.0	94.0	0.0	59.0	0.0	0.0	0.0	0.0	0.0	0.0	0.0	0.0	0.0	0.0	0.0	0.0	0.0
10.0	75.0	0.0	20.0	0.0	0.0	0.0	0.0	0.0	0.0	0.0	0.0	37.0	0.0	0.0	0.0	90.0	0.0	96.0	47.0	78.0	96.0	0.0	0.0	0.0	0.0	0.0	0.0	75.0	16.0	0.0	0.0	36.0	0.0	31.0	0.0	70.0	0.0	4.0	0.0	0.0	0.0	0.0	0.0	0.0	0.0	0.0	0.0	57.0	0.0	0.0	0.0	88.0	0.0	35.0	0.0	0.0	0.0	0.0	0.0	0.0	0.0	0.0	0.0	0.0	0.0	0.0	0.0	0.0	0.0	0.0	0.0	0.0	0.0	68.0	32.0	0.0	0.0	0.0	0.0	0.0	0.0	0.0	0.0	0.0	0.0	0.0	0.0	0.0	0.0	0.0	0.0	0.0	0.0	0.0	29.0	0.0	0.0	0.0	0.0	69.0	0.0	18.0	0.0	0.0	0.0	0.0	0.0	0.0	0.0	65.0	0.0	0.0	0.0	0.0	0.0	0.0	76.0	0.0	0.0	0.0	17.0	29.0	33.0	0.0	0.0	0.0	0.0	0.0	1.0	0.0	0.0	4.0	63.0	0.0	21.0	0.0	0.0	0.0	0.0	70.0	34.0	0.0	0.0	0.0	0.0	89.0	0.0	0.0	0.0	0.0	60.0	0.0	0.0	56.0	0.0	0.0	0.0	0.0	96.0	0.0	51.0	0.0	0.0	0.0	0.0	0.0	0.0	0.0	77.0	0.0	0.0	0.0	7.0	0.0	0.0	0.0	0.0	0.0	0.0	0.0	98.0	0.0	12.0	0.0	30.0	0.0	0.0
0.0	0.0	0.0	0.0	0.0	0.0	100.0	41.0	0.0	0.0	0.0	0.0	0.0	0.0	0.0	0.0	0.0	0.0	73.0	0.0	0.0	0.0	0.0	0.0	0.0	0.0	0.0	0.0	73.0	13.0	9.0	0.0	52.0	23.0	0.0	0.0	0.0	84.0	0.0	0.0	98.0	0.0	0.0	0.0	0.0	0.0	0.0	0.0	0.0	75.0	0.0	0.0	28.0	0.0	52.0	0.0	0.0	0.0	61.0	19.0	0.0	0.0	0.0	0.0	0.0	66.0	0.0	0.0	38.0	0.0	0.0	0.0	93.0	6.0	0.0	0.0	0.0	0.0	0.0	1.0	37.0	0.0	0.0	0.0	0.0	23.0	0.0	0.0	0.0	0.0	85.0	69.0	33.0	0.0	0.0	0.0	66.0	1.0	0.0	0.0	0.0	0.0	0.0	0.0	0.0	45.0	0.0	56.0	0.0	0.0	100.0	0.0	0.0	0.0	0.0	0.0	0.0	0.0	0.0	0.0	0.0	23.0	13.0	0.0	0.0	0.0	0.0	0.0	49.0	0.0	16.0	0.0	0.0	0.0	46.0	0.0	0.0	0.0	0.0	0.0	0.0	0.0	0.0	0.0	0.0	0.0	0.0	0.0	0.0	0.0	0.0	0.0	0.0	0.0	30.0	1.0	0.0	0.0	0.0	26.0	0.0	52.0	0.0	3.0	26.0	0.0	0.0	86.0	99.0	0.0	82.0	0.0	0.0	0.0	0.0	0.0	0.0	81.0	60.0	79.0	0.0	0.0	0.0	0.0	0.0	0.0	0.0
0.0	48.0	0.0	18.0	0.0	37.0	0.0	0.0	0.0	0.0	0.0	0.0	0.0	0.0	0.0	0.0	0.0	0.0	92.0	93.0	0.0	0.0	0.0	0.0	94.0	0.0	0.0	0.0	12.0	87.0	0.0	0.0	0.0	41.0	0.0	0.0	0.0	46.0	0.0	0.0	0.0	0.0	0.0	0.0	0.0	0.0	0.0	0.0	0.0	100.0	0.0	0.0	43.0	0.0	0.0	0.0	0.0	0.0	57.0	22.0	0.0	6.0	0.0	0.0	0.0	0.0	37.0	0.0	0.0	0.0	0.0	0.0	17.0	0.0	0.0	0.0	0.0	57.0	0.0	0.0	0.0	0.0	0.0	0.0	0.0	18.0	0.0	0.0	0.0	47.0	0.0	28.0	0.0	0.0	0.0	72.0	0.0	0.0	31.0	0.0	0.0	0.0	0.0	0.0	16.0	0.0	19.0	0.0	43.0	0.0	4.0	43.0	0.0	0.0	84.0	0.0	0.0	0.0	7.0	5.0	0.0	0.0	0.0	0.0	0.0	0.0	0.0	0.0	81.0	0.0	0.0	0.0	0.0	0.0	0.0	0.0	0.0	0.0	41.0	0.0	0.0	0.0	0.0	0.0	0.0	0.0	0.0	0.0	0.0	0.0	0.0	0.0	0.0	0.0	0.0	0.0	0.0	0.0	0.0	0.0	48.0	0.0	0.0	0.0	13.0	0.0	0.0	0.0	0.0	0.0	0.0	0.0	53.0	0.0	0.0	93.0	0.0	0.0	0.0	0.0	94.0	0.0	81.0	81.0	0.0	0.0
77.0	0.0	0.0	0.0	93.0	0.0	38.0	0.0	0.0	0.0	0.0	0.0	0.0	0.0	0.0	2.0	0.0	0.0	0.0	5.0	0.0	0.0	0.0	0.0	63.0	0.0	0.0	0.0	0.0	0.0	0.0	0.0	0.0	0.0	0.0	0.0	21.0	10.0	0.0	0.0	0.0	0.0	55.0	60.0	0.0	0.0	0.0	0.0	69.0	35.0	0.0	33.0	55.0	83.0	21.0	76.0	0.0	0.0	36.0	0.0	0.0	0.0	0.0	0.0	41.0	0.0	0.0	57.0	0.0	10.0	0.0	0.0	0.0	59.0	0.0	0.0	0.0	0.0	0.0	0.0	0.0	13.0	0.0	1.0	0.0	0.0	55.0	97.0	0.0	0.0	69.0	0.0	0.0	48.0	98.0	0.0	0.0	0.0	2.0	25.0	50.0	17.0	23.0	0.0	46.0	0.0	0.0	0.0	0.0	0.0	0.0	0.0	0.0	0.0	0.0	0.0	0.0	0.0	0.0	0.0	0.0	0.0	59.0	65.0	0.0	0.0	65.0	0.0	0.0	11.0	0.0	0.0	0.0	0.0	0.0	0.0	12.0	0.0	0.0	24.0	0.0	0.0	76.0	0.0	0.0	0.0	0.0	0.0	25.0	0.0	100.0	0.0	0.0	0.0	0.0	80.0	33.0	0.0	0.0	0.0	0.0	80.0	26.0	0.0	0.0	0.0	0.0	0.0	0.0	0.0	0.0	80.0	0.0	0.0	0.0	0.0	0.0	55.0	0.0	0.0	0.0	0.0	0.0	43.0	44.0
0.0	0.0	0.0	0.0	0.0	0.0	0.0	27.0	0.0	0.0	0.0	0.0	0.0	0.0	0.0	0.0	0.0	26.0	0.0	0.0	0.0	0.0	60.0	63.0	26.0	87.0	0.0	0.0	0.0	0.0	0.0	0.0	0.0	0.0	0.0	0.0	0.0	0.0	36.0	0.0	0.0	0.0	0.0	41.0	0.0	0.0	0.0	0.0	0.0	0.0	0.0	63.0	0.0	0.0	0.0	0.0	0.0	0.0	0.0	98.0	0.0	0.0	0.0	0.0	0.0	0.0	0.0	0.0	0.0	0.0	69.0	0.0	0.0	0.0	0.0	0.0	0.0	0.0	0.0	0.0	0.0	0.0	87.0	0.0	0.0	0.0	0.0	0.0	81.0	0.0	0.0	0.0	0.0	0.0	0.0	0.0	0.0	0.0	52.0	0.0	0.0	78.0	62.0	66.0	60.0	0.0	0.0	0.0	0.0	0.0	0.0	0.0	0.0	0.0	0.0	0.0	0.0	0.0	48.0	0.0	0.0	0.0	0.0	0.0	67.0	0.0	0.0	0.0	0.0	0.0	0.0	0.0	0.0	0.0	19.0	78.0	81.0	0.0	8.0	0.0	99.0	33.0	0.0	0.0	0.0	0.0	23.0	0.0	19.0	0.0	0.0	0.0	0.0	0.0	0.0	0.0	0.0	0.0	0.0	0.0	69.0	0.0	0.0	17.0	48.0	2.0	0.0	0.0	55.0	0.0	0.0	7.0	0.0	0.0	0.0	0.0	0.0	0.0	46.0	66.0	29.0	0.0	0.0	99.0
0.0	0.0	0.0	0.0	0.0	69.0	0.0	71.0	68.0	0.0	0.0	0.0	6.0	0.0	32.0	0.0	0.0	0.0	0.0	66.0	0.0	0.0	43.0	0.0	0.0	0.0	0.0	0.0	0.0	0.0	0.0	0.0	17.0	16.0	64.0	0.0	0.0	0.0	0.0	0.0	0.0	0.0	0.0	0.0	63.0	0.0	78.0	0.0	0.0	28.0	0.0	0.0	0.0	0.0	32.0	0.0	0.0	65.0	0.0	0.0	0.0	0.0	0.0	2.0	18.0	0.0	0.0	0.0	53.0	0.0	0.0	0.0	9.0	4.0	69.0	93.0	28.0	0.0	0.0	0.0	0.0	0.0	25.0	98.0	0.0	0.0	73.0	26.0	0.0	0.0	0.0	82.0	0.0	0.0	43.0	20.0	0.0	52.0	0.0	0.0	0.0	0.0	0.0	0.0	0.0	0.0	0.0	28.0	4.0	0.0	0.0	0.0	0.0	43.0	0.0	81.0	20.0	0.0	0.0	0.0	0.0	0.0	99.0	0.0	18.0	67.0	29.0	26.0	0.0	0.0	0.0	0.0	0.0	0.0	81.0	0.0	0.0	0.0	0.0	0.0	0.0	0.0	0.0	0.0	0.0	0.0	35.0	0.0	0.0	4.0	48.0	0.0	0.0	27.0	0.0	0.0	0.0	69.0	10.0	0.0	0.0	32.0	0.0	0.0	0.0	0.0	0.0	0.0	0.0	75.0	0.0	15.0	0.0	0.0	62.0	0.0	0.0	0.0	0.0	0.0	0.0	0.0	0.0
0.0	74.0	0.0	0.0	20.0	87.0	0.0	0.0	0.0	0.0	0.0	0.0	0.0	0.0	35.0	86.0	21.0	0.0	10.0	0.0	0.0	0.0	0.0	82.0	21.0	0.0	17.0	0.0	0.0	0.0	0.0	0.0	0.0	63.0	18.0	76.0	0.0	0.0	75.0	0.0	0.0	79.0	0.0	0.0	74.0	0.0	0.0	0.0	0.0	0.0	0.0	57.0	0.0	0.0	71.0	0.0	86.0	9.0	0.0	0.0	0.0	0.0	0.0	0.0	50.0	94.0	0.0	93.0	98.0	0.0	77.0	0.0	19.0	90.0	72.0	0.0	0.0	0.0	42.0	0.0	98.0	0.0	0.0	0.0	0.0	75.0	0.0	0.0	0.0	0.0	0.0	43.0	57.0	24.0	31.0	72.0	94.0	21.0	0.0	0.0	0.0	0.0	0.0	64.0	48.0	0.0	57.0	0.0	95.0	0.0	0.0	0.0	41.0	0.0	0.0	0.0	0.0	0.0	0.0	34.0	0.0	0.0	0.0	0.0	0.0	0.0	0.0	0.0	0.0	0.0	0.0	0.0	0.0	0.0	0.0	0.0	0.0	79.0	0.0	0.0	0.0	0.0	0.0	0.0	0.0	7.0	0.0	0.0	0.0	0.0	0.0	0.0	0.0	0.0	0.0	0.0	0.0	0.0	0.0	0.0	73.0	64.0	0.0	97.0	0.0	0.0	0.0	0.0	0.0	0.0	0.0	0.0	0.0	0.0	0.0	0.0	25.0	80.0	0.0	24.0	0.0	0.0
0.0	0.0	0.0	0.0	0.0	75.0	38.0	0.0	86.0	0.0	0.0	0.0	0.0	0.0	0.0	0.0	0.0	0.0	40.0	54.0	0.0	0.0	18.0	0.0	100.0	0.0	43.0	82.0	0.0	0.0	0.0	18.0	93.0	0.0	0.0	0.0	0.0	0.0	0.0	0.0	20.0	0.0	70.0	0.0	0.0	0.0	0.0	0.0	0.0	0.0	65.0	0.0	0.0	0.0	89.0	0.0	37.0	12.0	40.0	0.0	0.0	0.0	0.0	48.0	0.0	93.0	0.0	59.0	0.0	14.0	0.0	0.0	0.0	0.0	0.0	0.0	0.0	0.0	0.0	0.0	0.0	0.0	0.0	0.0	0.0	0.0	0.0	0.0	0.0	0.0	30.0	0.0	0.0	0.0	0.0	96.0	28.0	0.0	57.0	0.0	98.0	0.0	0.0	0.0	11.0	0.0	0.0	0.0	0.0	0.0	0.0	0.0	0.0	0.0	0.0	0.0	0.0	0.0	0.0	0.0	83.0	0.0	48.0	45.0	0.0	0.0	0.0	13.0	56.0	1.0	0.0	0.0	0.0	41.0	0.0	0.0	0.0	0.0	0.0	0.0	0.0	0.0	42.0	0.0	0.0	0.0	78.0	81.0	28.0	51.0	0.0	0.0	0.0	0.0	0.0	50.0	83.0	0.0	0.0	0.0	0.0	0.0	0.0	0.0	57.0	45.0	0.0	18.0	0.0	0.0	0.0	68.0	61.0	0.0	25.0	0.0	80.0	0.0	53.0	90.0	19.0
0.0	30.0	0.0	0.0	0.0	91.0	27.0	0.0	77.0	0.0	0.0	0.0	0.0	0.0	0.0	0.0	0.0	0.0	0.0	0.0	0.0	22.0	0.0	0.0	0.0	0.0	0.0	0.0	0.0	39.0	0.0	0.0	30.0	99.0	0.0	0.0	0.0	0.0	0.0	0.0	2.0	0.0	0.0	46.0	0.0	0.0	0.0	0.0	0.0	0.0	0.0	0.0	37.0	63.0	18.0	0.0	0.0	0.0	21.0	70.0	79.0	0.0	0.0	0.0	0.0	0.0	0.0	0.0	0.0	98.0	84.0	0.0	0.0	55.0	0.0	5.0	0.0	0.0	0.0	0.0	72.0	73.0	0.0	0.0	0.0	0.0	0.0	31.0	15.0	0.0	0.0	0.0	0.0	0.0	0.0	0.0	0.0	88.0	0.0	88.0	0.0	0.0	37.0	0.0	0.0	0.0	0.0	71.0	0.0	0.0	0.0	0.0	26.0	0.0	4.0	0.0	0.0	8.0	0.0	57.0	0.0	0.0	0.0	13.0	0.0	0.0	0.0	19.0	0.0	0.0	0.0	0.0	0.0	0.0	0.0	0.0	63.0	0.0	0.0	0.0	0.0	0.0	0.0	0.0	20.0	5.0	85.0	0.0	0.0	41.0	0.0	0.0	2.0	98.0	0.0	22.0	0.0	75.0	0.0	0.0	27.0	0.0	0.0	0.0	0.0	0.0	0.0	0.0	0.0	0.0	33.0	30.0	0.0	0.0	0.0	0.0	0.0	60.0	0.0	77.0
27.0	39.0	0.0	0.0	0.0	67.0	0.0	0.0	20.0	0.0	0.0	0.0	0.0	15.0	0.0	0.0	0.0	68.0	0.0	0.0	0.0	0.0	83.0	0.0	0.0	0.0	0.0	8.0	3.0	0.0	0.0	95.0	88.0	41.0	96.0	0.0	0.0	13.0	0.0	0.0	0.0	0.0	57.0	25.0	0.0	0.0	0.0	0.0	0.0	88.0	0.0	0.0	0.0	0.0	0.0	0.0	0.0	6.0	0.0	0.0	0.0	0.0	0.0	33.0	0.0	0.0	0.0	0.0	0.0	0.0	0.0	0.0	0.0	0.0	0.0	20.0	0.0	0.0	0.0	0.0	0.0	0.0	0.0	94.0	0.0	0.0	0.0	100.0	0.0	0.0	0.0	0.0	72.0	0.0	0.0	0.0	0.0	0.0	27.0	0.0	36.0	0.0	0.0	56.0	0.0	0.0	0.0	0.0	0.0	0.0	90.0	72.0	42.0	0.0	0.0	78.0	0.0	4.0	0.0	0.0	14.0	0.0	0.0	0.0	0.0	0.0	31.0	0.0	19.0	0.0	12.0	0.0	0.0	0.0	38.0	0.0	0.0	0.0	0.0	0.0	0.0	0.0	71.0	50.0	0.0	0.0	0.0	93.0	0.0	19.0	0.0	0.0	0.0	57.0	4.0	0.0	0.0	0.0	10.0	0.0	0.0	0.0	53.0	0.0	0.0	0.0	0.0	0.0	0.0	0.0	0.0	0.0	0.0	0.0	15.0	0.0	0.0	0.0	0.0
0.0	0.0	0.0	0.0	84.0	0.0	0.0	43.0	0.0	99.0	0.0	0.0	0.0	12.0	0.0	0.0	0.0	0.0	0.0	0.0	0.0	0.0	53.0	0.0	0.0	0.0	0.0	0.0	80.0	0.0	0.0	0.0	0.0	0.0	0.0	48.0	0.0	0.0	76.0	0.0	0.0	88.0	35.0	0.0	73.0	0.0	0.0	0.0	0.0	68.0	89.0	0.0	37.0	0.0	0.0	38.0	79.0	0.0	0.0	0.0	0.0	0.0	81.0	0.0	0.0	0.0	44.0	65.0	0.0	0.0	58.0	0.0	0.0	0.0	0.0	0.0	0.0	0.0	0.0	0.0	0.0	0.0	0.0	19.0	0.0	0.0	0.0	0.0	0.0	0.0	0.0	0.0	0.0	0.0	0.0	0.0	0.0	72.0	0.0	0.0	0.0	0.0	0.0	0.0	0.0	0.0	0.0	0.0	0.0	0.0	0.0	0.0	0.0	0.0	0.0	0.0	0.0	0.0	0.0	0.0	0.0	0.0	0.0	7.0	0.0	22.0	0.0	0.0	0.0	0.0	0.0	0.0	0.0	0.0	3.0	0.0	0.0	45.0	83.0	4.0	0.0	0.0	0.0	0.0	0.0	0.0	0.0	0.0	0.0	0.0	0.0	0.0	0.0	0.0	9.0	0.0	0.0	21.0	0.0	0.0	0.0	0.0	0.0	0.0	0.0	0.0	0.0	0.0	0.0	0.0	84.0	33.0	0.0	0.0	0.0	93.0	0.0	0.0
0.0	0.0	0.0	0.0	0.0	0.0	31.0	0.0	0.0	0.0	0.0	0.0	0.0	9.0	0.0	0.0	0.0	0.0	56.0	58.0	0.0	0.0	0.0	0.0	0.0	26.0	0.0	22.0	22.0	0.0	27.0	0.0	0.0	0.0	0.0	0.0	52.0	7.0	0.0	66.0	0.0	0.0	49.0	0.0	0.0	0.0	0.0	0.0	0.0	0.0	0.0	0.0	76.0	0.0	0.0	0.0	67.0	0.0	0.0	0.0	44.0	0.0	0.0	0.0	0.0	0.0	0.0	0.0	0.0	0.0	0.0	0.0	0.0	0.0	0.0	0.0	68.0	0.0	0.0	0.0	0.0	0.0	70.0	0.0	0.0	0.0	0.0	56.0	0.0	0.0	0.0	0.0	72.0	0.0	0.0	0.0	0.0	0.0	52.0	0.0	0.0	0.0	0.0	0.0	34.0	47.0	0.0	87.0	0.0	0.0	0.0	0.0	0.0	0.0	57.0	0.0	93.0	0.0	0.0	0.0	0.0	5.0	0.0	0.0	0.0	0.0	0.0	0.0	0.0	0.0	0.0	0.0	0.0	0.0	0.0	0.0	0.0	0.0	66.0	0.0	0.0	29.0	0.0	0.0	0.0	0.0	0.0	0.0	1.0	0.0	0.0	0.0	0.0	0.0	0.0	0.0	0.0	42.0	0.0	0.0	0.0	0.0	0.0	0.0	0.0	0.0	0.0	0.0	0.0	0.0	0.0	0.0	24.0	0.0	0.0	0.0	47.0
0.0	0.0	0.0	0.0	97.0	0.0	5.0	0.0	0.0	82.0	35.0	0.0	76.0	0.0	0.0	72.0	0.0	56.0	0.0	0.0	0.0	0.0	0.0	0.0	79.0	0.0	0.0	83.0	0.0	0.0	0.0	0.0	0.0	0.0	0.0	0.0	16.0	0.0	0.0	87.0	0.0	0.0	0.0	0.0	0.0	49.0	0.0	25.0	0.0	26.0	0.0	48.0	0.0	0.0	0.0	0.0	46.0	0.0	0.0	0.0	0.0	0.0	0.0	0.0	0.0	71.0	0.0	0.0	0.0	0.0	0.0	0.0	0.0	0.0	92.0	0.0	0.0	0.0	0.0	0.0	0.0	0.0	0.0	0.0	0.0	0.0	0.0	0.0	0.0	0.0	78.0	8.0	17.0	0.0	0.0	0.0	0.0	56.0	0.0	0.0	0.0	0.0	0.0	0.0	0.0	0.0	0.0	0.0	0.0	68.0	100.0	0.0	0.0	0.0	0.0	82.0	13.0	0.0	0.0	0.0	0.0	0.0	0.0	0.0	39.0	0.0	0.0	0.0	0.0	0.0	0.0	0.0	0.0	25.0	0.0	0.0	69.0	12.0	0.0	0.0	0.0	0.0	0.0	0.0	100.0	0.0	0.0	0.0	0.0	0.0	0.0	0.0	0.0	0.0	64.0	88.0	81.0	0.0	46.0	0.0	99.0	0.0	0.0	85.0	0.0	0.0	0.0	9.0	0.0	0.0	0.0	0.0	0.0	0.0	0.0	0.0
0.0	0.0	0.0	0.0	0.0	100.0	0.0	80.0	0.0	77.0	0.0	10.0	0.0	0.0	0.0	35.0	0.0	0.0	0.0	0.0	0.0	0.0	0.0	0.0	49.0	0.0	39.0	0.0	0.0	0.0	0.0	0.0	0.0	0.0	42.0	0.0	0.0	0.0	0.0	0.0	0.0	79.0	91.0	0.0	66.0	0.0	0.0	0.0	0.0	95.0	0.0	0.0	0.0	1.0	0.0	0.0	85.0	0.0	0.0	0.0	49.0	0.0	48.0	0.0	0.0	86.0	0.0	0.0	0.0	0.0	0.0	0.0	0.0	0.0	0.0	0.0	44.0	7.0	73.0	0.0	0.0	69.0	35.0	57.0	0.0	0.0	0.0	0.0	0.0	0.0	0.0	73.0	0.0	0.0	0.0	0.0	17.0	0.0	0.0	0.0	0.0	0.0	0.0	0.0	0.0	0.0	0.0	0.0	0.0	0.0	0.0	0.0	0.0	0.0	0.0	0.0	79.0	0.0	0.0	0.0	0.0	0.0	0.0	0.0	24.0	12.0	0.0	0.0	0.0	0.0	0.0	6.0	0.0	0.0	0.0	100.0	0.0	0.0	0.0	68.0	0.0	17.0	19.0	0.0	0.0	49.0	0.0	0.0	36.0	0.0	0.0	0.0	0.0	0.0	43.0	0.0	0.0	0.0	51.0	30.0	54.0	0.0	0.0	45.0	5.0	0.0	46.0	0.0	28.0	0.0	0.0	15.0	0.0	34.0	0.0
0.0	0.0	33.0	0.0	20.0	0.0	0.0	0.0	0.0	38.0	0.0	0.0	0.0	0.0	0.0	0.0	45.0	0.0	0.0	13.0	0.0	0.0	96.0	0.0	52.0	0.0	0.0	0.0	0.0	0.0	0.0	0.0	0.0	0.0	0.0	86.0	0.0	43.0	0.0	35.0	0.0	0.0	0.0	0.0	0.0	0.0	56.0	0.0	0.0	0.0	0.0	0.0	0.0	97.0	38.0	0.0	0.0	0.0	0.0	0.0	55.0	0.0	0.0	0.0	3.0	0.0	0.0	0.0	0.0	0.0	0.0	0.0	30.0	26.0	0.0	0.0	97.0	0.0	0.0	0.0	77.0	0.0	0.0	89.0	0.0	0.0	0.0	0.0	0.0	0.0	0.0	0.0	0.0	0.0	0.0	0.0	0.0	96.0	0.0	0.0	86.0	0.0	97.0	58.0	0.0	0.0	0.0	0.0	66.0	0.0	0.0	0.0	0.0	0.0	71.0	0.0	0.0	0.0	74.0	0.0	21.0	26.0	0.0	0.0	27.0	0.0	0.0	0.0	0.0	0.0	0.0	0.0	0.0	0.0	13.0	0.0	0.0	0.0	0.0	23.0	65.0	0.0	0.0	0.0	7.0	0.0	0.0	12.0	0.0	0.0	0.0	0.0	0.0	4.0	0.0	0.0	0.0	6.0	0.0	0.0	87.0	0.0	17.0	0.0	82.0	11.0	0.0	8.0	0.0	0.0	0.0	0.0	0.0	0.0
12.0	9.0	0.0	20.0	0.0	0.0	0.0	0.0	0.0	28.0	61.0	0.0	0.0	0.0	61.0	44.0	0.0	0.0	8.0	95.0	0.0	0.0	0.0	0.0	0.0	0.0	0.0	85.0	0.0	81.0	0.0	0.0	38.0	0.0	0.0	12.0	0.0	0.0	0.0	0.0	0.0	0.0	80.0	0.0	0.0	0.0	0.0	0.0	85.0	0.0	90.0	0.0	0.0	17.0	61.0	79.0	0.0	0.0	0.0	0.0	0.0	0.0	0.0	0.0	0.0	0.0	66.0	0.0	0.0	12.0	77.0	0.0	0.0	0.0	0.0	0.0	0.0	0.0	13.0	0.0	0.0	0.0	0.0	0.0	0.0	0.0	0.0	86.0	0.0	0.0	45.0	0.0	0.0	0.0	0.0	0.0	0.0	0.0	0.0	0.0	97.0	28.0	35.0	0.0	11.0	0.0	97.0	0.0	0.0	0.0	0.0	40.0	4.0	0.0	0.0	0.0	46.0	0.0	0.0	0.0	0.0	0.0	0.0	0.0	0.0	5.0	45.0	37.0	0.0	0.0	0.0	3.0	0.0	0.0	0.0	0.0	0.0	91.0	95.0	0.0	73.0	0.0	70.0	0.0	67.0	1.0	0.0	73.0	0.0	0.0	52.0	13.0	0.0	63.0	19.0	84.0	75.0	0.0	0.0	0.0	0.0	34.0	0.0	0.0	0.0	0.0	0.0	0.0	28.0	0.0	0.0	54.0	0.0
73.0	94.0	0.0	0.0	0.0	88.0	0.0	1.0	35.0	0.0	0.0	0.0	85.0	0.0	0.0	0.0	0.0	82.0	0.0	0.0	46.0	98.0	96.0	0.0	0.0	51.0	0.0	50.0	0.0	0.0	0.0	0.0	0.0	3.0	0.0	0.0	0.0	32.0	67.0	0.0	0.0	0.0	57.0	0.0	0.0	0.0	0.0	0.0	0.0	0.0	0.0	0.0	22.0	0.0	0.0	0.0	0.0	0.0	0.0	34.0	0.0	0.0	0.0	24.0	0.0	0.0	0.0	0.0	98.0	0.0	0.0	0.0	89.0	0.0	0.0	82.0	0.0	0.0	69.0	0.0	0.0	40.0	0.0	0.0	0.0	0.0	92.0	0.0	0.0	60.0	0.0	39.0	0.0	0.0	0.0	0.0	0.0	0.0	0.0	0.0	0.0	0.0	0.0	0.0	0.0	0.0	0.0	0.0	0.0	63.0	0.0	0.0	0.0	0.0	0.0	2.0	88.0	0.0	0.0	12.0	56.0	27.0	0.0	0.0	0.0	0.0	43.0	0.0	33.0	0.0	0.0	0.0	0.0	0.0	61.0	0.0	0.0	0.0	46.0	35.0	0.0	39.0	0.0	63.0	0.0	0.0	64.0	43.0	0.0	0.0	69.0	55.0	34.0	0.0	42.0	0.0	0.0	0.0	0.0	86.0	0.0	0.0	0.0	0.0	0.0	0.0	0.0	0.0	0.0	0.0	0.0	0.0
0.0	0.0	0.0	99.0	0.0	0.0	0.0	0.0	0.0	31.0	9.0	0.0	11.0	0.0	0.0	21.0	0.0	0.0	15.0	0.0	81.0	0.0	0.0	0.0	8.0	0.0	0.0	0.0	0.0	0.0	16.0	0.0	42.0	91.0	68.0	0.0	0.0	0.0	69.0	2.0	0.0	0.0	0.0	0.0	0.0	0.0	0.0	0.0	0.0	0.0	0.0	49.0	0.0	0.0	0.0	0.0	0.0	0.0	0.0	63.0	0.0	0.0	0.0	0.0	45.0	0.0	0.0	47.0	0.0	0.0	0.0	0.0	1.0	0.0	0.0	0.0	0.0	0.0	0.0	0.0	0.0	70.0	0.0	0.0	0.0	26.0	0.0	0.0	0.0	0.0	0.0	23.0	0.0	0.0	0.0	0.0	63.0	0.0	0.0	0.0	0.0	0.0	0.0	39.0	0.0	0.0	0.0	0.0	21.0	0.0	0.0	0.0	65.0	0.0	0.0	0.0	55.0	0.0	0.0	0.0	0.0	0.0	0.0	0.0	0.0	0.0	54.0	0.0	0.0	0.0	0.0	0.0	0.0	0.0	0.0	0.0	0.0	0.0	0.0	0.0	42.0	0.0	0.0	0.0	0.0	0.0	0.0	0.0	76.0	0.0	92.0	0.0	49.0	0.0	22.0	0.0	0.0	0.0	65.0	0.0	6.0	0.0	0.0	25.0	40.0	36.0	54.0	0.0	0.0	0.0	0.0
77.0	78.0	0.0	0.0	42.0	0.0	0.0	69.0	0.0	42.0	0.0	0.0	0.0	0.0	0.0	0.0	0.0	0.0	0.0	0.0	0.0	0.0	0.0	0.0	0.0	85.0	0.0	0.0	0.0	0.0	0.0	0.0	97.0	0.0	0.0	0.0	0.0	0.0	0.0	84.0	0.0	97.0	0.0	0.0	83.0	0.0	0.0	33.0	0.0	76.0	0.0	0.0	0.0	0.0	0.0	58.0	5.0	98.0	0.0	0.0	0.0	0.0	32.0	0.0	0.0	0.0	0.0	94.0	89.0	50.0	0.0	0.0	30.0	0.0	0.0	0.0	0.0	0.0	0.0	0.0	86.0	0.0	0.0	0.0	74.0	0.0	0.0	83.0	0.0	0.0	87.0	0.0	0.0	0.0	0.0	0.0	0.0	0.0	56.0	0.0	0.0	0.0	3.0	0.0	0.0	35.0	0.0	7.0	66.0	59.0	0.0	20.0	0.0	41.0	0.0	0.0	89.0	53.0	0.0	0.0	0.0	0.0	0.0	0.0	0.0	0.0	0.0	0.0	0.0	0.0	0.0	0.0	60.0	0.0	0.0	0.0	0.0	0.0	78.0	0.0	0.0	0.0	74.0	8.0	0.0	0.0	0.0	0.0	0.0	0.0	1.0	0.0	37.0	0.0	0.0	81.0	26.0	0.0	0.0	48.0	0.0	0.0	0.0	79.0	0.0	0.0	0.0	73.0	0.0	0.0
0.0	95.0	0.0	0.0	0.0	0.0	0.0	0.0	0.0	0.0	12.0	0.0	0.0	17.0	0.0	0.0	0.0	0.0	0.0	0.0	0.0	44.0	9.0	0.0	0.0	0.0	38.0	0.0	1.0	0.0	100.0	0.0	0.0	0.0	0.0	0.0	0.0	22.0	0.0	0.0	0.0	0.0	0.0	9.0	0.0	0.0	0.0	85.0	0.0	0.0	0.0	0.0	76.0	0.0	0.0	0.0	0.0	0.0	0.0	9.0	0.0	0.0	0.0	0.0	0.0	50.0	0.0	0.0	0.0	0.0	0.0	27.0	0.0	0.0	0.0	0.0	79.0	0.0	0.0	24.0	0.0	33.0	0.0	0.0	0.0	0.0	30.0	0.0	0.0	9.0	0.0	0.0	0.0	0.0	39.0	64.0	0.0	0.0	0.0	0.0	0.0	0.0	0.0	0.0	0.0	84.0	0.0	0.0	0.0	0.0	0.0	85.0	0.0	0.0	74.0	0.0	64.0	0.0	0.0	68.0	0.0	0.0	0.0	0.0	0.0	0.0	99.0	0.0	53.0	0.0	0.0	0.0	0.0	0.0	0.0	29.0	0.0	0.0	0.0	0.0	0.0	0.0	0.0	0.0	0.0	44.0	0.0	23.0	0.0	0.0	0.0	64.0	56.0	0.0	0.0	0.0	0.0	0.0	0.0	0.0	0.0	0.0	0.0	0.0	19.0	0.0	94.0	0.0	0.0
0.0	0.0	0.0	0.0	0.0	0.0	0.0	10.0	0.0	0.0	0.0	0.0	0.0	0.0	0.0	0.0	0.0	0.0	0.0	0.0	0.0	0.0	0.0	45.0	0.0	0.0	0.0	0.0	0.0	0.0	0.0	0.0	0.0	0.0	0.0	24.0	0.0	0.0	0.0	0.0	72.0	16.0	0.0	0.0	0.0	0.0	0.0	0.0	0.0	0.0	0.0	0.0	0.0	83.0	0.0	0.0	0.0	0.0	26.0	0.0	0.0	0.0	0.0	0.0	6.0	44.0	0.0	56.0	0.0	0.0	0.0	0.0	0.0	0.0	37.0	0.0	0.0	77.0	0.0	0.0	0.0	0.0	0.0	0.0	0.0	0.0	0.0	94.0	0.0	0.0	0.0	57.0	87.0	0.0	0.0	0.0	0.0	86.0	0.0	80.0	68.0	0.0	0.0	0.0	0.0	38.0	0.0	0.0	0.0	0.0	15.0	0.0	0.0	0.0	0.0	0.0	0.0	76.0	0.0	0.0	0.0	0.0	0.0	0.0	0.0	0.0	0.0	0.0	0.0	0.0	0.0	0.0	0.0	0.0	0.0	86.0	0.0	0.0	21.0	0.0	29.0	0.0	88.0	0.0	0.0	0.0	0.0	0.0	0.0	15.0	78.0	0.0	0.0	0.0	0.0	51.0	85.0	47.0	0.0	38.0	0.0	0.0	0.0	13.0	0.0	0.0	0.0	0.0
0.0	0.0	10.0	0.0	63.0	0.0	0.0	0.0	0.0	0.0	35.0	0.0	0.0	0.0	0.0	0.0	0.0	0.0	86.0	0.0	0.0	0.0	0.0	0.0	0.0	0.0	0.0	0.0	0.0	0.0	0.0	0.0	0.0	0.0	0.0	0.0	0.0	0.0	0.0	0.0	0.0	0.0	92.0	0.0	0.0	0.0	0.0	0.0	0.0	4.0	0.0	0.0	61.0	79.0	0.0	100.0	0.0	0.0	0.0	74.0	0.0	0.0	0.0	0.0	0.0	0.0	0.0	0.0	56.0	0.0	0.0	0.0	0.0	0.0	0.0	0.0	0.0	82.0	87.0	0.0	0.0	0.0	99.0	0.0	48.0	28.0	0.0	24.0	71.0	3.0	0.0	0.0	0.0	64.0	0.0	9.0	0.0	0.0	30.0	75.0	0.0	0.0	0.0	0.0	72.0	0.0	0.0	0.0	0.0	0.0	0.0	43.0	0.0	0.0	54.0	0.0	0.0	0.0	59.0	0.0	0.0	60.0	0.0	0.0	0.0	0.0	0.0	0.0	0.0	0.0	95.0	0.0	54.0	2.0	0.0	0.0	0.0	0.0	61.0	0.0	0.0	73.0	67.0	65.0	0.0	0.0	0.0	0.0	44.0	0.0	0.0	0.0	0.0	0.0	0.0	0.0	0.0	0.0	0.0	0.0	72.0	0.0	48.0	0.0	96.0	33.0	0.0
0.0	0.0	0.0	0.0	0.0	0.0	0.0	0.0	0.0	0.0	0.0	0.0	0.0	0.0	19.0	0.0	0.0	0.0	0.0	0.0	89.0	0.0	0.0	0.0	15.0	47.0	0.0	100.0	0.0	5.0	53.0	3.0	0.0	0.0	0.0	71.0	63.0	0.0	0.0	0.0	0.0	0.0	37.0	0.0	0.0	0.0	0.0	35.0	0.0	0.0	85.0	0.0	0.0	0.0	76.0	0.0	0.0	33.0	0.0	0.0	0.0	0.0	41.0	0.0	0.0	66.0	0.0	80.0	0.0	0.0	77.0	0.0	38.0	0.0	0.0	0.0	72.0	0.0	86.0	0.0	44.0	0.0	0.0	0.0	0.0	0.0	0.0	40.0	3.0	34.0	47.0	0.0	0.0	34.0	0.0	68.0	0.0	0.0	0.0	28.0	87.0	21.0	0.0	0.0	0.0	0.0	0.0	0.0	39.0	0.0	0.0	0.0	0.0	87.0	0.0	98.0	0.0	0.0	0.0	0.0	0.0	0.0	0.0	13.0	0.0	0.0	0.0	0.0	0.0	72.0	0.0	0.0	0.0	0.0	0.0	0.0	0.0	0.0	0.0	0.0	0.0	0.0	87.0	35.0	19.0	0.0	0.0	0.0	0.0	0.0	71.0	35.0	0.0	0.0	25.0	0.0	0.0	28.0	0.0	0.0	0.0	56.0	8.0	0.0	66.0	80.0
0.0	85.0	18.0	87.0	0.0	0.0	0.0	0.0	0.0	0.0	0.0	0.0	0.0	0.0	0.0	0.0	0.0	27.0	0.0	0.0	68.0	0.0	0.0	28.0	0.0	0.0	0.0	0.0	0.0	0.0	0.0	0.0	0.0	0.0	36.0	72.0	0.0	0.0	0.0	84.0	0.0	0.0	33.0	0.0	0.0	0.0	70.0	0.0	0.0	0.0	0.0	0.0	0.0	0.0	9.0	0.0	0.0	0.0	0.0	0.0	0.0	77.0	0.0	0.0	0.0	0.0	0.0	0.0	0.0	0.0	0.0	0.0	0.0	10.0	0.0	4.0	14.0	0.0	0.0	0.0	0.0	0.0	90.0	80.0	0.0	0.0	42.0	58.0	26.0	0.0	0.0	0.0	13.0	47.0	0.0	0.0	80.0	0.0	79.0	0.0	0.0	0.0	0.0	0.0	0.0	0.0	0.0	10.0	24.0	0.0	0.0	0.0	0.0	0.0	0.0	0.0	58.0	0.0	6.0	0.0	0.0	0.0	0.0	0.0	0.0	0.0	0.0	0.0	0.0	0.0	0.0	0.0	0.0	0.0	57.0	0.0	40.0	64.0	0.0	73.0	73.0	0.0	0.0	0.0	19.0	0.0	96.0	0.0	0.0	16.0	66.0	10.0	74.0	0.0	52.0	0.0	0.0	0.0	15.0	0.0	0.0	0.0	0.0	0.0	0.0
0.0	0.0	0.0	0.0	0.0	0.0	0.0	0.0	0.0	0.0	28.0	0.0	83.0	80.0	57.0	0.0	0.0	15.0	26.0	0.0	0.0	0.0	0.0	0.0	78.0	97.0	0.0	75.0	0.0	0.0	0.0	0.0	98.0	53.0	0.0	53.0	0.0	8.0	0.0	28.0	0.0	0.0	55.0	0.0	0.0	0.0	64.0	47.0	0.0	0.0	0.0	0.0	0.0	0.0	0.0	0.0	0.0	0.0	0.0	0.0	84.0	0.0	0.0	0.0	0.0	0.0	0.0	78.0	0.0	97.0	0.0	0.0	53.0	0.0	0.0	0.0	26.0	0.0	0.0	44.0	2.0	0.0	0.0	0.0	56.0	0.0	0.0	63.0	58.0	0.0	0.0	0.0	0.0	0.0	0.0	0.0	0.0	55.0	0.0	32.0	0.0	53.0	51.0	43.0	59.0	89.0	0.0	0.0	0.0	0.0	0.0	0.0	0.0	0.0	0.0	0.0	0.0	5.0	0.0	0.0	0.0	0.0	0.0	0.0	61.0	0.0	65.0	0.0	0.0	0.0	65.0	0.0	0.0	43.0	0.0	0.0	0.0	0.0	0.0	0.0	0.0	0.0	0.0	64.0	0.0	0.0	0.0	67.0	15.0	0.0	0.0	0.0	0.0	0.0	0.0	0.0	0.0	0.0	0.0	0.0	0.0	8.0	96.0	0.0
0.0	0.0	0.0	46.0	0.0	0.0	85.0	0.0	0.0	0.0	65.0	53.0	0.0	0.0	6.0	0.0	0.0	0.0	0.0	91.0	20.0	0.0	0.0	0.0	0.0	29.0	0.0	0.0	0.0	89.0	0.0	0.0	0.0	0.0	14.0	0.0	0.0	96.0	0.0	9.0	0.0	0.0	0.0	5.0	0.0	0.0	0.0	55.0	0.0	45.0	0.0	36.0	0.0	0.0	0.0	0.0	0.0	0.0	0.0	41.0	0.0	0.0	0.0	72.0	0.0	56.0	44.0	0.0	0.0	0.0	0.0	0.0	0.0	0.0	0.0	0.0	0.0	0.0	74.0	0.0	0.0	0.0	0.0	0.0	0.0	0.0	35.0	0.0	79.0	0.0	59.0	0.0	0.0	0.0	65.0	0.0	21.0	0.0	0.0	0.0	76.0	90.0	0.0	0.0	97.0	0.0	0.0	0.0	0.0	0.0	0.0	0.0	0.0	0.0	0.0	47.0	0.0	0.0	58.0	0.0	0.0	0.0	0.0	90.0	0.0	41.0	0.0	0.0	0.0	0.0	0.0	0.0	0.0	0.0	0.0	75.0	0.0	0.0	0.0	0.0	17.0	87.0	0.0	0.0	86.0	18.0	8.0	0.0	0.0	10.0	0.0	0.0	35.0	13.0	64.0	0.0	0.0	0.0	0.0	39.0	29.0	96.0	49.0
0.0	63.0	38.0	0.0	0.0	69.0	0.0	20.0	0.0	0.0	0.0	0.0	0.0	0.0	0.0	0.0	0.0	55.0	0.0	95.0	0.0	33.0	0.0	71.0	0.0	0.0	0.0	0.0	67.0	0.0	0.0	54.0	0.0	89.0	0.0	0.0	46.0	0.0	0.0	0.0	0.0	41.0	0.0	66.0	0.0	0.0	24.0	52.0	0.0	26.0	0.0	49.0	63.0	0.0	0.0	0.0	0.0	0.0	0.0	0.0	12.0	13.0	0.0	43.0	0.0	0.0	0.0	0.0	0.0	0.0	0.0	0.0	0.0	0.0	0.0	0.0	0.0	0.0	0.0	0.0	0.0	0.0	0.0	6.0	0.0	0.0	0.0	0.0	0.0	0.0	0.0	0.0	0.0	0.0	77.0	0.0	0.0	76.0	0.0	96.0	0.0	0.0	59.0	0.0	0.0	0.0	0.0	0.0	0.0	55.0	0.0	0.0	0.0	0.0	20.0	0.0	0.0	0.0	33.0	0.0	0.0	0.0	94.0	91.0	0.0	0.0	0.0	0.0	0.0	0.0	0.0	0.0	0.0	0.0	0.0	0.0	0.0	0.0	0.0	48.0	0.0	12.0	24.0	0.0	0.0	37.0	0.0	0.0	0.0	0.0	0.0	0.0	0.0	0.0	60.0	0.0	0.0	0.0	0.0	62.0	0.0	0.0
0.0	38.0	0.0	0.0	61.0	0.0	0.0	0.0	0.0	0.0	0.0	0.0	0.0	0.0	4.0	0.0	0.0	0.0	0.0	0.0	0.0	59.0	0.0	99.0	34.0	0.0	0.0	0.0	0.0	81.0	0.0	61.0	0.0	0.0	0.0	65.0	32.0	0.0	0.0	0.0	0.0	0.0	43.0	3.0	51.0	0.0	0.0	0.0	89.0	6.0	0.0	40.0	0.0	0.0	0.0	0.0	0.0	0.0	61.0	0.0	0.0	4.0	72.0	0.0	0.0	0.0	0.0	0.0	0.0	0.0	0.0	0.0	0.0	0.0	12.0	0.0	6.0	16.0	0.0	0.0	0.0	0.0	0.0	0.0	0.0	0.0	0.0	0.0	0.0	0.0	0.0	0.0	37.0	0.0	0.0	0.0	0.0	0.0	0.0	0.0	68.0	23.0	0.0	0.0	0.0	34.0	0.0	0.0	60.0	0.0	0.0	0.0	0.0	71.0	0.0	0.0	0.0	29.0	0.0	21.0	0.0	0.0	0.0	0.0	0.0	0.0	21.0	0.0	0.0	0.0	0.0	0.0	0.0	66.0	0.0	0.0	8.0	0.0	0.0	0.0	0.0	0.0	0.0	0.0	0.0	0.0	0.0	0.0	0.0	0.0	0.0	0.0	0.0	0.0	12.0	84.0	0.0	61.0	0.0	0.0	0.0
0.0	0.0	0.0	0.0	0.0	0.0	0.0	22.0	0.0	0.0	0.0	0.0	50.0	0.0	0.0	0.0	0.0	0.0	0.0	0.0	0.0	0.0	0.0	0.0	85.0	18.0	0.0	28.0	0.0	0.0	0.0	23.0	57.0	63.0	0.0	0.0	0.0	0.0	0.0	0.0	87.0	0.0	85.0	0.0	0.0	0.0	0.0	0.0	0.0	0.0	0.0	0.0	0.0	0.0	0.0	0.0	0.0	91.0	0.0	0.0	0.0	0.0	0.0	65.0	15.0	0.0	0.0	0.0	50.0	0.0	69.0	0.0	0.0	0.0	0.0	0.0	0.0	0.0	25.0	0.0	0.0	0.0	0.0	0.0	0.0	52.0	50.0	0.0	0.0	0.0	0.0	0.0	0.0	0.0	0.0	0.0	0.0	9.0	13.0	7.0	0.0	73.0	0.0	0.0	0.0	0.0	0.0	0.0	70.0	0.0	0.0	0.0	0.0	0.0	0.0	0.0	0.0	0.0	0.0	0.0	42.0	0.0	0.0	0.0	42.0	0.0	0.0	0.0	24.0	0.0	0.0	14.0	0.0	82.0	70.0	45.0	71.0	0.0	0.0	0.0	0.0	57.0	0.0	0.0	9.0	0.0	0.0	0.0	0.0	0.0	0.0	15.0	0.0	0.0	0.0	0.0	0.0	56.0	79.0	0.0
0.0	0.0	0.0	0.0	0.0	34.0	0.0	0.0	0.0	0.0	69.0	10.0	0.0	62.0	0.0	0.0	0.0	88.0	0.0	44.0	0.0	0.0	0.0	90.0	0.0	0.0	0.0	34.0	0.0	0.0	0.0	4.0	35.0	14.0	0.0	0.0	57.0	35.0	0.0	0.0	43.0	13.0	0.0	0.0	0.0	0.0	0.0	0.0	0.0	0.0	0.0	0.0	0.0	27.0	0.0	41.0	0.0	97.0	0.0	0.0	0.0	0.0	0.0	0.0	0.0	0.0	0.0	0.0	0.0	0.0	0.0	0.0	0.0	0.0	0.0	0.0	0.0	0.0	0.0	38.0	0.0	0.0	0.0	0.0	31.0	79.0	0.0	0.0	0.0	0.0	83.0	0.0	53.0	0.0	0.0	25.0	22.0	0.0	0.0	0.0	0.0	0.0	0.0	0.0	0.0	0.0	0.0	28.0	0.0	79.0	0.0	0.0	0.0	0.0	0.0	4.0	0.0	0.0	32.0	95.0	0.0	0.0	0.0	0.0	91.0	0.0	0.0	99.0	0.0	0.0	0.0	0.0	0.0	0.0	0.0	92.0	75.0	17.0	0.0	0.0	0.0	0.0	0.0	17.0	0.0	0.0	0.0	45.0	0.0	0.0	0.0	0.0	0.0	0.0	0.0	0.0	0.0	0.0	2.0
44.0	0.0	0.0	0.0	44.0	0.0	0.0	0.0	34.0	98.0	0.0	0.0	0.0	0.0	0.0	0.0	50.0	0.0	0.0	0.0	0.0	0.0	8.0	5.0	94.0	0.0	0.0	0.0	0.0	0.0	0.0	0.0	0.0	0.0	0.0	0.0	0.0	0.0	0.0	0.0	0.0	0.0	0.0	1.0	0.0	0.0	0.0	18.0	0.0	0.0	0.0	0.0	0.0	0.0	0.0	0.0	0.0	0.0	82.0	51.0	86.0	0.0	0.0	0.0	0.0	0.0	75.0	0.0	0.0	0.0	0.0	0.0	0.0	0.0	0.0	0.0	0.0	0.0	0.0	0.0	0.0	0.0	70.0	0.0	0.0	0.0	0.0	0.0	0.0	0.0	0.0	0.0	62.0	26.0	0.0	0.0	0.0	0.0	12.0	0.0	0.0	72.0	0.0	0.0	0.0	0.0	0.0	0.0	0.0	0.0	0.0	0.0	0.0	0.0	0.0	0.0	0.0	50.0	31.0	0.0	0.0	0.0	0.0	0.0	0.0	37.0	4.0	0.0	0.0	0.0	0.0	0.0	0.0	0.0	0.0	0.0	0.0	45.0	0.0	0.0	0.0	0.0	28.0	0.0	0.0	0.0	0.0	94.0	0.0	0.0	0.0	0.0	69.0	0.0	0.0	0.0	0.0	0.0
0.0	0.0	0.0	50.0	0.0	0.0	0.0	0.0	0.0	0.0	0.0	97.0	0.0	0.0	87.0	0.0	0.0	0.0	0.0	48.0	0.0	0.0	0.0	0.0	69.0	0.0	0.0	0.0	0.0	0.0	0.0	95.0	0.0	20.0	52.0	0.0	0.0	0.0	0.0	0.0	21.0	0.0	0.0	0.0	55.0	95.0	65.0	50.0	0.0	0.0	0.0	0.0	23.0	0.0	0.0	0.0	0.0	0.0	0.0	0.0	0.0	0.0	0.0	0.0	0.0	33.0	0.0	0.0	0.0	0.0	0.0	0.0	62.0	0.0	0.0	0.0	0.0	40.0	70.0	0.0	0.0	0.0	27.0	0.0	0.0	60.0	93.0	0.0	0.0	78.0	0.0	0.0	0.0	0.0	49.0	0.0	0.0	0.0	0.0	44.0	0.0	0.0	0.0	0.0	99.0	23.0	0.0	0.0	0.0	0.0	86.0	0.0	55.0	0.0	0.0	0.0	25.0	0.0	26.0	59.0	0.0	0.0	0.0	0.0	66.0	0.0	0.0	0.0	0.0	0.0	0.0	0.0	0.0	0.0	0.0	62.0	0.0	0.0	24.0	0.0	41.0	69.0	0.0	0.0	23.0	0.0	67.0	0.0	0.0	0.0	85.0	48.0	0.0	0.0	76.0	0.0	52.0
0.0	0.0	0.0	0.0	0.0	0.0	0.0	23.0	0.0	0.0	0.0	0.0	27.0	0.0	0.0	0.0	0.0	0.0	0.0	0.0	0.0	0.0	0.0	0.0	52.0	0.0	0.0	0.0	0.0	36.0	0.0	0.0	0.0	0.0	0.0	0.0	0.0	84.0	0.0	0.0	53.0	0.0	0.0	0.0	0.0	0.0	0.0	67.0	90.0	0.0	0.0	23.0	0.0	0.0	48.0	59.0	66.0	0.0	0.0	57.0	0.0	0.0	0.0	74.0	39.0	0.0	0.0	0.0	0.0	0.0	0.0	30.0	0.0	0.0	0.0	0.0	93.0	0.0	0.0	0.0	93.0	0.0	23.0	0.0	0.0	0.0	0.0	0.0	0.0	0.0	0.0	0.0	69.0	0.0	0.0	0.0	0.0	84.0	0.0	0.0	0.0	0.0	0.0	0.0	0.0	0.0	0.0	84.0	6.0	33.0	0.0	0.0	0.0	83.0	0.0	0.0	0.0	0.0	0.0	0.0	0.0	42.0	0.0	0.0	0.0	0.0	0.0	74.0	0.0	0.0	0.0	0.0	0.0	0.0	0.0	61.0	0.0	0.0	0.0	0.0	0.0	0.0	0.0	0.0	0.0	0.0	22.0	0.0	0.0	37.0	0.0	0.0	0.0	0.0	81.0	0.0
0.0	0.0	33.0	0.0	0.0	9.0	0.0	0.0	0.0	0.0	0.0	0.0	0.0	40.0	0.0	55.0	0.0	0.0	0.0	49.0	0.0	57.0	0.0	0.0	0.0	0.0	0.0	0.0	44.0	0.0	0.0	0.0	0.0	0.0	0.0	0.0	0.0	29.0	0.0	0.0	65.0	0.0	0.0	0.0	96.0	0.0	0.0	0.0	0.0	68.0	0.0	0.0	0.0	0.0	0.0	49.0	0.0	0.0	95.0	0.0	0.0	82.0	0.0	0.0	0.0	0.0	0.0	0.0	0.0	0.0	0.0	0.0	0.0	38.0	96.0	0.0	0.0	72.0	0.0	96.0	52.0	0.0	1.0	0.0	0.0	0.0	0.0	0.0	21.0	0.0	58.0	0.0	0.0	0.0	0.0	0.0	0.0	17.0	0.0	0.0	0.0	0.0	0.0	0.0	0.0	22.0	0.0	0.0	47.0	0.0	0.0	0.0	91.0	0.0	0.0	0.0	0.0	0.0	0.0	0.0	0.0	0.0	0.0	78.0	0.0	0.0	0.0	0.0	0.0	0.0	0.0	0.0	0.0	0.0	0.0	0.0	0.0	0.0	0.0	0.0	0.0	0.0	0.0	0.0	0.0	30.0	66.0	0.0	0.0	0.0	0.0	0.0	0.0	92.0	0.0
0.0	32.0	0.0	0.0	25.0	24.0	0.0	0.0	0.0	0.0	0.0	0.0	0.0	0.0	71.0	0.0	28.0	0.0	33.0	4.0	0.0	0.0	0.0	0.0	0.0	0.0	0.0	0.0	0.0	0.0	0.0	0.0	0.0	53.0	0.0	0.0	0.0	0.0	0.0	21.0	0.0	0.0	0.0	0.0	0.0	0.0	0.0	32.0	0.0	57.0	0.0	19.0	0.0	0.0	0.0	0.0	0.0	0.0	0.0	0.0	0.0	0.0	0.0	0.0	0.0	39.0	0.0	0.0	33.0	0.0	0.0	0.0	13.0	0.0	0.0	0.0	28.0	0.0	0.0	0.0	0.0	0.0	0.0	0.0	34.0	67.0	0.0	0.0	0.0	0.0	0.0	0.0	0.0	0.0	0.0	97.0	0.0	0.0	0.0	0.0	0.0	0.0	18.0	61.0	0.0	0.0	0.0	46.0	0.0	0.0	93.0	0.0	0.0	0.0	0.0	0.0	0.0	55.0	23.0	0.0	0.0	0.0	0.0	0.0	0.0	0.0	0.0	0.0	0.0	0.0	0.0	0.0	0.0	0.0	34.0	31.0	0.0	61.0	40.0	0.0	0.0	0.0	55.0	0.0	62.0	0.0	0.0	0.0	0.0	0.0	0.0	0.0	0.0	0.0
85.0	0.0	41.0	34.0	66.0	82.0	21.0	0.0	0.0	78.0	0.0	0.0	0.0	0.0	0.0	69.0	0.0	0.0	0.0	84.0	0.0	0.0	13.0	0.0	66.0	0.0	0.0	0.0	1.0	47.0	10.0	0.0	0.0	0.0	44.0	0.0	0.0	0.0	0.0	0.0	0.0	78.0	0.0	81.0	0.0	45.0	0.0	0.0	73.0	0.0	0.0	0.0	0.0	0.0	0.0	0.0	10.0	0.0	0.0	0.0	0.0	0.0	0.0	52.0	0.0	0.0	0.0	0.0	33.0	0.0	55.0	32.0	0.0	0.0	0.0	0.0	0.0	0.0	0.0	0.0	72.0	0.0	0.0	0.0	0.0	0.0	60.0	0.0	0.0	0.0	0.0	0.0	59.0	0.0	0.0	0.0	39.0	0.0	0.0	0.0	0.0	0.0	0.0	0.0	0.0	85.0	0.0	0.0	0.0	0.0	81.0	0.0	0.0	0.0	16.0	0.0	0.0	19.0	0.0	0.0	0.0	100.0	0.0	0.0	0.0	0.0	0.0	0.0	0.0	0.0	74.0	0.0	0.0	0.0	0.0	0.0	0.0	0.0	0.0	0.0	16.0	66.0	0.0	49.0	9.0	0.0	17.0	43.0	4.0	0.0	0.0	40.0	0.0
0.0	0.0	59.0	0.0	0.0	0.0	0.0	0.0	20.0	0.0	0.0	0.0	0.0	0.0	0.0	0.0	0.0	0.0	0.0	0.0	0.0	0.0	0.0	0.0	97.0	95.0	21.0	0.0	17.0	0.0	0.0	0.0	0.0	0.0	0.0	0.0	48.0	0.0	0.0	0.0	92.0	29.0	0.0	0.0	4.0	0.0	18.0	0.0	0.0	0.0	0.0	0.0	0.0	0.0	0.0	21.0	0.0	0.0	0.0	16.0	0.0	0.0	0.0	24.0	0.0	0.0	27.0	0.0	0.0	0.0	0.0	0.0	71.0	0.0	82.0	33.0	0.0	0.0	0.0	0.0	0.0	0.0	0.0	0.0	0.0	0.0	0.0	0.0	39.0	82.0	0.0	0.0	0.0	0.0	0.0	72.0	0.0	0.0	0.0	0.0	0.0	0.0	0.0	0.0	0.0	0.0	0.0	0.0	0.0	0.0	0.0	0.0	0.0	21.0	79.0	31.0	0.0	0.0	0.0	0.0	62.0	0.0	14.0	0.0	0.0	50.0	77.0	0.0	0.0	37.0	0.0	0.0	0.0	0.0	2.0	0.0	0.0	26.0	0.0	46.0	12.0	0.0	0.0	74.0	0.0	0.0	0.0	0.0	33.0	0.0	0.0	0.0
0.0	0.0	30.0	0.0	0.0	0.0	0.0	0.0	0.0	0.0	0.0	0.0	0.0	0.0	0.0	0.0	0.0	0.0	0.0	39.0	0.0	0.0	0.0	20.0	0.0	0.0	0.0	32.0	6.0	0.0	0.0	0.0	0.0	0.0	88.0	0.0	0.0	0.0	0.0	0.0	0.0	0.0	13.0	0.0	0.0	0.0	0.0	0.0	0.0	13.0	0.0	0.0	0.0	52.0	71.0	0.0	0.0	0.0	0.0	0.0	0.0	0.0	0.0	0.0	0.0	0.0	36.0	0.0	0.0	50.0	0.0	0.0	0.0	0.0	0.0	0.0	12.0	56.0	78.0	0.0	0.0	0.0	0.0	0.0	0.0	0.0	0.0	0.0	0.0	0.0	0.0	38.0	0.0	0.0	0.0	0.0	0.0	0.0	70.0	0.0	21.0	0.0	0.0	0.0	0.0	0.0	0.0	45.0	0.0	17.0	0.0	0.0	57.0	0.0	0.0	51.0	0.0	0.0	0.0	0.0	68.0	0.0	0.0	0.0	37.0	0.0	0.0	0.0	0.0	0.0	0.0	1.0	0.0	0.0	0.0	0.0	62.0	0.0	66.0	0.0	56.0	0.0	9.0	0.0	98.0	0.0	91.0	0.0	0.0	0.0	0.0
0.0	0.0	26.0	0.0	0.0	0.0	0.0	0.0	0.0	0.0	0.0	95.0	0.0	54.0	0.0	0.0	0.0	0.0	31.0	49.0	0.0	4.0	0.0	0.0	0.0	0.0	0.0	0.0	0.0	0.0	90.0	10.0	0.0	0.0	0.0	0.0	92.0	0.0	2.0	0.0	0.0	4.0	7.0	0.0	0.0	0.0	43.0	0.0	0.0	0.0	0.0	0.0	0.0	0.0	0.0	0.0	0.0	0.0	69.0	15.0	1.0	0.0	0.0	64.0	0.0	0.0	0.0	0.0	54.0	0.0	49.0	0.0	0.0	0.0	0.0	0.0	0.0	0.0	36.0	0.0	0.0	0.0	0.0	89.0	0.0	0.0	24.0	0.0	90.0	0.0	0.0	0.0	0.0	0.0	0.0	45.0	0.0	20.0	0.0	58.0	0.0	0.0	0.0	0.0	0.0	23.0	84.0	0.0	0.0	0.0	0.0	0.0	0.0	0.0	0.0	0.0	86.0	68.0	0.0	94.0	0.0	0.0	0.0	56.0	0.0	0.0	49.0	0.0	0.0	0.0	0.0	0.0	0.0	78.0	0.0	0.0	73.0	0.0	51.0	11.0	0.0	0.0	36.0	0.0	9.0	0.0	0.0	0.0	0.0	96.0
0.0	0.0	0.0	0.0	0.0	0.0	0.0	0.0	0.0	3.0	0.0	0.0	0.0	0.0	0.0	0.0	0.0	0.0	43.0	29.0	0.0	0.0	0.0	58.0	0.0	0.0	0.0	0.0	70.0	94.0	0.0	0.0	0.0	0.0	0.0	0.0	8.0	0.0	0.0	0.0	0.0	0.0	26.0	0.0	92.0	23.0	0.0	0.0	24.0	0.0	0.0	0.0	56.0	60.0	0.0	0.0	0.0	82.0	0.0	0.0	0.0	0.0	0.0	0.0	0.0	0.0	0.0	0.0	0.0	0.0	0.0	84.0	0.0	0.0	0.0	0.0	0.0	0.0	100.0	0.0	0.0	0.0	95.0	0.0	0.0	0.0	0.0	72.0	0.0	0.0	39.0	0.0	0.0	14.0	0.0	0.0	0.0	92.0	0.0	0.0	53.0	0.0	61.0	87.0	0.0	0.0	0.0	0.0	0.0	0.0	59.0	0.0	17.0	0.0	0.0	0.0	83.0	0.0	26.0	94.0	0.0	15.0	0.0	0.0	0.0	58.0	0.0	0.0	0.0	0.0	46.0	0.0	0.0	0.0	0.0	0.0	0.0	0.0	0.0	0.0	0.0	0.0	72.0	0.0	0.0	0.0	13.0	0.0	41.0
0.0	0.0	0.0	32.0	0.0	0.0	0.0	0.0	98.0	0.0	0.0	0.0	0.0	2.0	0.0	54.0	0.0	0.0	0.0	0.0	26.0	0.0	0.0	0.0	0.0	20.0	0.0	24.0	0.0	0.0	0.0	0.0	0.0	1.0	79.0	0.0	0.0	88.0	0.0	0.0	0.0	0.0	0.0	0.0	96.0	0.0	0.0	0.0	0.0	0.0	0.0	0.0	74.0	0.0	0.0	10.0	0.0	0.0	0.0	0.0	0.0	0.0	0.0	61.0	0.0	0.0	0.0	0.0	0.0	0.0	0.0	0.0	0.0	0.0	29.0	0.0	0.0	0.0	0.0	0.0	0.0	0.0	68.0	96.0	0.0	0.0	0.0	0.0	0.0	0.0	45.0	0.0	81.0	0.0	78.0	0.0	32.0	0.0	59.0	20.0	0.0	98.0	0.0	15.0	0.0	20.0	37.0	0.0	0.0	37.0	0.0	0.0	0.0	75.0	0.0	0.0	0.0	0.0	0.0	0.0	0.0	69.0	0.0	0.0	0.0	42.0	10.0	0.0	1.0	0.0	0.0	62.0	0.0	36.0	95.0	0.0	0.0	57.0	16.0	0.0	75.0	0.0	0.0	0.0	0.0	0.0	0.0	0.0
58.0	61.0	74.0	0.0	0.0	0.0	35.0	0.0	0.0	0.0	87.0	0.0	0.0	0.0	0.0	0.0	0.0	0.0	16.0	0.0	0.0	1.0	0.0	0.0	87.0	0.0	0.0	0.0	0.0	0.0	0.0	68.0	0.0	0.0	0.0	54.0	98.0	58.0	0.0	2.0	0.0	0.0	0.0	0.0	0.0	0.0	0.0	48.0	0.0	96.0	97.0	0.0	31.0	0.0	79.0	0.0	0.0	97.0	0.0	38.0	0.0	0.0	0.0	0.0	98.0	92.0	74.0	0.0	0.0	0.0	0.0	0.0	0.0	0.0	39.0	50.0	0.0	0.0	0.0	0.0	0.0	0.0	0.0	0.0	0.0	0.0	96.0	0.0	0.0	83.0	0.0	0.0	67.0	0.0	0.0	64.0	0.0	0.0	0.0	4.0	0.0	0.0	0.0	0.0	0.0	0.0	0.0	0.0	0.0	0.0	0.0	0.0	82.0	0.0	0.0	3.0	0.0	0.0	15.0	5.0	0.0	0.0	0.0	0.0	0.0	55.0	0.0	61.0	0.0	42.0	0.0	0.0	0.0	0.0	0.0	0.0	46.0	0.0	0.0	0.0	0.0	45.0	0.0	0.0	0.0	0.0	0.0
0.0	0.0	0.0	0.0	0.0	0.0	0.0	0.0	0.0	0.0	0.0	0.0	0.0	91.0	0.0	0.0	0.0	0.0	0.0	0.0	0.0	0.0	0.0	0.0	0.0	28.0	0.0	0.0	0.0	0.0	0.0	0.0	0.0	0.0	0.0	0.0	68.0	0.0	0.0	83.0	0.0	0.0	0.0	0.0	65.0	0.0	0.0	11.0	0.0	0.0	0.0	0.0	0.0	0.0	0.0	0.0	0.0	0.0	71.0	0.0	0.0	0.0	0.0	8.0	8.0	0.0	0.0	0.0	0.0	42.0	0.0	27.0	0.0	0.0	0.0	0.0	0.0	95.0	7.0	0.0	0.0	65.0	0.0	99.0	40.0	0.0	0.0	0.0	0.0	0.0	0.0	0.0	0.0	89.0	0.0	0.0	0.0	0.0	0.0	0.0	0.0	0.0	79.0	0.0	80.0	89.0	0.0	0.0	0.0	0.0	32.0	0.0	0.0	0.0	0.0	7.0	0.0	0.0	0.0	22.0	43.0	0.0	69.0	89.0	0.0	0.0	0.0	0.0	0.0	0.0	42.0	0.0	0.0	53.0	0.0	0.0	5.0	73.0	35.0	0.0	0.0	0.0	3.0	23.0	0.0	0.0
0.0	37.0	22.0	0.0	0.0	63.0	77.0	0.0	0.0	0.0	0.0	0.0	0.0	0.0	2.0	0.0	20.0	0.0	0.0	74.0	67.0	16.0	29.0	0.0	0.0	0.0	0.0	38.0	0.0	88.0	0.0	0.0	0.0	0.0	0.0	0.0	0.0	0.0	26.0	0.0	0.0	85.0	0.0	0.0	0.0	45.0	67.0	0.0	0.0	0.0	0.0	0.0	58.0	0.0	16.0	0.0	0.0	0.0	0.0	0.0	0.0	0.0	26.0	66.0	0.0	0.0	0.0	0.0	0.0	0.0	86.0	64.0	53.0	0.0	0.0	0.0	0.0	0.0	0.0	0.0	0.0	0.0	0.0	0.0	0.0	0.0	0.0	0.0	14.0	7.0	81.0	0.0	0.0	0.0	0.0	0.0	0.0	83.0	0.0	0.0	76.0	84.0	0.0	0.0	0.0	0.0	0.0	68.0	88.0	45.0	44.0	0.0	0.0	0.0	0.0	52.0	0.0	0.0	0.0	0.0	0.0	0.0	0.0	0.0	0.0	59.0	0.0	0.0	0.0	0.0	0.0	0.0	0.0	0.0	0.0	0.0	0.0	0.0	0.0	0.0	0.0	0.0	0.0	94.0	11.0
0.0	0.0	0.0	0.0	81.0	51.0	0.0	0.0	0.0	0.0	0.0	59.0	66.0	0.0	0.0	0.0	0.0	0.0	0.0	0.0	0.0	0.0	0.0	0.0	0.0	0.0	0.0	0.0	0.0	0.0	0.0	0.0	0.0	0.0	0.0	0.0	43.0	0.0	0.0	93.0	0.0	0.0	0.0	0.0	3.0	45.0	17.0	20.0	53.0	0.0	0.0	0.0	0.0	0.0	0.0	0.0	0.0	13.0	0.0	0.0	0.0	0.0	0.0	34.0	0.0	0.0	15.0	0.0	53.0	0.0	0.0	0.0	18.0	6.0	0.0	0.0	0.0	74.0	0.0	0.0	0.0	64.0	90.0	39.0	0.0	25.0	0.0	0.0	0.0	49.0	0.0	0.0	0.0	0.0	0.0	0.0	0.0	0.0	0.0	0.0	48.0	52.0	0.0	0.0	0.0	5.0	0.0	0.0	0.0	73.0	0.0	48.0	0.0	0.0	0.0	0.0	0.0	0.0	0.0	0.0	0.0	0.0	0.0	73.0	0.0	0.0	15.0	0.0	0.0	0.0	0.0	87.0	0.0	0.0	67.0	50.0	0.0	0.0	38.0	0.0	0.0	0.0	0.0	0.0
2.0	0.0	0.0	0.0	0.0	0.0	0.0	0.0	0.0	0.0	73.0	0.0	0.0	30.0	0.0	27.0	0.0	0.0	0.0	87.0	0.0	0.0	0.0	0.0	0.0	66.0	34.0	33.0	93.0	0.0	0.0	31.0	0.0	0.0	0.0	0.0	0.0	0.0	0.0	0.0	0.0	0.0	0.0	0.0	0.0	0.0	52.0	0.0	64.0	3.0	0.0	0.0	69.0	84.0	31.0	92.0	0.0	95.0	66.0	3.0	59.0	0.0	0.0	0.0	0.0	22.0	0.0	0.0	0.0	0.0	96.0	0.0	0.0	50.0	0.0	45.0	0.0	0.0	0.0	0.0	0.0	0.0	0.0	0.0	0.0	0.0	53.0	74.0	57.0	8.0	0.0	0.0	0.0	49.0	0.0	35.0	9.0	0.0	0.0	0.0	0.0	0.0	0.0	0.0	0.0	0.0	0.0	0.0	0.0	0.0	96.0	0.0	0.0	0.0	0.0	0.0	0.0	0.0	0.0	0.0	0.0	38.0	0.0	0.0	82.0	75.0	0.0	0.0	0.0	0.0	0.0	0.0	0.0	21.0	0.0	0.0	0.0	0.0	42.0	83.0	0.0	0.0	1.0
0.0	0.0	0.0	0.0	0.0	0.0	0.0	0.0	82.0	0.0	0.0	0.0	0.0	0.0	35.0	60.0	0.0	0.0	0.0	0.0	0.0	9.0	92.0	0.0	0.0	0.0	0.0	39.0	0.0	0.0	0.0	100.0	71.0	64.0	0.0	0.0	0.0	0.0	0.0	28.0	0.0	0.0	0.0	0.0	0.0	0.0	0.0	0.0	0.0	54.0	0.0	72.0	0.0	88.0	0.0	60.0	0.0	0.0	0.0	0.0	0.0	0.0	97.0	0.0	53.0	0.0	0.0	51.0	0.0	52.0	0.0	0.0	0.0	3.0	0.0	0.0	82.0	52.0	86.0	0.0	0.0	0.0	0.0	0.0	37.0	0.0	0.0	49.0	18.0	79.0	0.0	0.0	0.0	0.0	0.0	0.0	0.0	0.0	0.0	11.0	0.0	0.0	0.0	0.0	0.0	0.0	0.0	0.0	0.0	0.0	0.0	0.0	84.0	0.0	79.0	0.0	0.0	23.0	0.0	0.0	0.0	0.0	0.0	0.0	0.0	0.0	0.0	0.0	36.0	0.0	89.0	0.0	98.0	0.0	75.0	0.0	0.0	7.0	0.0	0.0	0.0	29.0
0.0	92.0	0.0	0.0	0.0	0.0	0.0	0.0	0.0	0.0	0.0	89.0	0.0	64.0	0.0	0.0	0.0	0.0	94.0	0.0	17.0	0.0	0.0	0.0	95.0	0.0	0.0	0.0	85.0	0.0	0.0	66.0	0.0	22.0	0.0	0.0	0.0	0.0	0.0	0.0	0.0	0.0	54.0	0.0	0.0	0.0	38.0	0.0	13.0	0.0	0.0	0.0	0.0	32.0	0.0	83.0	0.0	0.0	0.0	0.0	0.0	2.0	0.0	0.0	0.0	55.0	99.0	0.0	0.0	34.0	0.0	0.0	0.0	0.0	0.0	0.0	0.0	0.0	0.0	89.0	47.0	33.0	21.0	0.0	58.0	0.0	0.0	0.0	87.0	0.0	0.0	0.0	0.0	0.0	0.0	0.0	0.0	0.0	0.0	60.0	0.0	0.0	0.0	0.0	0.0	0.0	0.0	0.0	61.0	0.0	0.0	0.0	0.0	0.0	0.0	0.0	94.0	0.0	0.0	0.0	0.0	0.0	0.0	0.0	0.0	0.0	0.0	55.0	0.0	0.0	0.0	0.0	0.0	0.0	58.0	0.0	0.0	25.0	0.0	0.0	0.0
0.0	0.0	0.0	0.0	0.0	82.0	74.0	0.0	0.0	0.0	0.0	0.0	0.0	0.0	0.0	0.0	94.0	0.0	0.0	0.0	37.0	0.0	73.0	0.0	0.0	0.0	66.0	0.0	0.0	81.0	40.0	66.0	0.0	90.0	1.0	42.0	0.0	0.0	0.0	0.0	0.0	0.0	15.0	0.0	84.0	66.0	0.0	0.0	0.0	0.0	24.0	0.0	0.0	0.0	0.0	0.0	0.0	0.0	0.0	0.0	0.0	58.0	0.0	0.0	0.0	0.0	0.0	0.0	14.0	0.0	0.0	62.0	0.0	6.0	0.0	93.0	0.0	0.0	0.0	0.0	8.0	0.0	69.0	0.0	0.0	63.0	0.0	0.0	0.0	0.0	0.0	0.0	0.0	0.0	0.0	36.0	0.0	0.0	0.0	2.0	0.0	0.0	74.0	0.0	16.0	0.0	31.0	0.0	0.0	0.0	2.0	0.0	0.0	0.0	10.0	0.0	0.0	0.0	3.0	0.0	0.0	7.0	0.0	0.0	89.0	0.0	0.0	0.0	0.0	0.0	14.0	5.0	57.0	0.0	10.0	0.0	0.0	0.0	0.0	0.0
0.0	43.0	0.0	0.0	0.0	0.0	0.0	0.0	0.0	17.0	67.0	84.0	0.0	33.0	0.0	0.0	0.0	0.0	0.0	0.0	0.0	0.0	69.0	0.0	0.0	0.0	0.0	98.0	0.0	3.0	0.0	0.0	0.0	0.0	0.0	0.0	0.0	0.0	0.0	0.0	0.0	0.0	31.0	0.0	0.0	0.0	0.0	0.0	0.0	0.0	6.0	0.0	0.0	0.0	0.0	49.0	78.0	0.0	0.0	0.0	0.0	0.0	0.0	0.0	96.0	45.0	0.0	0.0	0.0	0.0	0.0	0.0	0.0	0.0	0.0	0.0	0.0	0.0	0.0	0.0	0.0	60.0	0.0	42.0	0.0	0.0	0.0	0.0	0.0	0.0	0.0	0.0	0.0	0.0	0.0	0.0	0.0	0.0	59.0	0.0	0.0	23.0	0.0	0.0	53.0	37.0	0.0	0.0	0.0	14.0	0.0	0.0	0.0	0.0	0.0	0.0	39.0	0.0	0.0	30.0	0.0	80.0	31.0	0.0	0.0	0.0	0.0	0.0	12.0	0.0	0.0	0.0	0.0	41.0	0.0	57.0	0.0	0.0	0.0
0.0	0.0	0.0	0.0	60.0	0.0	0.0	0.0	0.0	0.0	0.0	0.0	0.0	0.0	0.0	0.0	0.0	61.0	0.0	88.0	0.0	0.0	52.0	0.0	22.0	0.0	0.0	0.0	44.0	0.0	0.0	0.0	0.0	0.0	0.0	0.0	0.0	0.0	0.0	0.0	100.0	0.0	0.0	89.0	0.0	0.0	0.0	79.0	0.0	0.0	0.0	43.0	0.0	0.0	76.0	0.0	0.0	0.0	0.0	0.0	0.0	0.0	0.0	0.0	48.0	0.0	0.0	67.0	56.0	51.0	0.0	0.0	0.0	0.0	2.0	0.0	0.0	0.0	0.0	0.0	94.0	0.0	0.0	0.0	0.0	55.0	65.0	58.0	100.0	0.0	0.0	77.0	69.0	0.0	0.0	49.0	0.0	0.0	0.0	0.0	0.0	27.0	3.0	95.0	46.0	0.0	0.0	0.0	0.0	0.0	31.0	0.0	0.0	0.0	0.0	0.0	0.0	0.0	0.0	0.0	52.0	1.0	0.0	0.0	0.0	0.0	75.0	0.0	0.0	0.0	0.0	0.0	0.0	0.0	0.0	0.0	0.0	0.0
94.0	0.0	0.0	0.0	0.0	72.0	0.0	0.0	97.0	0.0	0.0	0.0	0.0	80.0	0.0	0.0	0.0	0.0	43.0	0.0	0.0	0.0	0.0	0.0	0.0	58.0	0.0	0.0	0.0	0.0	0.0	84.0	0.0	0.0	92.0	0.0	0.0	0.0	0.0	0.0	0.0	0.0	61.0	0.0	26.0	0.0	0.0	0.0	79.0	0.0	0.0	78.0	0.0	0.0	0.0	0.0	0.0	0.0	53.0	0.0	0.0	0.0	0.0	0.0	0.0	0.0	0.0	0.0	0.0	0.0	0.0	0.0	0.0	0.0	0.0	0.0	0.0	14.0	0.0	0.0	0.0	0.0	93.0	0.0	36.0	0.0	0.0	0.0	0.0	0.0	0.0	0.0	0.0	80.0	0.0	0.0	0.0	0.0	0.0	0.0	0.0	0.0	33.0	42.0	0.0	3.0	0.0	0.0	0.0	72.0	0.0	0.0	0.0	87.0	73.0	0.0	0.0	24.0	0.0	0.0	0.0	68.0	0.0	0.0	0.0	0.0	0.0	0.0	0.0	0.0	0.0	0.0	0.0	52.0	71.0	0.0	0.0
0.0	45.0	0.0	0.0	0.0	0.0	0.0	42.0	0.0	21.0	72.0	0.0	0.0	0.0	0.0	68.0	0.0	0.0	51.0	0.0	0.0	0.0	84.0	0.0	0.0	0.0	92.0	97.0	2.0	0.0	0.0	0.0	0.0	0.0	0.0	64.0	0.0	0.0	0.0	67.0	0.0	0.0	0.0	0.0	0.0	0.0	0.0	0.0	0.0	18.0	0.0	47.0	35.0	0.0	0.0	78.0	0.0	0.0	0.0	0.0	0.0	0.0	0.0	0.0	0.0	99.0	0.0	0.0	0.0	0.0	12.0	80.0	0.0	0.0	0.0	0.0	0.0	82.0	36.0	0.0	31.0	0.0	0.0	0.0	0.0	0.0	12.0	0.0	0.0	24.0	0.0	0.0	0.0	0.0	85.0	0.0	0.0	0.0	87.0	0.0	0.0	0.0	0.0	0.0	81.0	67.0	0.0	0.0	28.0	0.0	0.0	4.0	75.0	0.0	0.0	0.0	0.0	0.0	0.0	0.0	0.0	0.0	0.0	0.0	0.0	0.0	0.0	0.0	0.0	24.0	43.0	0.0	0.0	0.0	0.0	11.0
0.0	28.0	0.0	0.0	0.0	0.0	38.0	0.0	4.0	0.0	0.0	0.0	0.0	20.0	82.0	0.0	0.0	0.0	0.0	0.0	77.0	0.0	0.0	0.0	0.0	0.0	0.0	0.0	98.0	0.0	47.0	0.0	47.0	0.0	0.0	0.0	0.0	0.0	0.0	0.0	0.0	0.0	0.0	0.0	96.0	0.0	0.0	0.0	93.0	0.0	0.0	0.0	0.0	9.0	0.0	0.0	0.0	0.0	0.0	10.0	0.0	0.0	21.0	0.0	0.0	0.0	94.0	0.0	0.0	0.0	0.0	0.0	0.0	0.0	14.0	0.0	0.0	64.0	0.0	86.0	0.0	5.0	0.0	0.0	0.0	0.0	0.0	0.0	0.0	0.0	0.0	0.0	0.0	0.0	47.0	16.0	0.0	88.0	0.0	51.0	0.0	17.0	0.0	0.0	0.0	0.0	0.0	0.0	0.0	80.0	0.0	0.0	0.0	82.0	0.0	0.0	0.0	0.0	0.0	82.0	0.0	0.0	0.0	0.0	0.0	84.0	0.0	88.0	0.0	0.0	0.0	89.0	0.0	53.0	0.0
0.0	0.0	12.0	0.0	0.0	41.0	50.0	0.0	0.0	0.0	0.0	19.0	98.0	13.0	41.0	0.0	0.0	0.0	100.0	0.0	36.0	0.0	0.0	3.0	0.0	0.0	0.0	0.0	0.0	0.0	0.0	40.0	0.0	0.0	0.0	0.0	41.0	0.0	0.0	0.0	0.0	0.0	56.0	0.0	0.0	0.0	80.0	40.0	0.0	70.0	0.0	0.0	0.0	34.0	87.0	10.0	4.0	0.0	0.0	28.0	0.0	36.0	0.0	0.0	0.0	0.0	0.0	0.0	60.0	11.0	0.0	0.0	0.0	0.0	0.0	75.0	0.0	43.0	0.0	0.0	5.0	0.0	11.0	0.0	22.0	0.0	0.0	0.0	0.0	86.0	0.0	62.0	0.0	25.0	52.0	68.0	0.0	0.0	0.0	0.0	3.0	43.0	0.0	0.0	0.0	0.0	43.0	0.0	0.0	0.0	0.0	0.0	0.0	0.0	0.0	0.0	0.0	0.0	0.0	0.0	69.0	51.0	0.0	0.0	16.0	0.0	0.0	48.0	0.0	0.0	0.0	0.0	0.0	77.0
0.0	0.0	0.0	0.0	0.0	74.0	0.0	0.0	66.0	0.0	0.0	0.0	0.0	0.0	0.0	0.0	0.0	0.0	0.0	39.0	11.0	0.0	0.0	0.0	64.0	49.0	0.0	0.0	0.0	0.0	0.0	47.0	74.0	68.0	0.0	0.0	0.0	62.0	62.0	0.0	0.0	0.0	12.0	0.0	11.0	91.0	0.0	0.0	0.0	0.0	53.0	56.0	51.0	0.0	0.0	0.0	19.0	0.0	0.0	0.0	0.0	15.0	0.0	0.0	0.0	0.0	0.0	0.0	0.0	0.0	26.0	0.0	0.0	52.0	0.0	0.0	0.0	0.0	0.0	0.0	0.0	0.0	0.0	0.0	0.0	0.0	0.0	0.0	0.0	20.0	0.0	0.0	71.0	0.0	0.0	0.0	31.0	0.0	0.0	19.0	0.0	0.0	31.0	0.0	0.0	0.0	0.0	0.0	0.0	0.0	0.0	0.0	0.0	0.0	0.0	72.0	0.0	88.0	0.0	0.0	18.0	0.0	0.0	0.0	0.0	0.0	35.0	0.0	42.0	0.0	0.0	64.0	0.0
0.0	0.0	30.0	0.0	0.0	59.0	0.0	0.0	0.0	0.0	0.0	95.0	72.0	58.0	0.0	0.0	0.0	0.0	0.0	52.0	89.0	0.0	0.0	85.0	0.0	0.0	0.0	0.0	0.0	41.0	0.0	0.0	0.0	57.0	0.0	0.0	0.0	0.0	0.0	0.0	35.0	47.0	0.0	0.0	5.0	43.0	0.0	54.0	0.0	0.0	48.0	0.0	0.0	0.0	0.0	20.0	0.0	0.0	0.0	0.0	89.0	0.0	0.0	56.0	0.0	0.0	0.0	0.0	0.0	0.0	0.0	0.0	0.0	0.0	0.0	4.0	0.0	0.0	0.0	0.0	0.0	0.0	11.0	0.0	0.0	0.0	0.0	0.0	2.0	0.0	0.0	46.0	0.0	4.0	0.0	84.0	0.0	0.0	0.0	0.0	0.0	85.0	0.0	0.0	0.0	0.0	39.0	74.0	0.0	92.0	0.0	0.0	89.0	0.0	70.0	44.0	43.0	20.0	13.0	0.0	0.0	51.0	0.0	0.0	0.0	65.0	0.0	0.0	83.0	76.0	0.0	0.0
0.0	41.0	0.0	0.0	37.0	0.0	35.0	0.0	0.0	53.0	0.0	0.0	0.0	0.0	0.0	65.0	0.0	0.0	0.0	0.0	0.0	0.0	0.0	17.0	0.0	14.0	0.0	0.0	0.0	0.0	1.0	0.0	0.0	0.0	0.0	0.0	79.0	0.0	0.0	0.0	0.0	0.0	0.0	0.0	0.0	0.0	23.0	0.0	0.0	0.0	0.0	29.0	0.0	0.0	0.0	0.0	0.0	0.0	0.0	0.0	63.0	10.0	0.0	0.0	0.0	0.0	12.0	0.0	61.0	27.0	80.0	0.0	0.0	98.0	0.0	0.0	0.0	96.0	0.0	0.0	0.0	0.0	0.0	0.0	0.0	0.0	0.0	31.0	0.0	0.0	90.0	0.0	0.0	0.0	62.0	21.0	0.0	26.0	0.0	35.0	0.0	0.0	0.0	0.0	0.0	0.0	0.0	0.0	0.0	0.0	0.0	0.0	0.0	9.0	0.0	0.0	79.0	0.0	97.0	0.0	0.0	0.0	0.0	36.0	0.0	0.0	0.0	30.0	86.0	31.0	0.0
0.0	0.0	0.0	0.0	0.0	0.0	11.0	1.0	0.0	0.0	0.0	74.0	94.0	0.0	0.0	0.0	0.0	6.0	0.0	0.0	86.0	0.0	43.0	0.0	3.0	0.0	93.0	0.0	0.0	0.0	0.0	87.0	0.0	0.0	13.0	0.0	0.0	0.0	0.0	0.0	0.0	0.0	0.0	0.0	0.0	0.0	0.0	97.0	63.0	0.0	0.0	7.0	0.0	0.0	0.0	41.0	0.0	0.0	0.0	0.0	0.0	43.0	0.0	0.0	39.0	0.0	0.0	0.0	0.0	32.0	7.0	63.0	81.0	0.0	0.0	88.0	0.0	16.0	0.0	0.0	0.0	37.0	0.0	0.0	0.0	0.0	49.0	0.0	0.0	0.0	54.0	0.0	0.0	0.0	0.0	10.0	0.0	0.0	0.0	57.0	0.0	0.0	0.0	77.0	0.0	21.0	36.0	0.0	67.0	0.0	38.0	0.0	0.0	0.0	0.0	0.0	0.0	0.0	0.0	0.0	0.0	12.0	0.0	0.0	0.0	44.0	0.0	0.0	0.0	69.0
0.0	0.0	82.0	0.0	0.0	0.0	94.0	3.0	0.0	0.0	0.0	0.0	0.0	0.0	0.0	43.0	10.0	0.0	0.0	0.0	0.0	0.0	0.0	0.0	0.0	0.0	0.0	0.0	81.0	0.0	0.0	0.0	0.0	0.0	0.0	0.0	0.0	32.0	0.0	0.0	0.0	0.0	0.0	0.0	0.0	0.0	0.0	0.0	0.0	0.0	80.0	0.0	91.0	0.0	53.0	0.0	0.0	52.0	0.0	0.0	22.0	0.0	0.0	0.0	0.0	0.0	0.0	97.0	0.0	16.0	0.0	83.0	0.0	2.0	30.0	0.0	0.0	0.0	0.0	31.0	89.0	0.0	53.0	0.0	0.0	0.0	0.0	34.0	0.0	0.0	40.0	0.0	0.0	54.0	0.0	99.0	0.0	56.0	0.0	62.0	0.0	0.0	0.0	0.0	0.0	83.0	0.0	64.0	0.0	0.0	0.0	85.0	0.0	0.0	0.0	69.0	0.0	0.0	0.0	41.0	67.0	0.0	0.0	0.0	0.0	87.0	0.0	0.0	0.0
0.0	83.0	0.0	0.0	67.0	0.0	0.0	45.0	0.0	0.0	0.0	0.0	0.0	0.0	0.0	91.0	0.0	28.0	0.0	0.0	19.0	0.0	0.0	0.0	0.0	0.0	0.0	88.0	81.0	18.0	0.0	87.0	0.0	0.0	36.0	0.0	0.0	0.0	0.0	0.0	0.0	0.0	0.0	0.0	2.0	0.0	46.0	0.0	62.0	0.0	0.0	0.0	0.0	0.0	83.0	0.0	0.0	0.0	0.0	61.0	0.0	0.0	0.0	0.0	0.0	0.0	61.0	0.0	15.0	41.0	0.0	5.0	50.0	0.0	0.0	0.0	0.0	0.0	21.0	0.0	0.0	74.0	18.0	0.0	0.0	0.0	0.0	0.0	19.0	0.0	43.0	62.0	0.0	0.0	0.0	36.0	0.0	17.0	0.0	68.0	0.0	0.0	0.0	0.0	0.0	0.0	12.0	0.0	69.0	0.0	0.0	0.0	0.0	0.0	0.0	13.0	24.0	0.0	21.0	0.0	0.0	0.0	79.0	0.0	0.0	0.0	0.0	0.0
0.0	0.0	64.0	0.0	0.0	0.0	0.0	0.0	0.0	0.0	0.0	0.0	0.0	0.0	0.0	0.0	11.0	0.0	0.0	0.0	0.0	0.0	0.0	0.0	0.0	0.0	61.0	0.0	0.0	2.0	40.0	0.0	0.0	36.0	98.0	0.0	72.0	70.0	3.0	0.0	26.0	0.0	0.0	0.0	0.0	0.0	0.0	69.0	50.0	0.0	0.0	0.0	0.0	0.0	0.0	0.0	0.0	0.0	0.0	0.0	0.0	0.0	0.0	0.0	0.0	0.0	0.0	58.0	46.0	0.0	41.0	0.0	0.0	22.0	77.0	0.0	0.0	0.0	0.0	0.0	0.0	0.0	0.0	35.0	0.0	0.0	0.0	0.0	0.0	0.0	0.0	0.0	0.0	0.0	0.0	0.0	0.0	0.0	0.0	49.0	0.0	0.0	0.0	44.0	0.0	22.0	0.0	88.0	29.0	40.0	0.0	0.0	65.0	12.0	0.0	0.0	0.0	0.0	33.0	61.0	0.0	0.0	0.0	0.0	0.0	100.0	23.0
0.0	89.0	99.0	0.0	0.0	0.0	0.0	43.0	0.0	0.0	0.0	97.0	0.0	0.0	0.0	0.0	0.0	0.0	0.0	0.0	24.0	0.0	0.0	0.0	0.0	0.0	0.0	0.0	0.0	5.0	0.0	0.0	49.0	0.0	82.0	0.0	0.0	0.0	75.0	0.0	0.0	88.0	0.0	68.0	0.0	0.0	0.0	42.0	0.0	14.0	0.0	0.0	0.0	0.0	0.0	0.0	0.0	11.0	0.0	0.0	0.0	60.0	0.0	0.0	0.0	60.0	78.0	0.0	0.0	17.0	0.0	0.0	0.0	0.0	0.0	0.0	0.0	63.0	0.0	0.0	0.0	0.0	0.0	39.0	0.0	0.0	0.0	71.0	0.0	0.0	0.0	0.0	0.0	0.0	0.0	0.0	67.0	0.0	0.0	0.0	0.0	57.0	0.0	0.0	0.0	0.0	0.0	0.0	0.0	9.0	0.0	0.0	0.0	0.0	84.0	0.0	0.0	0.0	0.0	0.0	0.0	0.0	0.0	0.0	0.0	0.0
74.0	0.0	0.0	0.0	0.0	0.0	0.0	0.0	0.0	3.0	0.0	75.0	0.0	0.0	0.0	0.0	0.0	0.0	85.0	0.0	23.0	0.0	0.0	0.0	22.0	0.0	0.0	0.0	0.0	57.0	0.0	0.0	23.0	73.0	0.0	65.0	73.0	0.0	0.0	0.0	0.0	0.0	45.0	0.0	41.0	0.0	0.0	52.0	0.0	0.0	0.0	0.0	0.0	0.0	0.0	0.0	100.0	16.0	0.0	0.0	0.0	7.0	0.0	0.0	0.0	0.0	0.0	0.0	93.0	53.0	0.0	0.0	0.0	0.0	99.0	10.0	0.0	69.0	0.0	0.0	100.0	0.0	0.0	53.0	0.0	0.0	0.0	0.0	29.0	0.0	0.0	69.0	0.0	53.0	0.0	90.0	0.0	93.0	0.0	0.0	4.0	0.0	0.0	15.0	83.0	0.0	0.0	97.0	0.0	0.0	0.0	0.0	35.0	5.0	0.0	0.0	0.0	0.0	40.0	0.0	0.0	0.0	0.0	0.0	0.0
22.0	4.0	46.0	0.0	0.0	0.0	0.0	38.0	0.0	32.0	0.0	0.0	0.0	0.0	0.0	0.0	0.0	76.0	0.0	0.0	27.0	0.0	0.0	0.0	0.0	0.0	0.0	0.0	0.0	0.0	64.0	0.0	67.0	0.0	0.0	0.0	0.0	0.0	0.0	12.0	0.0	0.0	73.0	0.0	85.0	0.0	9.0	0.0	0.0	0.0	3.0	10.0	0.0	0.0	0.0	0.0	0.0	0.0	0.0	95.0	0.0	0.0	0.0	0.0	6.0	0.0	0.0	0.0	71.0	0.0	0.0	0.0	0.0	0.0	0.0	0.0	0.0	0.0	0.0	0.0	0.0	47.0	0.0	0.0	52.0	0.0	0.0	46.0	0.0	0.0	84.0	0.0	0.0	0.0	0.0	0.0	33.0	97.0	0.0	0.0	0.0	74.0	0.0	0.0	0.0	67.0	0.0	26.0	0.0	33.0	17.0	24.0	0.0	0.0	90.0	0.0	0.0	92.0	0.0	0.0	57.0	0.0	0.0	0.0
0.0	0.0	86.0	0.0	0.0	0.0	0.0	0.0	0.0	0.0	0.0	0.0	0.0	0.0	31.0	19.0	0.0	43.0	0.0	0.0	0.0	0.0	29.0	0.0	0.0	0.0	0.0	0.0	0.0	0.0	0.0	98.0	32.0	0.0	0.0	0.0	0.0	0.0	0.0	0.0	0.0	0.0	0.0	78.0	0.0	7.0	0.0	7.0	6.0	0.0	0.0	0.0	32.0	0.0	0.0	0.0	0.0	0.0	61.0	59.0	0.0	0.0	69.0	24.0	0.0	18.0	0.0	65.0	0.0	0.0	59.0	0.0	0.0	0.0	0.0	0.0	76.0	93.0	0.0	0.0	0.0	0.0	53.0	0.0	0.0	0.0	27.0	0.0	0.0	0.0	43.0	0.0	0.0	0.0	0.0	68.0	0.0	0.0	0.0	0.0	0.0	0.0	0.0	0.0	0.0	0.0	0.0	43.0	56.0	92.0	0.0	0.0	0.0	0.0	0.0	0.0	0.0	0.0	0.0	0.0	66.0	0.0	0.0
22.0	0.0	0.0	0.0	0.0	0.0	0.0	0.0	0.0	96.0	0.0	85.0	0.0	0.0	32.0	0.0	0.0	35.0	0.0	52.0	0.0	0.0	93.0	0.0	74.0	0.0	0.0	0.0	0.0	0.0	0.0	75.0	22.0	0.0	0.0	0.0	0.0	0.0	0.0	0.0	0.0	28.0	0.0	0.0	0.0	0.0	0.0	0.0	0.0	0.0	0.0	0.0	0.0	0.0	0.0	0.0	0.0	0.0	0.0	0.0	0.0	0.0	0.0	0.0	0.0	0.0	59.0	8.0	0.0	0.0	0.0	0.0	0.0	0.0	0.0	79.0	17.0	0.0	0.0	0.0	0.0	0.0	19.0	0.0	0.0	0.0	0.0	0.0	0.0	0.0	38.0	0.0	0.0	0.0	0.0	42.0	0.0	89.0	0.0	0.0	0.0	0.0	0.0	0.0	0.0	81.0	0.0	0.0	0.0	0.0	0.0	0.0	0.0	0.0	0.0	0.0	21.0	0.0	0.0	0.0	52.0	0.0
0.0	0.0	0.0	0.0	0.0	0.0	0.0	0.0	0.0	0.0	0.0	0.0	47.0	0.0	0.0	79.0	0.0	0.0	0.0	12.0	0.0	5.0	56.0	0.0	0.0	87.0	72.0	0.0	23.0	0.0	0.0	0.0	62.0	0.0	0.0	0.0	0.0	0.0	0.0	0.0	0.0	0.0	0.0	0.0	0.0	0.0	0.0	0.0	0.0	0.0	45.0	81.0	0.0	0.0	0.0	4.0	0.0	0.0	0.0	0.0	0.0	67.0	0.0	0.0	0.0	0.0	1.0	0.0	0.0	0.0	38.0	0.0	0.0	0.0	0.0	15.0	0.0	55.0	16.0	0.0	0.0	0.0	0.0	0.0	60.0	12.0	0.0	10.0	0.0	0.0	0.0	0.0	0.0	0.0	0.0	0.0	0.0	0.0	0.0	0.0	0.0	0.0	77.0	0.0	0.0	0.0	0.0	0.0	0.0	0.0	0.0	0.0	62.0	35.0	13.0	41.0	0.0	51.0	0.0	0.0	0.0
0.0	0.0	0.0	7.0	7.0	20.0	0.0	0.0	0.0	0.0	0.0	0.0	0.0	14.0	0.0	33.0	0.0	0.0	0.0	0.0	0.0	0.0	0.0	66.0	0.0	0.0	0.0	0.0	0.0	0.0	0.0	0.0	0.0	0.0	0.0	68.0	0.0	0.0	83.0	0.0	0.0	29.0	0.0	0.0	0.0	0.0	0.0	56.0	0.0	84.0	0.0	0.0	0.0	0.0	0.0	0.0	0.0	46.0	0.0	0.0	0.0	0.0	0.0	0.0	0.0	0.0	0.0	0.0	0.0	0.0	0.0	81.0	0.0	0.0	0.0	0.0	0.0	0.0	0.0	0.0	0.0	0.0	31.0	0.0	0.0	0.0	23.0	0.0	17.0	0.0	54.0	0.0	0.0	0.0	0.0	0.0	0.0	0.0	0.0	0.0	0.0	0.0	0.0	0.0	0.0	0.0	0.0	0.0	1.0	0.0	0.0	0.0	77.0	0.0	0.0	0.0	25.0	0.0	0.0	0.0
0.0	0.0	0.0	0.0	0.0	0.0	31.0	0.0	0.0	0.0	0.0	0.0	0.0	0.0	0.0	0.0	0.0	23.0	0.0	80.0	0.0	0.0	96.0	52.0	0.0	0.0	0.0	0.0	19.0	0.0	0.0	59.0	93.0	0.0	0.0	3.0	0.0	0.0	0.0	0.0	0.0	0.0	0.0	0.0	54.0	0.0	0.0	0.0	0.0	79.0	0.0	0.0	0.0	0.0	0.0	9.0	0.0	0.0	0.0	0.0	0.0	94.0	11.0	13.0	0.0	11.0	18.0	0.0	0.0	0.0	8.0	14.0	13.0	10.0	0.0	0.0	0.0	70.0	0.0	0.0	0.0	81.0	0.0	0.0	0.0	0.0	14.0	0.0	0.0	0.0	0.0	0.0	0.0	0.0	80.0	0.0	0.0	71.0	0.0	42.0	61.0	86.0	91.0	0.0	0.0	0.0	0.0	88.0	0.0	0.0	0.0	0.0	0.0	0.0	0.0	77.0	0.0	32.0	0.0
0.0	90.0	0.0	0.0	0.0	0.0	0.0	0.0	0.0	0.0	0.0	0.0	0.0	0.0	49.0	61.0	0.0	0.0	9.0	88.0	32.0	0.0	0.0	0.0	0.0	0.0	48.0	0.0	0.0	0.0	78.0	0.0	0.0	0.0	0.0	3.0	0.0	0.0	0.0	0.0	0.0	0.0	0.0	64.0	21.0	0.0	0.0	0.0	0.0	74.0	0.0	0.0	0.0	0.0	0.0	0.0	82.0	0.0	83.0	65.0	0.0	0.0	0.0	69.0	0.0	0.0	0.0	76.0	75.0	0.0	32.0	85.0	0.0	0.0	55.0	0.0	5.0	0.0	0.0	10.0	0.0	0.0	0.0	0.0	49.0	0.0	0.0	0.0	0.0	28.0	89.0	0.0	87.0	22.0	28.0	0.0	0.0	58.0	1.0	0.0	68.0	0.0	0.0	0.0	0.0	0.0	0.0	0.0	0.0	0.0	0.0	0.0	6.0	7.0	13.0	0.0	24.0	0.0
0.0	0.0	0.0	0.0	0.0	0.0	0.0	72.0	0.0	0.0	0.0	9.0	88.0	13.0	0.0	0.0	0.0	0.0	0.0	0.0	1.0	0.0	0.0	52.0	43.0	0.0	4.0	0.0	0.0	0.0	0.0	0.0	0.0	0.0	0.0	0.0	0.0	0.0	0.0	65.0	83.0	0.0	0.0	0.0	0.0	86.0	69.0	0.0	52.0	0.0	0.0	8.0	0.0	0.0	0.0	0.0	39.0	0.0	59.0	78.0	0.0	0.0	0.0	0.0	0.0	0.0	0.0	0.0	0.0	0.0	0.0	92.0	0.0	0.0	0.0	0.0	0.0	12.0	0.0	0.0	0.0	0.0	79.0	0.0	0.0	0.0	0.0	0.0	90.0	0.0	0.0	0.0	0.0	0.0	0.0	0.0	0.0	0.0	0.0	48.0	0.0	0.0	99.0	0.0	0.0	0.0	0.0	0.0	0.0	0.0	44.0	0.0	0.0	94.0	0.0	0.0	0.0
0.0	0.0	0.0	0.0	0.0	0.0	0.0	0.0	0.0	0.0	0.0	35.0	0.0	0.0	1.0	0.0	0.0	0.0	0.0	0.0	0.0	53.0	25.0	0.0	0.0	0.0	0.0	0.0	33.0	0.0	0.0	26.0	0.0	0.0	0.0	0.0	0.0	8.0	74.0	0.0	85.0	0.0	0.0	0.0	0.0	6.0	0.0	59.0	0.0	26.0	15.0	0.0	0.0	0.0	96.0	4.0	36.0	0.0	0.0	78.0	0.0	0.0	3.0	0.0	0.0	0.0	73.0	0.0	54.0	0.0	0.0	80.0	0.0	0.0	0.0	0.0	2.0	100.0	0.0	0.0	0.0	65.0	0.0	0.0	93.0	56.0	6.0	63.0	68.0	0.0	64.0	0.0	0.0	0.0	0.0	0.0	0.0	0.0	0.0	58.0	0.0	0.0	43.0	62.0	0.0	0.0	0.0	0.0	0.0	0.0	0.0	0.0	0.0	92.0	0.0	0.0
26.0	85.0	0.0	0.0	0.0	0.0	0.0	0.0	0.0	0.0	61.0	21.0	0.0	15.0	57.0	34.0	0.0	43.0	0.0	0.0	0.0	0.0	41.0	98.0	0.0	17.0	0.0	10.0	99.0	70.0	0.0	0.0	86.0	0.0	0.0	0.0	0.0	0.0	0.0	0.0	0.0	0.0	57.0	0.0	61.0	0.0	0.0	0.0	0.0	0.0	0.0	0.0	80.0	0.0	0.0	0.0	0.0	0.0	0.0	0.0	0.0	0.0	0.0	0.0	0.0	0.0	0.0	58.0	0.0	16.0	65.0	0.0	0.0	0.0	0.0	0.0	0.0	0.0	0.0	0.0	0.0	89.0	0.0	29.0	99.0	0.0	0.0	0.0	0.0	0.0	0.0	17.0	44.0	0.0	0.0	0.0	0.0	0.0	16.0	0.0	0.0	0.0	0.0	0.0	0.0	0.0	0.0	69.0	0.0	0.0	0.0	0.0	0.0	0.0	0.0
0.0	0.0	0.0	80.0	0.0	0.0	0.0	0.0	3.0	0.0	78.0	0.0	9.0	63.0	0.0	0.0	0.0	0.0	12.0	20.0	31.0	0.0	40.0	0.0	32.0	24.0	0.0	48.0	0.0	0.0	0.0	0.0	0.0	0.0	0.0	93.0	41.0	0.0	0.0	0.0	0.0	0.0	0.0	0.0	0.0	0.0	0.0	13.0	38.0	12.0	0.0	0.0	0.0	23.0	9.0	0.0	0.0	60.0	0.0	24.0	0.0	0.0	0.0	0.0	0.0	0.0	36.0	0.0	0.0	60.0	0.0	17.0	0.0	0.0	0.0	0.0	0.0	0.0	0.0	0.0	0.0	0.0	0.0	0.0	54.0	0.0	0.0	0.0	0.0	59.0	0.0	0.0	0.0	0.0	59.0	0.0	0.0	0.0	87.0	0.0	0.0	39.0	23.0	0.0	0.0	0.0	0.0	81.0	0.0	76.0	0.0	14.0	0.0	0.0
0.0	65.0	0.0	0.0	0.0	0.0	0.0	0.0	0.0	0.0	0.0	69.0	0.0	0.0	0.0	10.0	0.0	0.0	0.0	47.0	0.0	68.0	38.0	0.0	0.0	57.0	0.0	58.0	0.0	0.0	0.0	0.0	0.0	0.0	0.0	0.0	29.0	0.0	81.0	0.0	0.0	0.0	0.0	0.0	0.0	90.0	0.0	0.0	71.0	84.0	0.0	93.0	0.0	0.0	84.0	0.0	0.0	0.0	0.0	0.0	0.0	0.0	0.0	0.0	0.0	0.0	0.0	0.0	0.0	0.0	0.0	0.0	72.0	0.0	0.0	0.0	0.0	0.0	0.0	0.0	14.0	0.0	0.0	14.0	0.0	0.0	0.0	0.0	90.0	0.0	0.0	31.0	0.0	0.0	0.0	0.0	0.0	0.0	86.0	0.0	0.0	0.0	8.0	46.0	0.0	52.0	12.0	0.0	0.0	93.0	15.0	0.0	0.0
5.0	82.0	0.0	0.0	0.0	0.0	0.0	0.0	0.0	0.0	0.0	0.0	0.0	13.0	0.0	0.0	13.0	30.0	35.0	0.0	0.0	89.0	0.0	0.0	88.0	74.0	0.0	0.0	0.0	0.0	0.0	0.0	0.0	0.0	54.0	0.0	0.0	48.0	0.0	0.0	0.0	0.0	0.0	0.0	0.0	35.0	0.0	41.0	0.0	0.0	0.0	0.0	0.0	0.0	95.0	0.0	0.0	0.0	0.0	0.0	0.0	0.0	58.0	0.0	0.0	22.0	0.0	0.0	0.0	0.0	17.0	0.0	0.0	0.0	0.0	0.0	0.0	0.0	0.0	40.0	0.0	0.0	0.0	0.0	0.0	0.0	70.0	0.0	0.0	0.0	0.0	0.0	0.0	0.0	0.0	0.0	0.0	0.0	88.0	0.0	0.0	85.0	0.0	0.0	0.0	0.0	0.0	0.0	0.0	31.0	32.0	0.0
0.0	0.0	0.0	6.0	0.0	0.0	0.0	0.0	0.0	0.0	76.0	0.0	0.0	0.0	0.0	0.0	3.0	0.0	0.0	0.0	0.0	0.0	0.0	19.0	0.0	0.0	0.0	0.0	58.0	0.0	0.0	0.0	0.0	0.0	0.0	54.0	0.0	34.0	0.0	0.0	0.0	0.0	10.0	0.0	0.0	0.0	0.0	0.0	0.0	0.0	42.0	32.0	0.0	0.0	0.0	0.0	56.0	0.0	98.0	0.0	0.0	16.0	0.0	98.0	0.0	7.0	0.0	0.0	0.0	0.0	34.0	0.0	0.0	0.0	0.0	0.0	0.0	46.0	0.0	0.0	0.0	0.0	15.0	0.0	0.0	0.0	0.0	0.0	0.0	0.0	0.0	74.0	0.0	0.0	0.0	0.0	0.0	41.0	0.0	0.0	0.0	0.0	68.0	0.0	0.0	0.0	43.0	0.0	97.0	0.0	0.0
88.0	0.0	0.0	0.0	0.0	0.0	0.0	0.0	0.0	0.0	13.0	93.0	0.0	0.0	0.0	0.0	0.0	89.0	0.0	0.0	0.0	0.0	0.0	0.0	44.0	0.0	0.0	0.0	0.0	0.0	54.0	0.0	0.0	0.0	39.0	0.0	2.0	0.0	0.0	0.0	79.0	0.0	0.0	0.0	0.0	0.0	0.0	0.0	0.0	0.0	0.0	0.0	0.0	0.0	0.0	0.0	7.0	0.0	0.0	0.0	0.0	0.0	64.0	21.0	0.0	0.0	0.0	100.0	0.0	28.0	0.0	0.0	50.0	63.0	88.0	0.0	79.0	0.0	92.0	0.0	0.0	0.0	0.0	97.0	23.0	96.0	0.0	0.0	12.0	0.0	0.0	0.0	6.0	88.0	0.0	0.0	59.0	0.0	0.0	0.0	42.0	0.0	0.0	0.0	0.0	0.0	0.0	0.0	44.0	14.0
0.0	28.0	11.0	0.0	0.0	0.0	0.0	0.0	0.0	0.0	0.0	26.0	0.0	25.0	20.0	14.0	0.0	0.0	0.0	0.0	0.0	0.0	0.0	26.0	0.0	0.0	0.0	0.0	96.0	0.0	0.0	4.0	0.0	51.0	0.0	0.0	0.0	0.0	0.0	0.0	0.0	39.0	0.0	0.0	0.0	0.0	0.0	0.0	100.0	81.0	0.0	20.0	15.0	0.0	0.0	0.0	0.0	0.0	0.0	69.0	0.0	80.0	18.0	97.0	78.0	0.0	89.0	0.0	0.0	0.0	0.0	0.0	0.0	0.0	37.0	0.0	52.0	0.0	6.0	0.0	0.0	0.0	78.0	0.0	69.0	38.0	41.0	0.0	0.0	0.0	0.0	0.0	0.0	0.0	76.0	0.0	0.0	0.0	0.0	0.0	0.0	0.0	0.0	0.0	0.0	0.0	0.0	0.0	0.0
0.0	0.0	0.0	0.0	0.0	0.0	0.0	0.0	0.0	0.0	0.0	0.0	58.0	24.0	0.0	90.0	37.0	0.0	0.0	0.0	0.0	0.0	0.0	0.0	0.0	0.0	0.0	22.0	28.0	31.0	61.0	0.0	0.0	0.0	0.0	0.0	0.0	65.0	31.0	32.0	0.0	0.0	0.0	0.0	0.0	0.0	0.0	0.0	0.0	0.0	0.0	0.0	43.0	0.0	0.0	0.0	0.0	0.0	0.0	0.0	0.0	0.0	0.0	0.0	0.0	0.0	0.0	0.0	0.0	93.0	0.0	0.0	0.0	0.0	0.0	0.0	0.0	0.0	0.0	0.0	0.0	0.0	41.0	8.0	38.0	98.0	77.0	0.0	0.0	79.0	0.0	0.0	0.0	31.0	0.0	0.0	0.0	14.0	0.0	0.0	0.0	0.0	80.0	0.0	0.0	0.0	0.0	0.0
0.0	0.0	0.0	0.0	0.0	0.0	0.0	0.0	0.0	0.0	0.0	0.0	0.0	0.0	84.0	0.0	0.0	0.0	0.0	78.0	91.0	0.0	0.0	0.0	0.0	0.0	0.0	0.0	0.0	14.0	0.0	0.0	0.0	0.0	0.0	27.0	0.0	0.0	0.0	0.0	58.0	0.0	55.0	0.0	0.0	0.0	0.0	0.0	0.0	0.0	0.0	9.0	0.0	0.0	0.0	0.0	65.0	0.0	0.0	0.0	0.0	0.0	0.0	0.0	0.0	64.0	0.0	96.0	0.0	0.0	0.0	0.0	0.0	52.0	0.0	0.0	0.0	0.0	0.0	0.0	0.0	13.0	0.0	0.0	0.0	0.0	0.0	67.0	0.0	0.0	0.0	0.0	0.0	0.0	0.0	0.0	0.0	0.0	0.0	61.0	96.0	0.0	0.0	19.0	0.0	0.0	95.0
0.0	0.0	0.0	64.0	0.0	0.0	0.0	0.0	0.0	0.0	0.0	0.0	0.0	0.0	0.0	87.0	0.0	76.0	0.0	33.0	0.0	0.0	0.0	0.0	0.0	0.0	0.0	0.0	0.0	19.0	84.0	0.0	0.0	6.0	0.0	0.0	0.0	0.0	0.0	0.0	0.0	0.0	0.0	0.0	0.0	0.0	0.0	88.0	0.0	0.0	0.0	0.0	57.0	0.0	0.0	87.0	37.0	0.0	0.0	0.0	0.0	0.0	0.0	0.0	0.0	0.0	13.0	0.0	0.0	91.0	0.0	71.0	0.0	81.0	64.0	32.0	0.0	28.0	82.0	0.0	0.0	0.0	0.0	33.0	0.0	0.0	0.0	11.0	0.0	86.0	0.0	0.0	0.0	22.0	96.0	0.0	0.0	46.0	66.0	0.0	0.0	93.0	11.0	54.0	0.0	0.0
0.0	0.0	0.0	15.0	0.0	0.0	0.0	0.0	0.0	0.0	0.0	0.0	0.0	0.0	0.0	0.0	75.0	82.0	0.0	0.0	0.0	36.0	14.0	0.0	6.0	0.0	0.0	0.0	0.0	0.0	60.0	0.0	62.0	0.0	0.0	0.0	0.0	0.0	56.0	0.0	0.0	0.0	36.0	0.0	0.0	0.0	0.0	56.0	78.0	0.0	0.0	0.0	0.0	0.0	0.0	0.0	16.0	7.0	0.0	0.0	0.0	0.0	0.0	0.0	0.0	0.0	0.0	74.0	0.0	1.0	65.0	83.0	0.0	0.0	0.0	0.0	0.0	0.0	0.0	0.0	0.0	4.0	0.0	13.0	53.0	0.0	0.0	0.0	0.0	0.0	0.0	86.0	0.0	72.0	0.0	0.0	36.0	25.0	93.0	0.0	0.0	52.0	0.0	0.0	0.0
0.0	0.0	0.0	0.0	0.0	55.0	0.0	6.0	0.0	0.0	0.0	0.0	0.0	54.0	0.0	52.0	0.0	0.0	0.0	0.0	0.0	0.0	0.0	0.0	0.0	0.0	0.0	88.0	0.0	24.0	0.0	0.0	0.0	0.0	0.0	31.0	71.0	0.0	48.0	0.0	0.0	0.0	0.0	0.0	0.0	0.0	63.0	0.0	0.0	70.0	0.0	0.0	0.0	40.0	0.0	0.0	0.0	0.0	0.0	0.0	0.0	5.0	0.0	0.0	0.0	0.0	0.0	0.0	17.0	81.0	36.0	0.0	0.0	0.0	0.0	0.0	0.0	49.0	0.0	0.0	2.0	0.0	0.0	0.0	0.0	0.0	22.0	0.0	0.0	0.0	0.0	0.0	19.0	0.0	0.0	0.0	0.0	21.0	0.0	0.0	0.0	0.0	0.0	0.0
0.0	0.0	0.0	91.0	0.0	98.0	0.0	0.0	0.0	43.0	0.0	51.0	11.0	0.0	0.0	0.0	0.0	0.0	34.0	0.0	5.0	0.0	0.0	0.0	0.0	60.0	0.0	87.0	99.0	0.0	0.0	0.0	29.0	78.0	76.0	0.0	0.0	0.0	76.0	0.0	0.0	4.0	20.0	0.0	0.0	93.0	0.0	0.0	21.0	57.0	0.0	60.0	35.0	0.0	97.0	0.0	0.0	32.0	0.0	0.0	74.0	0.0	0.0	0.0	0.0	0.0	0.0	0.0	0.0	0.0	0.0	37.0	3.0	0.0	2.0	0.0	0.0	89.0	0.0	0.0	0.0	0.0	66.0	0.0	0.0	47.0	0.0	0.0	0.0	0.0	0.0	29.0	0.0	0.0	0.0	0.0	0.0	0.0	0.0	0.0	0.0	0.0	0.0
0.0	0.0	0.0	0.0	0.0	34.0	92.0	0.0	0.0	64.0	0.0	0.0	0.0	0.0	0.0	0.0	63.0	0.0	0.0	0.0	0.0	0.0	16.0	0.0	0.0	0.0	0.0	88.0	0.0	0.0	0.0	60.0	0.0	0.0	0.0	0.0	0.0	0.0	0.0	0.0	35.0	0.0	0.0	0.0	0.0	0.0	31.0	0.0	0.0	0.0	0.0	0.0	0.0	0.0	81.0	0.0	1.0	0.0	0.0	0.0	0.0	0.0	98.0	95.0	0.0	0.0	19.0	0.0	0.0	0.0	0.0	0.0	0.0	44.0	57.0	0.0	64.0	30.0	0.0	0.0	15.0	67.0	0.0	0.0	0.0	48.0	90.0	0.0	23.0	28.0	35.0	0.0	0.0	0.0	0.0	0.0	0.0	12.0	45.0	0.0	0.0	0.0
0.0	0.0	0.0	0.0	0.0	0.0	0.0	0.0	0.0	0.0	0.0	0.0	0.0	56.0	0.0	0.0	0.0	0.0	0.0	5.0	76.0	0.0	0.0	0.0	0.0	0.0	0.0	5.0	0.0	0.0	36.0	37.0	0.0	0.0	0.0	0.0	71.0	0.0	0.0	0.0	0.0	0.0	25.0	0.0	0.0	0.0	0.0	33.0	0.0	0.0	11.0	0.0	92.0	0.0	0.0	0.0	0.0	0.0	0.0	0.0	0.0	0.0	0.0	0.0	60.0	0.0	0.0	0.0	0.0	0.0	67.0	0.0	94.0	0.0	64.0	0.0	0.0	0.0	55.0	0.0	0.0	0.0	0.0	0.0	0.0	0.0	0.0	0.0	0.0	0.0	0.0	0.0	0.0	0.0	95.0	32.0	0.0	0.0	0.0	0.0	0.0
0.0	0.0	79.0	39.0	0.0	0.0	0.0	0.0	0.0	76.0	0.0	96.0	39.0	1.0	0.0	0.0	0.0	0.0	0.0	0.0	53.0	0.0	0.0	0.0	0.0	0.0	0.0	70.0	0.0	0.0	0.0	0.0	29.0	0.0	65.0	0.0	26.0	0.0	0.0	0.0	0.0	100.0	0.0	0.0	26.0	0.0	0.0	44.0	0.0	0.0	61.0	0.0	0.0	0.0	35.0	0.0	0.0	0.0	0.0	0.0	0.0	0.0	0.0	0.0	0.0	0.0	22.0	0.0	20.0	0.0	23.0	0.0	55.0	40.0	0.0	0.0	0.0	0.0	0.0	0.0	63.0	0.0	0.0	0.0	64.0	0.0	0.0	0.0	0.0	0.0	0.0	0.0	45.0	20.0	0.0	0.0	0.0	0.0	8.0	0.0
0.0	0.0	93.0	0.0	0.0	0.0	20.0	0.0	11.0	20.0	0.0	0.0	0.0	0.0	0.0	13.0	0.0	0.0	0.0	79.0	0.0	0.0	40.0	52.0	0.0	0.0	0.0	0.0	1.0	11.0	0.0	0.0	0.0	56.0	69.0	49.0	0.0	0.0	3.0	92.0	0.0	78.0	22.0	0.0	76.0	0.0	96.0	0.0	0.0	0.0	44.0	0.0	2.0	36.0	0.0	0.0	12.0	35.0	0.0	39.0	0.0	0.0	0.0	0.0	0.0	76.0	0.0	0.0	0.0	0.0	0.0	0.0	82.0	0.0	0.0	37.0	0.0	0.0	0.0	0.0	0.0	0.0	0.0	83.0	0.0	0.0	0.0	0.0	0.0	7.0	0.0	0.0	0.0	22.0	0.0	0.0	0.0	0.0	0.0
0.0	0.0	0.0	0.0	55.0	0.0	85.0	0.0	0.0	0.0	0.0	0.0	0.0	98.0	0.0	0.0	0.0	0.0	0.0	0.0	0.0	51.0	0.0	0.0	37.0	0.0	0.0	0.0	0.0	0.0	0.0	95.0	0.0	0.0	0.0	6.0	46.0	0.0	0.0	0.0	0.0	0.0	0.0	0.0	0.0	0.0	45.0	0.0	99.0	21.0	49.0	0.0	0.0	0.0	0.0	0.0	0.0	0.0	0.0	0.0	0.0	0.0	0.0	0.0	0.0	0.0	59.0	0.0	0.0	0.0	0.0	0.0	20.0	0.0	73.0	0.0	0.0	0.0	0.0	0.0	0.0	0.0	0.0	0.0	14.0	0.0	0.0	0.0	91.0	77.0	0.0	0.0	0.0	0.0	0.0	0.0	95.0	0.0
0.0	0.0	0.0	0.0	0.0	0.0	0.0	0.0	0.0	0.0	0.0	0.0	7.0	13.0	0.0	0.0	0.0	0.0	0.0	0.0	49.0	29.0	0.0	0.0	0.0	0.0	0.0	0.0	0.0	0.0	0.0	0.0	0.0	2.0	0.0	16.0	0.0	0.0	0.0	58.0	0.0	0.0	0.0	16.0	0.0	0.0	0.0	0.0	0.0	0.0	95.0	0.0	0.0	0.0	0.0	0.0	0.0	0.0	96.0	0.0	0.0	0.0	0.0	0.0	0.0	0.0	0.0	0.0	0.0	90.0	0.0	42.0	89.0	0.0	0.0	0.0	17.0	0.0	0.0	90.0	0.0	0.0	47.0	19.0	31.0	0.0	34.0	0.0	33.0	0.0	0.0	0.0	0.0	0.0	0.0	0.0	0.0
0.0	0.0	37.0	0.0	0.0	0.0	0.0	0.0	0.0	0.0	0.0	0.0	63.0	0.0	0.0	0.0	0.0	16.0	83.0	19.0	0.0	0.0	0.0	0.0	6.0	54.0	0.0	0.0	0.0	0.0	0.0	17.0	0.0	0.0	92.0	0.0	46.0	0.0	0.0	0.0	0.0	0.0	0.0	0.0	0.0	0.0	40.0	0.0	20.0	0.0	0.0	1.0	0.0	0.0	0.0	0.0	26.0	27.0	0.0	0.0	0.0	47.0	0.0	46.0	0.0	0.0	0.0	0.0	0.0	0.0	0.0	0.0	0.0	0.0	0.0	0.0	0.0	36.0	0.0	0.0	32.0	0.0	37.0	0.0	7.0	14.0	0.0	0.0	0.0	0.0	0.0	0.0	0.0	0.0	95.0	0.0
0.0	30.0	0.0	0.0	0.0	0.0	0.0	0.0	2.0	0.0	0.0	0.0	0.0	0.0	36.0	0.0	0.0	0.0	45.0	0.0	0.0	0.0	0.0	0.0	0.0	0.0	0.0	0.0	0.0	0.0	0.0	0.0	47.0	97.0	0.0	0.0	0.0	0.0	0.0	0.0	0.0	0.0	82.0	56.0	0.0	0.0	13.0	0.0	0.0	71.0	0.0	0.0	0.0	41.0	0.0	0.0	41.0	0.0	0.0	30.0	0.0	0.0	0.0	0.0	0.0	4.0	88.0	0.0	88.0	0.0	0.0	60.0	18.0	0.0	0.0	0.0	0.0	0.0	94.0	0.0	10.0	0.0	0.0	0.0	0.0	93.0	0.0	0.0	0.0	0.0	0.0	0.0	0.0	71.0	0.0
0.0	14.0	0.0	0.0	7.0	43.0	0.0	43.0	0.0	40.0	45.0	45.0	30.0	0.0	39.0	64.0	0.0	0.0	0.0	0.0	0.0	0.0	0.0	5.0	0.0	58.0	0.0	0.0	20.0	0.0	0.0	0.0	0.0	0.0	10.0	0.0	0.0	22.0	0.0	0.0	0.0	0.0	68.0	77.0	0.0	0.0	0.0	0.0	50.0	0.0	0.0	0.0	0.0	0.0	0.0	48.0	67.0	0.0	0.0	0.0	0.0	0.0	0.0	0.0	88.0	78.0	0.0	0.0	32.0	0.0	80.0	0.0	0.0	36.0	0.0	0.0	0.0	0.0	0.0	0.0	0.0	0.0	0.0	0.0	0.0	18.0	0.0	44.0	0.0	0.0	57.0	0.0	0.0	47.0
73.0	0.0	0.0	0.0	0.0	30.0	0.0	0.0	0.0	0.0	0.0	0.0	0.0	0.0	0.0	0.0	3.0	0.0	0.0	49.0	0.0	0.0	0.0	60.0	0.0	0.0	8.0	0.0	99.0	0.0	0.0	0.0	0.0	0.0	0.0	96.0	0.0	0.0	0.0	0.0	0.0	9.0	0.0	88.0	28.0	0.0	0.0	0.0	22.0	0.0	100.0	0.0	0.0	0.0	0.0	1.0	0.0	0.0	0.0	0.0	47.0	90.0	0.0	0.0	98.0	0.0	0.0	0.0	75.0	0.0	0.0	0.0	0.0	0.0	0.0	0.0	0.0	0.0	0.0	0.0	0.0	9.0	20.0	9.0	0.0	0.0	58.0	0.0	0.0	0.0	95.0	0.0	0.0
0.0	0.0	0.0	0.0	0.0	0.0	57.0	17.0	0.0	0.0	0.0	0.0	0.0	69.0	0.0	0.0	0.0	0.0	0.0	21.0	0.0	0.0	39.0	0.0	0.0	0.0	0.0	7.0	0.0	82.0	0.0	0.0	50.0	0.0	0.0	0.0	0.0	0.0	0.0	0.0	0.0	48.0	0.0	0.0	0.0	0.0	41.0	0.0	31.0	0.0	0.0	0.0	0.0	0.0	0.0	0.0	2.0	0.0	0.0	0.0	0.0	0.0	0.0	58.0	41.0	0.0	0.0	0.0	0.0	0.0	0.0	0.0	52.0	0.0	0.0	0.0	0.0	0.0	0.0	0.0	0.0	0.0	65.0	19.0	53.0	21.0	0.0	0.0	68.0	79.0	0.0	0.0
0.0	0.0	0.0	0.0	0.0	0.0	89.0	0.0	0.0	73.0	0.0	63.0	82.0	0.0	26.0	0.0	12.0	0.0	0.0	80.0	82.0	0.0	0.0	0.0	90.0	76.0	45.0	0.0	0.0	0.0	41.0	77.0	92.0	17.0	0.0	0.0	0.0	87.0	0.0	0.0	0.0	0.0	0.0	0.0	51.0	0.0	0.0	0.0	0.0	0.0	0.0	0.0	0.0	0.0	0.0	64.0	0.0	70.0	0.0	0.0	0.0	0.0	0.0	29.0	0.0	0.0	17.0	12.0	0.0	0.0	26.0	0.0	0.0	0.0	0.0	0.0	62.0	0.0	69.0	0.0	33.0	0.0	49.0	0.0	0.0	11.0	0.0	0.0	92.0	0.0	49.0
0.0	95.0	46.0	0.0	0.0	0.0	0.0	0.0	0.0	0.0	94.0	0.0	0.0	20.0	0.0	0.0	0.0	15.0	0.0	0.0	0.0	0.0	0.0	0.0	46.0	0.0	0.0	0.0	0.0	61.0	0.0	91.0	0.0	0.0	68.0	0.0	47.0	85.0	0.0	0.0	0.0	0.0	0.0	0.0	0.0	0.0	51.0	0.0	0.0	0.0	0.0	0.0	0.0	0.0	0.0	0.0	0.0	0.0	0.0	0.0	91.0	0.0	27.0	31.0	0.0	0.0	0.0	0.0	0.0	0.0	0.0	0.0	0.0	0.0	78.0	75.0	0.0	0.0	0.0	0.0	0.0	0.0	0.0	0.0	0.0	0.0	0.0	25.0	0.0	0.0
93.0	0.0	0.0	50.0	0.0	0.0	0.0	58.0	0.0	0.0	0.0	95.0	34.0	96.0	0.0	0.0	0.0	97.0	0.0	42.0	0.0	0.0	0.0	0.0	0.0	46.0	86.0	0.0	0.0	0.0	0.0	0.0	0.0	63.0	33.0	34.0	0.0	0.0	0.0	0.0	0.0	0.0	0.0	0.0	19.0	0.0	0.0	0.0	58.0	0.0	80.0	38.0	9.0	0.0	0.0	67.0	0.0	1.0	0.0	13.0	93.0	16.0	0.0	88.0	81.0	0.0	0.0	0.0	0.0	0.0	0.0	0.0	41.0	0.0	32.0	14.0	94.0	97.0	0.0	13.0	0.0	70.0	0.0	0.0	23.0	42.0	0.0	0.0	0.0
0.0	27.0	0.0	0.0	0.0	0.0	0.0	0.0	0.0	0.0	0.0	0.0	33.0	0.0	39.0	0.0	49.0	0.0	0.0	0.0	0.0	0.0	0.0	0.0	0.0	0.0	0.0	0.0	0.0	0.0	0.0	45.0	0.0	0.0	0.0	39.0	83.0	0.0	0.0	91.0	0.0	0.0	91.0	26.0	0.0	0.0	0.0	0.0	0.0	0.0	39.0	0.0	0.0	0.0	0.0	27.0	0.0	0.0	0.0	49.0	38.0	80.0	0.0	0.0	0.0	0.0	0.0	0.0	0.0	0.0	99.0	0.0	0.0	0.0	0.0	0.0	0.0	94.0	0.0	0.0	0.0	0.0	0.0	0.0	37.0	0.0	0.0	45.0
0.0	0.0	0.0	0.0	0.0	0.0	0.0	59.0	0.0	28.0	0.0	0.0	0.0	43.0	0.0	30.0	0.0	0.0	0.0	0.0	0.0	0.0	0.0	0.0	0.0	22.0	0.0	0.0	93.0	0.0	0.0	0.0	0.0	43.0	0.0	0.0	6.0	0.0	0.0	0.0	0.0	0.0	53.0	0.0	0.0	0.0	0.0	0.0	0.0	0.0	0.0	70.0	0.0	0.0	0.0	0.0	40.0	0.0	33.0	0.0	0.0	0.0	0.0	46.0	0.0	0.0	0.0	0.0	0.0	0.0	78.0	46.0	0.0	0.0	0.0	0.0	1.0	0.0	0.0	0.0	0.0	0.0	0.0	0.0	0.0	0.0	0.0
0.0	0.0	0.0	0.0	0.0	0.0	91.0	0.0	0.0	0.0	0.0	0.0	0.0	0.0	0.0	0.0	4.0	89.0	0.0	0.0	0.0	0.0	0.0	0.0	71.0	0.0	36.0	0.0	0.0	0.0	0.0	0.0	31.0	38.0	42.0	0.0	0.0	0.0	0.0	0.0	15.0	0.0	0.0	6.0	0.0	0.0	72.0	0.0	0.0	0.0	0.0	0.0	32.0	0.0	19.0	0.0	0.0	80.0	0.0	0.0	0.0	0.0	0.0	0.0	0.0	0.0	0.0	0.0	0.0	0.0	0.0	0.0	0.0	0.0	0.0	0.0	23.0	0.0	0.0	0.0	0.0	0.0	2.0	0.0	0.0	35.0
0.0	42.0	0.0	0.0	0.0	0.0	4.0	0.0	19.0	0.0	0.0	0.0	0.0	0.0	0.0	40.0	16.0	0.0	1.0	0.0	0.0	0.0	0.0	64.0	20.0	0.0	0.0	9.0	0.0	43.0	0.0	0.0	0.0	7.0	0.0	0.0	0.0	3.0	0.0	26.0	94.0	5.0	0.0	0.0	8.0	0.0	0.0	0.0	0.0	0.0	0.0	0.0	0.0	0.0	0.0	0.0	0.0	0.0	20.0	0.0	27.0	74.0	0.0	0.0	58.0	0.0	0.0	62.0	0.0	0.0	10.0	0.0	0.0	0.0	59.0	66.0	0.0	21.0	13.0	0.0	0.0	87.0	0.0	0.0	0.0
0.0	0.0	0.0	0.0	100.0	0.0	0.0	0.0	68.0	0.0	0.0	0.0	0.0	0.0	0.0	92.0	79.0	25.0	0.0	0.0	0.0	0.0	0.0	0.0	0.0	79.0	0.0	0.0	0.0	0.0	0.0	29.0	0.0	0.0	0.0	0.0	76.0	0.0	1.0	48.0	0.0	0.0	0.0	0.0	0.0	0.0	0.0	0.0	0.0	72.0	0.0	0.0	90.0	0.0	37.0	0.0	0.0	0.0	0.0	0.0	0.0	0.0	0.0	0.0	62.0	0.0	40.0	0.0	0.0	47.0	0.0	0.0	0.0	0.0	0.0	0.0	0.0	0.0	0.0	0.0	44.0	0.0	0.0	18.0
0.0	0.0	0.0	0.0	0.0	0.0	0.0	0.0	0.0	0.0	0.0	0.0	0.0	89.0	56.0	34.0	86.0	27.0	56.0	0.0	0.0	0.0	0.0	0.0	0.0	31.0	0.0	79.0	0.0	0.0	0.0	0.0	0.0	0.0	0.0	32.0	0.0	0.0	0.0	0.0	0.0	0.0	0.0	0.0	0.0	43.0	79.0	0.0	44.0	0.0	91.0	0.0	0.0	0.0	0.0	4.0	0.0	57.0	0.0	0.0	7.0	0.0	0.0	15.0	0.0	0.0	0.0	0.0	88.0	0.0	0.0	0.0	0.0	0.0	0.0	0.0	0.0	8.0	0.0	60.0	0.0	92.0	0.0
0.0	0.0	0.0	0.0	0.0	34.0	0.0	60.0	0.0	0.0	0.0	0.0	0.0	0.0	0.0	0.0	0.0	0.0	0.0	0.0	0.0	0.0	30.0	0.0	10.0	30.0	0.0	0.0	0.0	0.0	84.0	0.0	0.0	45.0	0.0	0.0	48.0	0.0	0.0	0.0	0.0	58.0	0.0	0.0	0.0	0.0	12.0	0.0	0.0	0.0	0.0	0.0	0.0	0.0	0.0	0.0	0.0	0.0	0.0	63.0	0.0	0.0	29.0	0.0	0.0	65.0	0.0	0.0	0.0	0.0	0.0	0.0	68.0	0.0	0.0	0.0	0.0	0.0	0.0	78.0	43.0	35.0
0.0	0.0	0.0	0.0	0.0	0.0	0.0	0.0	0.0	23.0	0.0	0.0	0.0	0.0	0.0	0.0	0.0	0.0	0.0	11.0	0.0	0.0	0.0	0.0	63.0	0.0	49.0	68.0	0.0	0.0	0.0	0.0	0.0	0.0	0.0	31.0	0.0	0.0	100.0	7.0	0.0	0.0	56.0	0.0	97.0	0.0	21.0	0.0	0.0	0.0	0.0	0.0	0.0	0.0	0.0	60.0	29.0	0.0	0.0	0.0	0.0	0.0	13.0	0.0	97.0	0.0	0.0	0.0	0.0	8.0	95.0	0.0	0.0	52.0	0.0	0.0	30.0	0.0	13.0	39.0	0.0
0.0	0.0	56.0	0.0	0.0	0.0	47.0	0.0	0.0	0.0	0.0	22.0	0.0	0.0	0.0	0.0	0.0	0.0	0.0	0.0	0.0	0.0	0.0	0.0	0.0	0.0	0.0	0.0	0.0	0.0	0.0	0.0	27.0	0.0	0.0	0.0	0.0	0.0	0.0	14.0	48.0	0.0	0.0	0.0	12.0	0.0	0.0	0.0	63.0	0.0	0.0	0.0	0.0	0.0	0.0	0.0	52.0	0.0	0.0	76.0	10.0	86.0	76.0	0.0	0.0	0.0	0.0	68.0	0.0	0.0	0.0	0.0	66.0	0.0	86.0	0.0	0.0	0.0	0.0	0.0
0.0	0.0	0.0	81.0	5.0	13.0	0.0	13.0	0.0	0.0	0.0	0.0	13.0	0.0	0.0	0.0	0.0	0.0	0.0	0.0	76.0	0.0	77.0	0.0	0.0	0.0	0.0	0.0	54.0	68.0	0.0	0.0	0.0	0.0	0.0	0.0	65.0	0.0	0.0	0.0	0.0	0.0	0.0	53.0	0.0	0.0	0.0	0.0	0.0	41.0	0.0	0.0	0.0	0.0	0.0	26.0	0.0	0.0	0.0	0.0	0.0	54.0	0.0	0.0	37.0	0.0	0.0	0.0	0.0	0.0	0.0	0.0	0.0	0.0	0.0	0.0	0.0	22.0	71.0
0.0	11.0	0.0	0.0	0.0	0.0	0.0	29.0	20.0	0.0	0.0	45.0	0.0	0.0	0.0	40.0	31.0	0.0	0.0	0.0	0.0	86.0	0.0	48.0	82.0	0.0	0.0	0.0	6.0	27.0	0.0	0.0	0.0	0.0	0.0	24.0	0.0	0.0	0.0	0.0	0.0	0.0	0.0	0.0	40.0	96.0	0.0	0.0	0.0	0.0	0.0	0.0	0.0	61.0	88.0	47.0	0.0	0.0	0.0	29.0	0.0	0.0	0.0	54.0	0.0	50.0	64.0	0.0	50.0	76.0	0.0	0.0	0.0	0.0	0.0	0.0	0.0	0.0
42.0	0.0	0.0	0.0	0.0	0.0	24.0	0.0	15.0	0.0	0.0	0.0	0.0	0.0	0.0	0.0	0.0	0.0	0.0	0.0	0.0	0.0	0.0	60.0	0.0	0.0	0.0	47.0	0.0	0.0	0.0	0.0	0.0	0.0	0.0	0.0	0.0	0.0	96.0	0.0	0.0	0.0	0.0	0.0	0.0	0.0	0.0	0.0	0.0	3.0	0.0	0.0	0.0	0.0	0.0	0.0	0.0	0.0	99.0	66.0	57.0	0.0	77.0	0.0	24.0	0.0	0.0	1.0	0.0	61.0	0.0	42.0	0.0	0.0	34.0	0.0	0.0
0.0	0.0	0.0	0.0	0.0	0.0	0.0	0.0	0.0	0.0	0.0	0.0	0.0	0.0	46.0	0.0	0.0	0.0	0.0	0.0	0.0	0.0	0.0	0.0	0.0	0.0	0.0	0.0	19.0	0.0	0.0	0.0	72.0	0.0	0.0	0.0	0.0	13.0	35.0	3.0	0.0	0.0	0.0	0.0	0.0	0.0	0.0	0.0	0.0	20.0	0.0	0.0	0.0	0.0	64.0	0.0	0.0	0.0	0.0	0.0	0.0	0.0	0.0	0.0	31.0	0.0	0.0	0.0	0.0	0.0	0.0	0.0	17.0	0.0	0.0	0.0
75.0	0.0	0.0	76.0	0.0	0.0	40.0	0.0	0.0	91.0	38.0	0.0	98.0	62.0	45.0	54.0	0.0	45.0	0.0	0.0	0.0	86.0	0.0	0.0	31.0	0.0	14.0	0.0	0.0	0.0	0.0	0.0	0.0	25.0	0.0	0.0	0.0	10.0	0.0	71.0	85.0	15.0	0.0	0.0	11.0	0.0	0.0	0.0	0.0	94.0	0.0	0.0	0.0	0.0	0.0	51.0	0.0	0.0	0.0	26.0	87.0	0.0	0.0	0.0	0.0	0.0	0.0	83.0	87.0	0.0	9.0	7.0	0.0	0.0	61.0
0.0	0.0	0.0	0.0	0.0	0.0	0.0	0.0	0.0	0.0	0.0	11.0	37.0	0.0	0.0	92.0	0.0	0.0	0.0	6.0	0.0	0.0	0.0	0.0	0.0	56.0	0.0	0.0	34.0	0.0	0.0	0.0	0.0	0.0	0.0	0.0	0.0	0.0	0.0	0.0	0.0	80.0	92.0	0.0	0.0	0.0	58.0	0.0	14.0	38.0	0.0	0.0	0.0	0.0	0.0	43.0	0.0	0.0	0.0	83.0	0.0	0.0	0.0	0.0	0.0	93.0	0.0	0.0	0.0	34.0	0.0	0.0	33.0	0.0
0.0	0.0	73.0	0.0	0.0	0.0	0.0	21.0	80.0	60.0	0.0	0.0	0.0	0.0	0.0	0.0	0.0	0.0	0.0	0.0	0.0	37.0	0.0	0.0	0.0	0.0	0.0	0.0	0.0	0.0	0.0	18.0	0.0	0.0	0.0	0.0	0.0	0.0	39.0	0.0	0.0	18.0	0.0	0.0	0.0	0.0	40.0	0.0	0.0	67.0	5.0	0.0	0.0	0.0	0.0	0.0	0.0	0.0	76.0	0.0	0.0	0.0	64.0	0.0	0.0	62.0	40.0	0.0	0.0	0.0	14.0	0.0	75.0
0.0	43.0	18.0	0.0	0.0	85.0	0.0	0.0	0.0	0.0	32.0	0.0	0.0	0.0	0.0	0.0	0.0	0.0	0.0	72.0	0.0	0.0	65.0	0.0	0.0	0.0	0.0	90.0	42.0	2.0	0.0	34.0	0.0	0.0	0.0	0.0	0.0	0.0	0.0	0.0	0.0	0.0	98.0	0.0	0.0	0.0	0.0	0.0	0.0	0.0	0.0	0.0	68.0	0.0	0.0	0.0	0.0	0.0	0.0	22.0	0.0	0.0	0.0	0.0	0.0	0.0	0.0	0.0	0.0	1.0	0.0	0.0
20.0	49.0	0.0	0.0	0.0	0.0	0.0	0.0	0.0	0.0	0.0	0.0	0.0	0.0	0.0	34.0	0.0	0.0	0.0	0.0	0.0	0.0	0.0	0.0	96.0	0.0	0.0	0.0	0.0	37.0	0.0	0.0	0.0	0.0	0.0	0.0	0.0	0.0	0.0	0.0	0.0	0.0	0.0	90.0	0.0	0.0	0.0	0.0	0.0	73.0	13.0	40.0	61.0	0.0	0.0	0.0	0.0	0.0	0.0	71.0	0.0	0.0	0.0	0.0	62.0	0.0	98.0	73.0	0.0	0.0	0.0
0.0	0.0	12.0	0.0	13.0	74.0	0.0	0.0	0.0	75.0	0.0	0.0	0.0	16.0	0.0	67.0	0.0	0.0	0.0	0.0	0.0	0.0	0.0	0.0	0.0	41.0	0.0	0.0	0.0	0.0	0.0	0.0	0.0	0.0	31.0	0.0	0.0	0.0	0.0	0.0	0.0	0.0	0.0	0.0	0.0	0.0	0.0	0.0	0.0	88.0	0.0	14.0	42.0	40.0	26.0	0.0	0.0	0.0	0.0	0.0	0.0	0.0	0.0	40.0	0.0	0.0	0.0	0.0	0.0	0.0
99.0	1.0	0.0	0.0	68.0	0.0	12.0	8.0	88.0	69.0	19.0	0.0	0.0	59.0	0.0	0.0	0.0	0.0	0.0	0.0	23.0	0.0	0.0	0.0	0.0	0.0	89.0	18.0	0.0	0.0	0.0	3.0	0.0	22.0	0.0	0.0	0.0	0.0	66.0	0.0	0.0	0.0	0.0	0.0	0.0	0.0	0.0	0.0	0.0	0.0	0.0	0.0	0.0	0.0	0.0	14.0	81.0	0.0	0.0	0.0	0.0	0.0	0.0	50.0	0.0	0.0	0.0	0.0	0.0
0.0	88.0	0.0	0.0	0.0	0.0	0.0	0.0	0.0	0.0	0.0	0.0	78.0	0.0	0.0	0.0	0.0	0.0	0.0	0.0	80.0	26.0	0.0	0.0	4.0	0.0	0.0	48.0	45.0	0.0	51.0	0.0	0.0	99.0	0.0	10.0	0.0	0.0	47.0	13.0	0.0	56.0	0.0	0.0	0.0	0.0	0.0	0.0	0.0	0.0	0.0	0.0	0.0	0.0	0.0	30.0	0.0	0.0	0.0	0.0	1.0	34.0	83.0	6.0	0.0	0.0	53.0	0.0
0.0	0.0	0.0	82.0	94.0	0.0	0.0	0.0	60.0	0.0	73.0	75.0	0.0	0.0	0.0	1.0	47.0	0.0	0.0	96.0	0.0	0.0	0.0	0.0	0.0	0.0	11.0	38.0	0.0	0.0	0.0	0.0	0.0	0.0	36.0	0.0	76.0	0.0	0.0	0.0	0.0	0.0	81.0	0.0	0.0	0.0	0.0	93.0	0.0	0.0	0.0	0.0	0.0	0.0	0.0	0.0	0.0	0.0	38.0	0.0	0.0	0.0	0.0	0.0	27.0	5.0	93.0
0.0	56.0	0.0	0.0	0.0	6.0	0.0	0.0	0.0	0.0	77.0	0.0	82.0	0.0	0.0	31.0	0.0	0.0	0.0	0.0	35.0	0.0	26.0	0.0	72.0	38.0	0.0	5.0	0.0	0.0	0.0	0.0	0.0	0.0	0.0	0.0	0.0	48.0	0.0	11.0	0.0	0.0	0.0	0.0	0.0	0.0	0.0	0.0	0.0	0.0	73.0	0.0	34.0	0.0	33.0	0.0	0.0	0.0	0.0	0.0	0.0	0.0	29.0	0.0	90.0	0.0
0.0	0.0	0.0	0.0	0.0	81.0	0.0	0.0	33.0	0.0	0.0	0.0	0.0	72.0	0.0	19.0	27.0	0.0	0.0	40.0	0.0	0.0	10.0	0.0	0.0	0.0	46.0	0.0	0.0	22.0	0.0	0.0	0.0	18.0	0.0	0.0	0.0	0.0	0.0	0.0	0.0	0.0	0.0	99.0	38.0	13.0	0.0	0.0	0.0	37.0	0.0	98.0	52.0	0.0	32.0	0.0	0.0	0.0	0.0	0.0	0.0	0.0	0.0	57.0	0.0
66.0	33.0	0.0	0.0	0.0	0.0	0.0	23.0	0.0	0.0	0.0	0.0	0.0	0.0	0.0	0.0	0.0	14.0	0.0	0.0	0.0	0.0	0.0	0.0	0.0	0.0	0.0	9.0	0.0	0.0	0.0	0.0	0.0	0.0	0.0	0.0	0.0	0.0	0.0	0.0	0.0	0.0	0.0	76.0	0.0	0.0	0.0	0.0	0.0	0.0	0.0	0.0	0.0	0.0	99.0	0.0	27.0	0.0	0.0	0.0	80.0	86.0	0.0	0.0
0.0	0.0	98.0	0.0	0.0	0.0	0.0	0.0	0.0	0.0	0.0	0.0	69.0	0.0	0.0	0.0	0.0	0.0	0.0	0.0	0.0	0.0	0.0	0.0	0.0	0.0	0.0	0.0	65.0	76.0	0.0	40.0	0.0	0.0	0.0	0.0	0.0	0.0	38.0	0.0	83.0	56.0	0.0	0.0	0.0	0.0	35.0	0.0	0.0	0.0	0.0	0.0	0.0	84.0	0.0	0.0	83.0	10.0	0.0	0.0	0.0	64.0	0.0
0.0	0.0	0.0	0.0	0.0	0.0	4.0	51.0	0.0	0.0	0.0	11.0	80.0	0.0	0.0	24.0	0.0	0.0	0.0	0.0	0.0	0.0	0.0	49.0	0.0	0.0	0.0	0.0	0.0	0.0	26.0	0.0	0.0	0.0	0.0	27.0	0.0	0.0	0.0	0.0	0.0	0.0	0.0	0.0	0.0	1.0	0.0	0.0	0.0	0.0	0.0	0.0	0.0	0.0	0.0	9.0	0.0	0.0	0.0	0.0	0.0	45.0
27.0	0.0	0.0	0.0	0.0	0.0	0.0	0.0	0.0	0.0	14.0	0.0	0.0	0.0	0.0	0.0	0.0	38.0	0.0	0.0	54.0	0.0	0.0	0.0	0.0	90.0	74.0	0.0	0.0	0.0	0.0	45.0	0.0	0.0	32.0	0.0	0.0	0.0	80.0	70.0	0.0	0.0	69.0	0.0	0.0	0.0	0.0	0.0	0.0	0.0	0.0	6.0	0.0	0.0	0.0	0.0	19.0	0.0	0.0	70.0	20.0
0.0	0.0	0.0	0.0	0.0	0.0	0.0	0.0	56.0	0.0	0.0	34.0	0.0	0.0	0.0	0.0	0.0	99.0	0.0	0.0	0.0	0.0	0.0	0.0	0.0	79.0	0.0	25.0	0.0	0.0	0.0	0.0	0.0	47.0	0.0	91.0	41.0	0.0	0.0	87.0	11.0	0.0	0.0	88.0	30.0	30.0	10.0	0.0	0.0	30.0	37.0	97.0	0.0	0.0	4.0	0.0	0.0	0.0	0.0	76.0
0.0	0.0	55.0	0.0	65.0	0.0	0.0	0.0	0.0	44.0	0.0	0.0	51.0	0.0	0.0	67.0	0.0	71.0	0.0	0.0	0.0	0.0	87.0	0.0	0.0	29.0	0.0	0.0	10.0	0.0	0.0	0.0	11.0	0.0	0.0	0.0	0.0	0.0	0.0	6.0	23.0	0.0	99.0	0.0	56.0	0.0	52.0	0.0	0.0	0.0	0.0	0.0	0.0	96.0	18.0	0.0	0.0	0.0	99.0
92.0	0.0	0.0	83.0	0.0	0.0	0.0	27.0	76.0	84.0	0.0	0.0	0.0	0.0	0.0	89.0	0.0	0.0	0.0	0.0	46.0	0.0	11.0	39.0	0.0	65.0	0.0	0.0	0.0	17.0	0.0	11.0	0.0	18.0	0.0	0.0	98.0	0.0	0.0	0.0	0.0	0.0	0.0	0.0	0.0	0.0	94.0	0.0	21.0	0.0	86.0	0.0	0.0	0.0	0.0	0.0	0.0	64.0
0.0	0.0	0.0	0.0	0.0	66.0	0.0	30.0	92.0	0.0	0.0	0.0	0.0	0.0	0.0	0.0	0.0	0.0	39.0	0.0	0.0	0.0	0.0	0.0	0.0	0.0	0.0	0.0	0.0	0.0	0.0	73.0	0.0	98.0	0.0	0.0	23.0	0.0	14.0	0.0	0.0	0.0	0.0	61.0	0.0	60.0	0.0	0.0	0.0	0.0	0.0	100.0	17.0	0.0	68.0	0.0	0.0
0.0	0.0	70.0	62.0	59.0	46.0	0.0	0.0	0.0	0.0	0.0	0.0	0.0	0.0	36.0	0.0	0.0	0.0	38.0	0.0	0.0	0.0	0.0	0.0	45.0	0.0	0.0	0.0	76.0	0.0	0.0	0.0	0.0	0.0	0.0	0.0	0.0	84.0	0.0	0.0	0.0	0.0	0.0	43.0	0.0	0.0	0.0	0.0	0.0	78.0	0.0	75.0	12.0	0.0	0.0	61.0
0.0	51.0	0.0	0.0	15.0	0.0	0.0	0.0	4.0	31.0	0.0	0.0	76.0	67.0	0.0	0.0	67.0	0.0	86.0	0.0	59.0	58.0	24.0	0.0	87.0	94.0	0.0	0.0	0.0	45.0	0.0	0.0	78.0	0.0	0.0	28.0	0.0	34.0	0.0	0.0	0.0	0.0	0.0	0.0	0.0	0.0	51.0	0.0	0.0	0.0	0.0	0.0	0.0	0.0	95.0
0.0	52.0	0.0	0.0	0.0	0.0	49.0	0.0	92.0	0.0	0.0	0.0	0.0	0.0	0.0	0.0	67.0	0.0	0.0	0.0	0.0	0.0	0.0	8.0	0.0	82.0	0.0	0.0	0.0	0.0	0.0	0.0	77.0	12.0	67.0	0.0	0.0	0.0	0.0	0.0	33.0	0.0	30.0	0.0	22.0	41.0	0.0	42.0	0.0	0.0	0.0	87.0	0.0	0.0
26.0	0.0	99.0	10.0	0.0	0.0	0.0	0.0	0.0	0.0	0.0	0.0	0.0	0.0	0.0	81.0	3.0	0.0	39.0	0.0	0.0	0.0	57.0	0.0	0.0	0.0	0.0	0.0	0.0	56.0	0.0	0.0	0.0	0.0	25.0	0.0	0.0	0.0	0.0	0.0	0.0	3.0	60.0	0.0	0.0	0.0	0.0	0.0	0.0	0.0	0.0	0.0	0.0
0.0	0.0	0.0	0.0	0.0	0.0	0.0	0.0	0.0	0.0	74.0	60.0	0.0	50.0	0.0	0.0	0.0	0.0	0.0	0.0	0.0	0.0	0.0	0.0	49.0	0.0	0.0	0.0	0.0	0.0	75.0	0.0	0.0	65.0	0.0	0.0	40.0	0.0	0.0	0.0	0.0	72.0	0.0	0.0	0.0	0.0	0.0	0.0	27.0	97.0	0.0	64.0
0.0	0.0	91.0	6.0	0.0	0.0	27.0	0.0	0.0	0.0	0.0	0.0	0.0	0.0	0.0	33.0	0.0	0.0	59.0	77.0	0.0	0.0	0.0	22.0	66.0	0.0	2.0	0.0	0.0	0.0	0.0	0.0	0.0	0.0	0.0	10.0	0.0	0.0	0.0	47.0	0.0	0.0	0.0	0.0	0.0	0.0	0.0	0.0	34.0	0.0	0.0
0.0	0.0	0.0	0.0	0.0	77.0	0.0	0.0	0.0	58.0	43.0	0.0	0.0	0.0	0.0	0.0	0.0	75.0	57.0	0.0	0.0	0.0	0.0	0.0	4.0	96.0	0.0	0.0	0.0	0.0	30.0	0.0	0.0	47.0	0.0	0.0	0.0	93.0	0.0	13.0	0.0	0.0	9.0	0.0	0.0	0.0	37.0	0.0	0.0	0.0
20.0	0.0	0.0	0.0	73.0	36.0	48.0	0.0	0.0	0.0	68.0	0.0	0.0	0.0	0.0	0.0	79.0	18.0	0.0	39.0	0.0	0.0	0.0	0.0	0.0	0.0	0.0	37.0	0.0	0.0	0.0	0.0	0.0	0.0	60.0	0.0	0.0	0.0	0.0	0.0	75.0	0.0	0.0	0.0	0.0	0.0	5.0	24.0	0.0
22.0	0.0	0.0	0.0	0.0	0.0	0.0	0.0	0.0	0.0	0.0	0.0	0.0	0.0	40.0	0.0	0.0	0.0	0.0	0.0	22.0	0.0	0.0	0.0	0.0	74.0	0.0	0.0	0.0	0.0	0.0	0.0	57.0	32.0	29.0	0.0	0.0	0.0	0.0	0.0	0.0	0.0	0.0	58.0	0.0	0.0	0.0	37.0
13.0	58.0	0.0	0.0	0.0	0.0	0.0	0.0	37.0	0.0	0.0	0.0	0.0	0.0	0.0	0.0	0.0	0.0	0.0	0.0	0.0	89.0	0.0	36.0	0.0	0.0	13.0	34.0	0.0	0.0	0.0	0.0	0.0	0.0	0.0	78.0	0.0	0.0	41.0	0.0	0.0	19.0	68.0	0.0	0.0	0.0	75.0
73.0	0.0	38.0	0.0	41.0	0.0	0.0	0.0	0.0	61.0	0.0	29.0	69.0	0.0	27.0	0.0	51.0	1.0	0.0	28.0	0.0	0.0	0.0	45.0	0.0	0.0	0.0	0.0	0.0	0.0	23.0	96.0	0.0	0.0	23.0	54.0	91.0	0.0	0.0	0.0	0.0	0.0	14.0	0.0	20.0	0.0
34.0	0.0	1.0	0.0	56.0	0.0	0.0	0.0	0.0	0.0	0.0	0.0	0.0	16.0	2.0	0.0	0.0	0.0	88.0	0.0	0.0	0.0	0.0	0.0	86.0	0.0	0.0	0.0	81.0	0.0	0.0	0.0	61.0	84.0	0.0	67.0	0.0	0.0	0.0	0.0	21.0	29.0	0.0	0.0	0.0
0.0	84.0	0.0	0.0	0.0	0.0	0.0	0.0	0.0	89.0	45.0	0.0	0.0	40.0	0.0	23.0	0.0	0.0	99.0	0.0	0.0	0.0	0.0	0.0	0.0	0.0	67.0	0.0	0.0	0.0	0.0	0.0	0.0	0.0	0.0	89.0	0.0	0.0	0.0	38.0	0.0	0.0	46.0	90.0
0.0	0.0	6.0	0.0	0.0	0.0	25.0	0.0	65.0	0.0	0.0	0.0	0.0	0.0	44.0	0.0	41.0	0.0	0.0	77.0	0.0	0.0	50.0	0.0	0.0	0.0	0.0	0.0	0.0	0.0	0.0	0.0	0.0	0.0	0.0	78.0	0.0	0.0	0.0	0.0	66.0	71.0	0.0
0.0	0.0	0.0	0.0	33.0	0.0	0.0	12.0	0.0	19.0	2.0	6.0	92.0	0.0	0.0	60.0	0.0	0.0	0.0	0.0	0.0	0.0	0.0	0.0	0.0	0.0	82.0	99.0	0.0	28.0	0.0	0.0	44.0	25.0	0.0	25.0	0.0	0.0	0.0	0.0	0.0	0.0
0.0	0.0	0.0	0.0	0.0	0.0	0.0	98.0	47.0	0.0	0.0	0.0	11.0	0.0	0.0	0.0	0.0	7.0	0.0	0.0	0.0	75.0	96.0	0.0	0.0	0.0	0.0	0.0	0.0	67.0	0.0	0.0	41.0	84.0	0.0	28.0	0.0	0.0	42.0	0.0	99.0
0.0	0.0	0.0	0.0	0.0	48.0	42.0	0.0	0.0	0.0	0.0	18.0	0.0	0.0	16.0	0.0	0.0	47.0	0.0	0.0	0.0	0.0	0.0	54.0	0.0	0.0	2.0	0.0	0.0	0.0	28.0	0.0	62.0	0.0	0.0	83.0	48.0	0.0	0.0	0.0
0.0	80.0	0.0	7.0	18.0	29.0	0.0	0.0	0.0	0.0	93.0	0.0	90.0	0.0	0.0	0.0	0.0	93.0	0.0	0.0	0.0	0.0	0.0	23.0	8.0	0.0	0.0	47.0	0.0	0.0	0.0	0.0	98.0	0.0	0.0	0.0	0.0	0.0	0.0
0.0	0.0	0.0	18.0	0.0	0.0	0.0	0.0	0.0	84.0	0.0	0.0	0.0	54.0	0.0	0.0	0.0	94.0	0.0	0.0	0.0	58.0	0.0	0.0	0.0	0.0	0.0	19.0	0.0	0.0	75.0	0.0	0.0	0.0	0.0	0.0	0.0	22.0
0.0	36.0	0.0	0.0	60.0	0.0	0.0	0.0	0.0	0.0	0.0	0.0	0.0	0.0	55.0	38.0	51.0	45.0	0.0	0.0	0.0	0.0	0.0	0.0	0.0	0.0	0.0	0.0	0.0	53.0	0.0	0.0	0.0	2.0	0.0	0.0	37.0
0.0	0.0	99.0	0.0	0.0	61.0	0.0	24.0	33.0	0.0	0.0	59.0	62.0	0.0	0.0	63.0	0.0	0.0	42.0	55.0	0.0	0.0	0.0	0.0	8.0	0.0	78.0	0.0	7.0	0.0	0.0	0.0	0.0	0.0	0.0	0.0
0.0	0.0	0.0	0.0	0.0	0.0	36.0	0.0	0.0	0.0	0.0	0.0	16.0	0.0	93.0	68.0	87.0	76.0	0.0	0.0	11.0	0.0	0.0	0.0	0.0	0.0	0.0	0.0	0.0	0.0	0.0	0.0	0.0	0.0	0.0
0.0	0.0	0.0	44.0	0.0	0.0	0.0	0.0	0.0	0.0	0.0	0.0	0.0	61.0	11.0	0.0	0.0	0.0	0.0	76.0	0.0	0.0	0.0	0.0	0.0	24.0	0.0	0.0	0.0	80.0	0.0	26.0	4.0	0.0
15.0	0.0	0.0	80.0	96.0	6.0	99.0	0.0	54.0	0.0	0.0	83.0	0.0	0.0	0.0	0.0	0.0	0.0	0.0	0.0	15.0	0.0	0.0	38.0	0.0	46.0	0.0	0.0	0.0	0.0	76.0	0.0	0.0
0.0	0.0	0.0	0.0	11.0	0.0	0.0	0.0	0.0	0.0	0.0	0.0	63.0	0.0	0.0	0.0	0.0	0.0	0.0	71.0	88.0	0.0	0.0	56.0	0.0	85.0	47.0	0.0	0.0	0.0	0.0	84.0
0.0	0.0	0.0	93.0	0.0	0.0	0.0	0.0	0.0	0.0	0.0	0.0	91.0	46.0	11.0	99.0	0.0	0.0	0.0	0.0	0.0	0.0	0.0	94.0	0.0	53.0	0.0	0.0	0.0	0.0	0.0
0.0	0.0	40.0	26.0	0.0	0.0	0.0	0.0	0.0	0.0	0.0	28.0	0.0	0.0	0.0	0.0	0.0	0.0	19.0	0.0	0.0	0.0	0.0	24.0	0.0	0.0	0.0	65.0	0.0	88.0
0.0	0.0	0.0	0.0	0.0	0.0	84.0	0.0	0.0	0.0	4.0	0.0	0.0	0.0	0.0	0.0	48.0	0.0	0.0	0.0	0.0	87.0	0.0	0.0	0.0	0.0	51.0	0.0	0.0
72.0	0.0	0.0	0.0	23.0	0.0	0.0	0.0	0.0	0.0	0.0	0.0	0.0	0.0	35.0	0.0	0.0	0.0	0.0	0.0	0.0	47.0	0.0	0.0	0.0	0.0	0.0	0.0
0.0	0.0	64.0	0.0	0.0	5.0	0.0	0.0	0.0	0.0	0.0	73.0	0.0	0.0	0.0	0.0	92.0	0.0	0.0	0.0	42.0	100.0	0.0	43.0	0.0	0.0	0.0
0.0	0.0	0.0	0.0	16.0	0.0	97.0	58.0	0.0	21.0	25.0	0.0	0.0	23.0	0.0	48.0	0.0	0.0	0.0	0.0	0.0	84.0	0.0	0.0	0.0	0.0
44.0	0.0	0.0	0.0	0.0	0.0	0.0	0.0	0.0	0.0	0.0	79.0	0.0	0.0	0.0	0.0	0.0	0.0	0.0	66.0	0.0	0.0	0.0	41.0	0.0
0.0	0.0	0.0	0.0	0.0	0.0	0.0	0.0	0.0	26.0	36.0	1.0	0.0	0.0	0.0	0.0	0.0	0.0	0.0	27.0	0.0	0.0	0.0	0.0
97.0	0.0	0.0	0.0	87.0	0.0	0.0	0.0	94.0	0.0	0.0	0.0	40.0	35.0	0.0	0.0	0.0	2.0	0.0	17.0	39.0	0.0	44.0
0.0	0.0	0.0	57.0	0.0	0.0	0.0	0.0	19.0	0.0	24.0	0.0	0.0	92.0	0.0	65.0	0.0	0.0	0.0	0.0	0.0	0.0
0.0	55.0	26.0	0.0	97.0	0.0	0.0	0.0	0.0	0.0	0.0	0.0	48.0	0.0	0.0	0.0	0.0	89.0	90.0	10.0	0.0
0.0	0.0	0.0	0.0	0.0	0.0	30.0	70.0	0.0	20.0	0.0	0.0	0.0	0.0	0.0	0.0	0.0	0.0	60.0	0.0
0.0	0.0	0.0	0.0	0.0	0.0	0.0	0.0	0.0	0.0	0.0	13.0	0.0	0.0	0.0	0.0	0.0	14.0	0.0
0.0	0.0	0.0	0.0	0.0	0.0	0.0	0.0	25.0	84.0	72.0	0.0	0.0	0.0	0.0	65.0	0.0	0.0
65.0	54.0	0.0	0.0	0.0	0.0	0.0	0.0	0.0	0.0	0.0	0.0	0.0	0.0	0.0	0.0	0.0
44.0	0.0	0.0	0.0	0.0	4.0	0.0	0.0	62.0	0.0	0.0	0.0	0.0	0.0	0.0	0.0
0.0	0.0	0.0	33.0	0.0	0.0	0.0	0.0	0.0	41.0	0.0	0.0	49.0	0.0	0.0
55.0	0.0	43.0	0.0	0.0	28.0	0.0	0.0	0.0	0.0	58.0	0.0	0.0	0.0
0.0	0.0	0.0	0.0	51.0	0.0	12.0	20.0	0.0	0.0	0.0	0.0	0.0
0.0	61.0	0.0	41.0	0.0	0.0	0.0	0.0	47.0	0.0	0.0	0.0
94.0	84.0	0.0	0.0	0.0	0.0	64.0	0.0	0.0	6.0	0.0
58.0	37.0	1.0	49.0	0.0	7.0	0.0	0.0	0.0	0.0
0.0	0.0	0.0	0.0	0.0	62.0	0.0	66.0	0.0
0.0	0.0	0.0	0.0	41.0	92.0	0.0	0.0
0.0	24.0	0.0	43.0	0.0	0.0	0.0
0.0	0.0	6.0	0.0	0.0	36.0
0.0	0.0	0.0	14.0	80.0
0.0	0.0	0.0	0.0
0.0	0.0	0.0
0.0	13.0
0.0

39.0	9.0	22.0	1.0	46.0	46.0	30.0	15.0	1.0	47.0	2.0	38.0	42.0	26.0	10.0	30.0	41.0	39.0	6.0	10.0	42.0	46.0	35.0	23.0	23.0	37.0	3.0	7.0	18.0	26.0	9.0	40.0	30.0	7.0	48.0	15.0	9.0	13.0	33.0	9.0	41.0	17.0	5.0	35.0	9.0	15.0	32.0	35.0	8.0	11.0	7.0	23.0	37.0	23.0	50.0	34.0	50.0	4.0	35.0	30.0	38.0	37.0	42.0	36.0	33.0	42.0	30.0	1.0	14.0	45.0	27.0	19.0	14.0	1.0	16.0	44.0	18.0	3.0	30.0	16.0	45.0	43.0	46.0	42.0	46.0	4.0	42.0	24.0	27.0	26.0	33.0	15.0	50.0	33.0	44.0	17.0	18.0	40.0	17.0	44.0	19.0	37.0	36.0	14.0	19.0	25.0	6.0	23.0	20.0	7.0	49.0	24.0	46.0	22.0	21.0	5.0	45.0	41.0	41.0	12.0	9.0	46.0	29.0	19.0	6.0	40.0	36.0	28.0	36.0	4.0	35.0	2.0	30.0	11.0	12.0	43.0	16.0	43.0	37.0	35.0	34.0	12.0	15.0	46.0	9.0	34.0	40.0	38.0	28.0	27.0	39.0	24.0	3.0	34.0	32.0	10.0	29.0	31.0	43.0	2.0	48.0	33.0	22.0	17.0	27.0	44.0	3.0	19.0	20.0	45.0	13.0	12.0	33.0	27.0	34.0	24.0	30.0	11.0	34.0	2.0	2.0	25.0	49.0	33.0	45.0	8.0	25.0	23.0	39.0	7.0	27.0	43.0	40.0	25.0	5.0	42.0	13.0	31.0	8.0	1.0

414.71999999999997	414.71999999999997	414.71999999999997	414.71999999999997	414.71999999999997	414.71999999999997	414.71999999999997	414.71999999999997	414.71999999999997	414.71999999999997
