qmkp_100_100_5_010
100
5

93.0	22.0	49.0	34.0	12.0	39.0	14.0	39.0	2.0	11.0	100.0	27.0	17.0	58.0	71.0	48.0	63.0	35.0	50.0	42.0	25.0	61.0	43.0	97.0	55.0	18.0	93.0	12.0	62.0	15.0	44.0	48.0	58.0	79.0	52.0	87.0	100.0	27.0	30.0	73.0	36.0	24.0	83.0	6.0	21.0	29.0	57.0	37.0	84.0	95.0	77.0	13.0	83.0	81.0	14.0	26.0	5.0	56.0	34.0	82.0	12.0	79.0	48.0	48.0	27.0	65.0	80.0	7.0	56.0	82.0	7.0	54.0	76.0	94.0	90.0	39.0	96.0	15.0	55.0	84.0	9.0	56.0	22.0	45.0	18.0	56.0	43.0	27.0	87.0	44.0	27.0	44.0	94.0	19.0	14.0	44.0	13.0	43.0	74.0	38.0
64.0	35.0	47.0	15.0	32.0	34.0	98.0	44.0	96.0	86.0	36.0	55.0	40.0	43.0	27.0	37.0	63.0	89.0	92.0	71.0	58.0	26.0	61.0	28.0	79.0	35.0	10.0	63.0	70.0	60.0	98.0	100.0	80.0	94.0	68.0	54.0	5.0	89.0	37.0	51.0	57.0	100.0	28.0	16.0	56.0	37.0	18.0	33.0	29.0	100.0	35.0	69.0	97.0	66.0	73.0	39.0	50.0	39.0	69.0	15.0	71.0	30.0	87.0	85.0	26.0	91.0	55.0	3.0	97.0	34.0	22.0	71.0	57.0	78.0	48.0	19.0	61.0	28.0	94.0	36.0	33.0	51.0	16.0	16.0	80.0	87.0	68.0	100.0	30.0	49.0	19.0	84.0	66.0	77.0	4.0	28.0	94.0	75.0	49.0
53.0	28.0	49.0	2.0	52.0	19.0	83.0	77.0	77.0	25.0	32.0	6.0	76.0	31.0	15.0	60.0	23.0	24.0	66.0	7.0	68.0	47.0	35.0	31.0	80.0	67.0	87.0	64.0	94.0	8.0	3.0	90.0	1.0	21.0	88.0	6.0	84.0	99.0	46.0	27.0	92.0	32.0	35.0	4.0	2.0	41.0	36.0	71.0	74.0	40.0	88.0	21.0	56.0	34.0	92.0	33.0	99.0	37.0	82.0	77.0	45.0	91.0	70.0	98.0	44.0	54.0	83.0	15.0	5.0	66.0	3.0	26.0	92.0	10.0	91.0	89.0	7.0	51.0	5.0	3.0	84.0	56.0	100.0	14.0	7.0	11.0	49.0	18.0	75.0	8.0	8.0	42.0	45.0	72.0	81.0	29.0	72.0	32.0
29.0	14.0	16.0	70.0	10.0	92.0	45.0	49.0	27.0	31.0	79.0	99.0	63.0	29.0	90.0	65.0	48.0	41.0	64.0	55.0	70.0	48.0	32.0	86.0	72.0	78.0	36.0	63.0	79.0	45.0	44.0	71.0	82.0	24.0	49.0	27.0	35.0	67.0	18.0	34.0	11.0	93.0	20.0	87.0	6.0	78.0	45.0	91.0	93.0	66.0	46.0	43.0	85.0	33.0	20.0	78.0	15.0	67.0	82.0	95.0	63.0	22.0	81.0	42.0	74.0	95.0	80.0	4.0	8.0	30.0	32.0	80.0	7.0	61.0	5.0	62.0	38.0	5.0	58.0	23.0	81.0	94.0	28.0	41.0	77.0	72.0	4.0	49.0	85.0	58.0	16.0	15.0	14.0	15.0	92.0	60.0	10.0
62.0	85.0	53.0	48.0	26.0	20.0	77.0	17.0	47.0	34.0	17.0	43.0	54.0	8.0	20.0	23.0	18.0	64.0	48.0	97.0	15.0	39.0	31.0	1.0	89.0	38.0	48.0	77.0	77.0	58.0	58.0	64.0	29.0	46.0	46.0	94.0	52.0	27.0	60.0	55.0	1.0	4.0	54.0	22.0	18.0	1.0	44.0	64.0	33.0	78.0	18.0	77.0	76.0	58.0	72.0	68.0	56.0	17.0	66.0	87.0	69.0	78.0	24.0	80.0	17.0	83.0	79.0	100.0	30.0	49.0	85.0	85.0	66.0	97.0	42.0	70.0	61.0	65.0	25.0	75.0	73.0	8.0	50.0	47.0	30.0	54.0	57.0	36.0	89.0	82.0	56.0	53.0	63.0	98.0	78.0	34.0
48.0	66.0	93.0	4.0	39.0	23.0	23.0	10.0	88.0	24.0	43.0	90.0	61.0	4.0	26.0	71.0	66.0	37.0	95.0	88.0	15.0	5.0	37.0	32.0	59.0	22.0	81.0	40.0	36.0	31.0	85.0	6.0	13.0	32.0	1.0	8.0	16.0	75.0	78.0	20.0	14.0	64.0	100.0	65.0	93.0	89.0	100.0	75.0	20.0	79.0	83.0	47.0	97.0	36.0	80.0	4.0	20.0	80.0	73.0	43.0	14.0	22.0	8.0	67.0	12.0	59.0	15.0	7.0	12.0	48.0	26.0	18.0	26.0	75.0	22.0	13.0	40.0	18.0	65.0	42.0	28.0	65.0	98.0	30.0	36.0	40.0	17.0	35.0	99.0	74.0	33.0	45.0	31.0	57.0	22.0
21.0	80.0	52.0	55.0	90.0	43.0	35.0	7.0	3.0	21.0	57.0	13.0	80.0	71.0	30.0	74.0	67.0	36.0	26.0	61.0	98.0	1.0	53.0	64.0	20.0	25.0	54.0	38.0	47.0	49.0	68.0	80.0	19.0	72.0	64.0	34.0	61.0	3.0	9.0	95.0	44.0	84.0	86.0	76.0	1.0	55.0	89.0	43.0	69.0	15.0	48.0	13.0	58.0	47.0	4.0	8.0	24.0	7.0	64.0	10.0	6.0	77.0	21.0	13.0	97.0	4.0	63.0	51.0	30.0	64.0	74.0	4.0	2.0	100.0	16.0	69.0	90.0	49.0	10.0	68.0	26.0	11.0	42.0	91.0	31.0	100.0	97.0	22.0	11.0	47.0	90.0	42.0	50.0	47.0
50.0	40.0	92.0	95.0	5.0	84.0	71.0	98.0	63.0	85.0	16.0	20.0	51.0	15.0	1.0	49.0	76.0	45.0	82.0	54.0	24.0	35.0	53.0	45.0	73.0	99.0	86.0	48.0	11.0	95.0	13.0	21.0	70.0	51.0	75.0	34.0	21.0	7.0	31.0	32.0	11.0	29.0	35.0	34.0	11.0	6.0	54.0	70.0	69.0	60.0	76.0	20.0	3.0	24.0	97.0	36.0	74.0	99.0	89.0	22.0	79.0	92.0	15.0	31.0	64.0	57.0	99.0	48.0	88.0	63.0	56.0	36.0	58.0	81.0	77.0	58.0	27.0	8.0	92.0	17.0	62.0	61.0	48.0	41.0	6.0	98.0	29.0	41.0	77.0	39.0	28.0	33.0	76.0
8.0	48.0	3.0	9.0	7.0	44.0	11.0	45.0	89.0	93.0	68.0	52.0	44.0	19.0	38.0	64.0	63.0	56.0	79.0	52.0	49.0	55.0	76.0	23.0	40.0	9.0	7.0	6.0	70.0	51.0	17.0	64.0	70.0	20.0	59.0	39.0	48.0	82.0	1.0	26.0	76.0	56.0	70.0	73.0	63.0	46.0	41.0	54.0	85.0	84.0	15.0	70.0	75.0	87.0	48.0	3.0	63.0	72.0	40.0	7.0	64.0	57.0	13.0	69.0	53.0	77.0	55.0	79.0	69.0	24.0	17.0	15.0	64.0	60.0	10.0	27.0	69.0	62.0	96.0	9.0	7.0	28.0	77.0	98.0	73.0	68.0	47.0	51.0	25.0	4.0	19.0	7.0
19.0	68.0	32.0	41.0	62.0	86.0	70.0	20.0	30.0	52.0	90.0	99.0	61.0	2.0	58.0	51.0	52.0	84.0	82.0	16.0	18.0	50.0	79.0	45.0	53.0	59.0	49.0	26.0	69.0	5.0	88.0	72.0	75.0	81.0	64.0	55.0	33.0	23.0	86.0	44.0	55.0	83.0	5.0	64.0	86.0	10.0	57.0	90.0	37.0	82.0	11.0	30.0	3.0	25.0	75.0	35.0	30.0	29.0	86.0	98.0	100.0	96.0	92.0	71.0	21.0	4.0	85.0	14.0	61.0	80.0	19.0	99.0	83.0	58.0	19.0	9.0	15.0	40.0	79.0	6.0	27.0	26.0	94.0	37.0	8.0	77.0	8.0	84.0	14.0	29.0	55.0
82.0	99.0	14.0	55.0	89.0	56.0	21.0	7.0	60.0	16.0	10.0	33.0	33.0	4.0	92.0	19.0	40.0	72.0	27.0	44.0	2.0	77.0	16.0	92.0	8.0	11.0	50.0	71.0	21.0	55.0	24.0	94.0	14.0	68.0	70.0	56.0	69.0	77.0	63.0	22.0	98.0	93.0	100.0	2.0	80.0	55.0	94.0	42.0	99.0	91.0	97.0	34.0	67.0	23.0	88.0	87.0	90.0	52.0	31.0	71.0	28.0	29.0	58.0	53.0	9.0	29.0	32.0	27.0	21.0	33.0	48.0	49.0	83.0	59.0	40.0	19.0	72.0	58.0	98.0	34.0	7.0	100.0	72.0	85.0	29.0	10.0	29.0	42.0	57.0	28.0
4.0	10.0	71.0	4.0	24.0	22.0	88.0	28.0	41.0	93.0	53.0	50.0	46.0	73.0	64.0	80.0	51.0	12.0	95.0	12.0	50.0	67.0	73.0	91.0	31.0	90.0	13.0	65.0	18.0	21.0	47.0	66.0	75.0	73.0	55.0	43.0	78.0	62.0	86.0	7.0	85.0	71.0	20.0	46.0	4.0	8.0	67.0	54.0	5.0	4.0	7.0	58.0	9.0	90.0	96.0	48.0	83.0	80.0	65.0	97.0	73.0	13.0	24.0	25.0	73.0	52.0	48.0	22.0	87.0	81.0	19.0	75.0	67.0	3.0	49.0	17.0	21.0	71.0	72.0	15.0	51.0	16.0	21.0	55.0	66.0	36.0	61.0	24.0	43.0
86.0	89.0	68.0	37.0	52.0	23.0	71.0	9.0	12.0	74.0	24.0	10.0	48.0	91.0	13.0	97.0	76.0	55.0	17.0	63.0	62.0	8.0	7.0	10.0	29.0	31.0	48.0	75.0	37.0	57.0	57.0	94.0	33.0	85.0	65.0	86.0	32.0	1.0	30.0	43.0	65.0	57.0	96.0	64.0	81.0	36.0	28.0	29.0	100.0	53.0	92.0	59.0	58.0	34.0	3.0	12.0	45.0	19.0	44.0	62.0	38.0	4.0	28.0	96.0	81.0	31.0	92.0	61.0	74.0	20.0	57.0	13.0	56.0	76.0	12.0	67.0	37.0	46.0	75.0	65.0	11.0	10.0	77.0	21.0	24.0	46.0	92.0	50.0
59.0	81.0	63.0	52.0	48.0	75.0	26.0	98.0	79.0	80.0	76.0	100.0	94.0	80.0	5.0	90.0	34.0	15.0	93.0	41.0	49.0	95.0	12.0	59.0	95.0	99.0	88.0	39.0	57.0	77.0	77.0	10.0	89.0	86.0	60.0	45.0	61.0	99.0	96.0	17.0	52.0	26.0	96.0	36.0	30.0	12.0	42.0	29.0	46.0	49.0	29.0	62.0	24.0	86.0	33.0	18.0	84.0	58.0	10.0	15.0	62.0	9.0	43.0	85.0	94.0	16.0	42.0	89.0	30.0	89.0	20.0	24.0	78.0	28.0	27.0	92.0	84.0	80.0	39.0	2.0	62.0	59.0	7.0	79.0	7.0	58.0	86.0
28.0	86.0	21.0	16.0	84.0	32.0	64.0	31.0	59.0	39.0	19.0	34.0	71.0	83.0	74.0	34.0	25.0	89.0	97.0	78.0	8.0	34.0	75.0	88.0	74.0	25.0	46.0	82.0	54.0	10.0	67.0	4.0	76.0	52.0	69.0	10.0	31.0	61.0	49.0	94.0	9.0	50.0	80.0	39.0	84.0	71.0	66.0	55.0	64.0	74.0	70.0	54.0	68.0	34.0	96.0	2.0	4.0	25.0	34.0	65.0	80.0	25.0	60.0	47.0	91.0	56.0	47.0	75.0	1.0	43.0	10.0	47.0	76.0	43.0	54.0	43.0	97.0	26.0	100.0	54.0	42.0	53.0	99.0	54.0	91.0	33.0
8.0	88.0	9.0	80.0	39.0	52.0	66.0	87.0	98.0	34.0	32.0	60.0	68.0	12.0	98.0	49.0	20.0	63.0	87.0	28.0	87.0	51.0	6.0	39.0	24.0	4.0	62.0	82.0	22.0	91.0	63.0	74.0	5.0	33.0	61.0	75.0	16.0	96.0	84.0	96.0	98.0	5.0	55.0	31.0	19.0	8.0	39.0	6.0	10.0	7.0	47.0	93.0	60.0	16.0	53.0	52.0	50.0	75.0	72.0	62.0	39.0	34.0	41.0	5.0	12.0	82.0	95.0	52.0	90.0	21.0	50.0	66.0	76.0	14.0	26.0	90.0	71.0	15.0	22.0	10.0	29.0	92.0	91.0	24.0	58.0
95.0	30.0	44.0	16.0	20.0	63.0	72.0	83.0	4.0	96.0	46.0	81.0	31.0	90.0	29.0	59.0	46.0	38.0	59.0	73.0	51.0	22.0	67.0	55.0	27.0	56.0	57.0	68.0	88.0	8.0	89.0	24.0	12.0	97.0	10.0	55.0	80.0	87.0	25.0	79.0	72.0	5.0	76.0	51.0	52.0	89.0	79.0	36.0	76.0	88.0	31.0	33.0	7.0	17.0	39.0	97.0	47.0	75.0	96.0	22.0	6.0	85.0	100.0	44.0	95.0	44.0	13.0	98.0	96.0	21.0	7.0	93.0	48.0	59.0	36.0	20.0	82.0	84.0	23.0	28.0	30.0	53.0	33.0	50.0
87.0	56.0	42.0	65.0	86.0	8.0	84.0	48.0	31.0	86.0	98.0	59.0	86.0	5.0	87.0	3.0	96.0	13.0	45.0	20.0	13.0	87.0	16.0	38.0	72.0	62.0	2.0	44.0	93.0	4.0	20.0	64.0	84.0	90.0	70.0	42.0	78.0	83.0	90.0	21.0	81.0	43.0	92.0	2.0	7.0	8.0	1.0	80.0	23.0	5.0	13.0	97.0	19.0	12.0	11.0	11.0	51.0	64.0	9.0	79.0	45.0	70.0	8.0	19.0	11.0	67.0	21.0	96.0	31.0	100.0	42.0	99.0	74.0	17.0	30.0	9.0	19.0	25.0	27.0	39.0	27.0	30.0	35.0
23.0	21.0	47.0	92.0	34.0	48.0	64.0	71.0	65.0	21.0	83.0	40.0	81.0	46.0	58.0	90.0	29.0	34.0	54.0	52.0	64.0	98.0	98.0	9.0	96.0	95.0	24.0	23.0	79.0	100.0	97.0	40.0	40.0	87.0	1.0	34.0	90.0	69.0	28.0	80.0	47.0	5.0	30.0	5.0	94.0	37.0	94.0	46.0	15.0	19.0	4.0	23.0	58.0	10.0	37.0	88.0	10.0	8.0	53.0	45.0	99.0	46.0	75.0	75.0	44.0	36.0	94.0	32.0	92.0	63.0	23.0	18.0	75.0	27.0	25.0	93.0	54.0	87.0	2.0	61.0	95.0	12.0
86.0	39.0	59.0	46.0	14.0	97.0	86.0	16.0	52.0	54.0	71.0	36.0	49.0	9.0	93.0	14.0	47.0	96.0	39.0	22.0	78.0	37.0	22.0	57.0	84.0	18.0	20.0	43.0	56.0	76.0	1.0	83.0	89.0	33.0	30.0	77.0	72.0	59.0	75.0	87.0	24.0	21.0	86.0	34.0	55.0	36.0	39.0	27.0	37.0	8.0	83.0	26.0	3.0	45.0	80.0	18.0	31.0	24.0	73.0	65.0	36.0	57.0	94.0	3.0	72.0	55.0	76.0	37.0	71.0	23.0	81.0	11.0	77.0	91.0	47.0	44.0	12.0	59.0	14.0	62.0	97.0
56.0	50.0	91.0	9.0	53.0	39.0	11.0	88.0	50.0	38.0	21.0	70.0	67.0	47.0	50.0	91.0	34.0	92.0	27.0	47.0	67.0	6.0	28.0	75.0	88.0	67.0	75.0	42.0	53.0	96.0	25.0	32.0	98.0	38.0	91.0	8.0	89.0	59.0	11.0	70.0	44.0	87.0	51.0	10.0	45.0	54.0	66.0	83.0	11.0	93.0	82.0	26.0	91.0	93.0	29.0	24.0	50.0	53.0	31.0	77.0	48.0	36.0	18.0	51.0	19.0	18.0	31.0	45.0	55.0	52.0	82.0	82.0	82.0	61.0	81.0	69.0	84.0	39.0	71.0	44.0
80.0	60.0	10.0	36.0	33.0	64.0	36.0	44.0	80.0	45.0	88.0	87.0	69.0	36.0	93.0	15.0	11.0	96.0	88.0	81.0	98.0	42.0	15.0	33.0	95.0	55.0	69.0	38.0	57.0	78.0	41.0	39.0	50.0	68.0	84.0	13.0	94.0	19.0	63.0	70.0	75.0	98.0	30.0	79.0	48.0	52.0	61.0	47.0	52.0	85.0	36.0	22.0	82.0	80.0	5.0	48.0	81.0	28.0	96.0	11.0	28.0	74.0	84.0	91.0	87.0	66.0	28.0	91.0	46.0	16.0	93.0	28.0	26.0	28.0	53.0	97.0	67.0	62.0	10.0
40.0	50.0	85.0	96.0	26.0	13.0	2.0	80.0	31.0	47.0	30.0	4.0	84.0	5.0	98.0	60.0	28.0	30.0	53.0	96.0	98.0	42.0	37.0	27.0	73.0	50.0	2.0	5.0	26.0	68.0	100.0	39.0	89.0	60.0	29.0	11.0	96.0	70.0	37.0	34.0	14.0	39.0	20.0	11.0	59.0	92.0	23.0	70.0	36.0	90.0	100.0	17.0	66.0	22.0	49.0	89.0	12.0	36.0	91.0	57.0	58.0	4.0	76.0	79.0	42.0	70.0	21.0	32.0	89.0	35.0	88.0	80.0	20.0	15.0	42.0	21.0	93.0	53.0
54.0	62.0	55.0	9.0	33.0	37.0	81.0	94.0	15.0	95.0	7.0	27.0	5.0	11.0	76.0	67.0	48.0	57.0	81.0	84.0	55.0	49.0	70.0	80.0	43.0	95.0	39.0	69.0	9.0	97.0	10.0	88.0	16.0	44.0	60.0	12.0	55.0	37.0	39.0	22.0	77.0	28.0	34.0	17.0	58.0	94.0	89.0	10.0	24.0	17.0	53.0	31.0	96.0	87.0	100.0	16.0	11.0	6.0	23.0	2.0	51.0	21.0	51.0	73.0	45.0	5.0	47.0	8.0	43.0	29.0	91.0	28.0	21.0	3.0	41.0	93.0	50.0
11.0	60.0	35.0	60.0	21.0	13.0	1.0	49.0	13.0	50.0	92.0	9.0	68.0	43.0	6.0	56.0	30.0	57.0	68.0	67.0	51.0	25.0	92.0	14.0	65.0	87.0	7.0	7.0	3.0	20.0	76.0	43.0	87.0	10.0	41.0	45.0	80.0	6.0	79.0	61.0	77.0	80.0	100.0	79.0	58.0	57.0	3.0	27.0	75.0	11.0	17.0	30.0	23.0	57.0	53.0	38.0	87.0	55.0	37.0	12.0	74.0	65.0	88.0	96.0	52.0	45.0	53.0	89.0	70.0	14.0	57.0	14.0	49.0	82.0	53.0	87.0
1.0	23.0	69.0	5.0	54.0	78.0	20.0	61.0	26.0	100.0	9.0	57.0	100.0	89.0	77.0	37.0	48.0	32.0	57.0	87.0	90.0	54.0	94.0	18.0	77.0	59.0	7.0	27.0	86.0	54.0	19.0	51.0	1.0	7.0	49.0	84.0	90.0	65.0	50.0	53.0	50.0	42.0	83.0	34.0	67.0	81.0	18.0	45.0	27.0	16.0	100.0	96.0	50.0	36.0	86.0	68.0	30.0	35.0	45.0	44.0	95.0	9.0	51.0	10.0	12.0	95.0	13.0	2.0	96.0	82.0	28.0	100.0	77.0	37.0	14.0
25.0	10.0	38.0	48.0	89.0	68.0	71.0	61.0	81.0	72.0	43.0	81.0	38.0	61.0	7.0	61.0	27.0	4.0	82.0	21.0	53.0	77.0	9.0	54.0	32.0	2.0	7.0	89.0	24.0	42.0	30.0	75.0	47.0	16.0	100.0	75.0	85.0	15.0	53.0	24.0	13.0	35.0	70.0	5.0	58.0	7.0	67.0	11.0	17.0	99.0	100.0	19.0	35.0	76.0	24.0	72.0	72.0	5.0	39.0	91.0	32.0	6.0	99.0	69.0	91.0	80.0	80.0	70.0	91.0	9.0	70.0	99.0	98.0	85.0
33.0	51.0	95.0	86.0	31.0	11.0	28.0	12.0	1.0	6.0	4.0	81.0	16.0	39.0	21.0	86.0	34.0	74.0	34.0	60.0	37.0	58.0	91.0	54.0	32.0	85.0	55.0	81.0	35.0	59.0	82.0	21.0	86.0	6.0	53.0	50.0	20.0	2.0	70.0	16.0	65.0	41.0	35.0	45.0	83.0	95.0	50.0	76.0	86.0	53.0	63.0	93.0	13.0	98.0	86.0	76.0	13.0	42.0	93.0	89.0	8.0	72.0	100.0	91.0	60.0	7.0	22.0	58.0	15.0	97.0	50.0	32.0	74.0
1.0	53.0	75.0	26.0	35.0	22.0	40.0	38.0	15.0	77.0	100.0	44.0	38.0	62.0	8.0	30.0	15.0	63.0	7.0	92.0	92.0	93.0	5.0	39.0	12.0	12.0	19.0	17.0	94.0	70.0	35.0	85.0	58.0	45.0	89.0	92.0	2.0	55.0	42.0	25.0	11.0	35.0	4.0	69.0	34.0	79.0	5.0	19.0	12.0	82.0	44.0	55.0	80.0	71.0	57.0	11.0	17.0	89.0	38.0	95.0	48.0	24.0	8.0	96.0	95.0	100.0	27.0	2.0	79.0	100.0	14.0	41.0
93.0	61.0	67.0	37.0	55.0	6.0	40.0	31.0	58.0	4.0	72.0	33.0	93.0	67.0	1.0	97.0	61.0	9.0	13.0	23.0	45.0	40.0	73.0	87.0	69.0	56.0	42.0	35.0	37.0	37.0	11.0	75.0	18.0	12.0	73.0	84.0	97.0	64.0	21.0	75.0	15.0	77.0	40.0	64.0	47.0	39.0	13.0	39.0	19.0	74.0	62.0	49.0	73.0	22.0	41.0	67.0	42.0	81.0	47.0	57.0	93.0	4.0	90.0	10.0	10.0	98.0	42.0	51.0	44.0	82.0	17.0
9.0	43.0	2.0	91.0	44.0	63.0	87.0	47.0	82.0	72.0	53.0	59.0	40.0	37.0	27.0	33.0	13.0	36.0	68.0	37.0	29.0	64.0	65.0	27.0	81.0	58.0	2.0	3.0	82.0	15.0	15.0	38.0	40.0	63.0	13.0	44.0	53.0	8.0	87.0	27.0	45.0	78.0	74.0	30.0	94.0	48.0	79.0	10.0	52.0	97.0	1.0	71.0	87.0	82.0	12.0	70.0	44.0	38.0	31.0	67.0	26.0	6.0	8.0	34.0	77.0	21.0	8.0	29.0	90.0	32.0
45.0	10.0	71.0	26.0	85.0	7.0	5.0	51.0	40.0	62.0	32.0	51.0	9.0	31.0	70.0	81.0	85.0	85.0	47.0	89.0	51.0	73.0	10.0	70.0	41.0	94.0	74.0	3.0	95.0	34.0	41.0	81.0	49.0	50.0	62.0	22.0	87.0	41.0	6.0	55.0	1.0	89.0	50.0	11.0	66.0	49.0	63.0	79.0	6.0	64.0	60.0	47.0	44.0	48.0	2.0	18.0	36.0	7.0	15.0	60.0	65.0	85.0	30.0	63.0	90.0	36.0	94.0	61.0	40.0
34.0	2.0	91.0	13.0	28.0	51.0	41.0	49.0	81.0	10.0	93.0	39.0	29.0	59.0	35.0	91.0	74.0	24.0	45.0	31.0	37.0	93.0	9.0	92.0	73.0	4.0	75.0	90.0	15.0	82.0	28.0	63.0	92.0	34.0	3.0	88.0	36.0	86.0	37.0	99.0	55.0	81.0	65.0	15.0	29.0	54.0	99.0	39.0	71.0	62.0	55.0	89.0	29.0	18.0	35.0	36.0	66.0	92.0	34.0	64.0	5.0	79.0	76.0	45.0	34.0	20.0	58.0	43.0
79.0	69.0	16.0	42.0	88.0	68.0	66.0	43.0	47.0	11.0	10.0	88.0	4.0	50.0	46.0	19.0	45.0	28.0	77.0	19.0	73.0	31.0	82.0	47.0	82.0	49.0	80.0	59.0	64.0	62.0	11.0	65.0	6.0	62.0	74.0	41.0	62.0	44.0	99.0	88.0	96.0	97.0	16.0	69.0	45.0	73.0	36.0	71.0	21.0	52.0	36.0	29.0	61.0	47.0	12.0	87.0	11.0	26.0	37.0	95.0	93.0	24.0	56.0	41.0	61.0	47.0	39.0
61.0	19.0	72.0	45.0	42.0	51.0	52.0	15.0	17.0	22.0	64.0	14.0	42.0	43.0	85.0	10.0	93.0	96.0	21.0	78.0	59.0	58.0	72.0	10.0	40.0	72.0	24.0	97.0	77.0	72.0	95.0	93.0	10.0	53.0	1.0	31.0	5.0	50.0	3.0	69.0	82.0	55.0	7.0	75.0	25.0	84.0	88.0	93.0	43.0	12.0	51.0	40.0	73.0	77.0	35.0	62.0	94.0	61.0	28.0	80.0	9.0	83.0	17.0	72.0	95.0	33.0
67.0	15.0	11.0	16.0	68.0	96.0	94.0	49.0	56.0	53.0	29.0	96.0	94.0	16.0	29.0	84.0	21.0	8.0	19.0	96.0	25.0	43.0	10.0	87.0	73.0	53.0	44.0	64.0	26.0	67.0	97.0	19.0	73.0	24.0	58.0	53.0	60.0	44.0	16.0	79.0	22.0	36.0	48.0	85.0	14.0	73.0	65.0	36.0	44.0	36.0	62.0	43.0	26.0	7.0	23.0	26.0	59.0	17.0	26.0	89.0	14.0	74.0	15.0	11.0	68.0
97.0	98.0	11.0	11.0	29.0	55.0	6.0	20.0	79.0	15.0	36.0	45.0	36.0	34.0	96.0	71.0	71.0	60.0	7.0	5.0	72.0	39.0	88.0	98.0	78.0	65.0	14.0	25.0	82.0	69.0	40.0	17.0	4.0	59.0	74.0	78.0	58.0	80.0	41.0	78.0	43.0	35.0	65.0	58.0	53.0	38.0	3.0	80.0	4.0	80.0	27.0	45.0	44.0	63.0	12.0	95.0	85.0	87.0	50.0	61.0	22.0	77.0	82.0	32.0
33.0	55.0	58.0	98.0	19.0	64.0	80.0	100.0	84.0	21.0	70.0	80.0	52.0	83.0	74.0	10.0	93.0	38.0	4.0	100.0	2.0	83.0	33.0	82.0	5.0	5.0	57.0	76.0	53.0	15.0	97.0	84.0	2.0	41.0	57.0	96.0	84.0	47.0	90.0	88.0	93.0	8.0	31.0	11.0	46.0	64.0	8.0	38.0	76.0	96.0	92.0	82.0	69.0	91.0	73.0	44.0	23.0	8.0	77.0	54.0	23.0	30.0	65.0
9.0	33.0	48.0	60.0	91.0	25.0	77.0	19.0	8.0	12.0	25.0	36.0	64.0	3.0	22.0	81.0	33.0	86.0	8.0	94.0	17.0	89.0	28.0	23.0	68.0	73.0	87.0	57.0	86.0	22.0	30.0	12.0	78.0	92.0	30.0	25.0	54.0	70.0	96.0	14.0	100.0	42.0	64.0	96.0	93.0	27.0	2.0	80.0	18.0	38.0	56.0	34.0	30.0	100.0	25.0	42.0	54.0	31.0	51.0	41.0	41.0	17.0
66.0	97.0	89.0	3.0	19.0	70.0	91.0	79.0	7.0	32.0	56.0	63.0	32.0	17.0	96.0	10.0	45.0	44.0	69.0	95.0	63.0	70.0	12.0	68.0	42.0	56.0	1.0	25.0	90.0	99.0	41.0	23.0	21.0	35.0	84.0	97.0	98.0	33.0	59.0	70.0	73.0	49.0	95.0	25.0	71.0	1.0	6.0	94.0	32.0	9.0	13.0	88.0	91.0	37.0	53.0	79.0	100.0	94.0	80.0	99.0	50.0
60.0	78.0	55.0	54.0	87.0	71.0	5.0	81.0	19.0	97.0	60.0	88.0	52.0	22.0	7.0	8.0	54.0	79.0	76.0	67.0	54.0	95.0	66.0	37.0	15.0	56.0	39.0	56.0	59.0	93.0	88.0	11.0	69.0	77.0	57.0	69.0	91.0	11.0	45.0	49.0	78.0	36.0	64.0	10.0	74.0	90.0	53.0	10.0	72.0	37.0	50.0	29.0	61.0	32.0	89.0	11.0	22.0	80.0	22.0	40.0
55.0	2.0	40.0	66.0	48.0	21.0	51.0	7.0	9.0	20.0	86.0	47.0	68.0	85.0	94.0	84.0	90.0	21.0	48.0	55.0	57.0	70.0	28.0	91.0	22.0	19.0	39.0	5.0	12.0	59.0	38.0	99.0	32.0	80.0	22.0	17.0	68.0	20.0	26.0	31.0	9.0	19.0	10.0	6.0	63.0	71.0	76.0	33.0	51.0	12.0	3.0	4.0	1.0	97.0	81.0	44.0	76.0	12.0	44.0
57.0	95.0	97.0	87.0	34.0	39.0	89.0	21.0	60.0	34.0	42.0	44.0	94.0	58.0	10.0	100.0	69.0	73.0	80.0	49.0	67.0	19.0	32.0	86.0	48.0	37.0	99.0	47.0	40.0	48.0	84.0	10.0	70.0	61.0	56.0	91.0	2.0	17.0	81.0	47.0	62.0	24.0	70.0	79.0	37.0	15.0	44.0	7.0	46.0	93.0	17.0	15.0	25.0	98.0	21.0	37.0	61.0	99.0
38.0	58.0	32.0	87.0	27.0	84.0	25.0	100.0	51.0	2.0	47.0	43.0	61.0	89.0	20.0	2.0	80.0	16.0	57.0	48.0	48.0	100.0	3.0	95.0	95.0	44.0	93.0	72.0	90.0	46.0	71.0	13.0	9.0	97.0	32.0	25.0	40.0	50.0	96.0	11.0	23.0	6.0	58.0	89.0	70.0	3.0	67.0	81.0	18.0	67.0	81.0	62.0	100.0	54.0	47.0	28.0	42.0
82.0	85.0	52.0	25.0	19.0	100.0	99.0	66.0	67.0	70.0	49.0	58.0	98.0	56.0	50.0	43.0	99.0	8.0	9.0	83.0	49.0	14.0	8.0	90.0	76.0	58.0	15.0	42.0	26.0	70.0	57.0	87.0	89.0	97.0	92.0	95.0	49.0	39.0	39.0	58.0	63.0	71.0	89.0	52.0	92.0	23.0	29.0	73.0	86.0	94.0	16.0	88.0	61.0	90.0	55.0	50.0
88.0	9.0	15.0	1.0	48.0	57.0	35.0	75.0	29.0	17.0	8.0	79.0	18.0	71.0	4.0	23.0	42.0	60.0	54.0	50.0	91.0	33.0	20.0	52.0	44.0	33.0	52.0	77.0	85.0	79.0	39.0	56.0	38.0	71.0	27.0	22.0	22.0	78.0	54.0	26.0	55.0	1.0	20.0	98.0	75.0	25.0	99.0	22.0	8.0	98.0	67.0	58.0	95.0	26.0	75.0
64.0	31.0	62.0	77.0	7.0	47.0	86.0	80.0	68.0	53.0	97.0	39.0	1.0	80.0	46.0	17.0	41.0	80.0	41.0	46.0	37.0	45.0	67.0	18.0	99.0	78.0	1.0	40.0	88.0	24.0	86.0	76.0	60.0	87.0	48.0	14.0	8.0	52.0	76.0	88.0	8.0	9.0	71.0	81.0	51.0	62.0	78.0	52.0	75.0	70.0	27.0	95.0	26.0	100.0
37.0	80.0	31.0	90.0	29.0	49.0	88.0	35.0	37.0	14.0	76.0	24.0	23.0	33.0	65.0	60.0	60.0	27.0	95.0	26.0	24.0	26.0	85.0	13.0	58.0	26.0	76.0	78.0	6.0	10.0	33.0	88.0	89.0	55.0	67.0	43.0	67.0	6.0	1.0	70.0	91.0	44.0	74.0	42.0	78.0	82.0	41.0	89.0	9.0	3.0	65.0	39.0	80.0
21.0	14.0	24.0	67.0	78.0	9.0	70.0	87.0	81.0	74.0	52.0	71.0	60.0	15.0	78.0	50.0	98.0	31.0	4.0	45.0	62.0	16.0	32.0	10.0	28.0	74.0	7.0	13.0	81.0	74.0	9.0	81.0	64.0	68.0	32.0	72.0	19.0	16.0	29.0	2.0	91.0	58.0	57.0	10.0	84.0	7.0	23.0	57.0	28.0	57.0	38.0	42.0
25.0	46.0	96.0	45.0	90.0	49.0	42.0	64.0	76.0	44.0	79.0	20.0	64.0	53.0	28.0	14.0	8.0	63.0	32.0	34.0	16.0	63.0	91.0	16.0	4.0	73.0	22.0	93.0	84.0	80.0	72.0	87.0	71.0	23.0	6.0	41.0	79.0	89.0	14.0	41.0	1.0	26.0	41.0	88.0	54.0	57.0	84.0	42.0	41.0	32.0	100.0
16.0	23.0	76.0	63.0	3.0	75.0	100.0	14.0	46.0	73.0	76.0	51.0	65.0	74.0	92.0	8.0	74.0	43.0	26.0	43.0	16.0	78.0	27.0	9.0	17.0	99.0	1.0	21.0	83.0	34.0	21.0	78.0	61.0	13.0	98.0	4.0	82.0	23.0	65.0	60.0	38.0	58.0	96.0	61.0	100.0	89.0	99.0	27.0	9.0	19.0
60.0	42.0	28.0	59.0	49.0	68.0	65.0	10.0	97.0	85.0	49.0	35.0	71.0	17.0	72.0	20.0	86.0	94.0	15.0	47.0	53.0	19.0	99.0	87.0	65.0	15.0	66.0	56.0	26.0	48.0	86.0	6.0	24.0	75.0	44.0	11.0	21.0	41.0	36.0	50.0	21.0	77.0	63.0	63.0	12.0	78.0	98.0	91.0	55.0
93.0	32.0	98.0	12.0	20.0	1.0	13.0	33.0	45.0	51.0	22.0	83.0	34.0	29.0	32.0	90.0	12.0	81.0	53.0	51.0	77.0	94.0	49.0	100.0	3.0	26.0	93.0	1.0	47.0	90.0	91.0	22.0	42.0	28.0	89.0	42.0	74.0	34.0	27.0	17.0	12.0	94.0	47.0	7.0	16.0	89.0	15.0	49.0
16.0	33.0	92.0	24.0	57.0	59.0	81.0	43.0	87.0	55.0	77.0	64.0	66.0	44.0	19.0	94.0	62.0	64.0	88.0	98.0	19.0	23.0	15.0	26.0	44.0	17.0	37.0	11.0	77.0	6.0	85.0	28.0	26.0	59.0	69.0	61.0	89.0	77.0	86.0	62.0	73.0	91.0	56.0	29.0	78.0	64.0	14.0
86.0	51.0	30.0	99.0	26.0	93.0	91.0	87.0	92.0	35.0	59.0	56.0	87.0	5.0	52.0	53.0	38.0	16.0	5.0	39.0	81.0	23.0	37.0	52.0	64.0	42.0	54.0	38.0	26.0	99.0	69.0	55.0	40.0	92.0	16.0	72.0	65.0	19.0	45.0	44.0	74.0	49.0	20.0	85.0	16.0	46.0
44.0	3.0	39.0	98.0	33.0	94.0	21.0	28.0	75.0	62.0	36.0	53.0	54.0	72.0	1.0	16.0	68.0	16.0	83.0	52.0	1.0	88.0	62.0	6.0	14.0	90.0	99.0	66.0	18.0	39.0	31.0	51.0	94.0	60.0	80.0	34.0	76.0	33.0	89.0	3.0	48.0	88.0	21.0	28.0	64.0
26.0	80.0	55.0	65.0	100.0	9.0	70.0	9.0	80.0	34.0	97.0	91.0	39.0	34.0	6.0	27.0	31.0	55.0	44.0	70.0	49.0	1.0	61.0	68.0	57.0	55.0	49.0	91.0	57.0	16.0	80.0	98.0	91.0	22.0	91.0	63.0	45.0	55.0	83.0	24.0	26.0	84.0	98.0	78.0
66.0	55.0	62.0	84.0	29.0	100.0	14.0	94.0	49.0	76.0	46.0	82.0	56.0	42.0	70.0	24.0	91.0	5.0	74.0	87.0	22.0	92.0	98.0	95.0	55.0	8.0	66.0	100.0	46.0	33.0	50.0	57.0	30.0	71.0	97.0	27.0	95.0	58.0	65.0	95.0	23.0	97.0	80.0
88.0	99.0	80.0	58.0	84.0	72.0	75.0	3.0	73.0	52.0	86.0	15.0	4.0	1.0	100.0	88.0	96.0	27.0	59.0	33.0	58.0	44.0	59.0	1.0	82.0	13.0	51.0	6.0	2.0	30.0	96.0	74.0	19.0	29.0	68.0	39.0	93.0	5.0	60.0	96.0	16.0	43.0
91.0	96.0	81.0	66.0	91.0	92.0	50.0	38.0	26.0	79.0	64.0	8.0	47.0	72.0	74.0	82.0	36.0	92.0	41.0	84.0	32.0	26.0	60.0	64.0	38.0	44.0	53.0	30.0	54.0	68.0	74.0	99.0	88.0	17.0	58.0	83.0	69.0	32.0	10.0	87.0	80.0
40.0	80.0	42.0	26.0	91.0	98.0	12.0	99.0	18.0	46.0	25.0	69.0	20.0	24.0	100.0	97.0	26.0	55.0	72.0	96.0	72.0	29.0	60.0	57.0	71.0	65.0	50.0	69.0	29.0	83.0	85.0	62.0	48.0	83.0	90.0	14.0	56.0	59.0	78.0	88.0
84.0	85.0	53.0	20.0	91.0	67.0	37.0	25.0	79.0	78.0	14.0	96.0	95.0	75.0	92.0	79.0	35.0	1.0	61.0	35.0	69.0	24.0	31.0	86.0	31.0	8.0	24.0	39.0	76.0	64.0	58.0	96.0	8.0	42.0	98.0	75.0	63.0	22.0	16.0
83.0	100.0	15.0	91.0	87.0	89.0	43.0	40.0	23.0	23.0	89.0	37.0	66.0	54.0	15.0	77.0	36.0	3.0	56.0	56.0	20.0	78.0	71.0	42.0	35.0	65.0	35.0	13.0	63.0	6.0	83.0	41.0	54.0	97.0	6.0	70.0	54.0	5.0
100.0	95.0	45.0	39.0	77.0	60.0	60.0	84.0	38.0	24.0	91.0	92.0	88.0	14.0	56.0	17.0	75.0	13.0	86.0	14.0	38.0	63.0	6.0	51.0	58.0	82.0	33.0	9.0	63.0	94.0	47.0	81.0	67.0	94.0	68.0	82.0	83.0
72.0	54.0	45.0	58.0	50.0	91.0	69.0	39.0	77.0	19.0	84.0	4.0	38.0	24.0	25.0	65.0	31.0	57.0	5.0	67.0	41.0	20.0	35.0	68.0	18.0	11.0	44.0	93.0	97.0	2.0	58.0	62.0	72.0	31.0	1.0	100.0
97.0	7.0	61.0	8.0	29.0	82.0	38.0	26.0	77.0	1.0	17.0	3.0	44.0	78.0	44.0	52.0	60.0	33.0	53.0	50.0	78.0	21.0	9.0	69.0	95.0	8.0	12.0	92.0	85.0	36.0	59.0	9.0	92.0	52.0	5.0
95.0	7.0	15.0	85.0	20.0	26.0	62.0	33.0	45.0	69.0	51.0	98.0	55.0	76.0	16.0	47.0	71.0	17.0	31.0	85.0	74.0	84.0	35.0	53.0	49.0	37.0	76.0	10.0	82.0	60.0	16.0	48.0	65.0	91.0
23.0	93.0	42.0	32.0	47.0	96.0	29.0	38.0	79.0	44.0	64.0	81.0	71.0	57.0	77.0	86.0	17.0	91.0	50.0	52.0	53.0	22.0	83.0	2.0	15.0	16.0	2.0	61.0	46.0	78.0	93.0	39.0	10.0
66.0	9.0	88.0	89.0	5.0	87.0	100.0	83.0	1.0	59.0	32.0	90.0	73.0	39.0	41.0	22.0	43.0	47.0	83.0	99.0	16.0	55.0	43.0	52.0	52.0	96.0	94.0	42.0	30.0	82.0	19.0	90.0
35.0	87.0	19.0	61.0	55.0	30.0	41.0	3.0	16.0	62.0	93.0	99.0	23.0	61.0	82.0	45.0	49.0	45.0	2.0	35.0	93.0	47.0	67.0	66.0	31.0	12.0	95.0	79.0	29.0	25.0	17.0
36.0	91.0	75.0	96.0	71.0	37.0	66.0	61.0	9.0	4.0	51.0	84.0	86.0	86.0	70.0	44.0	20.0	28.0	23.0	31.0	83.0	82.0	83.0	75.0	97.0	42.0	36.0	7.0	8.0	36.0
53.0	33.0	95.0	43.0	33.0	3.0	61.0	21.0	78.0	46.0	57.0	78.0	71.0	74.0	94.0	64.0	8.0	35.0	71.0	10.0	57.0	30.0	67.0	4.0	17.0	19.0	38.0	92.0	12.0
98.0	1.0	24.0	65.0	47.0	76.0	14.0	21.0	41.0	85.0	62.0	25.0	38.0	88.0	40.0	2.0	58.0	89.0	76.0	95.0	97.0	13.0	90.0	70.0	97.0	11.0	38.0	4.0
26.0	48.0	4.0	53.0	74.0	27.0	23.0	14.0	51.0	88.0	2.0	82.0	74.0	67.0	71.0	12.0	86.0	54.0	32.0	60.0	83.0	1.0	86.0	17.0	11.0	32.0	86.0
31.0	34.0	17.0	81.0	32.0	97.0	3.0	11.0	91.0	64.0	25.0	83.0	14.0	82.0	31.0	29.0	61.0	91.0	57.0	97.0	15.0	79.0	59.0	12.0	67.0	44.0
89.0	13.0	48.0	30.0	15.0	79.0	33.0	14.0	60.0	57.0	98.0	32.0	90.0	61.0	19.0	75.0	86.0	6.0	21.0	59.0	22.0	64.0	69.0	46.0	59.0
61.0	20.0	26.0	70.0	44.0	70.0	58.0	91.0	26.0	24.0	56.0	43.0	50.0	100.0	76.0	90.0	49.0	46.0	31.0	40.0	19.0	3.0	74.0	28.0
50.0	71.0	45.0	19.0	28.0	89.0	32.0	22.0	18.0	15.0	7.0	40.0	45.0	50.0	17.0	15.0	98.0	7.0	23.0	36.0	42.0	77.0	10.0
5.0	87.0	65.0	60.0	22.0	90.0	19.0	47.0	64.0	54.0	11.0	28.0	74.0	21.0	49.0	25.0	100.0	100.0	37.0	60.0	61.0	49.0
21.0	87.0	66.0	39.0	50.0	56.0	87.0	29.0	6.0	6.0	42.0	49.0	56.0	32.0	16.0	9.0	82.0	41.0	19.0	59.0	66.0
12.0	88.0	40.0	85.0	24.0	99.0	35.0	50.0	78.0	68.0	46.0	95.0	61.0	90.0	2.0	54.0	55.0	90.0	7.0	51.0
59.0	92.0	31.0	27.0	91.0	94.0	91.0	9.0	88.0	73.0	6.0	33.0	36.0	24.0	57.0	44.0	45.0	38.0	62.0
49.0	16.0	35.0	22.0	17.0	3.0	29.0	83.0	96.0	51.0	51.0	41.0	100.0	32.0	99.0	47.0	94.0	40.0
41.0	16.0	37.0	83.0	8.0	83.0	59.0	84.0	8.0	43.0	19.0	7.0	83.0	57.0	16.0	20.0	84.0
76.0	99.0	49.0	86.0	35.0	82.0	91.0	99.0	77.0	4.0	14.0	35.0	4.0	57.0	94.0	41.0
80.0	14.0	43.0	22.0	60.0	5.0	75.0	39.0	15.0	74.0	78.0	24.0	42.0	41.0	12.0
38.0	89.0	87.0	16.0	68.0	79.0	26.0	77.0	4.0	58.0	3.0	25.0	88.0	20.0
20.0	78.0	6.0	33.0	81.0	25.0	20.0	1.0	66.0	40.0	30.0	62.0	49.0
97.0	69.0	15.0	75.0	19.0	31.0	76.0	61.0	58.0	98.0	57.0	44.0
81.0	6.0	9.0	36.0	79.0	23.0	81.0	65.0	59.0	32.0	87.0
58.0	12.0	55.0	70.0	57.0	82.0	7.0	83.0	81.0	76.0
44.0	43.0	88.0	61.0	22.0	79.0	48.0	27.0	30.0
40.0	53.0	60.0	86.0	19.0	87.0	50.0	69.0
30.0	98.0	3.0	66.0	19.0	98.0	77.0
18.0	38.0	60.0	60.0	67.0	15.0
87.0	2.0	88.0	12.0	92.0
63.0	41.0	78.0	96.0
82.0	3.0	79.0
96.0	85.0
75.0

20.0	39.0	17.0	41.0	4.0	36.0	15.0	47.0	29.0	19.0	24.0	46.0	18.0	20.0	35.0	39.0	27.0	23.0	17.0	8.0	36.0	34.0	12.0	3.0	4.0	13.0	19.0	27.0	41.0	43.0	13.0	9.0	5.0	36.0	18.0	23.0	15.0	9.0	18.0	34.0	7.0	19.0	37.0	38.0	28.0	13.0	4.0	35.0	29.0	33.0	8.0	16.0	34.0	29.0	33.0	7.0	21.0	13.0	44.0	24.0	45.0	20.0	8.0	46.0	31.0	35.0	4.0	28.0	21.0	8.0	17.0	2.0	17.0	4.0	49.0	21.0	20.0	48.0	36.0	12.0	50.0	10.0	49.0	13.0	35.0	10.0	45.0	38.0	13.0	12.0	3.0	36.0	5.0	39.0	35.0	4.0	26.0	24.0	34.0	18.0

380.64	380.64	380.64	380.64	380.64
