qmkp_100_50_5_005
100
5

66.0	78.0	86.0	64.0	2.0	0.0	0.0	0.0	93.0	0.0	0.0	0.0	98.0	0.0	0.0	33.0	53.0	0.0	65.0	0.0	0.0	0.0	0.0	0.0	53.0	16.0	0.0	52.0	0.0	0.0	26.0	53.0	75.0	0.0	6.0	0.0	0.0	50.0	28.0	0.0	0.0	0.0	18.0	61.0	91.0	0.0	53.0	84.0	0.0	0.0	6.0	0.0	51.0	67.0	4.0	35.0	20.0	35.0	2.0	64.0	63.0	69.0	75.0	13.0	9.0	59.0	26.0	0.0	0.0	11.0	0.0	58.0	38.0	0.0	0.0	94.0	0.0	10.0	68.0	0.0	0.0	0.0	89.0	13.0	52.0	14.0	69.0	0.0	0.0	83.0	0.0	22.0	17.0	0.0	0.0	0.0	0.0	19.0	13.0	0.0
0.0	0.0	0.0	41.0	34.0	0.0	0.0	41.0	0.0	0.0	4.0	0.0	94.0	9.0	0.0	0.0	0.0	0.0	62.0	50.0	0.0	9.0	0.0	0.0	18.0	0.0	2.0	75.0	87.0	0.0	59.0	0.0	0.0	27.0	23.0	0.0	0.0	49.0	2.0	43.0	0.0	0.0	13.0	40.0	73.0	87.0	0.0	33.0	89.0	0.0	0.0	0.0	0.0	0.0	0.0	42.0	0.0	100.0	0.0	28.0	12.0	23.0	0.0	0.0	21.0	0.0	0.0	0.0	8.0	38.0	34.0	26.0	0.0	0.0	38.0	31.0	0.0	99.0	81.0	14.0	48.0	17.0	0.0	6.0	57.0	0.0	92.0	15.0	13.0	0.0	0.0	88.0	48.0	59.0	0.0	48.0	0.0	75.0	84.0
0.0	0.0	16.0	82.0	0.0	77.0	84.0	0.0	0.0	0.0	0.0	94.0	0.0	0.0	92.0	0.0	0.0	58.0	37.0	0.0	88.0	30.0	0.0	72.0	0.0	0.0	83.0	0.0	54.0	84.0	0.0	0.0	85.0	73.0	12.0	36.0	56.0	50.0	10.0	31.0	83.0	88.0	0.0	0.0	58.0	0.0	35.0	82.0	0.0	0.0	30.0	0.0	0.0	64.0	32.0	95.0	0.0	0.0	0.0	17.0	0.0	0.0	86.0	0.0	31.0	0.0	15.0	0.0	0.0	88.0	0.0	45.0	90.0	0.0	51.0	0.0	0.0	0.0	22.0	63.0	0.0	0.0	66.0	71.0	0.0	0.0	71.0	24.0	0.0	0.0	0.0	65.0	29.0	76.0	83.0	0.0	5.0	0.0
0.0	10.0	37.0	14.0	27.0	75.0	0.0	0.0	0.0	0.0	0.0	0.0	0.0	0.0	0.0	85.0	0.0	0.0	32.0	0.0	0.0	0.0	12.0	0.0	0.0	41.0	22.0	9.0	83.0	0.0	0.0	29.0	0.0	0.0	0.0	0.0	0.0	70.0	69.0	17.0	0.0	14.0	0.0	0.0	0.0	82.0	66.0	71.0	15.0	0.0	0.0	54.0	39.0	87.0	25.0	0.0	48.0	0.0	8.0	5.0	96.0	17.0	29.0	71.0	0.0	0.0	75.0	24.0	0.0	0.0	56.0	0.0	0.0	74.0	0.0	99.0	0.0	98.0	0.0	57.0	45.0	20.0	0.0	85.0	22.0	0.0	0.0	0.0	0.0	0.0	0.0	19.0	15.0	76.0	0.0	42.0	3.0
54.0	60.0	7.0	56.0	0.0	10.0	93.0	0.0	36.0	16.0	14.0	0.0	0.0	17.0	56.0	66.0	0.0	96.0	0.0	0.0	75.0	0.0	34.0	6.0	2.0	0.0	65.0	0.0	52.0	0.0	0.0	56.0	0.0	24.0	0.0	0.0	28.0	0.0	0.0	33.0	53.0	60.0	75.0	0.0	52.0	0.0	0.0	70.0	67.0	73.0	34.0	26.0	46.0	0.0	0.0	62.0	18.0	29.0	78.0	3.0	0.0	23.0	11.0	67.0	0.0	0.0	0.0	34.0	0.0	0.0	0.0	0.0	91.0	0.0	64.0	0.0	0.0	36.0	0.0	68.0	0.0	0.0	66.0	0.0	96.0	0.0	94.0	46.0	0.0	37.0	0.0	0.0	0.0	48.0	0.0	81.0
0.0	0.0	70.0	82.0	29.0	0.0	3.0	0.0	0.0	0.0	5.0	0.0	0.0	77.0	23.0	42.0	89.0	0.0	0.0	63.0	72.0	0.0	72.0	7.0	31.0	0.0	13.0	3.0	39.0	0.0	27.0	4.0	70.0	0.0	0.0	0.0	100.0	0.0	0.0	91.0	90.0	17.0	43.0	95.0	0.0	48.0	23.0	19.0	0.0	91.0	35.0	15.0	98.0	77.0	0.0	0.0	0.0	20.0	0.0	0.0	0.0	93.0	35.0	9.0	0.0	0.0	39.0	0.0	79.0	28.0	0.0	76.0	0.0	68.0	52.0	12.0	0.0	0.0	31.0	87.0	69.0	0.0	30.0	98.0	60.0	4.0	51.0	0.0	13.0	0.0	0.0	0.0	0.0	0.0	0.0
0.0	89.0	66.0	73.0	0.0	8.0	0.0	71.0	0.0	86.0	75.0	46.0	0.0	91.0	0.0	9.0	63.0	0.0	68.0	0.0	0.0	0.0	78.0	0.0	63.0	97.0	0.0	0.0	13.0	0.0	23.0	9.0	14.0	81.0	0.0	0.0	6.0	96.0	99.0	0.0	78.0	0.0	0.0	22.0	0.0	67.0	55.0	0.0	0.0	33.0	0.0	25.0	0.0	0.0	0.0	5.0	0.0	0.0	0.0	33.0	0.0	86.0	0.0	97.0	0.0	0.0	0.0	31.0	0.0	58.0	33.0	85.0	47.0	0.0	0.0	84.0	0.0	52.0	0.0	44.0	0.0	72.0	0.0	0.0	0.0	0.0	3.0	0.0	0.0	58.0	56.0	6.0	100.0	0.0
0.0	0.0	0.0	0.0	0.0	32.0	63.0	0.0	0.0	40.0	0.0	92.0	25.0	65.0	52.0	99.0	96.0	0.0	0.0	0.0	54.0	85.0	16.0	39.0	0.0	0.0	22.0	0.0	0.0	8.0	21.0	0.0	2.0	96.0	0.0	0.0	82.0	0.0	0.0	0.0	0.0	98.0	16.0	0.0	76.0	0.0	0.0	5.0	0.0	0.0	0.0	48.0	18.0	71.0	0.0	75.0	100.0	56.0	0.0	54.0	10.0	27.0	0.0	53.0	0.0	19.0	42.0	64.0	1.0	0.0	95.0	0.0	0.0	11.0	0.0	28.0	0.0	0.0	85.0	14.0	0.0	63.0	100.0	0.0	84.0	0.0	68.0	5.0	0.0	51.0	0.0	0.0	0.0
0.0	25.0	0.0	2.0	1.0	0.0	0.0	52.0	0.0	45.0	11.0	0.0	0.0	0.0	0.0	0.0	40.0	0.0	17.0	40.0	39.0	0.0	27.0	66.0	0.0	0.0	23.0	99.0	0.0	0.0	0.0	0.0	0.0	0.0	0.0	0.0	76.0	0.0	55.0	0.0	0.0	0.0	0.0	37.0	0.0	0.0	0.0	17.0	0.0	0.0	13.0	66.0	73.0	3.0	0.0	94.0	0.0	20.0	72.0	98.0	0.0	35.0	92.0	0.0	79.0	0.0	76.0	0.0	0.0	100.0	45.0	24.0	0.0	0.0	0.0	61.0	0.0	33.0	0.0	42.0	45.0	0.0	6.0	0.0	0.0	0.0	0.0	12.0	0.0	0.0	65.0	0.0
5.0	0.0	89.0	0.0	2.0	80.0	26.0	11.0	0.0	0.0	0.0	22.0	0.0	0.0	21.0	0.0	23.0	0.0	26.0	89.0	0.0	0.0	71.0	93.0	0.0	66.0	0.0	97.0	59.0	0.0	0.0	58.0	0.0	0.0	96.0	0.0	0.0	0.0	0.0	51.0	9.0	28.0	0.0	0.0	68.0	0.0	0.0	0.0	0.0	22.0	31.0	96.0	0.0	0.0	50.0	0.0	20.0	0.0	78.0	0.0	57.0	0.0	0.0	0.0	0.0	95.0	0.0	0.0	36.0	0.0	0.0	0.0	69.0	0.0	57.0	0.0	90.0	0.0	0.0	0.0	79.0	0.0	84.0	87.0	75.0	62.0	0.0	0.0	23.0	75.0	0.0
0.0	0.0	0.0	10.0	17.0	0.0	46.0	0.0	80.0	0.0	13.0	62.0	99.0	0.0	59.0	0.0	0.0	0.0	0.0	0.0	0.0	2.0	0.0	0.0	0.0	0.0	0.0	0.0	0.0	0.0	55.0	0.0	0.0	0.0	0.0	88.0	98.0	0.0	0.0	0.0	83.0	0.0	0.0	0.0	0.0	0.0	0.0	0.0	52.0	96.0	51.0	0.0	51.0	13.0	5.0	0.0	77.0	0.0	7.0	82.0	93.0	0.0	0.0	68.0	0.0	20.0	53.0	31.0	64.0	0.0	57.0	52.0	0.0	74.0	93.0	0.0	0.0	0.0	0.0	53.0	0.0	64.0	60.0	0.0	0.0	0.0	0.0	0.0	0.0	63.0
0.0	0.0	0.0	0.0	93.0	0.0	0.0	22.0	21.0	0.0	22.0	0.0	0.0	0.0	0.0	0.0	73.0	7.0	0.0	0.0	0.0	51.0	0.0	0.0	0.0	73.0	96.0	0.0	62.0	0.0	9.0	0.0	36.0	43.0	0.0	0.0	52.0	58.0	81.0	0.0	0.0	0.0	0.0	0.0	21.0	0.0	0.0	16.0	57.0	0.0	0.0	31.0	0.0	50.0	35.0	72.0	81.0	0.0	0.0	0.0	0.0	0.0	0.0	43.0	97.0	0.0	97.0	60.0	54.0	84.0	10.0	52.0	0.0	16.0	0.0	0.0	66.0	72.0	0.0	85.0	0.0	64.0	35.0	39.0	46.0	0.0	0.0	0.0	68.0
0.0	0.0	0.0	35.0	8.0	83.0	0.0	0.0	10.0	0.0	45.0	98.0	0.0	0.0	96.0	51.0	4.0	51.0	0.0	0.0	0.0	57.0	0.0	78.0	0.0	0.0	96.0	0.0	19.0	0.0	0.0	0.0	0.0	73.0	72.0	0.0	0.0	13.0	0.0	0.0	22.0	70.0	60.0	0.0	44.0	0.0	88.0	96.0	79.0	85.0	60.0	0.0	48.0	0.0	1.0	0.0	0.0	0.0	0.0	54.0	0.0	58.0	9.0	0.0	0.0	32.0	36.0	26.0	0.0	73.0	0.0	0.0	0.0	33.0	0.0	27.0	49.0	66.0	72.0	69.0	0.0	0.0	0.0	12.0	42.0	58.0	35.0	0.0
0.0	0.0	0.0	0.0	32.0	0.0	72.0	44.0	66.0	64.0	0.0	3.0	23.0	0.0	40.0	81.0	0.0	21.0	0.0	37.0	12.0	24.0	0.0	0.0	32.0	0.0	0.0	0.0	56.0	32.0	16.0	78.0	0.0	7.0	34.0	10.0	46.0	66.0	0.0	96.0	0.0	76.0	37.0	0.0	0.0	28.0	6.0	16.0	56.0	14.0	83.0	40.0	0.0	0.0	0.0	0.0	49.0	0.0	92.0	71.0	44.0	0.0	29.0	37.0	72.0	0.0	0.0	0.0	0.0	96.0	84.0	40.0	24.0	13.0	0.0	48.0	73.0	84.0	62.0	0.0	9.0	0.0	17.0	20.0	97.0	97.0	48.0
94.0	0.0	19.0	64.0	0.0	17.0	92.0	0.0	69.0	69.0	17.0	0.0	0.0	93.0	0.0	0.0	87.0	17.0	85.0	0.0	0.0	40.0	28.0	33.0	34.0	0.0	73.0	0.0	0.0	0.0	0.0	0.0	53.0	0.0	0.0	0.0	0.0	0.0	0.0	0.0	0.0	0.0	14.0	72.0	25.0	0.0	0.0	74.0	33.0	94.0	4.0	0.0	0.0	71.0	72.0	50.0	0.0	0.0	6.0	0.0	0.0	0.0	0.0	0.0	0.0	97.0	3.0	3.0	20.0	94.0	0.0	0.0	20.0	0.0	77.0	0.0	29.0	0.0	0.0	0.0	34.0	95.0	0.0	0.0	0.0	0.0
0.0	0.0	0.0	0.0	0.0	0.0	82.0	35.0	98.0	89.0	0.0	0.0	28.0	68.0	0.0	0.0	0.0	0.0	0.0	0.0	0.0	73.0	86.0	0.0	0.0	73.0	0.0	21.0	0.0	91.0	7.0	54.0	2.0	52.0	0.0	0.0	41.0	0.0	24.0	21.0	94.0	0.0	0.0	0.0	0.0	0.0	21.0	0.0	0.0	0.0	0.0	0.0	0.0	7.0	49.0	0.0	49.0	0.0	67.0	0.0	33.0	0.0	22.0	4.0	0.0	0.0	6.0	23.0	0.0	0.0	6.0	0.0	0.0	99.0	15.0	0.0	8.0	0.0	30.0	34.0	82.0	0.0	82.0	39.0	0.0
0.0	0.0	84.0	79.0	27.0	0.0	16.0	7.0	0.0	0.0	5.0	66.0	0.0	0.0	0.0	39.0	80.0	0.0	36.0	2.0	41.0	0.0	92.0	1.0	0.0	0.0	0.0	92.0	44.0	26.0	0.0	72.0	0.0	0.0	0.0	40.0	9.0	0.0	7.0	83.0	0.0	58.0	77.0	0.0	79.0	0.0	0.0	0.0	0.0	52.0	1.0	31.0	0.0	0.0	0.0	0.0	67.0	0.0	95.0	14.0	66.0	65.0	0.0	0.0	44.0	77.0	55.0	63.0	58.0	47.0	0.0	58.0	0.0	0.0	59.0	0.0	47.0	0.0	72.0	27.0	48.0	0.0	0.0	48.0
24.0	0.0	0.0	76.0	0.0	0.0	95.0	0.0	0.0	1.0	0.0	0.0	0.0	8.0	0.0	43.0	0.0	18.0	0.0	0.0	57.0	87.0	45.0	0.0	0.0	80.0	91.0	0.0	29.0	47.0	75.0	80.0	0.0	0.0	81.0	62.0	0.0	0.0	0.0	61.0	0.0	96.0	0.0	0.0	4.0	0.0	0.0	95.0	3.0	0.0	0.0	6.0	75.0	92.0	0.0	1.0	83.0	0.0	93.0	0.0	89.0	90.0	0.0	0.0	35.0	43.0	0.0	7.0	0.0	37.0	41.0	0.0	13.0	0.0	24.0	12.0	52.0	0.0	0.0	0.0	72.0	65.0	21.0
0.0	57.0	0.0	0.0	59.0	49.0	0.0	79.0	0.0	0.0	0.0	2.0	0.0	0.0	0.0	0.0	76.0	0.0	17.0	65.0	97.0	0.0	70.0	0.0	9.0	0.0	12.0	73.0	0.0	48.0	47.0	0.0	55.0	60.0	0.0	0.0	0.0	7.0	0.0	0.0	0.0	11.0	36.0	41.0	0.0	43.0	0.0	0.0	4.0	55.0	0.0	48.0	14.0	41.0	90.0	0.0	79.0	33.0	68.0	0.0	0.0	91.0	0.0	0.0	0.0	47.0	28.0	0.0	0.0	44.0	54.0	0.0	79.0	0.0	0.0	0.0	0.0	0.0	0.0	0.0	75.0	47.0
0.0	93.0	16.0	75.0	51.0	0.0	100.0	67.0	26.0	0.0	95.0	0.0	92.0	0.0	0.0	0.0	0.0	0.0	12.0	19.0	94.0	62.0	54.0	64.0	2.0	0.0	0.0	94.0	0.0	56.0	40.0	24.0	49.0	62.0	0.0	50.0	0.0	0.0	0.0	0.0	16.0	0.0	2.0	9.0	83.0	0.0	0.0	85.0	55.0	39.0	0.0	23.0	18.0	0.0	91.0	67.0	0.0	0.0	0.0	46.0	94.0	0.0	0.0	93.0	21.0	65.0	94.0	82.0	20.0	0.0	0.0	0.0	0.0	0.0	74.0	0.0	0.0	57.0	75.0	0.0	7.0
0.0	7.0	23.0	7.0	1.0	0.0	0.0	37.0	0.0	0.0	55.0	0.0	50.0	0.0	0.0	0.0	0.0	0.0	82.0	99.0	0.0	37.0	72.0	52.0	0.0	58.0	0.0	36.0	65.0	60.0	0.0	46.0	0.0	0.0	0.0	46.0	0.0	0.0	82.0	32.0	0.0	61.0	67.0	0.0	55.0	15.0	45.0	52.0	0.0	0.0	0.0	26.0	0.0	0.0	0.0	11.0	0.0	0.0	89.0	74.0	18.0	47.0	34.0	0.0	24.0	0.0	63.0	47.0	0.0	62.0	0.0	0.0	0.0	86.0	0.0	0.0	0.0	0.0	0.0	0.0
89.0	46.0	0.0	37.0	16.0	0.0	0.0	0.0	35.0	0.0	2.0	0.0	0.0	0.0	0.0	57.0	9.0	0.0	74.0	0.0	9.0	95.0	93.0	63.0	0.0	0.0	83.0	10.0	23.0	0.0	6.0	0.0	0.0	0.0	37.0	68.0	22.0	73.0	0.0	0.0	28.0	0.0	0.0	0.0	0.0	0.0	0.0	0.0	29.0	0.0	86.0	29.0	0.0	7.0	0.0	26.0	73.0	68.0	0.0	0.0	83.0	100.0	19.0	0.0	4.0	0.0	0.0	22.0	0.0	0.0	0.0	0.0	50.0	10.0	46.0	0.0	95.0	74.0	0.0
0.0	31.0	34.0	16.0	88.0	56.0	96.0	31.0	0.0	14.0	0.0	0.0	80.0	93.0	34.0	95.0	0.0	0.0	0.0	0.0	69.0	0.0	79.0	0.0	0.0	0.0	0.0	0.0	0.0	0.0	23.0	0.0	0.0	0.0	0.0	41.0	77.0	0.0	0.0	0.0	0.0	0.0	46.0	41.0	0.0	0.0	0.0	91.0	0.0	87.0	0.0	91.0	0.0	73.0	0.0	0.0	0.0	0.0	83.0	0.0	0.0	22.0	38.0	0.0	56.0	86.0	0.0	0.0	0.0	0.0	0.0	0.0	0.0	0.0	0.0	82.0	32.0	0.0
34.0	0.0	28.0	0.0	0.0	92.0	29.0	0.0	11.0	39.0	17.0	0.0	86.0	76.0	0.0	100.0	34.0	0.0	0.0	0.0	0.0	24.0	37.0	4.0	6.0	34.0	84.0	90.0	0.0	65.0	0.0	0.0	48.0	0.0	97.0	0.0	90.0	82.0	4.0	0.0	0.0	0.0	99.0	100.0	0.0	0.0	0.0	0.0	97.0	76.0	1.0	0.0	81.0	0.0	44.0	0.0	0.0	0.0	0.0	46.0	0.0	0.0	67.0	87.0	22.0	0.0	7.0	15.0	0.0	74.0	0.0	64.0	0.0	56.0	34.0	35.0	0.0
0.0	0.0	25.0	0.0	0.0	0.0	0.0	0.0	9.0	0.0	30.0	54.0	45.0	0.0	13.0	0.0	0.0	25.0	0.0	35.0	94.0	5.0	0.0	0.0	59.0	0.0	73.0	0.0	0.0	78.0	0.0	17.0	0.0	0.0	0.0	67.0	0.0	0.0	0.0	0.0	0.0	82.0	0.0	0.0	0.0	13.0	6.0	19.0	62.0	0.0	32.0	53.0	0.0	0.0	63.0	0.0	51.0	0.0	0.0	45.0	65.0	0.0	56.0	39.0	87.0	6.0	0.0	1.0	22.0	0.0	56.0	58.0	60.0	0.0	0.0	0.0
0.0	52.0	0.0	0.0	81.0	0.0	0.0	0.0	86.0	0.0	0.0	0.0	100.0	28.0	0.0	0.0	0.0	0.0	55.0	62.0	0.0	84.0	0.0	91.0	0.0	26.0	0.0	20.0	0.0	21.0	0.0	0.0	0.0	0.0	90.0	83.0	0.0	73.0	73.0	20.0	68.0	71.0	88.0	1.0	53.0	62.0	40.0	0.0	0.0	0.0	0.0	4.0	0.0	0.0	0.0	7.0	0.0	96.0	0.0	77.0	97.0	0.0	0.0	0.0	8.0	12.0	0.0	0.0	98.0	1.0	0.0	0.0	0.0	24.0	0.0
22.0	68.0	100.0	87.0	0.0	0.0	55.0	81.0	0.0	30.0	0.0	81.0	11.0	0.0	89.0	51.0	42.0	0.0	47.0	0.0	0.0	30.0	13.0	0.0	0.0	40.0	0.0	49.0	86.0	0.0	24.0	29.0	87.0	6.0	0.0	27.0	0.0	5.0	4.0	0.0	4.0	0.0	0.0	0.0	0.0	60.0	0.0	77.0	30.0	76.0	0.0	0.0	0.0	100.0	0.0	89.0	15.0	0.0	12.0	17.0	80.0	39.0	0.0	0.0	8.0	40.0	0.0	5.0	66.0	0.0	7.0	40.0	58.0	42.0
38.0	28.0	0.0	85.0	0.0	66.0	0.0	37.0	66.0	0.0	94.0	67.0	58.0	79.0	0.0	32.0	0.0	0.0	60.0	0.0	14.0	34.0	0.0	82.0	35.0	94.0	43.0	76.0	96.0	58.0	81.0	10.0	0.0	49.0	0.0	42.0	86.0	73.0	0.0	92.0	0.0	46.0	92.0	69.0	0.0	73.0	19.0	56.0	45.0	0.0	25.0	45.0	30.0	0.0	44.0	28.0	86.0	0.0	79.0	0.0	0.0	0.0	89.0	0.0	38.0	0.0	0.0	0.0	97.0	15.0	62.0	95.0	0.0
0.0	41.0	0.0	8.0	0.0	11.0	100.0	0.0	70.0	74.0	0.0	0.0	90.0	0.0	0.0	78.0	0.0	0.0	64.0	76.0	0.0	18.0	0.0	45.0	23.0	0.0	0.0	0.0	0.0	79.0	57.0	47.0	0.0	40.0	0.0	30.0	0.0	0.0	29.0	60.0	0.0	32.0	0.0	0.0	80.0	86.0	34.0	55.0	88.0	0.0	51.0	0.0	0.0	0.0	0.0	32.0	0.0	0.0	0.0	34.0	0.0	0.0	72.0	6.0	0.0	78.0	51.0	96.0	0.0	98.0	94.0	67.0
0.0	21.0	0.0	58.0	0.0	36.0	0.0	0.0	59.0	0.0	0.0	89.0	0.0	33.0	0.0	51.0	39.0	0.0	11.0	76.0	73.0	0.0	85.0	25.0	0.0	89.0	20.0	35.0	0.0	73.0	0.0	0.0	72.0	0.0	37.0	77.0	73.0	0.0	0.0	100.0	0.0	21.0	29.0	86.0	0.0	0.0	0.0	31.0	0.0	48.0	47.0	0.0	0.0	25.0	0.0	0.0	0.0	50.0	27.0	0.0	80.0	86.0	0.0	14.0	66.0	96.0	0.0	0.0	33.0	30.0	0.0
0.0	0.0	39.0	0.0	21.0	74.0	0.0	41.0	47.0	76.0	32.0	29.0	0.0	0.0	74.0	0.0	0.0	0.0	34.0	0.0	0.0	79.0	0.0	0.0	0.0	0.0	0.0	0.0	48.0	58.0	0.0	0.0	73.0	62.0	67.0	15.0	52.0	93.0	76.0	94.0	36.0	0.0	95.0	0.0	0.0	61.0	0.0	44.0	0.0	55.0	20.0	57.0	57.0	0.0	0.0	12.0	59.0	56.0	0.0	13.0	40.0	0.0	51.0	0.0	0.0	94.0	0.0	0.0	72.0	0.0
62.0	34.0	0.0	0.0	72.0	2.0	0.0	70.0	0.0	0.0	0.0	0.0	86.0	41.0	0.0	0.0	16.0	17.0	0.0	0.0	55.0	0.0	0.0	0.0	0.0	50.0	0.0	0.0	0.0	94.0	0.0	0.0	4.0	0.0	0.0	0.0	0.0	80.0	0.0	62.0	70.0	45.0	90.0	88.0	0.0	36.0	0.0	40.0	41.0	33.0	83.0	38.0	39.0	41.0	0.0	93.0	0.0	18.0	81.0	0.0	0.0	22.0	19.0	0.0	0.0	0.0	0.0	63.0	94.0
100.0	0.0	31.0	78.0	83.0	78.0	71.0	44.0	0.0	0.0	0.0	0.0	0.0	0.0	14.0	33.0	0.0	47.0	24.0	0.0	85.0	79.0	63.0	0.0	8.0	72.0	0.0	82.0	59.0	14.0	100.0	39.0	9.0	0.0	23.0	24.0	0.0	11.0	36.0	0.0	0.0	35.0	0.0	91.0	0.0	0.0	0.0	0.0	70.0	0.0	67.0	73.0	30.0	0.0	1.0	0.0	0.0	0.0	88.0	0.0	79.0	0.0	0.0	50.0	14.0	22.0	94.0	0.0
0.0	68.0	0.0	25.0	0.0	59.0	0.0	71.0	53.0	39.0	64.0	10.0	0.0	0.0	84.0	4.0	71.0	100.0	0.0	0.0	48.0	0.0	0.0	0.0	55.0	0.0	78.0	0.0	0.0	73.0	0.0	53.0	16.0	0.0	3.0	51.0	0.0	57.0	0.0	95.0	68.0	0.0	0.0	20.0	0.0	45.0	0.0	0.0	28.0	0.0	0.0	86.0	0.0	97.0	55.0	98.0	0.0	0.0	0.0	0.0	0.0	55.0	0.0	0.0	52.0	77.0	0.0
0.0	22.0	96.0	0.0	34.0	27.0	72.0	0.0	0.0	0.0	83.0	0.0	0.0	6.0	48.0	55.0	0.0	99.0	63.0	27.0	5.0	81.0	0.0	0.0	0.0	87.0	0.0	0.0	0.0	56.0	0.0	37.0	60.0	19.0	69.0	0.0	33.0	0.0	0.0	93.0	0.0	0.0	0.0	62.0	0.0	0.0	42.0	60.0	86.0	0.0	0.0	0.0	11.0	0.0	0.0	0.0	45.0	0.0	82.0	72.0	0.0	0.0	73.0	0.0	0.0	51.0
0.0	0.0	0.0	0.0	62.0	42.0	0.0	67.0	97.0	0.0	59.0	89.0	16.0	14.0	62.0	0.0	25.0	12.0	0.0	0.0	0.0	0.0	0.0	38.0	0.0	19.0	0.0	98.0	0.0	10.0	0.0	2.0	84.0	0.0	0.0	59.0	61.0	0.0	0.0	73.0	0.0	0.0	48.0	24.0	0.0	0.0	0.0	0.0	0.0	0.0	0.0	0.0	88.0	0.0	0.0	0.0	0.0	4.0	0.0	0.0	0.0	0.0	91.0	45.0	0.0
0.0	51.0	97.0	70.0	0.0	83.0	16.0	84.0	49.0	27.0	0.0	94.0	94.0	67.0	0.0	84.0	21.0	0.0	0.0	0.0	72.0	0.0	30.0	0.0	0.0	0.0	44.0	0.0	0.0	0.0	0.0	54.0	25.0	4.0	0.0	0.0	0.0	68.0	0.0	0.0	0.0	0.0	0.0	0.0	0.0	0.0	0.0	88.0	0.0	9.0	38.0	0.0	68.0	36.0	0.0	1.0	0.0	0.0	38.0	0.0	0.0	72.0	0.0	0.0
89.0	0.0	93.0	62.0	0.0	35.0	0.0	0.0	75.0	0.0	0.0	0.0	0.0	0.0	85.0	0.0	99.0	0.0	0.0	0.0	32.0	0.0	0.0	0.0	0.0	0.0	0.0	0.0	0.0	0.0	0.0	52.0	0.0	0.0	54.0	0.0	98.0	0.0	7.0	100.0	0.0	0.0	75.0	0.0	62.0	12.0	25.0	0.0	86.0	91.0	51.0	0.0	73.0	1.0	23.0	0.0	0.0	71.0	0.0	0.0	61.0	0.0	69.0
0.0	0.0	0.0	0.0	0.0	53.0	0.0	96.0	42.0	58.0	55.0	0.0	18.0	0.0	98.0	0.0	55.0	0.0	0.0	63.0	44.0	0.0	83.0	0.0	0.0	96.0	0.0	36.0	61.0	6.0	0.0	45.0	0.0	29.0	0.0	0.0	4.0	88.0	57.0	14.0	77.0	40.0	0.0	0.0	0.0	35.0	22.0	98.0	0.0	5.0	44.0	0.0	0.0	20.0	0.0	0.0	85.0	0.0	0.0	99.0	28.0	47.0
0.0	0.0	0.0	0.0	18.0	0.0	0.0	0.0	0.0	47.0	41.0	65.0	0.0	0.0	68.0	20.0	43.0	89.0	7.0	0.0	7.0	0.0	64.0	52.0	0.0	0.0	48.0	0.0	0.0	0.0	82.0	0.0	4.0	31.0	0.0	0.0	32.0	0.0	93.0	17.0	37.0	0.0	0.0	0.0	0.0	68.0	62.0	0.0	31.0	96.0	11.0	0.0	47.0	0.0	0.0	0.0	16.0	6.0	0.0	3.0	33.0
78.0	0.0	65.0	88.0	52.0	41.0	0.0	0.0	81.0	81.0	0.0	87.0	64.0	0.0	0.0	0.0	10.0	23.0	59.0	0.0	38.0	29.0	55.0	57.0	0.0	77.0	34.0	88.0	15.0	38.0	0.0	45.0	37.0	36.0	71.0	0.0	17.0	70.0	90.0	60.0	39.0	0.0	0.0	0.0	25.0	71.0	0.0	0.0	76.0	0.0	3.0	0.0	35.0	46.0	0.0	94.0	0.0	13.0	0.0	20.0
0.0	0.0	0.0	90.0	55.0	0.0	0.0	0.0	0.0	25.0	86.0	0.0	65.0	0.0	36.0	72.0	20.0	0.0	77.0	90.0	0.0	0.0	82.0	77.0	29.0	0.0	64.0	0.0	0.0	60.0	48.0	0.0	66.0	65.0	0.0	0.0	0.0	0.0	92.0	72.0	0.0	84.0	0.0	24.0	0.0	0.0	25.0	43.0	0.0	47.0	72.0	41.0	11.0	39.0	2.0	13.0	93.0	0.0	0.0
84.0	0.0	97.0	3.0	0.0	0.0	0.0	0.0	0.0	92.0	0.0	0.0	49.0	0.0	0.0	0.0	43.0	0.0	0.0	0.0	20.0	74.0	0.0	0.0	35.0	17.0	70.0	76.0	0.0	0.0	50.0	35.0	0.0	81.0	4.0	0.0	20.0	70.0	0.0	0.0	0.0	2.0	47.0	86.0	0.0	0.0	32.0	45.0	0.0	25.0	42.0	0.0	0.0	0.0	76.0	62.0	0.0	0.0
8.0	0.0	54.0	0.0	63.0	0.0	55.0	98.0	46.0	0.0	50.0	0.0	0.0	87.0	0.0	0.0	54.0	0.0	48.0	0.0	0.0	29.0	79.0	0.0	55.0	0.0	0.0	0.0	28.0	0.0	23.0	32.0	43.0	0.0	73.0	26.0	0.0	43.0	78.0	48.0	56.0	0.0	0.0	79.0	76.0	0.0	13.0	70.0	8.0	0.0	65.0	22.0	21.0	0.0	0.0	91.0	0.0
41.0	14.0	2.0	90.0	0.0	64.0	71.0	0.0	0.0	0.0	61.0	0.0	65.0	100.0	0.0	0.0	11.0	80.0	0.0	0.0	0.0	0.0	38.0	3.0	39.0	0.0	25.0	62.0	0.0	43.0	0.0	0.0	46.0	0.0	11.0	0.0	13.0	50.0	0.0	32.0	0.0	40.0	0.0	94.0	35.0	96.0	65.0	92.0	75.0	0.0	1.0	99.0	38.0	33.0	0.0	71.0
88.0	20.0	96.0	0.0	0.0	0.0	47.0	0.0	0.0	0.0	71.0	4.0	60.0	0.0	0.0	42.0	15.0	0.0	0.0	0.0	45.0	33.0	0.0	0.0	0.0	0.0	0.0	0.0	38.0	21.0	0.0	73.0	0.0	38.0	44.0	0.0	34.0	0.0	0.0	0.0	1.0	45.0	35.0	96.0	0.0	0.0	0.0	0.0	0.0	55.0	0.0	0.0	0.0	0.0	92.0
78.0	0.0	0.0	0.0	0.0	38.0	7.0	35.0	31.0	19.0	86.0	0.0	0.0	89.0	0.0	61.0	0.0	73.0	37.0	85.0	58.0	0.0	1.0	0.0	0.0	73.0	0.0	20.0	64.0	0.0	0.0	0.0	0.0	6.0	89.0	0.0	27.0	0.0	23.0	89.0	0.0	60.0	91.0	0.0	73.0	21.0	0.0	0.0	30.0	0.0	0.0	0.0	0.0	0.0
0.0	27.0	66.0	0.0	39.0	0.0	12.0	13.0	14.0	0.0	0.0	40.0	87.0	37.0	0.0	36.0	0.0	0.0	0.0	0.0	100.0	34.0	79.0	54.0	0.0	0.0	0.0	93.0	0.0	96.0	0.0	86.0	71.0	26.0	0.0	0.0	59.0	0.0	21.0	0.0	0.0	95.0	78.0	76.0	39.0	0.0	22.0	79.0	44.0	79.0	0.0	0.0	8.0
61.0	0.0	0.0	86.0	0.0	56.0	0.0	56.0	0.0	2.0	95.0	0.0	43.0	79.0	0.0	35.0	0.0	49.0	16.0	33.0	54.0	0.0	66.0	42.0	98.0	0.0	0.0	69.0	0.0	0.0	21.0	59.0	0.0	94.0	0.0	87.0	0.0	26.0	90.0	0.0	69.0	0.0	22.0	85.0	48.0	58.0	24.0	66.0	62.0	0.0	97.0	88.0
0.0	0.0	0.0	74.0	0.0	0.0	0.0	0.0	0.0	4.0	0.0	87.0	0.0	0.0	21.0	0.0	0.0	0.0	58.0	0.0	0.0	0.0	0.0	0.0	92.0	0.0	96.0	94.0	0.0	18.0	29.0	0.0	0.0	0.0	0.0	36.0	52.0	62.0	88.0	48.0	57.0	0.0	48.0	0.0	19.0	0.0	48.0	39.0	42.0	9.0	85.0
44.0	0.0	0.0	0.0	46.0	95.0	0.0	8.0	56.0	31.0	100.0	0.0	0.0	0.0	0.0	60.0	6.0	0.0	77.0	18.0	0.0	0.0	0.0	0.0	0.0	30.0	26.0	0.0	52.0	48.0	0.0	0.0	65.0	0.0	0.0	50.0	79.0	0.0	88.0	10.0	40.0	27.0	85.0	24.0	0.0	7.0	51.0	91.0	64.0	0.0
98.0	51.0	0.0	84.0	73.0	0.0	0.0	39.0	0.0	98.0	21.0	56.0	0.0	0.0	0.0	65.0	0.0	0.0	80.0	0.0	89.0	0.0	0.0	0.0	0.0	0.0	7.0	0.0	0.0	51.0	0.0	26.0	58.0	14.0	0.0	0.0	0.0	0.0	0.0	76.0	0.0	69.0	38.0	25.0	0.0	0.0	26.0	0.0	92.0
23.0	18.0	70.0	71.0	79.0	0.0	0.0	90.0	0.0	0.0	0.0	0.0	0.0	56.0	0.0	97.0	0.0	44.0	26.0	0.0	0.0	0.0	56.0	0.0	99.0	82.0	76.0	83.0	22.0	4.0	0.0	0.0	53.0	7.0	0.0	69.0	0.0	13.0	0.0	0.0	0.0	68.0	0.0	0.0	0.0	30.0	0.0	58.0
0.0	90.0	32.0	93.0	0.0	30.0	25.0	0.0	17.0	32.0	32.0	45.0	0.0	83.0	86.0	45.0	88.0	35.0	0.0	1.0	54.0	0.0	69.0	0.0	0.0	0.0	75.0	0.0	4.0	96.0	95.0	0.0	13.0	12.0	0.0	0.0	0.0	0.0	0.0	0.0	0.0	0.0	0.0	0.0	0.0	0.0	26.0
0.0	46.0	35.0	100.0	54.0	0.0	0.0	99.0	0.0	0.0	0.0	51.0	0.0	0.0	98.0	0.0	63.0	94.0	75.0	0.0	0.0	29.0	13.0	54.0	89.0	81.0	0.0	0.0	96.0	44.0	0.0	0.0	0.0	57.0	0.0	0.0	9.0	0.0	0.0	0.0	5.0	68.0	77.0	3.0	98.0	83.0
0.0	0.0	0.0	0.0	58.0	0.0	0.0	0.0	0.0	11.0	0.0	24.0	0.0	49.0	0.0	0.0	0.0	0.0	0.0	47.0	77.0	0.0	0.0	0.0	0.0	0.0	66.0	0.0	22.0	0.0	0.0	100.0	0.0	0.0	0.0	0.0	7.0	34.0	0.0	0.0	72.0	60.0	0.0	89.0	0.0
62.0	2.0	91.0	0.0	0.0	0.0	0.0	2.0	40.0	0.0	97.0	20.0	31.0	33.0	42.0	5.0	91.0	0.0	48.0	0.0	0.0	0.0	99.0	0.0	24.0	0.0	32.0	48.0	23.0	0.0	80.0	0.0	0.0	76.0	85.0	0.0	0.0	49.0	0.0	61.0	57.0	0.0	70.0	46.0
0.0	0.0	90.0	0.0	0.0	41.0	0.0	0.0	46.0	0.0	0.0	3.0	0.0	0.0	0.0	0.0	0.0	0.0	38.0	0.0	7.0	0.0	0.0	58.0	0.0	0.0	24.0	40.0	0.0	44.0	0.0	0.0	0.0	63.0	38.0	0.0	85.0	0.0	0.0	0.0	0.0	7.0	0.0
0.0	36.0	0.0	0.0	0.0	0.0	91.0	79.0	61.0	0.0	0.0	95.0	0.0	0.0	0.0	0.0	0.0	0.0	14.0	0.0	0.0	45.0	0.0	0.0	0.0	75.0	0.0	90.0	27.0	0.0	0.0	55.0	60.0	12.0	73.0	0.0	0.0	50.0	38.0	0.0	6.0	0.0
35.0	0.0	12.0	0.0	58.0	0.0	0.0	99.0	11.0	88.0	38.0	51.0	0.0	0.0	0.0	0.0	0.0	45.0	0.0	0.0	38.0	0.0	0.0	0.0	0.0	67.0	30.0	0.0	0.0	52.0	0.0	0.0	77.0	9.0	0.0	0.0	0.0	18.0	0.0	0.0	60.0
0.0	0.0	0.0	0.0	54.0	10.0	0.0	0.0	0.0	0.0	0.0	11.0	65.0	0.0	70.0	0.0	66.0	0.0	20.0	0.0	0.0	0.0	16.0	0.0	0.0	0.0	81.0	0.0	31.0	38.0	0.0	56.0	90.0	98.0	81.0	26.0	0.0	61.0	84.0	0.0
0.0	50.0	0.0	0.0	0.0	54.0	78.0	61.0	0.0	0.0	0.0	21.0	0.0	11.0	80.0	73.0	56.0	65.0	93.0	0.0	46.0	0.0	25.0	42.0	0.0	0.0	47.0	29.0	58.0	70.0	0.0	0.0	0.0	90.0	76.0	5.0	12.0	0.0	0.0
0.0	42.0	0.0	0.0	0.0	71.0	29.0	100.0	0.0	0.0	0.0	7.0	17.0	90.0	0.0	0.0	43.0	76.0	0.0	0.0	14.0	0.0	0.0	100.0	89.0	0.0	0.0	0.0	0.0	0.0	86.0	0.0	86.0	22.0	14.0	0.0	55.0	0.0
17.0	0.0	0.0	50.0	0.0	32.0	29.0	0.0	75.0	0.0	0.0	71.0	46.0	0.0	0.0	34.0	6.0	0.0	0.0	0.0	0.0	0.0	0.0	63.0	15.0	0.0	71.0	0.0	0.0	0.0	55.0	0.0	24.0	38.0	0.0	0.0	6.0
0.0	0.0	99.0	0.0	0.0	92.0	0.0	37.0	0.0	0.0	56.0	52.0	19.0	0.0	0.0	0.0	50.0	0.0	52.0	0.0	57.0	85.0	22.0	0.0	0.0	0.0	0.0	0.0	0.0	0.0	0.0	3.0	93.0	63.0	0.0	6.0
70.0	0.0	0.0	0.0	0.0	90.0	0.0	36.0	0.0	22.0	0.0	27.0	0.0	96.0	36.0	91.0	0.0	78.0	0.0	29.0	98.0	0.0	5.0	72.0	9.0	0.0	73.0	0.0	0.0	16.0	44.0	51.0	0.0	0.0	98.0
31.0	0.0	87.0	35.0	0.0	83.0	0.0	21.0	0.0	0.0	29.0	62.0	26.0	72.0	0.0	0.0	0.0	35.0	74.0	0.0	0.0	88.0	65.0	11.0	100.0	0.0	0.0	0.0	19.0	68.0	0.0	24.0	0.0	54.0
0.0	42.0	18.0	74.0	10.0	61.0	56.0	0.0	54.0	0.0	0.0	82.0	0.0	39.0	0.0	94.0	70.0	0.0	0.0	0.0	0.0	2.0	89.0	0.0	0.0	82.0	0.0	0.0	14.0	0.0	17.0	0.0	0.0
27.0	0.0	0.0	88.0	0.0	0.0	8.0	52.0	0.0	0.0	31.0	0.0	69.0	68.0	0.0	0.0	75.0	32.0	75.0	0.0	69.0	23.0	88.0	0.0	0.0	0.0	1.0	0.0	32.0	0.0	0.0	0.0
30.0	5.0	15.0	97.0	0.0	0.0	9.0	0.0	72.0	0.0	94.0	74.0	0.0	0.0	9.0	68.0	90.0	0.0	43.0	51.0	89.0	0.0	0.0	0.0	0.0	0.0	0.0	43.0	0.0	0.0	0.0
0.0	0.0	64.0	0.0	0.0	53.0	57.0	85.0	84.0	11.0	88.0	39.0	9.0	0.0	0.0	0.0	46.0	3.0	11.0	56.0	19.0	66.0	10.0	0.0	35.0	0.0	0.0	49.0	73.0	65.0
11.0	0.0	0.0	0.0	0.0	0.0	0.0	0.0	8.0	13.0	0.0	88.0	0.0	27.0	0.0	0.0	0.0	0.0	0.0	0.0	56.0	85.0	0.0	47.0	0.0	0.0	32.0	0.0	15.0
0.0	0.0	91.0	32.0	0.0	47.0	96.0	46.0	0.0	0.0	0.0	0.0	21.0	75.0	0.0	58.0	64.0	96.0	33.0	0.0	0.0	0.0	93.0	0.0	0.0	0.0	8.0	87.0
0.0	0.0	19.0	86.0	0.0	5.0	68.0	0.0	48.0	72.0	0.0	65.0	9.0	0.0	76.0	0.0	0.0	48.0	0.0	41.0	81.0	81.0	44.0	87.0	68.0	0.0	35.0
0.0	0.0	0.0	82.0	82.0	0.0	12.0	0.0	0.0	0.0	0.0	0.0	47.0	59.0	41.0	0.0	26.0	12.0	60.0	0.0	7.0	58.0	18.0	0.0	95.0	0.0
78.0	0.0	0.0	0.0	2.0	71.0	28.0	0.0	0.0	0.0	0.0	86.0	0.0	46.0	42.0	77.0	0.0	0.0	0.0	0.0	0.0	26.0	91.0	0.0	0.0
0.0	0.0	20.0	0.0	39.0	82.0	21.0	0.0	30.0	0.0	100.0	40.0	0.0	0.0	15.0	99.0	22.0	0.0	0.0	96.0	87.0	0.0	76.0	94.0
0.0	18.0	0.0	68.0	23.0	0.0	18.0	0.0	0.0	0.0	39.0	0.0	0.0	0.0	0.0	38.0	0.0	28.0	78.0	0.0	93.0	97.0	4.0
46.0	0.0	0.0	0.0	95.0	33.0	0.0	0.0	39.0	0.0	71.0	94.0	0.0	0.0	0.0	0.0	0.0	69.0	0.0	0.0	36.0	0.0
0.0	0.0	94.0	0.0	70.0	10.0	20.0	0.0	85.0	0.0	0.0	0.0	35.0	14.0	64.0	0.0	0.0	0.0	70.0	85.0	35.0
0.0	0.0	70.0	0.0	80.0	0.0	35.0	35.0	96.0	0.0	0.0	34.0	0.0	0.0	0.0	0.0	0.0	16.0	0.0	9.0
0.0	0.0	82.0	0.0	6.0	0.0	0.0	65.0	5.0	0.0	11.0	0.0	56.0	38.0	81.0	0.0	0.0	93.0	47.0
0.0	0.0	0.0	9.0	0.0	5.0	16.0	0.0	0.0	0.0	0.0	0.0	0.0	0.0	64.0	0.0	0.0	0.0
66.0	81.0	93.0	16.0	98.0	0.0	5.0	0.0	0.0	74.0	25.0	0.0	1.0	22.0	5.0	0.0	79.0
84.0	24.0	55.0	50.0	7.0	1.0	0.0	54.0	0.0	34.0	0.0	27.0	0.0	0.0	0.0	0.0
57.0	0.0	82.0	50.0	50.0	0.0	0.0	64.0	0.0	0.0	0.0	0.0	0.0	2.0	1.0
0.0	95.0	87.0	0.0	20.0	68.0	0.0	0.0	19.0	13.0	60.0	39.0	91.0	9.0
0.0	74.0	0.0	21.0	0.0	0.0	96.0	20.0	40.0	0.0	22.0	1.0	18.0
0.0	0.0	0.0	19.0	0.0	0.0	63.0	0.0	13.0	0.0	91.0	0.0
0.0	0.0	0.0	83.0	53.0	84.0	0.0	79.0	0.0	72.0	0.0
1.0	0.0	0.0	100.0	16.0	1.0	21.0	63.0	0.0	0.0
0.0	85.0	0.0	0.0	0.0	0.0	0.0	66.0	0.0
97.0	0.0	28.0	91.0	0.0	0.0	0.0	0.0
0.0	0.0	0.0	0.0	0.0	4.0	21.0
0.0	0.0	0.0	60.0	0.0	62.0
0.0	0.0	60.0	100.0	0.0
0.0	15.0	93.0	0.0
0.0	0.0	6.0
2.0	7.0
0.0

17.0	24.0	40.0	23.0	9.0	47.0	8.0	13.0	45.0	4.0	27.0	7.0	10.0	5.0	48.0	18.0	14.0	24.0	20.0	47.0	16.0	23.0	12.0	37.0	14.0	41.0	3.0	10.0	2.0	29.0	31.0	9.0	21.0	37.0	23.0	38.0	16.0	13.0	5.0	34.0	27.0	31.0	24.0	38.0	35.0	21.0	8.0	9.0	49.0	50.0	10.0	23.0	31.0	3.0	6.0	20.0	11.0	8.0	25.0	25.0	27.0	8.0	38.0	19.0	50.0	37.0	12.0	26.0	41.0	23.0	18.0	44.0	24.0	10.0	16.0	3.0	24.0	49.0	27.0	12.0	3.0	24.0	22.0	48.0	31.0	35.0	6.0	33.0	38.0	15.0	20.0	1.0	35.0	50.0	12.0	29.0	17.0	32.0	43.0	19.0

374.24	374.24	374.24	374.24	374.24
