qmkp_100_75_3_004
100
3

80.0	76.0	0.0	23.0	92.0	0.0	36.0	70.0	92.0	6.0	10.0	75.0	0.0	0.0	86.0	14.0	17.0	86.0	0.0	0.0	38.0	43.0	6.0	0.0	32.0	0.0	62.0	96.0	0.0	98.0	30.0	93.0	12.0	74.0	89.0	56.0	0.0	0.0	58.0	28.0	12.0	30.0	100.0	24.0	33.0	19.0	19.0	82.0	34.0	59.0	0.0	58.0	55.0	39.0	0.0	28.0	51.0	15.0	99.0	0.0	38.0	10.0	0.0	0.0	0.0	38.0	32.0	9.0	63.0	0.0	17.0	0.0	0.0	0.0	0.0	88.0	43.0	98.0	42.0	31.0	55.0	60.0	0.0	0.0	37.0	46.0	0.0	65.0	79.0	85.0	8.0	86.0	3.0	47.0	57.0	0.0	43.0	0.0	28.0	7.0
15.0	0.0	96.0	99.0	57.0	92.0	0.0	23.0	6.0	34.0	0.0	30.0	0.0	69.0	73.0	0.0	15.0	85.0	96.0	0.0	0.0	32.0	28.0	60.0	23.0	0.0	0.0	49.0	81.0	25.0	0.0	0.0	58.0	48.0	1.0	0.0	28.0	0.0	76.0	8.0	0.0	10.0	57.0	0.0	98.0	77.0	18.0	78.0	45.0	56.0	100.0	65.0	12.0	0.0	0.0	10.0	84.0	3.0	78.0	98.0	56.0	82.0	75.0	0.0	28.0	64.0	94.0	38.0	10.0	76.0	64.0	85.0	10.0	52.0	96.0	0.0	0.0	0.0	0.0	0.0	90.0	64.0	91.0	91.0	69.0	39.0	36.0	61.0	99.0	77.0	100.0	57.0	58.0	42.0	60.0	12.0	9.0	87.0	0.0
84.0	5.0	37.0	97.0	0.0	81.0	81.0	34.0	59.0	42.0	0.0	0.0	52.0	0.0	21.0	83.0	45.0	11.0	15.0	0.0	69.0	0.0	2.0	10.0	0.0	0.0	93.0	48.0	22.0	0.0	0.0	73.0	0.0	8.0	76.0	0.0	49.0	76.0	0.0	39.0	0.0	41.0	26.0	95.0	11.0	62.0	0.0	64.0	21.0	90.0	58.0	39.0	80.0	0.0	0.0	93.0	100.0	81.0	88.0	11.0	19.0	0.0	31.0	62.0	0.0	45.0	99.0	59.0	0.0	77.0	0.0	5.0	33.0	43.0	85.0	15.0	27.0	20.0	75.0	40.0	3.0	31.0	63.0	34.0	79.0	16.0	72.0	55.0	79.0	33.0	9.0	19.0	0.0	0.0	3.0	0.0	64.0	32.0
51.0	0.0	95.0	48.0	0.0	96.0	0.0	91.0	0.0	11.0	47.0	5.0	40.0	12.0	80.0	53.0	43.0	24.0	57.0	85.0	74.0	57.0	73.0	55.0	11.0	0.0	28.0	0.0	22.0	0.0	27.0	71.0	62.0	0.0	27.0	15.0	52.0	38.0	30.0	4.0	9.0	78.0	65.0	0.0	48.0	0.0	36.0	90.0	60.0	47.0	83.0	62.0	0.0	56.0	0.0	36.0	0.0	0.0	76.0	93.0	66.0	42.0	1.0	63.0	0.0	25.0	0.0	82.0	0.0	3.0	91.0	56.0	0.0	80.0	0.0	0.0	0.0	39.0	38.0	5.0	6.0	41.0	0.0	75.0	99.0	85.0	64.0	0.0	98.0	20.0	22.0	34.0	60.0	95.0	79.0	0.0	0.0
58.0	0.0	8.0	30.0	73.0	0.0	51.0	0.0	54.0	46.0	92.0	0.0	0.0	71.0	0.0	52.0	29.0	64.0	22.0	65.0	0.0	96.0	64.0	99.0	39.0	12.0	28.0	5.0	0.0	2.0	24.0	60.0	79.0	37.0	77.0	18.0	59.0	38.0	25.0	13.0	31.0	67.0	87.0	52.0	0.0	80.0	36.0	0.0	7.0	0.0	19.0	74.0	26.0	0.0	49.0	0.0	0.0	44.0	74.0	46.0	53.0	40.0	0.0	31.0	16.0	79.0	0.0	47.0	0.0	43.0	67.0	0.0	59.0	58.0	69.0	85.0	23.0	16.0	55.0	0.0	0.0	0.0	74.0	24.0	45.0	10.0	64.0	80.0	93.0	0.0	28.0	0.0	75.0	0.0	9.0	0.0
61.0	6.0	4.0	0.0	73.0	0.0	63.0	60.0	0.0	73.0	91.0	46.0	77.0	0.0	86.0	17.0	53.0	87.0	70.0	34.0	41.0	0.0	72.0	13.0	0.0	82.0	0.0	49.0	2.0	15.0	16.0	0.0	27.0	0.0	65.0	21.0	35.0	64.0	70.0	29.0	83.0	39.0	74.0	76.0	70.0	72.0	0.0	34.0	91.0	26.0	0.0	4.0	7.0	0.0	58.0	0.0	7.0	3.0	39.0	78.0	14.0	6.0	0.0	0.0	63.0	43.0	19.0	0.0	59.0	0.0	71.0	0.0	90.0	29.0	0.0	2.0	93.0	56.0	55.0	10.0	48.0	53.0	65.0	57.0	62.0	31.0	12.0	47.0	83.0	47.0	0.0	0.0	10.0	0.0	36.0
59.0	7.0	0.0	28.0	77.0	0.0	14.0	50.0	0.0	11.0	37.0	83.0	0.0	19.0	7.0	21.0	37.0	0.0	45.0	93.0	48.0	0.0	91.0	91.0	80.0	45.0	21.0	0.0	83.0	26.0	28.0	56.0	0.0	17.0	63.0	64.0	0.0	8.0	18.0	0.0	0.0	41.0	0.0	23.0	95.0	0.0	6.0	47.0	73.0	43.0	38.0	0.0	45.0	0.0	0.0	0.0	0.0	0.0	74.0	95.0	0.0	0.0	77.0	10.0	58.0	0.0	75.0	19.0	21.0	0.0	94.0	0.0	0.0	92.0	25.0	21.0	87.0	48.0	49.0	71.0	0.0	49.0	56.0	66.0	33.0	62.0	7.0	77.0	49.0	43.0	82.0	9.0	34.0	53.0
0.0	0.0	27.0	71.0	28.0	0.0	3.0	0.0	43.0	7.0	55.0	63.0	23.0	0.0	33.0	41.0	0.0	29.0	44.0	35.0	98.0	0.0	53.0	4.0	0.0	75.0	36.0	13.0	30.0	23.0	43.0	48.0	0.0	0.0	50.0	52.0	75.0	0.0	74.0	72.0	0.0	87.0	0.0	0.0	0.0	18.0	67.0	56.0	0.0	0.0	82.0	18.0	45.0	0.0	33.0	52.0	75.0	100.0	83.0	46.0	35.0	97.0	44.0	2.0	16.0	49.0	83.0	94.0	82.0	71.0	74.0	0.0	36.0	79.0	0.0	0.0	0.0	66.0	0.0	85.0	0.0	0.0	0.0	0.0	0.0	49.0	85.0	0.0	74.0	77.0	81.0	77.0	10.0
41.0	66.0	18.0	0.0	33.0	59.0	11.0	0.0	19.0	8.0	95.0	91.0	28.0	0.0	0.0	0.0	63.0	2.0	21.0	0.0	60.0	29.0	0.0	90.0	100.0	0.0	67.0	0.0	22.0	34.0	92.0	39.0	0.0	0.0	0.0	79.0	59.0	0.0	36.0	76.0	37.0	36.0	16.0	44.0	0.0	74.0	0.0	0.0	0.0	35.0	36.0	14.0	0.0	38.0	8.0	83.0	59.0	15.0	6.0	59.0	73.0	0.0	59.0	72.0	99.0	84.0	0.0	0.0	0.0	0.0	72.0	81.0	100.0	0.0	5.0	90.0	0.0	1.0	14.0	0.0	0.0	18.0	80.0	0.0	13.0	33.0	71.0	54.0	1.0	0.0	75.0	54.0
0.0	2.0	82.0	0.0	0.0	18.0	0.0	83.0	0.0	35.0	4.0	16.0	0.0	0.0	61.0	0.0	88.0	0.0	20.0	40.0	14.0	58.0	28.0	83.0	8.0	0.0	22.0	71.0	89.0	1.0	68.0	22.0	28.0	98.0	47.0	32.0	97.0	32.0	38.0	64.0	85.0	65.0	87.0	6.0	0.0	51.0	0.0	93.0	58.0	0.0	0.0	60.0	29.0	93.0	63.0	0.0	3.0	21.0	47.0	0.0	48.0	0.0	54.0	85.0	0.0	68.0	63.0	92.0	90.0	0.0	0.0	0.0	0.0	35.0	70.0	64.0	29.0	7.0	17.0	50.0	0.0	0.0	77.0	83.0	6.0	26.0	0.0	84.0	1.0	0.0	13.0
17.0	67.0	67.0	40.0	45.0	83.0	0.0	86.0	98.0	62.0	0.0	31.0	55.0	0.0	0.0	34.0	32.0	27.0	86.0	22.0	40.0	34.0	43.0	0.0	0.0	0.0	69.0	22.0	30.0	82.0	89.0	64.0	0.0	25.0	33.0	89.0	68.0	24.0	0.0	76.0	0.0	73.0	0.0	35.0	0.0	16.0	8.0	89.0	66.0	77.0	91.0	52.0	69.0	89.0	37.0	0.0	31.0	7.0	62.0	88.0	0.0	4.0	92.0	55.0	77.0	42.0	0.0	32.0	0.0	12.0	0.0	99.0	83.0	43.0	5.0	0.0	56.0	39.0	21.0	0.0	26.0	0.0	82.0	0.0	25.0	0.0	83.0	42.0	45.0	99.0
29.0	25.0	52.0	89.0	78.0	8.0	15.0	0.0	48.0	56.0	32.0	76.0	52.0	0.0	52.0	0.0	0.0	20.0	1.0	1.0	25.0	89.0	56.0	64.0	95.0	65.0	92.0	53.0	93.0	68.0	95.0	88.0	14.0	7.0	0.0	100.0	86.0	7.0	96.0	70.0	0.0	21.0	0.0	0.0	94.0	26.0	22.0	41.0	28.0	69.0	90.0	28.0	70.0	40.0	39.0	50.0	83.0	77.0	44.0	69.0	88.0	63.0	21.0	0.0	22.0	0.0	53.0	80.0	42.0	0.0	24.0	2.0	54.0	0.0	76.0	65.0	82.0	51.0	52.0	12.0	70.0	4.0	0.0	0.0	0.0	15.0	23.0	75.0	0.0
39.0	55.0	0.0	32.0	55.0	30.0	67.0	0.0	37.0	87.0	0.0	45.0	67.0	0.0	51.0	0.0	0.0	38.0	12.0	100.0	71.0	4.0	67.0	68.0	0.0	44.0	31.0	40.0	37.0	0.0	0.0	12.0	0.0	18.0	48.0	98.0	0.0	89.0	0.0	70.0	28.0	0.0	46.0	86.0	12.0	37.0	0.0	35.0	16.0	42.0	19.0	98.0	0.0	8.0	36.0	0.0	0.0	98.0	24.0	89.0	19.0	87.0	87.0	49.0	47.0	60.0	90.0	0.0	95.0	79.0	0.0	66.0	56.0	0.0	0.0	0.0	72.0	21.0	0.0	30.0	81.0	51.0	0.0	0.0	79.0	49.0	62.0	8.0
7.0	48.0	45.0	0.0	45.0	37.0	77.0	66.0	0.0	8.0	0.0	0.0	15.0	0.0	31.0	50.0	63.0	94.0	77.0	46.0	51.0	19.0	60.0	0.0	27.0	66.0	40.0	89.0	24.0	60.0	0.0	62.0	59.0	52.0	74.0	91.0	0.0	90.0	78.0	57.0	46.0	63.0	9.0	41.0	0.0	87.0	62.0	53.0	0.0	0.0	7.0	60.0	70.0	85.0	4.0	0.0	79.0	14.0	0.0	95.0	94.0	50.0	77.0	58.0	75.0	87.0	83.0	78.0	19.0	66.0	0.0	9.0	0.0	34.0	25.0	21.0	22.0	0.0	0.0	81.0	29.0	7.0	31.0	49.0	21.0	50.0	94.0
0.0	62.0	47.0	99.0	0.0	0.0	48.0	0.0	0.0	17.0	14.0	11.0	68.0	84.0	6.0	38.0	60.0	20.0	40.0	62.0	98.0	18.0	73.0	59.0	39.0	7.0	26.0	0.0	55.0	56.0	26.0	0.0	89.0	38.0	29.0	10.0	0.0	97.0	0.0	47.0	0.0	0.0	15.0	26.0	9.0	44.0	84.0	5.0	2.0	61.0	0.0	83.0	0.0	59.0	5.0	0.0	86.0	0.0	40.0	61.0	0.0	46.0	96.0	0.0	30.0	48.0	15.0	0.0	2.0	85.0	12.0	23.0	82.0	57.0	46.0	57.0	40.0	25.0	16.0	0.0	0.0	18.0	59.0	68.0	90.0	100.0
0.0	94.0	27.0	19.0	0.0	25.0	89.0	89.0	68.0	0.0	0.0	23.0	31.0	97.0	29.0	100.0	26.0	58.0	65.0	82.0	0.0	9.0	25.0	15.0	97.0	63.0	16.0	41.0	0.0	0.0	4.0	0.0	0.0	97.0	61.0	23.0	21.0	11.0	29.0	91.0	0.0	0.0	81.0	41.0	0.0	49.0	72.0	0.0	28.0	80.0	95.0	0.0	73.0	79.0	67.0	28.0	56.0	12.0	28.0	9.0	0.0	0.0	0.0	0.0	33.0	0.0	97.0	39.0	0.0	26.0	15.0	57.0	64.0	0.0	0.0	75.0	53.0	0.0	0.0	0.0	38.0	0.0	22.0	0.0	90.0
90.0	0.0	40.0	0.0	14.0	0.0	19.0	24.0	44.0	0.0	86.0	78.0	98.0	5.0	0.0	0.0	15.0	82.0	45.0	65.0	59.0	1.0	0.0	7.0	13.0	0.0	0.0	0.0	66.0	68.0	0.0	54.0	95.0	38.0	49.0	40.0	80.0	96.0	90.0	67.0	100.0	0.0	14.0	0.0	39.0	34.0	12.0	46.0	47.0	0.0	89.0	0.0	7.0	0.0	2.0	47.0	61.0	0.0	27.0	53.0	5.0	22.0	27.0	26.0	0.0	4.0	50.0	0.0	92.0	65.0	29.0	80.0	97.0	54.0	74.0	0.0	67.0	35.0	16.0	89.0	0.0	36.0	0.0	19.0
0.0	0.0	8.0	93.0	1.0	0.0	34.0	0.0	0.0	0.0	54.0	0.0	20.0	0.0	51.0	94.0	0.0	54.0	76.0	61.0	28.0	12.0	37.0	6.0	25.0	43.0	0.0	46.0	45.0	86.0	95.0	91.0	65.0	0.0	0.0	76.0	0.0	36.0	78.0	96.0	0.0	28.0	0.0	0.0	90.0	43.0	41.0	78.0	0.0	63.0	30.0	0.0	0.0	25.0	0.0	13.0	0.0	99.0	21.0	0.0	87.0	0.0	76.0	88.0	29.0	62.0	96.0	16.0	0.0	0.0	0.0	0.0	72.0	23.0	0.0	58.0	38.0	38.0	19.0	89.0	79.0	0.0	13.0
96.0	90.0	47.0	80.0	40.0	0.0	93.0	30.0	30.0	18.0	19.0	22.0	56.0	71.0	0.0	55.0	11.0	58.0	0.0	0.0	30.0	45.0	33.0	77.0	49.0	89.0	0.0	74.0	0.0	90.0	5.0	40.0	0.0	84.0	31.0	9.0	60.0	62.0	37.0	69.0	0.0	40.0	0.0	64.0	64.0	61.0	56.0	69.0	0.0	87.0	29.0	5.0	35.0	0.0	73.0	0.0	22.0	62.0	16.0	3.0	96.0	35.0	99.0	54.0	0.0	18.0	0.0	93.0	81.0	2.0	0.0	72.0	87.0	42.0	0.0	58.0	33.0	88.0	0.0	0.0	86.0	73.0
41.0	76.0	0.0	15.0	52.0	0.0	91.0	45.0	11.0	0.0	78.0	0.0	28.0	74.0	85.0	32.0	24.0	63.0	34.0	71.0	8.0	87.0	0.0	17.0	59.0	0.0	0.0	0.0	0.0	0.0	15.0	53.0	37.0	32.0	16.0	78.0	55.0	95.0	68.0	78.0	72.0	51.0	17.0	0.0	0.0	51.0	3.0	45.0	8.0	34.0	0.0	11.0	88.0	9.0	22.0	21.0	0.0	0.0	81.0	0.0	38.0	84.0	89.0	41.0	0.0	94.0	43.0	50.0	68.0	95.0	0.0	35.0	38.0	59.0	19.0	27.0	0.0	0.0	99.0	41.0	42.0
8.0	72.0	0.0	39.0	32.0	0.0	88.0	0.0	80.0	0.0	0.0	49.0	85.0	0.0	57.0	47.0	35.0	47.0	0.0	90.0	92.0	77.0	0.0	0.0	40.0	57.0	67.0	26.0	0.0	37.0	77.0	97.0	14.0	76.0	21.0	5.0	31.0	34.0	0.0	56.0	0.0	38.0	4.0	69.0	41.0	35.0	79.0	2.0	80.0	89.0	70.0	0.0	69.0	89.0	65.0	98.0	88.0	37.0	0.0	7.0	43.0	35.0	0.0	0.0	29.0	64.0	29.0	85.0	42.0	96.0	53.0	0.0	53.0	39.0	35.0	0.0	14.0	1.0	0.0	94.0
64.0	75.0	93.0	0.0	4.0	12.0	80.0	68.0	47.0	74.0	71.0	33.0	0.0	60.0	72.0	33.0	47.0	0.0	47.0	43.0	71.0	0.0	0.0	0.0	0.0	0.0	34.0	25.0	97.0	18.0	23.0	0.0	58.0	0.0	57.0	3.0	38.0	0.0	8.0	15.0	0.0	87.0	0.0	42.0	56.0	54.0	0.0	19.0	59.0	38.0	0.0	24.0	100.0	56.0	59.0	89.0	27.0	86.0	36.0	83.0	30.0	26.0	77.0	32.0	7.0	0.0	39.0	46.0	0.0	0.0	0.0	75.0	73.0	49.0	0.0	61.0	28.0	0.0	7.0
19.0	34.0	97.0	0.0	32.0	70.0	21.0	75.0	11.0	98.0	9.0	69.0	75.0	76.0	53.0	56.0	78.0	0.0	24.0	0.0	20.0	11.0	13.0	61.0	0.0	33.0	0.0	68.0	82.0	63.0	0.0	12.0	0.0	0.0	5.0	60.0	54.0	100.0	0.0	62.0	57.0	60.0	100.0	0.0	0.0	49.0	0.0	51.0	12.0	0.0	12.0	0.0	52.0	4.0	0.0	79.0	100.0	11.0	70.0	96.0	85.0	90.0	75.0	0.0	84.0	69.0	100.0	79.0	13.0	77.0	67.0	8.0	26.0	83.0	0.0	27.0	48.0	0.0
22.0	27.0	77.0	28.0	39.0	0.0	32.0	18.0	6.0	79.0	0.0	60.0	45.0	62.0	0.0	0.0	68.0	81.0	51.0	54.0	100.0	74.0	79.0	0.0	0.0	11.0	97.0	3.0	92.0	86.0	34.0	17.0	32.0	75.0	4.0	17.0	16.0	49.0	0.0	50.0	96.0	73.0	7.0	9.0	2.0	84.0	14.0	10.0	50.0	3.0	35.0	0.0	65.0	36.0	28.0	0.0	87.0	69.0	55.0	20.0	50.0	48.0	24.0	74.0	80.0	59.0	0.0	72.0	86.0	39.0	88.0	0.0	63.0	0.0	0.0	0.0	58.0
48.0	66.0	0.0	67.0	68.0	82.0	0.0	22.0	65.0	56.0	10.0	66.0	34.0	43.0	42.0	0.0	8.0	0.0	55.0	0.0	95.0	5.0	54.0	96.0	81.0	99.0	0.0	55.0	91.0	4.0	78.0	63.0	0.0	92.0	0.0	31.0	0.0	2.0	22.0	44.0	28.0	0.0	0.0	9.0	33.0	28.0	0.0	25.0	2.0	70.0	63.0	10.0	0.0	19.0	17.0	20.0	58.0	0.0	20.0	54.0	48.0	43.0	35.0	23.0	20.0	12.0	0.0	76.0	8.0	10.0	57.0	21.0	70.0	86.0	0.0	60.0
94.0	54.0	50.0	77.0	1.0	46.0	0.0	79.0	56.0	77.0	40.0	24.0	0.0	10.0	8.0	73.0	74.0	7.0	10.0	86.0	28.0	50.0	8.0	0.0	0.0	0.0	0.0	3.0	75.0	94.0	75.0	0.0	0.0	11.0	100.0	70.0	80.0	85.0	0.0	77.0	51.0	47.0	0.0	0.0	6.0	33.0	29.0	88.0	26.0	49.0	46.0	36.0	98.0	0.0	25.0	5.0	100.0	88.0	0.0	39.0	27.0	44.0	86.0	63.0	76.0	23.0	11.0	61.0	0.0	91.0	76.0	0.0	17.0	96.0	42.0
0.0	5.0	49.0	24.0	54.0	0.0	0.0	88.0	12.0	59.0	0.0	0.0	58.0	74.0	23.0	42.0	68.0	90.0	7.0	0.0	31.0	43.0	94.0	80.0	0.0	63.0	81.0	100.0	0.0	86.0	5.0	44.0	28.0	0.0	57.0	0.0	28.0	78.0	41.0	24.0	0.0	1.0	98.0	81.0	57.0	70.0	35.0	76.0	25.0	0.0	0.0	7.0	43.0	0.0	78.0	18.0	0.0	0.0	92.0	81.0	0.0	0.0	35.0	35.0	0.0	0.0	0.0	83.0	46.0	49.0	0.0	42.0	1.0	10.0
63.0	0.0	0.0	0.0	63.0	0.0	87.0	8.0	8.0	1.0	0.0	0.0	0.0	0.0	64.0	11.0	57.0	66.0	96.0	0.0	99.0	39.0	0.0	19.0	17.0	47.0	5.0	25.0	33.0	0.0	75.0	15.0	76.0	0.0	2.0	7.0	67.0	40.0	4.0	14.0	9.0	49.0	94.0	73.0	83.0	0.0	0.0	67.0	61.0	77.0	0.0	40.0	0.0	100.0	33.0	24.0	93.0	88.0	82.0	38.0	0.0	20.0	0.0	75.0	51.0	85.0	52.0	98.0	20.0	71.0	0.0	0.0	0.0
57.0	6.0	13.0	100.0	0.0	99.0	44.0	67.0	22.0	8.0	30.0	40.0	67.0	0.0	52.0	1.0	0.0	0.0	0.0	70.0	30.0	12.0	1.0	0.0	85.0	0.0	55.0	28.0	78.0	56.0	93.0	79.0	0.0	0.0	99.0	0.0	93.0	0.0	0.0	0.0	0.0	10.0	0.0	51.0	89.0	65.0	5.0	0.0	77.0	45.0	54.0	83.0	95.0	0.0	16.0	30.0	30.0	59.0	81.0	100.0	80.0	93.0	71.0	18.0	90.0	61.0	9.0	0.0	73.0	14.0	89.0	38.0
0.0	60.0	13.0	41.0	5.0	65.0	99.0	29.0	0.0	41.0	0.0	31.0	88.0	55.0	31.0	29.0	93.0	0.0	1.0	8.0	27.0	14.0	62.0	0.0	68.0	63.0	70.0	31.0	96.0	0.0	0.0	76.0	38.0	79.0	30.0	54.0	74.0	97.0	0.0	21.0	37.0	30.0	13.0	89.0	49.0	66.0	71.0	17.0	29.0	88.0	46.0	61.0	29.0	73.0	0.0	63.0	31.0	0.0	0.0	0.0	9.0	46.0	22.0	36.0	80.0	45.0	75.0	36.0	92.0	38.0	0.0
40.0	20.0	13.0	0.0	73.0	17.0	14.0	0.0	25.0	13.0	6.0	0.0	0.0	59.0	66.0	55.0	0.0	51.0	100.0	42.0	25.0	88.0	68.0	99.0	0.0	81.0	59.0	24.0	70.0	72.0	63.0	87.0	62.0	6.0	29.0	14.0	0.0	37.0	20.0	0.0	23.0	69.0	0.0	0.0	97.0	49.0	83.0	10.0	0.0	49.0	47.0	44.0	21.0	0.0	70.0	14.0	69.0	0.0	0.0	58.0	0.0	100.0	0.0	14.0	57.0	45.0	70.0	0.0	79.0	61.0
69.0	54.0	91.0	78.0	0.0	2.0	100.0	92.0	99.0	35.0	50.0	0.0	0.0	0.0	37.0	49.0	48.0	60.0	42.0	5.0	0.0	17.0	0.0	22.0	0.0	0.0	4.0	13.0	24.0	21.0	93.0	59.0	60.0	0.0	40.0	0.0	26.0	49.0	0.0	72.0	14.0	84.0	60.0	53.0	28.0	12.0	92.0	8.0	0.0	38.0	61.0	80.0	80.0	23.0	0.0	0.0	54.0	88.0	29.0	61.0	92.0	84.0	97.0	25.0	5.0	68.0	37.0	45.0	69.0
82.0	36.0	80.0	85.0	61.0	60.0	59.0	27.0	0.0	53.0	78.0	38.0	11.0	69.0	0.0	85.0	48.0	35.0	46.0	76.0	68.0	86.0	90.0	87.0	100.0	22.0	0.0	0.0	68.0	91.0	1.0	56.0	23.0	76.0	78.0	0.0	0.0	34.0	0.0	89.0	0.0	59.0	75.0	63.0	47.0	78.0	0.0	98.0	78.0	92.0	0.0	55.0	4.0	12.0	0.0	99.0	0.0	96.0	0.0	1.0	40.0	0.0	0.0	94.0	0.0	97.0	9.0	37.0
0.0	30.0	0.0	81.0	0.0	0.0	98.0	0.0	0.0	0.0	50.0	51.0	0.0	53.0	43.0	6.0	47.0	30.0	10.0	86.0	34.0	0.0	93.0	0.0	22.0	60.0	65.0	97.0	61.0	4.0	99.0	79.0	9.0	0.0	0.0	0.0	12.0	32.0	53.0	32.0	0.0	0.0	44.0	12.0	76.0	31.0	75.0	63.0	56.0	85.0	99.0	0.0	21.0	30.0	0.0	16.0	25.0	89.0	30.0	4.0	33.0	68.0	36.0	30.0	0.0	17.0	22.0
0.0	78.0	14.0	32.0	0.0	0.0	45.0	68.0	27.0	0.0	75.0	87.0	87.0	0.0	0.0	0.0	100.0	37.0	0.0	0.0	6.0	3.0	39.0	6.0	0.0	0.0	0.0	77.0	29.0	0.0	34.0	0.0	84.0	98.0	48.0	63.0	81.0	0.0	96.0	48.0	96.0	55.0	0.0	62.0	1.0	75.0	0.0	58.0	0.0	0.0	28.0	19.0	88.0	0.0	0.0	0.0	100.0	56.0	79.0	68.0	99.0	21.0	30.0	13.0	72.0	82.0
67.0	92.0	34.0	59.0	0.0	88.0	0.0	76.0	79.0	97.0	87.0	96.0	30.0	0.0	23.0	97.0	74.0	16.0	65.0	94.0	46.0	27.0	32.0	0.0	98.0	0.0	0.0	66.0	21.0	47.0	0.0	0.0	0.0	18.0	37.0	97.0	0.0	33.0	88.0	27.0	61.0	88.0	0.0	95.0	92.0	2.0	75.0	13.0	83.0	12.0	9.0	0.0	20.0	0.0	61.0	0.0	94.0	82.0	0.0	11.0	33.0	79.0	15.0	3.0	35.0
0.0	87.0	42.0	41.0	0.0	45.0	90.0	80.0	0.0	70.0	97.0	46.0	95.0	5.0	48.0	0.0	46.0	0.0	0.0	76.0	0.0	5.0	89.0	26.0	25.0	55.0	87.0	58.0	0.0	45.0	82.0	93.0	80.0	0.0	68.0	78.0	68.0	0.0	54.0	0.0	0.0	42.0	1.0	0.0	15.0	0.0	0.0	0.0	0.0	50.0	63.0	0.0	17.0	9.0	1.0	43.0	6.0	0.0	52.0	0.0	92.0	21.0	15.0	18.0
68.0	55.0	0.0	0.0	0.0	0.0	19.0	0.0	0.0	24.0	18.0	29.0	31.0	29.0	27.0	53.0	2.0	0.0	36.0	0.0	50.0	99.0	30.0	32.0	46.0	13.0	40.0	22.0	84.0	65.0	96.0	91.0	65.0	54.0	0.0	22.0	46.0	74.0	89.0	37.0	86.0	56.0	45.0	35.0	0.0	68.0	29.0	64.0	0.0	0.0	50.0	0.0	45.0	42.0	27.0	44.0	27.0	36.0	100.0	5.0	20.0	59.0	55.0
0.0	24.0	64.0	0.0	0.0	90.0	49.0	70.0	0.0	89.0	0.0	17.0	13.0	18.0	51.0	94.0	33.0	43.0	82.0	68.0	71.0	74.0	92.0	92.0	49.0	80.0	0.0	0.0	94.0	90.0	0.0	71.0	9.0	0.0	70.0	15.0	0.0	11.0	35.0	0.0	13.0	0.0	58.0	63.0	0.0	31.0	67.0	23.0	100.0	83.0	42.0	20.0	0.0	0.0	22.0	34.0	0.0	3.0	80.0	37.0	34.0	32.0
10.0	4.0	15.0	56.0	42.0	92.0	78.0	0.0	0.0	34.0	66.0	67.0	69.0	0.0	74.0	2.0	33.0	36.0	31.0	0.0	12.0	54.0	0.0	48.0	55.0	95.0	16.0	58.0	88.0	86.0	50.0	19.0	1.0	77.0	19.0	50.0	65.0	0.0	29.0	0.0	0.0	59.0	92.0	59.0	26.0	16.0	71.0	25.0	0.0	25.0	54.0	43.0	72.0	40.0	26.0	36.0	6.0	93.0	85.0	95.0	82.0
4.0	72.0	24.0	0.0	47.0	53.0	49.0	0.0	0.0	32.0	0.0	53.0	5.0	79.0	74.0	0.0	0.0	0.0	83.0	40.0	68.0	25.0	45.0	47.0	41.0	60.0	5.0	45.0	59.0	29.0	73.0	78.0	56.0	23.0	0.0	64.0	98.0	0.0	87.0	0.0	0.0	17.0	62.0	43.0	78.0	73.0	44.0	61.0	0.0	0.0	3.0	36.0	56.0	92.0	0.0	0.0	0.0	18.0	0.0	43.0
65.0	61.0	44.0	77.0	0.0	36.0	92.0	77.0	19.0	88.0	0.0	66.0	90.0	38.0	0.0	0.0	24.0	71.0	90.0	78.0	0.0	35.0	66.0	0.0	0.0	94.0	77.0	38.0	0.0	21.0	28.0	87.0	10.0	0.0	2.0	11.0	73.0	20.0	62.0	6.0	0.0	16.0	0.0	0.0	0.0	93.0	41.0	50.0	24.0	0.0	42.0	0.0	99.0	0.0	28.0	65.0	0.0	0.0	40.0
0.0	47.0	0.0	80.0	30.0	47.0	0.0	74.0	40.0	55.0	67.0	60.0	67.0	93.0	46.0	33.0	37.0	18.0	74.0	73.0	0.0	70.0	0.0	31.0	0.0	55.0	7.0	21.0	19.0	0.0	67.0	80.0	17.0	61.0	15.0	0.0	85.0	29.0	28.0	93.0	50.0	94.0	64.0	4.0	31.0	2.0	38.0	37.0	82.0	99.0	41.0	81.0	41.0	59.0	0.0	50.0	91.0	0.0
98.0	61.0	0.0	0.0	0.0	90.0	72.0	53.0	62.0	0.0	97.0	10.0	57.0	0.0	0.0	48.0	22.0	62.0	59.0	39.0	42.0	3.0	59.0	7.0	58.0	89.0	2.0	62.0	0.0	36.0	8.0	10.0	0.0	83.0	75.0	22.0	11.0	54.0	61.0	99.0	0.0	0.0	0.0	72.0	14.0	71.0	0.0	26.0	56.0	9.0	38.0	0.0	0.0	97.0	68.0	72.0	10.0
52.0	87.0	0.0	88.0	85.0	99.0	0.0	0.0	97.0	43.0	44.0	85.0	0.0	3.0	0.0	66.0	36.0	58.0	0.0	4.0	94.0	62.0	51.0	97.0	59.0	0.0	7.0	33.0	6.0	5.0	9.0	8.0	0.0	0.0	0.0	0.0	77.0	96.0	13.0	24.0	14.0	63.0	0.0	0.0	24.0	60.0	84.0	8.0	83.0	82.0	68.0	0.0	0.0	0.0	0.0	73.0
53.0	40.0	87.0	84.0	15.0	28.0	0.0	0.0	34.0	23.0	0.0	99.0	0.0	47.0	18.0	25.0	80.0	73.0	62.0	54.0	79.0	62.0	0.0	36.0	22.0	41.0	71.0	21.0	81.0	17.0	17.0	65.0	49.0	0.0	93.0	73.0	48.0	96.0	0.0	0.0	68.0	70.0	11.0	0.0	0.0	18.0	0.0	75.0	54.0	48.0	94.0	83.0	48.0	0.0	0.0
14.0	0.0	77.0	61.0	37.0	0.0	0.0	69.0	69.0	45.0	0.0	30.0	0.0	0.0	2.0	96.0	0.0	40.0	13.0	7.0	96.0	1.0	0.0	0.0	0.0	0.0	43.0	65.0	14.0	98.0	15.0	3.0	77.0	0.0	0.0	8.0	76.0	30.0	40.0	25.0	57.0	56.0	52.0	0.0	0.0	0.0	0.0	83.0	84.0	60.0	77.0	0.0	80.0	0.0
3.0	93.0	53.0	0.0	78.0	0.0	1.0	0.0	21.0	0.0	0.0	37.0	37.0	0.0	68.0	56.0	87.0	91.0	14.0	57.0	91.0	96.0	0.0	85.0	48.0	0.0	56.0	55.0	0.0	75.0	43.0	8.0	0.0	17.0	93.0	76.0	0.0	0.0	92.0	52.0	66.0	71.0	0.0	0.0	62.0	0.0	0.0	30.0	4.0	87.0	59.0	19.0	43.0
0.0	48.0	24.0	76.0	63.0	14.0	40.0	89.0	46.0	94.0	18.0	0.0	94.0	92.0	42.0	4.0	96.0	42.0	0.0	64.0	74.0	46.0	44.0	0.0	41.0	0.0	47.0	0.0	0.0	74.0	0.0	100.0	97.0	90.0	0.0	78.0	0.0	16.0	0.0	10.0	24.0	0.0	0.0	82.0	93.0	0.0	0.0	11.0	75.0	29.0	0.0	5.0
86.0	21.0	0.0	49.0	99.0	2.0	68.0	0.0	51.0	0.0	66.0	12.0	32.0	37.0	0.0	9.0	79.0	49.0	18.0	9.0	15.0	49.0	0.0	0.0	46.0	38.0	97.0	11.0	8.0	84.0	91.0	53.0	92.0	62.0	60.0	54.0	68.0	21.0	83.0	59.0	18.0	86.0	41.0	38.0	80.0	13.0	65.0	13.0	70.0	66.0	72.0
91.0	40.0	51.0	89.0	0.0	29.0	0.0	39.0	61.0	0.0	0.0	90.0	51.0	0.0	79.0	0.0	11.0	66.0	12.0	67.0	48.0	91.0	0.0	0.0	31.0	62.0	100.0	25.0	85.0	23.0	66.0	82.0	0.0	41.0	49.0	8.0	37.0	91.0	13.0	45.0	35.0	0.0	71.0	40.0	62.0	20.0	0.0	7.0	7.0	43.0
55.0	29.0	38.0	83.0	85.0	0.0	4.0	2.0	0.0	21.0	0.0	52.0	0.0	24.0	88.0	26.0	12.0	0.0	30.0	65.0	18.0	0.0	53.0	85.0	0.0	14.0	92.0	44.0	36.0	32.0	98.0	3.0	0.0	69.0	96.0	5.0	74.0	0.0	0.0	61.0	35.0	53.0	49.0	32.0	74.0	30.0	80.0	83.0	36.0
24.0	64.0	65.0	41.0	59.0	94.0	69.0	25.0	90.0	0.0	14.0	45.0	23.0	83.0	0.0	28.0	98.0	12.0	55.0	17.0	2.0	0.0	0.0	96.0	0.0	86.0	0.0	0.0	88.0	96.0	19.0	51.0	40.0	0.0	14.0	0.0	88.0	0.0	79.0	0.0	83.0	36.0	59.0	28.0	0.0	30.0	29.0	86.0
0.0	0.0	41.0	98.0	91.0	96.0	68.0	52.0	60.0	0.0	0.0	80.0	40.0	4.0	54.0	0.0	0.0	54.0	36.0	38.0	0.0	51.0	5.0	0.0	0.0	71.0	24.0	11.0	73.0	17.0	56.0	0.0	84.0	0.0	97.0	9.0	94.0	54.0	97.0	50.0	72.0	0.0	15.0	86.0	85.0	42.0	3.0
5.0	72.0	23.0	69.0	88.0	79.0	94.0	7.0	46.0	95.0	19.0	43.0	100.0	100.0	0.0	27.0	16.0	74.0	0.0	20.0	0.0	0.0	27.0	5.0	3.0	99.0	68.0	7.0	94.0	34.0	0.0	12.0	46.0	11.0	0.0	23.0	14.0	99.0	93.0	37.0	46.0	0.0	51.0	90.0	94.0	0.0
19.0	38.0	15.0	82.0	70.0	98.0	0.0	0.0	84.0	62.0	76.0	96.0	24.0	34.0	88.0	3.0	92.0	25.0	99.0	0.0	3.0	57.0	21.0	6.0	1.0	59.0	0.0	51.0	4.0	100.0	0.0	3.0	63.0	46.0	0.0	0.0	0.0	0.0	68.0	11.0	32.0	31.0	90.0	0.0	56.0
62.0	0.0	0.0	18.0	0.0	20.0	38.0	0.0	27.0	66.0	73.0	65.0	0.0	0.0	0.0	52.0	50.0	0.0	97.0	0.0	0.0	88.0	57.0	42.0	11.0	88.0	12.0	61.0	49.0	37.0	23.0	96.0	87.0	0.0	74.0	0.0	22.0	8.0	0.0	0.0	0.0	45.0	0.0	34.0
0.0	28.0	38.0	16.0	77.0	0.0	46.0	23.0	33.0	0.0	0.0	4.0	0.0	50.0	14.0	20.0	0.0	0.0	0.0	47.0	57.0	47.0	74.0	41.0	17.0	0.0	56.0	83.0	0.0	0.0	62.0	40.0	20.0	0.0	67.0	82.0	0.0	10.0	47.0	0.0	3.0	4.0	56.0
73.0	28.0	23.0	51.0	35.0	36.0	80.0	90.0	56.0	0.0	67.0	65.0	85.0	84.0	0.0	0.0	59.0	27.0	35.0	76.0	0.0	19.0	95.0	0.0	62.0	43.0	79.0	57.0	69.0	89.0	90.0	0.0	41.0	42.0	0.0	36.0	47.0	13.0	37.0	51.0	78.0	30.0
0.0	11.0	0.0	0.0	0.0	42.0	99.0	54.0	90.0	69.0	2.0	88.0	30.0	37.0	74.0	31.0	55.0	69.0	0.0	0.0	0.0	97.0	28.0	0.0	64.0	48.0	0.0	11.0	0.0	0.0	0.0	3.0	99.0	95.0	22.0	3.0	7.0	38.0	66.0	35.0	0.0
0.0	0.0	61.0	0.0	0.0	61.0	0.0	0.0	42.0	38.0	77.0	36.0	70.0	30.0	29.0	0.0	0.0	0.0	35.0	3.0	78.0	11.0	0.0	20.0	46.0	18.0	64.0	82.0	64.0	81.0	0.0	34.0	0.0	0.0	57.0	22.0	11.0	32.0	44.0	70.0
35.0	17.0	21.0	62.0	12.0	92.0	0.0	32.0	30.0	68.0	0.0	69.0	42.0	66.0	23.0	73.0	40.0	57.0	4.0	0.0	18.0	2.0	2.0	0.0	0.0	0.0	11.0	0.0	75.0	56.0	41.0	86.0	0.0	53.0	51.0	71.0	8.0	0.0	93.0
0.0	0.0	59.0	0.0	45.0	11.0	0.0	69.0	99.0	0.0	47.0	63.0	0.0	39.0	5.0	82.0	34.0	27.0	4.0	94.0	96.0	9.0	29.0	0.0	78.0	0.0	100.0	6.0	14.0	0.0	97.0	59.0	30.0	0.0	42.0	0.0	0.0	0.0
1.0	86.0	68.0	74.0	53.0	12.0	31.0	91.0	88.0	1.0	73.0	19.0	33.0	3.0	74.0	0.0	91.0	48.0	1.0	54.0	36.0	98.0	62.0	64.0	0.0	97.0	12.0	68.0	64.0	0.0	2.0	50.0	2.0	18.0	90.0	22.0	14.0
0.0	40.0	46.0	38.0	96.0	39.0	8.0	61.0	0.0	0.0	98.0	0.0	65.0	0.0	8.0	64.0	9.0	61.0	65.0	86.0	61.0	0.0	84.0	0.0	0.0	45.0	35.0	24.0	0.0	44.0	48.0	11.0	74.0	0.0	3.0	77.0
29.0	47.0	90.0	8.0	78.0	83.0	77.0	28.0	42.0	38.0	6.0	0.0	8.0	66.0	19.0	0.0	68.0	41.0	0.0	86.0	0.0	13.0	13.0	93.0	56.0	31.0	0.0	0.0	11.0	93.0	21.0	0.0	31.0	51.0	0.0
0.0	0.0	9.0	32.0	0.0	79.0	96.0	92.0	39.0	41.0	0.0	97.0	53.0	5.0	72.0	0.0	60.0	0.0	93.0	48.0	71.0	64.0	34.0	0.0	89.0	26.0	63.0	54.0	10.0	0.0	0.0	59.0	0.0	82.0
0.0	68.0	34.0	62.0	68.0	33.0	76.0	23.0	9.0	46.0	14.0	22.0	70.0	21.0	36.0	62.0	36.0	0.0	6.0	52.0	49.0	86.0	0.0	15.0	76.0	90.0	0.0	0.0	85.0	78.0	95.0	90.0	88.0
0.0	55.0	0.0	0.0	100.0	0.0	37.0	0.0	33.0	21.0	49.0	4.0	0.0	60.0	38.0	0.0	48.0	6.0	1.0	36.0	0.0	1.0	69.0	36.0	46.0	25.0	13.0	0.0	44.0	0.0	0.0	0.0
90.0	94.0	0.0	54.0	71.0	47.0	0.0	81.0	39.0	77.0	0.0	70.0	53.0	31.0	30.0	5.0	77.0	48.0	86.0	0.0	19.0	55.0	66.0	0.0	39.0	0.0	28.0	0.0	0.0	0.0	54.0
0.0	10.0	81.0	47.0	72.0	89.0	96.0	0.0	68.0	86.0	84.0	73.0	5.0	17.0	59.0	0.0	49.0	74.0	12.0	42.0	74.0	95.0	72.0	44.0	32.0	0.0	97.0	76.0	58.0	33.0
21.0	0.0	14.0	0.0	21.0	37.0	26.0	0.0	0.0	0.0	60.0	36.0	13.0	0.0	1.0	0.0	80.0	52.0	87.0	87.0	63.0	85.0	94.0	10.0	7.0	56.0	77.0	82.0	83.0
31.0	93.0	9.0	4.0	81.0	58.0	0.0	35.0	67.0	0.0	2.0	91.0	0.0	80.0	0.0	77.0	54.0	0.0	65.0	96.0	43.0	88.0	28.0	90.0	0.0	31.0	38.0	77.0
46.0	33.0	39.0	73.0	55.0	0.0	75.0	0.0	0.0	77.0	97.0	50.0	16.0	49.0	26.0	0.0	61.0	0.0	0.0	41.0	9.0	75.0	0.0	61.0	53.0	0.0	28.0
57.0	11.0	25.0	40.0	0.0	0.0	0.0	76.0	38.0	11.0	35.0	0.0	63.0	0.0	87.0	57.0	71.0	66.0	0.0	76.0	23.0	58.0	5.0	0.0	40.0	0.0
29.0	53.0	33.0	1.0	29.0	0.0	54.0	1.0	13.0	19.0	16.0	59.0	48.0	0.0	0.0	42.0	42.0	42.0	43.0	0.0	31.0	88.0	48.0	66.0	32.0
10.0	63.0	0.0	20.0	41.0	0.0	0.0	0.0	0.0	32.0	62.0	0.0	49.0	20.0	0.0	73.0	68.0	7.0	0.0	0.0	39.0	81.0	0.0	0.0
0.0	0.0	63.0	0.0	0.0	51.0	71.0	40.0	0.0	0.0	56.0	35.0	2.0	74.0	23.0	61.0	95.0	68.0	0.0	34.0	0.0	42.0	55.0
97.0	0.0	45.0	89.0	96.0	0.0	48.0	0.0	85.0	44.0	38.0	0.0	76.0	0.0	0.0	18.0	26.0	68.0	0.0	64.0	3.0	35.0
34.0	21.0	11.0	22.0	0.0	0.0	4.0	0.0	91.0	9.0	68.0	32.0	29.0	55.0	65.0	33.0	40.0	74.0	0.0	58.0	79.0
75.0	84.0	59.0	3.0	68.0	67.0	87.0	99.0	3.0	66.0	53.0	0.0	27.0	33.0	41.0	42.0	16.0	84.0	23.0	94.0
88.0	28.0	78.0	2.0	0.0	31.0	0.0	42.0	13.0	0.0	0.0	60.0	51.0	59.0	19.0	0.0	10.0	63.0	17.0
0.0	67.0	76.0	0.0	59.0	92.0	0.0	83.0	40.0	58.0	64.0	0.0	31.0	57.0	0.0	52.0	36.0	33.0
97.0	50.0	77.0	0.0	80.0	16.0	68.0	88.0	75.0	0.0	0.0	88.0	13.0	22.0	49.0	0.0	45.0
97.0	14.0	9.0	0.0	7.0	87.0	0.0	0.0	13.0	82.0	33.0	41.0	28.0	56.0	0.0	51.0
2.0	0.0	0.0	21.0	45.0	92.0	45.0	0.0	3.0	9.0	5.0	53.0	0.0	0.0	66.0
0.0	0.0	6.0	49.0	41.0	45.0	1.0	7.0	21.0	49.0	0.0	0.0	0.0	0.0
0.0	76.0	53.0	100.0	36.0	0.0	70.0	59.0	6.0	1.0	66.0	0.0	24.0
77.0	89.0	6.0	74.0	7.0	25.0	56.0	12.0	27.0	46.0	89.0	21.0
36.0	79.0	57.0	46.0	47.0	6.0	84.0	4.0	49.0	69.0	95.0
0.0	50.0	9.0	0.0	77.0	0.0	0.0	54.0	0.0	78.0
0.0	86.0	87.0	0.0	6.0	25.0	54.0	83.0	44.0
100.0	40.0	0.0	0.0	50.0	49.0	95.0	9.0
90.0	7.0	47.0	1.0	0.0	10.0	31.0
0.0	22.0	75.0	32.0	43.0	0.0
87.0	0.0	93.0	89.0	56.0
69.0	13.0	73.0	88.0
32.0	17.0	7.0
70.0	61.0
28.0

26.0	24.0	21.0	2.0	26.0	11.0	28.0	46.0	13.0	45.0	45.0	9.0	39.0	14.0	35.0	27.0	27.0	9.0	41.0	18.0	20.0	37.0	43.0	42.0	46.0	39.0	6.0	2.0	1.0	35.0	38.0	10.0	33.0	7.0	2.0	27.0	4.0	29.0	49.0	47.0	33.0	8.0	30.0	39.0	6.0	2.0	28.0	6.0	11.0	37.0	6.0	30.0	9.0	1.0	5.0	50.0	12.0	46.0	5.0	8.0	30.0	32.0	36.0	34.0	42.0	49.0	16.0	40.0	38.0	38.0	34.0	39.0	7.0	14.0	13.0	35.0	40.0	16.0	34.0	29.0	40.0	33.0	29.0	8.0	30.0	28.0	18.0	19.0	18.0	35.0	33.0	1.0	28.0	39.0	11.0	35.0	14.0	6.0	26.0	38.0

666.6666666666666	666.6666666666666	666.6666666666666
