qmkp_200_50_5_009
200
5

78.0	53.0	2.0	0.0	0.0	24.0	71.0	100.0	41.0	0.0	55.0	0.0	7.0	0.0	55.0	54.0	79.0	27.0	55.0	0.0	0.0	0.0	0.0	0.0	13.0	40.0	86.0	0.0	0.0	0.0	0.0	0.0	32.0	0.0	16.0	0.0	53.0	0.0	59.0	31.0	0.0	0.0	0.0	0.0	76.0	0.0	0.0	96.0	0.0	0.0	28.0	28.0	0.0	0.0	67.0	3.0	0.0	49.0	97.0	0.0	0.0	0.0	0.0	1.0	48.0	96.0	0.0	0.0	0.0	19.0	88.0	90.0	0.0	15.0	40.0	58.0	25.0	64.0	46.0	0.0	0.0	59.0	0.0	92.0	79.0	70.0	18.0	20.0	0.0	63.0	0.0	0.0	0.0	72.0	0.0	79.0	0.0	75.0	90.0	47.0	1.0	11.0	73.0	26.0	0.0	0.0	0.0	0.0	88.0	0.0	0.0	96.0	0.0	97.0	0.0	0.0	0.0	0.0	45.0	0.0	95.0	19.0	0.0	17.0	0.0	43.0	48.0	65.0	0.0	0.0	76.0	0.0	72.0	90.0	18.0	0.0	30.0	39.0	52.0	0.0	46.0	0.0	0.0	0.0	0.0	73.0	0.0	99.0	0.0	0.0	92.0	0.0	0.0	0.0	0.0	61.0	0.0	90.0	0.0	0.0	35.0	88.0	90.0	89.0	0.0	0.0	0.0	0.0	0.0	50.0	1.0	51.0	0.0	0.0	0.0	0.0	0.0	92.0	0.0	21.0	70.0	0.0	34.0	0.0	0.0	0.0	0.0	0.0	0.0	12.0	0.0	95.0	0.0	8.0	0.0	0.0	92.0	0.0	73.0	2.0
0.0	70.0	89.0	0.0	0.0	0.0	99.0	79.0	63.0	0.0	0.0	0.0	0.0	0.0	0.0	0.0	0.0	0.0	51.0	0.0	46.0	59.0	0.0	0.0	33.0	0.0	0.0	52.0	0.0	0.0	0.0	0.0	0.0	1.0	19.0	85.0	41.0	0.0	0.0	49.0	0.0	57.0	76.0	94.0	26.0	48.0	54.0	74.0	0.0	56.0	92.0	76.0	82.0	0.0	0.0	38.0	0.0	0.0	51.0	29.0	43.0	10.0	0.0	0.0	0.0	0.0	0.0	0.0	98.0	0.0	0.0	43.0	33.0	0.0	91.0	0.0	0.0	0.0	8.0	70.0	0.0	31.0	0.0	35.0	0.0	0.0	0.0	19.0	0.0	93.0	0.0	80.0	37.0	85.0	31.0	78.0	0.0	0.0	30.0	81.0	6.0	0.0	26.0	0.0	0.0	15.0	0.0	85.0	7.0	0.0	0.0	0.0	29.0	0.0	0.0	73.0	44.0	50.0	0.0	22.0	0.0	80.0	68.0	0.0	38.0	0.0	15.0	62.0	15.0	0.0	0.0	18.0	66.0	80.0	93.0	98.0	0.0	0.0	0.0	90.0	5.0	0.0	0.0	13.0	0.0	0.0	0.0	0.0	0.0	95.0	0.0	0.0	0.0	68.0	0.0	3.0	24.0	70.0	13.0	7.0	27.0	22.0	0.0	0.0	0.0	0.0	63.0	68.0	35.0	59.0	1.0	40.0	0.0	24.0	0.0	0.0	76.0	13.0	32.0	0.0	13.0	56.0	0.0	80.0	49.0	0.0	22.0	0.0	69.0	43.0	74.0	0.0	80.0	68.0	88.0	11.0	0.0	0.0	61.0
22.0	43.0	26.0	0.0	0.0	15.0	0.0	0.0	43.0	0.0	13.0	0.0	0.0	0.0	0.0	74.0	15.0	0.0	0.0	43.0	0.0	58.0	64.0	0.0	0.0	0.0	0.0	51.0	0.0	37.0	34.0	0.0	44.0	62.0	16.0	13.0	0.0	0.0	0.0	0.0	0.0	39.0	37.0	44.0	0.0	0.0	1.0	3.0	0.0	0.0	0.0	2.0	0.0	80.0	0.0	82.0	0.0	72.0	46.0	0.0	0.0	45.0	69.0	13.0	52.0	0.0	0.0	0.0	0.0	32.0	50.0	69.0	45.0	14.0	0.0	0.0	0.0	95.0	0.0	0.0	0.0	41.0	59.0	0.0	82.0	66.0	96.0	0.0	0.0	0.0	24.0	20.0	16.0	36.0	0.0	0.0	0.0	70.0	66.0	0.0	82.0	0.0	0.0	0.0	0.0	0.0	1.0	0.0	0.0	67.0	0.0	43.0	16.0	0.0	0.0	0.0	95.0	0.0	47.0	100.0	0.0	1.0	0.0	0.0	0.0	0.0	65.0	60.0	42.0	4.0	87.0	0.0	0.0	0.0	74.0	64.0	0.0	40.0	54.0	0.0	0.0	0.0	80.0	0.0	0.0	14.0	0.0	0.0	80.0	97.0	67.0	45.0	2.0	13.0	0.0	0.0	0.0	27.0	50.0	0.0	89.0	2.0	0.0	68.0	0.0	88.0	0.0	25.0	80.0	0.0	15.0	87.0	51.0	78.0	0.0	6.0	68.0	0.0	19.0	0.0	0.0	0.0	0.0	0.0	0.0	0.0	0.0	36.0	0.0	80.0	26.0	0.0	72.0	0.0	51.0	0.0	48.0	21.0
0.0	0.0	0.0	0.0	39.0	44.0	0.0	0.0	67.0	17.0	0.0	0.0	0.0	0.0	43.0	0.0	0.0	0.0	0.0	99.0	0.0	30.0	53.0	15.0	0.0	2.0	0.0	72.0	14.0	0.0	82.0	0.0	0.0	0.0	6.0	0.0	60.0	0.0	0.0	0.0	55.0	69.0	0.0	0.0	0.0	32.0	22.0	27.0	0.0	52.0	0.0	0.0	0.0	0.0	63.0	0.0	0.0	18.0	52.0	0.0	0.0	33.0	0.0	0.0	0.0	40.0	0.0	0.0	0.0	100.0	0.0	0.0	0.0	0.0	30.0	5.0	0.0	5.0	50.0	0.0	0.0	14.0	0.0	62.0	0.0	0.0	0.0	0.0	0.0	0.0	94.0	22.0	0.0	0.0	31.0	70.0	0.0	65.0	53.0	0.0	93.0	34.0	0.0	0.0	0.0	29.0	0.0	0.0	0.0	12.0	96.0	0.0	0.0	44.0	0.0	86.0	77.0	94.0	99.0	0.0	21.0	0.0	6.0	53.0	0.0	81.0	0.0	0.0	0.0	77.0	32.0	36.0	0.0	0.0	61.0	0.0	37.0	42.0	69.0	15.0	38.0	0.0	31.0	0.0	0.0	83.0	45.0	0.0	92.0	62.0	57.0	0.0	0.0	0.0	0.0	0.0	0.0	18.0	0.0	0.0	0.0	0.0	40.0	48.0	0.0	0.0	100.0	0.0	50.0	0.0	68.0	0.0	18.0	89.0	0.0	0.0	0.0	0.0	33.0	0.0	73.0	3.0	0.0	40.0	0.0	50.0	54.0	68.0	13.0	38.0	17.0	46.0	0.0	18.0	10.0	0.0	28.0
9.0	0.0	0.0	11.0	0.0	0.0	0.0	1.0	2.0	0.0	0.0	56.0	0.0	87.0	0.0	3.0	0.0	0.0	0.0	37.0	59.0	0.0	0.0	70.0	59.0	98.0	24.0	0.0	0.0	0.0	0.0	0.0	0.0	5.0	0.0	0.0	46.0	0.0	0.0	0.0	90.0	72.0	20.0	0.0	4.0	76.0	40.0	0.0	0.0	17.0	0.0	90.0	9.0	14.0	26.0	94.0	15.0	94.0	0.0	0.0	0.0	15.0	81.0	96.0	0.0	88.0	0.0	81.0	89.0	0.0	60.0	0.0	74.0	61.0	0.0	0.0	0.0	0.0	0.0	76.0	0.0	0.0	21.0	0.0	40.0	0.0	0.0	0.0	18.0	0.0	22.0	28.0	0.0	41.0	77.0	0.0	0.0	4.0	0.0	0.0	71.0	0.0	85.0	49.0	51.0	20.0	0.0	0.0	0.0	32.0	63.0	40.0	75.0	0.0	53.0	38.0	0.0	7.0	100.0	74.0	0.0	0.0	63.0	9.0	0.0	78.0	0.0	0.0	0.0	0.0	0.0	20.0	0.0	0.0	0.0	31.0	0.0	0.0	51.0	0.0	0.0	96.0	79.0	32.0	92.0	77.0	12.0	0.0	0.0	34.0	0.0	0.0	0.0	75.0	0.0	0.0	0.0	62.0	91.0	0.0	0.0	81.0	76.0	0.0	86.0	0.0	0.0	10.0	0.0	0.0	0.0	0.0	43.0	0.0	1.0	16.0	0.0	0.0	2.0	0.0	14.0	0.0	29.0	0.0	0.0	3.0	55.0	1.0	0.0	56.0	60.0	19.0	94.0	0.0	0.0	0.0
0.0	0.0	0.0	18.0	0.0	38.0	0.0	0.0	90.0	29.0	0.0	0.0	0.0	35.0	0.0	0.0	90.0	0.0	0.0	0.0	0.0	0.0	39.0	0.0	0.0	5.0	0.0	0.0	0.0	73.0	0.0	14.0	0.0	0.0	59.0	34.0	81.0	18.0	32.0	0.0	65.0	51.0	0.0	71.0	83.0	0.0	0.0	0.0	79.0	66.0	72.0	22.0	15.0	72.0	72.0	0.0	0.0	0.0	24.0	0.0	46.0	0.0	0.0	0.0	0.0	0.0	0.0	87.0	76.0	0.0	98.0	35.0	0.0	11.0	98.0	0.0	0.0	0.0	48.0	92.0	100.0	0.0	99.0	23.0	0.0	0.0	97.0	35.0	46.0	74.0	0.0	29.0	0.0	14.0	0.0	12.0	33.0	0.0	0.0	93.0	44.0	96.0	83.0	68.0	25.0	0.0	68.0	0.0	0.0	0.0	0.0	0.0	0.0	1.0	77.0	29.0	0.0	0.0	8.0	59.0	0.0	0.0	35.0	99.0	75.0	4.0	79.0	59.0	0.0	100.0	0.0	28.0	0.0	75.0	0.0	0.0	83.0	3.0	0.0	0.0	54.0	68.0	36.0	86.0	0.0	0.0	0.0	68.0	11.0	80.0	0.0	0.0	0.0	0.0	0.0	6.0	62.0	0.0	44.0	65.0	0.0	50.0	66.0	47.0	0.0	22.0	87.0	0.0	52.0	0.0	75.0	80.0	49.0	0.0	0.0	0.0	97.0	0.0	0.0	0.0	78.0	96.0	79.0	45.0	0.0	0.0	0.0	64.0	0.0	100.0	0.0	45.0	62.0	30.0	70.0
0.0	0.0	0.0	0.0	0.0	3.0	95.0	37.0	0.0	0.0	1.0	87.0	6.0	0.0	0.0	0.0	0.0	0.0	0.0	0.0	0.0	86.0	0.0	0.0	81.0	35.0	27.0	0.0	85.0	41.0	0.0	0.0	0.0	72.0	96.0	0.0	0.0	0.0	38.0	13.0	27.0	0.0	0.0	30.0	0.0	0.0	38.0	85.0	0.0	77.0	0.0	0.0	0.0	0.0	37.0	45.0	48.0	41.0	0.0	0.0	0.0	0.0	16.0	55.0	94.0	0.0	95.0	99.0	46.0	91.0	0.0	56.0	0.0	0.0	0.0	6.0	0.0	81.0	0.0	0.0	0.0	0.0	3.0	9.0	0.0	0.0	0.0	5.0	70.0	0.0	78.0	88.0	98.0	0.0	0.0	0.0	0.0	0.0	0.0	37.0	0.0	0.0	0.0	74.0	42.0	0.0	0.0	0.0	80.0	0.0	77.0	76.0	0.0	23.0	0.0	0.0	0.0	0.0	0.0	0.0	66.0	0.0	74.0	43.0	46.0	58.0	0.0	0.0	0.0	89.0	0.0	67.0	24.0	89.0	0.0	0.0	0.0	0.0	0.0	0.0	0.0	0.0	39.0	0.0	51.0	86.0	0.0	0.0	90.0	25.0	0.0	91.0	0.0	47.0	0.0	0.0	80.0	0.0	24.0	0.0	0.0	0.0	12.0	63.0	98.0	88.0	0.0	49.0	35.0	92.0	0.0	0.0	0.0	0.0	40.0	38.0	60.0	0.0	83.0	0.0	0.0	40.0	38.0	84.0	9.0	0.0	42.0	0.0	57.0	12.0	0.0	0.0	74.0	0.0
0.0	42.0	63.0	0.0	0.0	61.0	13.0	0.0	77.0	50.0	0.0	0.0	0.0	80.0	77.0	17.0	50.0	0.0	0.0	0.0	64.0	77.0	0.0	90.0	50.0	0.0	0.0	0.0	0.0	0.0	76.0	9.0	0.0	0.0	0.0	64.0	0.0	0.0	0.0	0.0	58.0	0.0	0.0	0.0	10.0	18.0	27.0	17.0	62.0	0.0	0.0	24.0	61.0	90.0	0.0	84.0	0.0	80.0	79.0	0.0	93.0	79.0	0.0	0.0	0.0	74.0	0.0	90.0	0.0	68.0	0.0	0.0	81.0	33.0	55.0	25.0	0.0	0.0	0.0	0.0	0.0	83.0	0.0	23.0	0.0	2.0	16.0	49.0	56.0	0.0	14.0	17.0	0.0	87.0	51.0	54.0	76.0	0.0	48.0	0.0	0.0	0.0	86.0	0.0	0.0	54.0	58.0	0.0	29.0	0.0	0.0	0.0	0.0	0.0	29.0	7.0	58.0	0.0	0.0	28.0	67.0	21.0	0.0	40.0	0.0	89.0	77.0	0.0	0.0	0.0	0.0	0.0	4.0	0.0	34.0	0.0	0.0	75.0	0.0	0.0	0.0	0.0	0.0	0.0	82.0	31.0	42.0	20.0	0.0	87.0	0.0	0.0	0.0	60.0	20.0	0.0	0.0	0.0	21.0	0.0	75.0	78.0	0.0	0.0	0.0	0.0	73.0	0.0	0.0	0.0	0.0	0.0	59.0	0.0	36.0	42.0	0.0	0.0	0.0	97.0	0.0	25.0	70.0	0.0	8.0	0.0	0.0	25.0	0.0	71.0	0.0	0.0	0.0
0.0	0.0	0.0	53.0	0.0	0.0	0.0	0.0	0.0	4.0	0.0	0.0	66.0	53.0	0.0	0.0	0.0	15.0	63.0	59.0	0.0	71.0	96.0	0.0	0.0	61.0	0.0	0.0	0.0	52.0	0.0	63.0	7.0	79.0	55.0	0.0	65.0	0.0	86.0	0.0	17.0	78.0	0.0	0.0	0.0	0.0	0.0	0.0	0.0	76.0	0.0	14.0	83.0	0.0	0.0	25.0	0.0	45.0	0.0	0.0	0.0	62.0	65.0	83.0	0.0	62.0	0.0	85.0	26.0	47.0	64.0	0.0	51.0	0.0	0.0	0.0	0.0	0.0	18.0	0.0	86.0	0.0	0.0	0.0	0.0	0.0	0.0	0.0	0.0	0.0	0.0	0.0	0.0	0.0	0.0	0.0	79.0	84.0	0.0	17.0	0.0	60.0	70.0	51.0	78.0	36.0	0.0	44.0	0.0	0.0	38.0	0.0	43.0	33.0	0.0	0.0	40.0	0.0	0.0	0.0	0.0	9.0	0.0	88.0	0.0	99.0	37.0	91.0	0.0	19.0	0.0	78.0	97.0	8.0	93.0	62.0	28.0	0.0	24.0	0.0	0.0	7.0	22.0	0.0	88.0	0.0	53.0	40.0	36.0	82.0	0.0	19.0	0.0	4.0	27.0	0.0	3.0	0.0	84.0	34.0	88.0	0.0	70.0	65.0	45.0	6.0	82.0	24.0	0.0	87.0	0.0	38.0	0.0	93.0	75.0	0.0	0.0	27.0	0.0	0.0	65.0	81.0	0.0	0.0	0.0	16.0	0.0	0.0	0.0	0.0	58.0	34.0
6.0	56.0	54.0	0.0	0.0	0.0	0.0	45.0	0.0	84.0	0.0	0.0	53.0	5.0	80.0	52.0	0.0	55.0	58.0	0.0	0.0	0.0	0.0	0.0	0.0	64.0	43.0	0.0	0.0	14.0	0.0	0.0	5.0	100.0	0.0	21.0	81.0	24.0	80.0	28.0	0.0	0.0	5.0	0.0	0.0	0.0	22.0	0.0	41.0	96.0	34.0	0.0	0.0	0.0	0.0	83.0	0.0	33.0	82.0	66.0	56.0	7.0	60.0	0.0	0.0	0.0	0.0	0.0	0.0	68.0	79.0	12.0	0.0	0.0	0.0	45.0	37.0	0.0	0.0	93.0	27.0	1.0	0.0	0.0	0.0	57.0	69.0	76.0	0.0	0.0	1.0	50.0	0.0	0.0	78.0	0.0	0.0	66.0	94.0	5.0	0.0	0.0	0.0	69.0	0.0	82.0	0.0	45.0	0.0	4.0	0.0	16.0	97.0	79.0	60.0	0.0	0.0	31.0	35.0	0.0	0.0	0.0	0.0	96.0	40.0	0.0	28.0	0.0	0.0	0.0	0.0	0.0	8.0	0.0	0.0	0.0	0.0	0.0	0.0	30.0	14.0	95.0	0.0	3.0	0.0	41.0	0.0	0.0	0.0	86.0	54.0	0.0	0.0	0.0	0.0	0.0	64.0	0.0	23.0	0.0	0.0	56.0	68.0	0.0	0.0	0.0	0.0	27.0	0.0	30.0	0.0	4.0	0.0	11.0	0.0	3.0	0.0	35.0	0.0	0.0	95.0	43.0	1.0	0.0	65.0	15.0	92.0	0.0	25.0	82.0	13.0
84.0	0.0	50.0	0.0	82.0	78.0	0.0	0.0	77.0	61.0	0.0	0.0	19.0	96.0	0.0	0.0	47.0	94.0	0.0	59.0	0.0	0.0	68.0	0.0	0.0	58.0	0.0	0.0	0.0	46.0	0.0	10.0	75.0	0.0	20.0	0.0	0.0	47.0	0.0	22.0	0.0	37.0	0.0	0.0	0.0	90.0	0.0	96.0	47.0	78.0	96.0	25.0	0.0	25.0	0.0	75.0	16.0	98.0	36.0	0.0	31.0	0.0	70.0	0.0	4.0	0.0	0.0	0.0	0.0	0.0	0.0	0.0	65.0	57.0	0.0	0.0	51.0	87.0	35.0	0.0	0.0	95.0	0.0	42.0	0.0	0.0	100.0	0.0	0.0	0.0	0.0	0.0	0.0	0.0	0.0	68.0	32.0	27.0	0.0	0.0	16.0	0.0	38.0	0.0	25.0	0.0	0.0	0.0	0.0	0.0	42.0	29.0	44.0	0.0	0.0	69.0	0.0	18.0	0.0	0.0	0.0	0.0	0.0	13.0	65.0	83.0	0.0	0.0	91.0	76.0	0.0	0.0	87.0	0.0	29.0	33.0	0.0	0.0	0.0	0.0	93.0	58.0	0.0	4.0	63.0	68.0	0.0	0.0	40.0	33.0	62.0	0.0	0.0	72.0	57.0	0.0	0.0	0.0	0.0	0.0	60.0	52.0	56.0	81.0	0.0	40.0	0.0	0.0	51.0	81.0	0.0	0.0	69.0	21.0	0.0	0.0	0.0	0.0	7.0	0.0	0.0	66.0	0.0	89.0	98.0	0.0	12.0	0.0	30.0	6.0
93.0	0.0	0.0	0.0	91.0	0.0	41.0	0.0	17.0	4.0	0.0	49.0	0.0	0.0	73.0	63.0	0.0	4.0	2.0	0.0	0.0	73.0	13.0	9.0	0.0	52.0	23.0	0.0	92.0	84.0	0.0	3.0	20.0	9.0	47.0	0.0	0.0	27.0	91.0	0.0	28.0	0.0	52.0	0.0	0.0	0.0	61.0	19.0	0.0	98.0	0.0	40.0	58.0	0.0	38.0	0.0	97.0	93.0	6.0	0.0	0.0	0.0	0.0	0.0	1.0	37.0	51.0	0.0	0.0	23.0	0.0	0.0	0.0	0.0	85.0	69.0	33.0	0.0	63.0	66.0	1.0	0.0	70.0	63.0	98.0	45.0	0.0	56.0	0.0	0.0	100.0	45.0	29.0	0.0	51.0	0.0	0.0	0.0	23.0	13.0	0.0	0.0	40.0	0.0	49.0	0.0	16.0	84.0	0.0	46.0	0.0	0.0	84.0	0.0	0.0	0.0	0.0	0.0	7.0	42.0	0.0	0.0	68.0	0.0	0.0	30.0	1.0	0.0	0.0	0.0	26.0	0.0	52.0	0.0	3.0	26.0	0.0	0.0	86.0	99.0	97.0	83.0	0.0	19.0	0.0	0.0	81.0	60.0	79.0	36.0	0.0	99.0	0.0	0.0	0.0	58.0	99.0	18.0	0.0	37.0	0.0	0.0	45.0	0.0	70.0	32.0	0.0	0.0	0.0	92.0	93.0	0.0	0.0	0.0	0.0	94.0	0.0	0.0	0.0	12.0	87.0	0.0	0.0	0.0	41.0	0.0	91.0	46.0	0.0
0.0	0.0	0.0	0.0	0.0	0.0	0.0	0.0	0.0	100.0	0.0	16.0	0.0	0.0	0.0	57.0	0.0	57.0	22.0	0.0	6.0	0.0	54.0	0.0	37.0	0.0	0.0	0.0	0.0	36.0	0.0	0.0	0.0	0.0	0.0	57.0	0.0	36.0	63.0	0.0	0.0	18.0	0.0	15.0	47.0	0.0	28.0	0.0	0.0	30.0	0.0	96.0	31.0	0.0	0.0	0.0	81.0	16.0	0.0	19.0	87.0	97.0	4.0	43.0	0.0	0.0	84.0	0.0	0.0	12.0	97.0	0.0	0.0	0.0	0.0	67.0	0.0	84.0	81.0	0.0	0.0	0.0	0.0	0.0	23.0	0.0	20.0	0.0	0.0	0.0	42.0	76.0	4.0	0.0	0.0	0.0	0.0	0.0	0.0	0.0	0.0	0.0	12.0	0.0	95.0	78.0	0.0	0.0	13.0	24.0	41.0	45.0	0.0	53.0	9.0	93.0	0.0	0.0	90.0	94.0	0.0	81.0	81.0	21.0	72.0	0.0	0.0	26.0	93.0	0.0	38.0	85.0	67.0	62.0	0.0	0.0	2.0	0.0	90.0	5.0	0.0	0.0	0.0	0.0	63.0	0.0	96.0	0.0	0.0	0.0	0.0	0.0	8.0	0.0	21.0	10.0	0.0	0.0	0.0	57.0	0.0	60.0	0.0	0.0	17.0	69.0	35.0	0.0	33.0	55.0	83.0	21.0	76.0	0.0	0.0	36.0	97.0	51.0	79.0	48.0	0.0	57.0	0.0	10.0	0.0	0.0	0.0	59.0
15.0	67.0	0.0	13.0	0.0	1.0	0.0	0.0	55.0	97.0	91.0	69.0	99.0	48.0	98.0	40.0	63.0	47.0	0.0	50.0	17.0	23.0	0.0	46.0	0.0	1.0	0.0	77.0	0.0	0.0	0.0	0.0	93.0	56.0	7.0	54.0	58.0	21.0	0.0	65.0	93.0	11.0	85.0	0.0	0.0	0.0	88.0	96.0	3.0	52.0	0.0	76.0	30.0	37.0	55.0	0.0	70.0	71.0	0.0	0.0	0.0	80.0	33.0	0.0	0.0	0.0	13.0	68.0	0.0	81.0	0.0	8.0	23.0	97.0	37.0	79.0	0.0	0.0	55.0	0.0	25.0	40.0	43.0	44.0	80.0	20.0	0.0	74.0	0.0	0.0	27.0	0.0	0.0	0.0	0.0	0.0	60.0	0.0	0.0	26.0	0.0	0.0	0.0	35.0	0.0	63.0	26.0	87.0	0.0	0.0	0.0	0.0	0.0	17.0	0.0	0.0	0.0	0.0	0.0	36.0	30.0	0.0	85.0	0.0	53.0	0.0	0.0	0.0	0.0	83.0	0.0	0.0	0.0	0.0	0.0	40.0	0.0	98.0	0.0	0.0	0.0	68.0	0.0	0.0	19.0	0.0	69.0	0.0	0.0	7.0	29.0	0.0	0.0	0.0	0.0	42.0	0.0	0.0	74.0	33.0	81.0	50.0	0.0	0.0	6.0	0.0	0.0	85.0	87.0	0.0	78.0	62.0	66.0	60.0	0.0	0.0	41.0	0.0	0.0	68.0	5.0	0.0	0.0	42.0	45.0	0.0	0.0
0.0	67.0	69.0	63.0	92.0	0.0	0.0	0.0	19.0	78.0	81.0	0.0	8.0	0.0	99.0	33.0	77.0	0.0	61.0	59.0	19.0	8.0	56.0	0.0	87.0	0.0	52.0	1.0	0.0	73.0	17.0	48.0	2.0	0.0	0.0	55.0	100.0	7.0	63.0	0.0	0.0	0.0	0.0	46.0	66.0	29.0	93.0	99.0	0.0	90.0	0.0	0.0	98.0	0.0	0.0	71.0	68.0	0.0	86.0	6.0	0.0	32.0	44.0	0.0	0.0	66.0	30.0	43.0	98.0	0.0	0.0	0.0	0.0	0.0	4.0	17.0	16.0	64.0	0.0	43.0	0.0	63.0	8.0	32.0	69.0	78.0	0.0	97.0	0.0	0.0	0.0	0.0	0.0	32.0	42.0	65.0	98.0	0.0	0.0	0.0	2.0	18.0	0.0	0.0	0.0	53.0	28.0	0.0	9.0	4.0	69.0	93.0	28.0	56.0	0.0	0.0	0.0	25.0	98.0	10.0	73.0	26.0	0.0	0.0	0.0	82.0	77.0	43.0	20.0	2.0	73.0	53.0	0.0	0.0	50.0	0.0	0.0	28.0	4.0	0.0	0.0	0.0	85.0	4.0	81.0	20.0	0.0	93.0	54.0	99.0	90.0	58.0	5.0	0.0	26.0	0.0	0.0	0.0	0.0	68.0	81.0	14.0	0.0	0.0	0.0	0.0	0.0	0.0	88.0	18.0	0.0	0.0	0.0	4.0	48.0	48.0	27.0	72.0	66.0	100.0	0.0	0.0	92.0	0.0	0.0	21.0
27.0	75.0	0.0	15.0	77.0	62.0	0.0	0.0	0.0	15.0	0.0	0.0	0.0	0.0	0.0	74.0	96.0	20.0	87.0	79.0	0.0	0.0	19.0	0.0	33.0	94.0	0.0	21.0	80.0	24.0	27.0	0.0	82.0	21.0	48.0	25.0	0.0	0.0	0.0	37.0	63.0	18.0	76.0	0.0	0.0	75.0	0.0	0.0	79.0	88.0	74.0	0.0	0.0	0.0	62.0	13.0	0.0	0.0	0.0	71.0	0.0	86.0	9.0	0.0	0.0	31.0	0.0	0.0	50.0	94.0	0.0	93.0	98.0	0.0	77.0	29.0	0.0	90.0	72.0	0.0	0.0	0.0	42.0	0.0	98.0	0.0	0.0	0.0	15.0	77.0	0.0	36.0	0.0	43.0	57.0	24.0	31.0	72.0	94.0	21.0	38.0	0.0	0.0	26.0	51.0	60.0	57.0	0.0	95.0	0.0	92.0	41.0	0.0	0.0	36.0	0.0	0.0	34.0	0.0	52.0	0.0	86.0	0.0	0.0	0.0	0.0	0.0	0.0	0.0	0.0	0.0	0.0	0.0	79.0	76.0	0.0	0.0	0.0	0.0	82.0	24.0	0.0	0.0	50.0	0.0	0.0	0.0	0.0	0.0	0.0	0.0	54.0	73.0	64.0	25.0	24.0	0.0	46.0	0.0	0.0	80.0	0.0	0.0	0.0	43.0	0.0	80.0	0.0	24.0	18.0	0.0	0.0	28.0	24.0	75.0	38.0	0.0	86.0	94.0	0.0	0.0	88.0	61.0	0.0	40.0
82.0	18.0	43.0	0.0	0.0	43.0	82.0	0.0	52.0	18.0	93.0	42.0	0.0	95.0	0.0	79.0	56.0	70.0	0.0	0.0	90.0	0.0	0.0	22.0	9.0	0.0	0.0	89.0	59.0	65.0	0.0	40.0	32.0	0.0	91.0	26.0	93.0	0.0	59.0	0.0	14.0	0.0	0.0	0.0	0.0	0.0	0.0	0.0	0.0	0.0	0.0	0.0	0.0	75.0	0.0	0.0	0.0	23.0	0.0	30.0	0.0	0.0	58.0	96.0	28.0	0.0	57.0	0.0	98.0	0.0	0.0	76.0	0.0	75.0	0.0	94.0	32.0	40.0	30.0	58.0	0.0	39.0	0.0	0.0	48.0	45.0	82.0	0.0	13.0	56.0	1.0	26.0	0.0	41.0	0.0	0.0	0.0	0.0	0.0	0.0	42.0	42.0	0.0	53.0	78.0	81.0	28.0	51.0	0.0	0.0	0.0	0.0	0.0	50.0	83.0	0.0	0.0	0.0	0.0	85.0	9.0	94.0	24.0	18.0	18.0	0.0	68.0	61.0	0.0	25.0	0.0	80.0	10.0	0.0	90.0	19.0	0.0	0.0	30.0	0.0	28.0	91.0	27.0	49.0	39.0	97.0	0.0	0.0	84.0	45.0	0.0	0.0	0.0	22.0	0.0	61.0	97.0	59.0	39.0	0.0	0.0	30.0	99.0	0.0	49.0	0.0	0.0	32.0	0.0	22.0	46.0	35.0	0.0	0.0	57.0	0.0	81.0	0.0	63.0	18.0	59.0	18.0	0.0	70.0
0.0	0.0	0.0	77.0	44.0	0.0	98.0	84.0	0.0	0.0	55.0	67.0	68.0	0.0	0.0	0.0	72.0	73.0	0.0	67.0	0.0	68.0	75.0	15.0	67.0	0.0	0.0	0.0	0.0	0.0	88.0	0.0	88.0	64.0	37.0	89.0	0.0	0.0	71.0	0.0	72.0	0.0	26.0	75.0	53.0	0.0	8.0	0.0	57.0	0.0	91.0	13.0	0.0	0.0	70.0	0.0	0.0	0.0	0.0	0.0	0.0	0.0	0.0	0.0	63.0	0.0	0.0	33.0	64.0	0.0	20.0	5.0	85.0	0.0	0.0	41.0	0.0	0.0	2.0	98.0	0.0	22.0	0.0	75.0	0.0	0.0	27.0	43.0	0.0	0.0	76.0	0.0	0.0	0.0	33.0	30.0	58.0	0.0	24.0	60.0	0.0	77.0	0.0	27.0	39.0	0.0	57.0	67.0	0.0	54.0	14.0	0.0	0.0	0.0	15.0	0.0	0.0	0.0	68.0	18.0	63.0	83.0	65.0	0.0	0.0	8.0	3.0	91.0	95.0	88.0	41.0	96.0	0.0	0.0	13.0	0.0	0.0	0.0	0.0	57.0	25.0	0.0	5.0	6.0	88.0	0.0	0.0	0.0	0.0	0.0	0.0	82.0	84.0	62.0	0.0	50.0	35.0	0.0	0.0	8.0	0.0	0.0	0.0	0.0	73.0	20.0	0.0	83.0	2.0	62.0	94.0	0.0	0.0	0.0	100.0	0.0	0.0	92.0	72.0	0.0	0.0	0.0	75.0
0.0	36.0	0.0	0.0	56.0	0.0	92.0	99.0	59.0	0.0	72.0	42.0	0.0	53.0	0.0	0.0	4.0	0.0	0.0	14.0	31.0	0.0	75.0	31.0	0.0	19.0	0.0	12.0	0.0	78.0	38.0	0.0	0.0	0.0	0.0	98.0	0.0	71.0	50.0	1.0	64.0	0.0	78.0	0.0	0.0	0.0	0.0	57.0	4.0	0.0	0.0	0.0	10.0	89.0	30.0	0.0	0.0	0.0	0.0	0.0	29.0	50.0	0.0	35.0	15.0	0.0	44.0	0.0	0.0	72.0	0.0	0.0	84.0	57.0	43.0	0.0	99.0	0.0	0.0	0.0	12.0	87.0	0.0	0.0	0.0	0.0	60.0	53.0	0.0	7.0	0.0	0.0	80.0	0.0	0.0	0.0	0.0	0.0	0.0	48.0	56.0	76.0	100.0	88.0	35.0	0.0	73.0	0.0	91.0	0.0	68.0	89.0	0.0	37.0	0.0	0.0	38.0	79.0	0.0	0.0	43.0	0.0	81.0	0.0	0.0	0.0	44.0	65.0	0.0	0.0	58.0	0.0	95.0	97.0	0.0	24.0	0.0	0.0	77.0	19.0	24.0	0.0	4.0	0.0	0.0	0.0	0.0	0.0	4.0	0.0	72.0	0.0	0.0	3.0	0.0	0.0	85.0	44.0	0.0	82.0	0.0	0.0	0.0	54.0	82.0	98.0	73.0	0.0	7.0	0.0	22.0	91.0	0.0	13.0	12.0	11.0	0.0	74.0	45.0	83.0	4.0	47.0
84.0	22.0	4.0	0.0	29.0	0.0	9.0	0.0	0.0	21.0	0.0	0.0	23.0	0.0	81.0	0.0	0.0	0.0	92.0	84.0	33.0	0.0	0.0	0.0	93.0	0.0	46.0	0.0	0.0	0.0	0.0	0.0	0.0	80.0	42.0	0.0	23.0	50.0	9.0	0.0	0.0	0.0	0.0	56.0	58.0	0.0	0.0	44.0	0.0	26.0	0.0	22.0	22.0	0.0	27.0	32.0	0.0	0.0	7.0	0.0	7.0	17.0	78.0	0.0	49.0	0.0	0.0	0.0	94.0	56.0	0.0	55.0	46.0	0.0	0.0	67.0	38.0	0.0	44.0	8.0	0.0	0.0	0.0	0.0	87.0	0.0	37.0	0.0	0.0	16.0	68.0	0.0	0.0	24.0	31.0	8.0	0.0	45.0	56.0	26.0	0.0	0.0	72.0	72.0	0.0	0.0	0.0	52.0	0.0	0.0	0.0	22.0	34.0	47.0	0.0	87.0	0.0	0.0	19.0	0.0	0.0	57.0	37.0	0.0	0.0	0.0	0.0	0.0	5.0	0.0	21.0	0.0	0.0	74.0	0.0	0.0	0.0	43.0	0.0	0.0	48.0	66.0	50.0	29.0	0.0	0.0	61.0	88.0	1.0	92.0	22.0	0.0	78.0	33.0	0.0	79.0	97.0	5.0	0.0	10.0	0.0	0.0	0.0	0.0	98.0	0.0	0.0	0.0	0.0	47.0	9.0	0.0	93.0	0.0	97.0	2.0	0.0	0.0	0.0	82.0	35.0
76.0	43.0	72.0	25.0	64.0	28.0	0.0	69.0	79.0	0.0	0.0	83.0	80.0	0.0	0.0	28.0	58.0	16.0	100.0	87.0	0.0	0.0	77.0	0.0	49.0	0.0	25.0	0.0	26.0	0.0	48.0	0.0	0.0	49.0	46.0	0.0	0.0	0.0	0.0	85.0	0.0	0.0	71.0	0.0	83.0	0.0	0.0	0.0	0.0	0.0	92.0	0.0	0.0	0.0	81.0	0.0	0.0	0.0	0.0	0.0	0.0	42.0	32.0	78.0	8.0	17.0	0.0	41.0	0.0	56.0	0.0	70.0	31.0	0.0	67.0	42.0	63.0	0.0	100.0	0.0	0.0	0.0	0.0	82.0	13.0	69.0	34.0	96.0	0.0	39.0	21.0	0.0	0.0	0.0	0.0	21.0	25.0	0.0	0.0	69.0	12.0	71.0	0.0	0.0	0.0	19.0	98.0	92.0	11.0	16.0	0.0	0.0	64.0	88.0	81.0	16.0	71.0	99.0	52.0	85.0	0.0	0.0	0.0	9.0	0.0	0.0	44.0	0.0	0.0	0.0	13.0	0.0	0.0	0.0	78.0	100.0	0.0	80.0	0.0	77.0	67.0	58.0	0.0	0.0	35.0	0.0	0.0	0.0	91.0	0.0	0.0	0.0	49.0	0.0	39.0	81.0	88.0	0.0	0.0	0.0	42.0	0.0	42.0	0.0	0.0	0.0	79.0	91.0	51.0	0.0	7.0	7.0	95.0	0.0	0.0	70.0	0.0	97.0	85.0	0.0
81.0	0.0	0.0	48.0	0.0	0.0	86.0	13.0	0.0	0.0	0.0	0.0	0.0	0.0	0.0	0.0	44.0	7.0	73.0	0.0	0.0	69.0	35.0	57.0	0.0	0.0	0.0	0.0	0.0	0.0	0.0	73.0	0.0	0.0	0.0	0.0	17.0	0.0	0.0	4.0	50.0	0.0	0.0	0.0	0.0	79.0	0.0	0.0	0.0	82.0	0.0	0.0	79.0	0.0	0.0	0.0	0.0	0.0	95.0	24.0	12.0	48.0	0.0	60.0	6.0	0.0	0.0	0.0	100.0	87.0	3.0	0.0	0.0	17.0	19.0	79.0	49.0	70.0	36.0	18.0	56.0	1.0	16.0	0.0	0.0	51.0	30.0	54.0	98.0	45.0	5.0	95.0	0.0	0.0	28.0	0.0	0.0	15.0	0.0	34.0	0.0	0.0	0.0	0.0	33.0	67.0	0.0	13.0	0.0	93.0	0.0	0.0	83.0	0.0	0.0	25.0	5.0	92.0	0.0	0.0	0.0	96.0	67.0	75.0	0.0	22.0	0.0	0.0	0.0	0.0	0.0	0.0	86.0	1.0	0.0	0.0	35.0	0.0	18.0	0.0	83.0	56.0	0.0	0.0	0.0	89.0	0.0	97.0	38.0	73.0	26.0	0.0	55.0	0.0	0.0	43.0	0.0	20.0	0.0	0.0	0.0	0.0	0.0	30.0	26.0	0.0	9.0	78.0	0.0	12.0	27.0	0.0	89.0	88.0	0.0	0.0	0.0	11.0	0.0
27.0	0.0	0.0	96.0	1.0	86.0	0.0	97.0	58.0	0.0	0.0	0.0	0.0	66.0	0.0	0.0	0.0	77.0	71.0	0.0	91.0	74.0	80.0	0.0	26.0	0.0	0.0	27.0	64.0	0.0	0.0	33.0	72.0	0.0	13.0	88.0	0.0	0.0	23.0	65.0	0.0	0.0	39.0	0.0	0.0	0.0	12.0	0.0	0.0	0.0	36.0	4.0	96.0	0.0	6.0	0.0	0.0	87.0	0.0	17.0	0.0	82.0	11.0	0.0	8.0	0.0	0.0	0.0	0.0	88.0	63.0	0.0	9.0	0.0	20.0	20.0	0.0	20.0	28.0	61.0	0.0	0.0	0.0	61.0	44.0	49.0	8.0	95.0	71.0	0.0	37.0	0.0	86.0	4.0	81.0	57.0	38.0	0.0	0.0	12.0	16.0	53.0	0.0	39.0	0.0	0.0	0.0	0.0	0.0	0.0	85.0	0.0	90.0	98.0	17.0	61.0	79.0	0.0	0.0	71.0	0.0	84.0	45.0	0.0	66.0	0.0	23.0	22.0	45.0	0.0	4.0	0.0	0.0	0.0	13.0	81.0	0.0	25.0	0.0	0.0	0.0	86.0	0.0	0.0	45.0	42.0	56.0	3.0	0.0	0.0	54.0	32.0	35.0	0.0	0.0	11.0	22.0	70.0	49.0	43.0	0.0	4.0	1.0	100.0	0.0	0.0	43.0	70.0	0.0	63.0	5.0	45.0	37.0	0.0	0.0	94.0	61.0	0.0
0.0	0.0	91.0	95.0	0.0	73.0	0.0	70.0	0.0	67.0	1.0	0.0	73.0	82.0	52.0	13.0	0.0	63.0	19.0	84.0	75.0	57.0	0.0	0.0	34.0	0.0	0.0	0.0	0.0	0.0	0.0	28.0	32.0	54.0	0.0	0.0	73.0	94.0	0.0	0.0	56.0	0.0	0.0	1.0	35.0	46.0	0.0	85.0	0.0	54.0	0.0	82.0	22.0	46.0	98.0	96.0	0.0	18.0	0.0	45.0	40.0	0.0	60.0	0.0	3.0	93.0	0.0	32.0	67.0	2.0	89.0	88.0	0.0	0.0	16.0	0.0	70.0	0.0	22.0	0.0	0.0	0.0	0.0	0.0	0.0	34.0	0.0	30.0	24.0	0.0	81.0	0.0	98.0	65.0	19.0	0.0	0.0	0.0	82.0	0.0	48.0	0.0	0.0	43.0	60.0	58.0	0.0	92.0	0.0	66.0	0.0	0.0	39.0	0.0	0.0	0.0	68.0	0.0	19.0	18.0	0.0	88.0	23.0	0.0	0.0	63.0	0.0	0.0	0.0	96.0	2.0	88.0	0.0	0.0	12.0	56.0	27.0	70.0	47.0	43.0	0.0	33.0	0.0	0.0	9.0	0.0	61.0	97.0	59.0	0.0	35.0	0.0	39.0	0.0	63.0	0.0	0.0	64.0	43.0	0.0	0.0	69.0	55.0	34.0	46.0	0.0	0.0	42.0	0.0	86.0	0.0	58.0	11.0	0.0	0.0	95.0	0.0
29.0	0.0	52.0	99.0	58.0	0.0	0.0	51.0	0.0	9.0	0.0	11.0	3.0	21.0	0.0	9.0	20.0	81.0	2.0	0.0	8.0	0.0	0.0	83.0	6.0	0.0	0.0	42.0	91.0	68.0	23.0	0.0	69.0	2.0	46.0	55.0	14.0	96.0	0.0	10.0	49.0	0.0	0.0	87.0	0.0	0.0	41.0	87.0	59.0	0.0	45.0	70.0	47.0	19.0	0.0	0.0	1.0	0.0	26.0	0.0	0.0	0.0	0.0	9.0	0.0	27.0	11.0	29.0	0.0	93.0	0.0	23.0	0.0	0.0	0.0	6.0	6.0	0.0	0.0	0.0	93.0	39.0	0.0	0.0	52.0	21.0	0.0	22.0	65.0	51.0	80.0	9.0	0.0	0.0	97.0	0.0	0.0	0.0	0.0	54.0	46.0	0.0	0.0	0.0	2.0	0.0	0.0	0.0	0.0	60.0	42.0	19.0	0.0	0.0	0.0	0.0	0.0	76.0	55.0	0.0	72.0	14.0	22.0	20.0	0.0	65.0	0.0	6.0	0.0	0.0	25.0	40.0	36.0	54.0	0.0	47.0	59.0	0.0	77.0	78.0	94.0	42.0	0.0	0.0	69.0	38.0	83.0	84.0	0.0	0.0	0.0	0.0	35.0	0.0	33.0	0.0	66.0	85.0	0.0	0.0	0.0	0.0	0.0	0.0	97.0	0.0	0.0	0.0	0.0	0.0	0.0	84.0	0.0	97.0	2.0	83.0
33.0	0.0	76.0	0.0	0.0	0.0	60.0	58.0	5.0	98.0	94.0	0.0	0.0	32.0	0.0	0.0	0.0	97.0	14.0	0.0	50.0	0.0	42.0	0.0	24.0	0.0	15.0	0.0	0.0	86.0	87.0	40.0	93.0	0.0	83.0	0.0	91.0	0.0	0.0	0.0	0.0	0.0	0.0	0.0	24.0	45.0	0.0	73.0	55.0	0.0	35.0	0.0	7.0	66.0	59.0	0.0	20.0	0.0	41.0	0.0	0.0	89.0	53.0	47.0	14.0	0.0	0.0	0.0	51.0	11.0	0.0	0.0	0.0	60.0	0.0	0.0	0.0	0.0	15.0	75.0	86.0	74.0	8.0	0.0	0.0	17.0	0.0	0.0	1.0	99.0	0.0	0.0	0.0	81.0	26.0	0.0	0.0	48.0	95.0	0.0	79.0	0.0	0.0	0.0	73.0	0.0	0.0	0.0	0.0	95.0	0.0	0.0	0.0	36.0	0.0	0.0	90.0	9.0	1.0	0.0	0.0	45.0	0.0	94.0	0.0	44.0	9.0	0.0	0.0	0.0	38.0	0.0	1.0	0.0	100.0	85.0	0.0	0.0	0.0	61.0	0.0	98.0	39.0	0.0	9.0	17.0	0.0	85.0	0.0	0.0	32.0	76.0	0.0	54.0	0.0	61.0	9.0	23.0	0.0	24.0	50.0	0.0	0.0	37.0	57.0	0.0	58.0	87.0	79.0	0.0	0.0	24.0	0.0	33.0	1.0
30.0	0.0	20.0	0.0	59.0	0.0	0.0	39.0	64.0	0.0	0.0	0.0	0.0	0.0	0.0	0.0	0.0	38.0	69.0	21.0	73.0	85.0	0.0	53.0	78.0	64.0	0.0	0.0	68.0	0.0	0.0	0.0	0.0	0.0	99.0	0.0	42.0	69.0	0.0	0.0	0.0	0.0	0.0	29.0	20.0	0.0	0.0	0.0	84.0	92.0	44.0	0.0	23.0	28.0	0.0	64.0	56.0	0.0	0.0	0.0	40.0	0.0	0.0	13.0	0.0	0.0	19.0	0.0	94.0	0.0	17.0	0.0	12.0	19.0	48.0	10.0	0.0	12.0	63.0	12.0	0.0	0.0	100.0	92.0	0.0	75.0	0.0	88.0	0.0	0.0	0.0	0.0	0.0	0.0	0.0	84.0	24.0	17.0	47.0	72.0	16.0	87.0	57.0	0.0	70.0	77.0	0.0	98.0	98.0	57.0	0.0	26.0	0.0	0.0	0.0	0.0	0.0	6.0	44.0	8.0	0.0	0.0	0.0	0.0	0.0	0.0	0.0	37.0	0.0	0.0	77.0	78.0	78.0	0.0	24.0	59.0	94.0	6.0	14.0	64.0	16.0	78.0	78.0	0.0	0.0	80.0	68.0	0.0	95.0	12.0	2.0	79.0	0.0	15.0	0.0	0.0	0.0	25.0	0.0	76.0	0.0	0.0	0.0	59.0	0.0	0.0	0.0	0.0	0.0	0.0	24.0	0.0	0.0	83.0
0.0	0.0	21.0	0.0	29.0	0.0	88.0	0.0	0.0	0.0	0.0	29.0	15.0	78.0	0.0	0.0	99.0	51.0	85.0	47.0	0.0	38.0	0.0	0.0	97.0	36.0	0.0	49.0	2.0	0.0	10.0	32.0	0.0	0.0	0.0	0.0	0.0	0.0	35.0	0.0	0.0	65.0	19.0	46.0	0.0	91.0	0.0	0.0	0.0	0.0	86.0	0.0	0.0	69.0	22.0	0.0	0.0	0.0	66.0	0.0	0.0	0.0	0.0	92.0	0.0	0.0	8.0	0.0	74.0	43.0	0.0	61.0	79.0	0.0	100.0	72.0	0.0	74.0	0.0	35.0	81.0	0.0	0.0	14.0	80.0	0.0	0.0	0.0	27.0	0.0	37.0	0.0	87.0	69.0	0.0	99.0	33.0	71.0	13.0	24.0	71.0	3.0	0.0	0.0	80.0	0.0	0.0	9.0	75.0	30.0	75.0	61.0	92.0	72.0	0.0	0.0	0.0	0.0	0.0	25.0	77.0	0.0	54.0	0.0	17.0	59.0	0.0	0.0	60.0	0.0	0.0	76.0	0.0	15.0	0.0	95.0	0.0	54.0	2.0	0.0	90.0	0.0	61.0	0.0	0.0	73.0	67.0	65.0	50.0	0.0	0.0	44.0	0.0	0.0	0.0	0.0	92.0	27.0	4.0	0.0	72.0	0.0	48.0	10.0	24.0	0.0	93.0	37.0	0.0	0.0	24.0	7.0	21.0
0.0	73.0	0.0	19.0	0.0	0.0	0.0	92.0	89.0	63.0	0.0	15.0	47.0	0.0	100.0	0.0	5.0	53.0	3.0	0.0	0.0	0.0	71.0	63.0	0.0	36.0	69.0	37.0	0.0	15.0	0.0	35.0	99.0	85.0	59.0	0.0	76.0	65.0	33.0	0.0	64.0	0.0	41.0	0.0	0.0	66.0	0.0	80.0	0.0	0.0	77.0	0.0	38.0	0.0	0.0	47.0	72.0	86.0	7.0	0.0	0.0	27.0	0.0	0.0	11.0	48.0	19.0	0.0	47.0	0.0	29.0	0.0	84.0	0.0	94.0	0.0	28.0	87.0	21.0	0.0	10.0	0.0	0.0	50.0	0.0	0.0	85.0	0.0	87.0	0.0	98.0	9.0	0.0	0.0	0.0	2.0	13.0	0.0	0.0	19.0	51.0	19.0	0.0	0.0	44.0	57.0	96.0	0.0	0.0	0.0	87.0	35.0	19.0	16.0	0.0	4.0	71.0	35.0	72.0	25.0	0.0	37.0	0.0	0.0	0.0	9.0	66.0	0.0	0.0	66.0	80.0	0.0	25.0	0.0	18.0	87.0	48.0	0.0	66.0	0.0	0.0	52.0	0.0	86.0	57.0	0.0	0.0	0.0	68.0	0.0	67.0	0.0	0.0	82.0	0.0	96.0	0.0	0.0	29.0	36.0	72.0	0.0	0.0	0.0	84.0	39.0	33.0	0.0	47.0	70.0	0.0	0.0
0.0	36.0	0.0	9.0	0.0	0.0	0.0	0.0	0.0	0.0	77.0	0.0	0.0	2.0	99.0	0.0	74.0	0.0	0.0	10.0	0.0	4.0	14.0	0.0	0.0	52.0	0.0	90.0	80.0	15.0	42.0	58.0	26.0	0.0	56.0	13.0	47.0	0.0	0.0	80.0	0.0	79.0	0.0	0.0	0.0	0.0	0.0	60.0	42.0	0.0	24.0	0.0	81.0	0.0	30.0	0.0	58.0	18.0	13.0	0.0	0.0	53.0	0.0	0.0	28.0	0.0	53.0	0.0	0.0	0.0	57.0	0.0	40.0	64.0	0.0	73.0	73.0	0.0	16.0	19.0	0.0	96.0	0.0	70.0	0.0	66.0	10.0	74.0	88.0	9.0	15.0	15.0	0.0	0.0	57.0	0.0	0.0	96.0	0.0	21.0	7.0	0.0	0.0	0.0	0.0	28.0	0.0	83.0	80.0	57.0	0.0	0.0	15.0	26.0	0.0	0.0	0.0	0.0	0.0	78.0	97.0	0.0	75.0	0.0	0.0	0.0	0.0	98.0	53.0	0.0	53.0	0.0	8.0	0.0	28.0	0.0	5.0	65.0	68.0	64.0	47.0	78.0	0.0	32.0	53.0	46.0	0.0	0.0	52.0	0.0	32.0	0.0	10.0	0.0	78.0	0.0	97.0	0.0	55.0	80.0	0.0	88.0	33.0	90.0	50.0	0.0	0.0	23.0	56.0	0.0	25.0
58.0	39.0	0.0	43.0	18.0	72.0	0.0	0.0	32.0	0.0	53.0	51.0	43.0	59.0	89.0	0.0	0.0	0.0	26.0	0.0	30.0	72.0	52.0	36.0	87.0	0.0	0.0	0.0	61.0	0.0	65.0	0.0	0.0	0.0	65.0	14.0	43.0	0.0	0.0	16.0	0.0	0.0	67.0	0.0	64.0	0.0	0.0	0.0	67.0	15.0	0.0	0.0	42.0	83.0	0.0	0.0	38.0	0.0	0.0	8.0	96.0	33.0	37.0	0.0	36.0	0.0	0.0	0.0	85.0	0.0	0.0	0.0	65.0	53.0	54.0	6.0	47.0	0.0	0.0	91.0	20.0	7.0	0.0	0.0	29.0	0.0	0.0	66.0	12.0	0.0	0.0	0.0	14.0	0.0	0.0	96.0	0.0	9.0	0.0	15.0	5.0	0.0	0.0	0.0	55.0	0.0	45.0	0.0	36.0	0.0	90.0	47.0	29.0	41.0	0.0	0.0	4.0	22.0	56.0	44.0	0.0	0.0	0.0	0.0	0.0	0.0	0.0	57.0	0.0	0.0	74.0	28.0	0.0	0.0	0.0	0.0	0.0	35.0	100.0	23.0	59.0	0.0	0.0	94.0	0.0	29.0	1.0	0.0	68.0	0.0	90.0	0.0	0.0	97.0	48.0	36.0	61.0	0.0	89.0	0.0	47.0	73.0	58.0	80.0	0.0	0.0	90.0	37.0	89.0	0.0
0.0	0.0	0.0	0.0	46.0	75.0	0.0	0.0	98.0	17.0	87.0	0.0	0.0	86.0	18.0	8.0	0.0	0.0	10.0	0.0	47.0	49.0	0.0	64.0	0.0	56.0	16.0	0.0	29.0	96.0	49.0	98.0	63.0	38.0	0.0	0.0	69.0	0.0	20.0	0.0	0.0	1.0	0.0	16.0	43.0	55.0	17.0	0.0	0.0	33.0	0.0	71.0	0.0	0.0	35.0	67.0	0.0	0.0	54.0	0.0	89.0	0.0	76.0	0.0	0.0	21.0	60.0	41.0	66.0	31.0	24.0	52.0	29.0	47.0	49.0	63.0	0.0	0.0	0.0	0.0	0.0	0.0	70.0	90.0	0.0	0.0	43.0	31.0	0.0	0.0	98.0	0.0	24.0	0.0	0.0	0.0	0.0	0.0	0.0	0.0	0.0	0.0	43.0	29.0	0.0	0.0	0.0	43.0	8.0	0.0	0.0	77.0	12.0	76.0	62.0	0.0	0.0	13.0	100.0	0.0	0.0	55.0	45.0	0.0	27.0	0.0	0.0	20.0	0.0	6.0	33.0	0.0	16.0	94.0	91.0	0.0	0.0	0.0	58.0	0.0	0.0	44.0	0.0	0.0	25.0	7.0	48.0	0.0	12.0	24.0	0.0	37.0	8.0	0.0	0.0	0.0	49.0	0.0	0.0	60.0	0.0	0.0	0.0	0.0	62.0	30.0	0.0	0.0	38.0
0.0	61.0	0.0	0.0	0.0	0.0	0.0	0.0	43.0	0.0	4.0	0.0	0.0	0.0	25.0	0.0	59.0	0.0	99.0	34.0	0.0	0.0	0.0	0.0	81.0	72.0	72.0	6.0	65.0	32.0	0.0	41.0	1.0	43.0	3.0	51.0	0.0	0.0	0.0	89.0	6.0	0.0	40.0	96.0	7.0	33.0	61.0	0.0	3.0	100.0	0.0	0.0	0.0	88.0	67.0	0.0	0.0	0.0	0.0	42.0	0.0	0.0	6.0	16.0	86.0	0.0	0.0	0.0	0.0	0.0	97.0	62.0	0.0	0.0	0.0	37.0	2.0	95.0	0.0	0.0	0.0	68.0	23.0	0.0	0.0	0.0	34.0	0.0	0.0	60.0	0.0	0.0	83.0	71.0	0.0	0.0	0.0	29.0	98.0	81.0	0.0	0.0	0.0	0.0	0.0	21.0	0.0	15.0	0.0	29.0	66.0	0.0	3.0	69.0	15.0	83.0	0.0	0.0	0.0	0.0	0.0	0.0	0.0	0.0	0.0	0.0	0.0	0.0	12.0	84.0	0.0	61.0	3.0	0.0	0.0	47.0	0.0	87.0	0.0	0.0	22.0	81.0	0.0	0.0	50.0	0.0	0.0	0.0	0.0	0.0	0.0	88.0	0.0	14.0	85.0	18.0	4.0	92.0	0.0	0.0	23.0	57.0	63.0	0.0	0.0	0.0	39.0	33.0
85.0	63.0	17.0	0.0	14.0	0.0	50.0	0.0	24.0	0.0	91.0	0.0	0.0	0.0	0.0	28.0	0.0	15.0	14.0	0.0	50.0	0.0	69.0	83.0	82.0	0.0	75.0	25.0	0.0	0.0	0.0	0.0	0.0	0.0	52.0	50.0	52.0	91.0	0.0	0.0	75.0	0.0	94.0	0.0	13.0	7.0	28.0	100.0	34.0	0.0	36.0	70.0	40.0	0.0	0.0	0.0	0.0	0.0	84.0	0.0	0.0	42.0	0.0	68.0	42.0	0.0	12.0	24.0	0.0	47.0	81.0	82.0	70.0	45.0	71.0	0.0	0.0	1.0	57.0	0.0	0.0	9.0	0.0	74.0	0.0	59.0	15.0	0.0	0.0	10.0	0.0	56.0	79.0	0.0	33.0	7.0	41.0	0.0	34.0	35.0	0.0	11.0	0.0	10.0	0.0	62.0	0.0	0.0	94.0	0.0	0.0	44.0	0.0	0.0	0.0	90.0	0.0	0.0	0.0	34.0	0.0	0.0	38.0	72.0	0.0	14.0	0.0	0.0	57.0	35.0	0.0	0.0	43.0	13.0	77.0	0.0	0.0	0.0	45.0	0.0	97.0	65.0	42.0	41.0	0.0	97.0	0.0	33.0	0.0	30.0	0.0	0.0	0.0	0.0	66.0	0.0	0.0	0.0	0.0	68.0	0.0	0.0	39.0	0.0	0.0	0.0	0.0
31.0	79.0	93.0	0.0	61.0	55.0	53.0	0.0	21.0	73.0	82.0	45.0	0.0	24.0	0.0	0.0	90.0	28.0	0.0	79.0	0.0	0.0	0.0	10.0	4.0	78.0	32.0	95.0	0.0	78.0	15.0	0.0	59.0	99.0	0.0	0.0	0.0	0.0	44.0	14.0	0.0	75.0	17.0	0.0	0.0	0.0	0.0	15.0	0.0	0.0	0.0	82.0	91.0	48.0	45.0	0.0	12.0	0.0	0.0	2.0	0.0	44.0	40.0	0.0	44.0	0.0	0.0	0.0	34.0	98.0	65.0	36.0	99.0	50.0	0.0	0.0	0.0	0.0	0.0	8.0	5.0	94.0	46.0	61.0	76.0	0.0	0.0	94.0	19.0	0.0	0.0	0.0	0.0	0.0	2.0	11.0	6.0	18.0	0.0	72.0	67.0	0.0	36.0	0.0	0.0	82.0	51.0	86.0	0.0	0.0	91.0	0.0	75.0	0.0	75.0	0.0	0.0	0.0	0.0	0.0	0.0	0.0	0.0	0.0	0.0	0.0	0.0	70.0	35.0	0.0	0.0	0.0	0.0	50.0	0.0	62.0	26.0	0.0	0.0	76.0	12.0	35.0	72.0	94.0	0.0	39.0	43.0	30.0	83.0	9.0	0.0	0.0	50.0	31.0	0.0	0.0	0.0	77.0	0.0	37.0	4.0	0.0	25.0	9.0	34.0	0.0
45.0	0.0	0.0	0.0	0.0	28.0	0.0	0.0	56.0	94.0	0.0	0.0	46.0	69.0	0.0	43.0	0.0	28.0	0.0	19.0	33.0	57.0	3.0	0.0	0.0	0.0	0.0	97.0	60.0	87.0	42.0	0.0	0.0	48.0	0.0	0.0	0.0	93.0	76.0	0.0	58.0	12.0	95.0	0.0	20.0	52.0	0.0	0.0	0.0	38.0	21.0	0.0	64.0	55.0	95.0	65.0	50.0	0.0	0.0	0.0	0.0	23.0	35.0	0.0	0.0	0.0	0.0	48.0	0.0	0.0	0.0	32.0	0.0	0.0	0.0	56.0	39.0	62.0	0.0	0.0	0.0	0.0	40.0	70.0	0.0	22.0	27.0	64.0	60.0	93.0	0.0	0.0	78.0	62.0	0.0	0.0	49.0	65.0	0.0	0.0	44.0	93.0	68.0	99.0	23.0	0.0	0.0	64.0	86.0	0.0	55.0	0.0	64.0	25.0	0.0	26.0	59.0	80.0	0.0	0.0	66.0	44.0	0.0	0.0	0.0	67.0	15.0	0.0	62.0	0.0	81.0	0.0	73.0	0.0	69.0	0.0	0.0	23.0	0.0	67.0	0.0	43.0	85.0	48.0	0.0	0.0	76.0	32.0	37.0	0.0	0.0	0.0	63.0	0.0	0.0	23.0	39.0	0.0	0.0	27.0	0.0	0.0	0.0	31.0	93.0
0.0	0.0	16.0	49.0	16.0	46.0	0.0	0.0	0.0	22.0	2.0	82.0	0.0	0.0	38.0	46.0	0.0	0.0	0.0	68.0	67.0	90.0	0.0	42.0	0.0	0.0	0.0	48.0	59.0	66.0	0.0	0.0	57.0	91.0	0.0	74.0	39.0	45.0	58.0	0.0	0.0	30.0	84.0	34.0	93.0	0.0	0.0	87.0	0.0	0.0	23.0	0.0	0.0	0.0	0.0	0.0	19.0	0.0	0.0	69.0	0.0	0.0	1.0	84.0	0.0	34.0	21.0	0.0	0.0	0.0	72.0	0.0	6.0	33.0	0.0	0.0	0.0	83.0	0.0	0.0	0.0	89.0	0.0	0.0	42.0	67.0	74.0	75.0	0.0	0.0	56.0	0.0	0.0	0.0	66.0	25.0	0.0	24.0	97.0	0.0	99.0	0.0	22.0	0.0	0.0	37.0	0.0	0.0	81.0	81.0	0.0	47.0	0.0	33.0	0.0	62.0	68.0	0.0	0.0	7.0	55.0	40.0	0.0	55.0	88.0	0.0	49.0	0.0	57.0	17.0	0.0	15.0	60.0	75.0	0.0	0.0	14.0	0.0	0.0	0.0	29.0	39.0	65.0	0.0	34.0	96.0	0.0	0.0	0.0	0.0	68.0	0.0	0.0	63.0	0.0	49.0	0.0	0.0	95.0	0.0	38.0	59.0	0.0	0.0
0.0	0.0	91.0	0.0	74.0	0.0	96.0	0.0	0.0	72.0	0.0	96.0	52.0	90.0	0.0	0.0	28.0	0.0	0.0	21.0	11.0	62.0	37.0	0.0	0.0	0.0	17.0	0.0	0.0	63.0	21.0	0.0	22.0	0.0	0.0	47.0	97.0	0.0	91.0	0.0	0.0	0.0	43.0	0.0	55.0	0.0	0.0	78.0	0.0	42.0	0.0	0.0	68.0	0.0	0.0	0.0	54.0	0.0	0.0	0.0	26.0	9.0	78.0	30.0	66.0	95.0	42.0	59.0	92.0	59.0	0.0	32.0	0.0	0.0	25.0	24.0	0.0	0.0	0.0	96.0	0.0	0.0	75.0	0.0	0.0	28.0	0.0	33.0	4.0	17.0	0.0	0.0	0.0	65.0	0.0	0.0	0.0	0.0	0.0	0.0	53.0	0.0	19.0	0.0	0.0	21.0	0.0	98.0	77.0	8.0	32.0	0.0	57.0	0.0	19.0	0.0	0.0	0.0	0.0	68.0	0.0	65.0	75.0	0.0	0.0	39.0	0.0	0.0	33.0	36.0	35.0	77.0	0.0	0.0	28.0	0.0	0.0	0.0	0.0	0.0	0.0	98.0	72.0	0.0	9.0	0.0	0.0	97.0	53.0	0.0	97.0	19.0	0.0	34.0	0.0	18.0	61.0	0.0	0.0	0.0	46.0	0.0	11.0
31.0	7.0	0.0	9.0	96.0	0.0	55.0	0.0	48.0	99.0	64.0	0.0	0.0	0.0	0.0	17.0	34.0	31.0	0.0	61.0	40.0	79.0	98.0	80.0	62.0	0.0	47.0	0.0	85.0	0.0	0.0	0.0	0.0	85.0	0.0	41.0	34.0	66.0	82.0	21.0	0.0	0.0	78.0	39.0	0.0	0.0	61.0	4.0	0.0	0.0	84.0	91.0	13.0	29.0	65.0	100.0	1.0	47.0	10.0	0.0	0.0	30.0	0.0	75.0	0.0	0.0	93.0	78.0	0.0	81.0	0.0	45.0	0.0	0.0	73.0	0.0	0.0	42.0	0.0	0.0	0.0	10.0	0.0	0.0	20.0	5.0	52.0	0.0	0.0	0.0	0.0	33.0	0.0	55.0	32.0	59.0	0.0	0.0	0.0	0.0	39.0	72.0	0.0	0.0	0.0	29.0	60.0	0.0	6.0	0.0	0.0	59.0	98.0	5.0	0.0	0.0	0.0	0.0	71.0	0.0	39.0	85.0	0.0	0.0	34.0	81.0	0.0	65.0	16.0	0.0	27.0	26.0	0.0	91.0	75.0	0.0	0.0	60.0	100.0	0.0	74.0	65.0	21.0	0.0	0.0	72.0	0.0	16.0	66.0	44.0	72.0	0.0	75.0	0.0	43.0	4.0	43.0	40.0	0.0	27.0	0.0	0.0
0.0	61.0	16.0	20.0	39.0	93.0	0.0	100.0	84.0	0.0	0.0	0.0	0.0	0.0	0.0	97.0	95.0	21.0	92.0	16.0	10.0	0.0	7.0	67.0	0.0	35.0	69.0	61.0	97.0	0.0	4.0	28.0	82.0	0.0	24.0	0.0	33.0	0.0	21.0	0.0	0.0	0.0	16.0	0.0	0.0	0.0	24.0	0.0	0.0	27.0	76.0	0.0	0.0	35.0	0.0	39.0	12.0	71.0	16.0	0.0	0.0	0.0	0.0	18.0	0.0	79.0	39.0	82.0	1.0	0.0	34.0	72.0	0.0	0.0	0.0	48.0	96.0	0.0	87.0	0.0	0.0	0.0	8.0	0.0	81.0	0.0	79.0	31.0	0.0	0.0	0.0	0.0	62.0	0.0	14.0	62.0	50.0	77.0	0.0	81.0	0.0	26.0	0.0	2.0	0.0	0.0	77.0	0.0	0.0	46.0	12.0	0.0	10.0	0.0	0.0	0.0	0.0	0.0	33.0	10.0	60.0	10.0	30.0	0.0	0.0	0.0	9.0	0.0	43.0	0.0	0.0	0.0	0.0	0.0	14.0	0.0	39.0	0.0	0.0	0.0	20.0	0.0	0.0	45.0	85.0	0.0	0.0	37.0	0.0	0.0	88.0	73.0	7.0	5.0	0.0	13.0	0.0	0.0	0.0	15.0	89.0
0.0	44.0	0.0	71.0	49.0	0.0	0.0	23.0	0.0	26.0	0.0	0.0	36.0	63.0	50.0	14.0	42.0	0.0	0.0	12.0	56.0	78.0	0.0	0.0	59.0	0.0	26.0	20.0	0.0	69.0	38.0	0.0	0.0	0.0	0.0	0.0	49.0	0.0	0.0	21.0	0.0	15.0	0.0	0.0	0.0	45.0	0.0	17.0	0.0	49.0	0.0	48.0	51.0	0.0	50.0	0.0	68.0	0.0	40.0	37.0	0.0	0.0	0.0	0.0	0.0	0.0	1.0	85.0	0.0	7.0	11.0	66.0	0.0	56.0	0.0	9.0	0.0	98.0	7.0	71.0	94.0	0.0	0.0	0.0	0.0	26.0	0.0	0.0	0.0	0.0	98.0	0.0	0.0	95.0	0.0	54.0	94.0	76.0	31.0	49.0	0.0	4.0	35.0	0.0	0.0	31.0	0.0	0.0	90.0	10.0	0.0	0.0	0.0	0.0	92.0	59.0	91.0	0.0	4.0	7.0	0.0	0.0	0.0	43.0	0.0	14.0	0.0	0.0	0.0	0.0	13.0	0.0	0.0	69.0	15.0	1.0	0.0	0.0	64.0	0.0	0.0	97.0	54.0	0.0	49.0	0.0	0.0	0.0	12.0	61.0	36.0	0.0	56.0	0.0	89.0	75.0	24.0	0.0	90.0	0.0
0.0	0.0	0.0	20.0	0.0	0.0	20.0	0.0	58.0	0.0	33.0	68.0	23.0	84.0	63.0	0.0	31.0	0.0	0.0	0.0	16.0	93.0	0.0	0.0	94.0	47.0	0.0	56.0	0.0	0.0	49.0	4.0	0.0	0.0	0.0	0.0	78.0	0.0	0.0	73.0	93.0	81.0	55.0	0.0	36.0	0.0	9.0	0.0	0.0	0.0	0.0	96.0	30.0	31.0	0.0	32.0	12.0	0.0	0.0	3.0	0.0	0.0	0.0	7.0	80.0	0.0	43.0	29.0	0.0	0.0	0.0	58.0	26.0	40.0	70.0	94.0	0.0	0.0	40.0	11.0	8.0	60.0	0.0	0.0	0.0	26.0	42.0	40.0	0.0	0.0	36.0	21.0	0.0	38.0	77.0	0.0	42.0	0.0	82.0	0.0	0.0	22.0	0.0	0.0	49.0	0.0	0.0	0.0	95.0	84.0	94.0	35.0	0.0	0.0	100.0	0.0	47.0	95.0	77.0	0.0	0.0	72.0	75.0	39.0	77.0	14.0	0.0	0.0	53.0	0.0	0.0	51.0	3.0	61.0	87.0	41.0	0.0	0.0	0.0	0.0	59.0	0.0	17.0	0.0	0.0	0.0	83.0	0.0	26.0	94.0	0.0	15.0	88.0	0.0	58.0	0.0	28.0	0.0	46.0
92.0	0.0	0.0	66.0	78.0	0.0	0.0	72.0	0.0	0.0	0.0	13.0	0.0	41.0	0.0	77.0	0.0	32.0	0.0	0.0	74.0	98.0	17.0	0.0	0.0	2.0	0.0	54.0	85.0	58.0	26.0	0.0	0.0	27.0	20.0	0.0	24.0	0.0	0.0	75.0	0.0	1.0	79.0	3.0	88.0	3.0	0.0	0.0	0.0	0.0	96.0	0.0	0.0	0.0	0.0	65.0	93.0	0.0	71.0	10.0	0.0	0.0	0.0	0.0	0.0	0.0	2.0	0.0	0.0	0.0	0.0	46.0	51.0	59.0	4.0	0.0	34.0	0.0	0.0	86.0	0.0	68.0	96.0	35.0	0.0	0.0	0.0	0.0	45.0	0.0	81.0	0.0	78.0	6.0	3.0	59.0	20.0	0.0	98.0	36.0	7.0	20.0	37.0	4.0	37.0	0.0	0.0	0.0	75.0	0.0	0.0	0.0	66.0	0.0	74.0	97.0	0.0	65.0	88.0	24.0	1.0	3.0	62.0	0.0	36.0	95.0	0.0	0.0	57.0	16.0	0.0	75.0	0.0	0.0	0.0	0.0	0.0	3.0	45.0	36.0	0.0	74.0	63.0	50.0	8.0	80.0	87.0	0.0	51.0	3.0	0.0	0.0	16.0	0.0	0.0	1.0	0.0	23.0
0.0	0.0	0.0	0.0	0.0	0.0	68.0	91.0	0.0	54.0	98.0	58.0	0.0	2.0	0.0	0.0	0.0	8.0	0.0	0.0	48.0	0.0	96.0	97.0	0.0	31.0	70.0	0.0	0.0	0.0	97.0	16.0	60.0	0.0	51.0	98.0	92.0	74.0	0.0	0.0	0.0	0.0	63.0	0.0	39.0	50.0	0.0	0.0	0.0	44.0	0.0	5.0	82.0	96.0	0.0	0.0	83.0	22.0	67.0	0.0	0.0	64.0	0.0	0.0	87.0	78.0	24.0	0.0	0.0	0.0	45.0	0.0	0.0	0.0	0.0	82.0	0.0	0.0	3.0	0.0	0.0	15.0	5.0	0.0	0.0	46.0	0.0	55.0	0.0	61.0	0.0	42.0	85.0	0.0	77.0	0.0	46.0	0.0	0.0	0.0	0.0	45.0	0.0	89.0	0.0	8.0	0.0	0.0	77.0	0.0	0.0	0.0	42.0	0.0	0.0	0.0	0.0	91.0	0.0	0.0	0.0	0.0	0.0	0.0	0.0	93.0	0.0	31.0	0.0	0.0	0.0	45.0	0.0	90.0	0.0	0.0	0.0	68.0	0.0	0.0	83.0	0.0	54.0	0.0	65.0	0.0	0.0	11.0	0.0	33.0	0.0	0.0	41.0	5.0	0.0	71.0	0.0
0.0	60.0	97.0	10.0	0.0	93.0	42.0	80.0	0.0	87.0	0.0	20.0	95.0	7.0	0.0	32.0	0.0	32.0	0.0	40.0	0.0	0.0	0.0	0.0	44.0	0.0	0.0	89.0	25.0	0.0	12.0	0.0	0.0	17.0	0.0	0.0	80.0	89.0	65.0	0.0	0.0	32.0	0.0	21.0	75.0	0.0	0.0	0.0	67.0	82.0	1.0	69.0	89.0	68.0	0.0	0.0	0.0	50.0	42.0	0.0	53.0	84.0	5.0	73.0	35.0	13.0	0.0	3.0	23.0	14.0	34.0	37.0	22.0	0.0	0.0	63.0	77.0	0.0	0.0	0.0	0.0	0.0	66.0	2.0	0.0	20.0	0.0	50.0	22.0	41.0	69.0	0.0	0.0	93.0	27.0	36.0	88.0	0.0	0.0	0.0	0.0	0.0	0.0	0.0	0.0	26.0	95.0	85.0	0.0	3.0	45.0	67.0	5.0	0.0	0.0	0.0	58.0	81.0	12.0	37.0	50.0	0.0	0.0	26.0	66.0	67.0	0.0	39.0	23.0	0.0	64.0	53.0	0.0	0.0	0.0	0.0	52.0	0.0	0.0	47.0	0.0	8.0	0.0	0.0	14.0	7.0	81.0	0.0	0.0	0.0	0.0	0.0	0.0	83.0	0.0	0.0
84.0	100.0	0.0	0.0	0.0	68.0	88.0	45.0	44.0	12.0	66.0	52.0	0.0	0.0	0.0	0.0	46.0	0.0	32.0	59.0	100.0	0.0	0.0	0.0	4.0	0.0	1.0	0.0	53.0	0.0	0.0	0.0	28.0	0.0	11.0	11.0	0.0	73.0	15.0	93.0	0.0	0.0	69.0	0.0	0.0	59.0	66.0	0.0	14.0	0.0	0.0	0.0	0.0	20.0	74.0	0.0	27.0	89.0	0.0	0.0	0.0	0.0	82.0	40.0	0.0	56.0	93.0	0.0	52.0	0.0	3.0	45.0	17.0	20.0	53.0	77.0	0.0	0.0	0.0	0.0	0.0	0.0	13.0	12.0	0.0	0.0	75.0	0.0	42.0	15.0	0.0	53.0	39.0	0.0	18.0	6.0	0.0	0.0	0.0	74.0	0.0	47.0	64.0	90.0	39.0	0.0	25.0	0.0	59.0	49.0	32.0	0.0	0.0	0.0	0.0	0.0	0.0	9.0	48.0	52.0	0.0	68.0	5.0	21.0	25.0	0.0	0.0	48.0	45.0	24.0	44.0	93.0	0.0	0.0	17.0	23.0	49.0	24.0	0.0	0.0	59.0	0.0	23.0	67.0	50.0	0.0	0.0	38.0	0.0	0.0	0.0	0.0	0.0	73.0	2.0
99.0	63.0	0.0	0.0	0.0	80.0	0.0	25.0	30.0	17.0	0.0	0.0	61.0	87.0	0.0	0.0	0.0	0.0	0.0	66.0	34.0	33.0	93.0	0.0	0.0	31.0	0.0	0.0	0.0	0.0	16.0	0.0	0.0	0.0	0.0	0.0	0.0	3.0	52.0	55.0	2.0	51.0	0.0	69.0	84.0	31.0	92.0	24.0	89.0	0.0	3.0	59.0	95.0	0.0	11.0	0.0	0.0	20.0	0.0	96.0	0.0	0.0	50.0	0.0	45.0	0.0	1.0	0.0	0.0	0.0	0.0	53.0	0.0	53.0	74.0	57.0	8.0	0.0	0.0	0.0	49.0	68.0	0.0	9.0	81.0	16.0	8.0	53.0	0.0	0.0	0.0	0.0	0.0	96.0	0.0	83.0	0.0	1.0	0.0	0.0	57.0	38.0	0.0	0.0	82.0	75.0	0.0	69.0	46.0	0.0	0.0	21.0	0.0	0.0	0.0	0.0	42.0	83.0	1.0	1.0	0.0	3.0	76.0	0.0	98.0	0.0	82.0	0.0	33.0	0.0	0.0	35.0	60.0	0.0	0.0	0.0	0.0	92.0	0.0	92.0	0.0	0.0	0.0	77.0	0.0	0.0	0.0	0.0	100.0	71.0	64.0	0.0	0.0	0.0
0.0	28.0	19.0	85.0	25.0	0.0	0.0	0.0	54.0	0.0	72.0	0.0	88.0	38.0	0.0	0.0	0.0	0.0	56.0	0.0	97.0	0.0	53.0	82.0	51.0	0.0	52.0	0.0	13.0	3.0	0.0	0.0	82.0	52.0	86.0	53.0	0.0	0.0	0.0	37.0	0.0	0.0	49.0	18.0	79.0	0.0	0.0	92.0	0.0	0.0	18.0	0.0	11.0	46.0	0.0	0.0	0.0	4.0	0.0	0.0	0.0	0.0	0.0	84.0	26.0	0.0	0.0	0.0	23.0	83.0	29.0	0.0	52.0	0.0	0.0	0.0	36.0	70.0	0.0	0.0	98.0	0.0	75.0	24.0	7.0	23.0	0.0	29.0	81.0	0.0	92.0	0.0	0.0	0.0	0.0	0.0	0.0	0.0	0.0	67.0	0.0	0.0	64.0	0.0	0.0	0.0	0.0	94.0	0.0	17.0	61.0	0.0	95.0	0.0	97.0	85.0	0.0	0.0	66.0	0.0	22.0	0.0	4.0	0.0	0.0	98.0	64.0	0.0	0.0	0.0	0.0	38.0	35.0	0.0	0.0	0.0	0.0	0.0	32.0	0.0	83.0	0.0	5.0	0.0	0.0	2.0	0.0	0.0	0.0	55.0	99.0	0.0	28.0
0.0	0.0	0.0	73.0	0.0	0.0	0.0	89.0	47.0	33.0	21.0	55.0	0.0	0.0	0.0	2.0	55.0	0.0	87.0	0.0	0.0	80.0	0.0	0.0	60.0	0.0	0.0	25.0	0.0	0.0	89.0	61.0	0.0	0.0	0.0	0.0	76.0	0.0	94.0	0.0	0.0	37.0	0.0	0.0	0.0	32.0	0.0	55.0	100.0	0.0	84.0	0.0	58.0	0.0	0.0	25.0	0.0	0.0	0.0	36.0	0.0	3.0	0.0	0.0	82.0	74.0	0.0	28.0	0.0	0.0	15.0	0.0	0.0	94.0	0.0	0.0	0.0	37.0	0.0	73.0	0.0	5.0	66.0	16.0	81.0	40.0	66.0	91.0	0.0	1.0	42.0	0.0	0.0	0.0	85.0	0.0	15.0	0.0	84.0	66.0	0.0	0.0	0.0	0.0	24.0	0.0	0.0	33.0	0.0	64.0	0.0	0.0	0.0	58.0	0.0	46.0	0.0	0.0	0.0	14.0	0.0	0.0	62.0	93.0	0.0	10.0	0.0	99.0	0.0	96.0	0.0	0.0	69.0	52.0	63.0	0.0	5.0	73.0	11.0	0.0	0.0	36.0	0.0	66.0	2.0	0.0	77.0	84.0	16.0	0.0	31.0	0.0
44.0	0.0	94.0	61.0	37.0	0.0	21.0	58.0	51.0	66.0	0.0	89.0	0.0	71.0	0.0	0.0	14.0	5.0	57.0	0.0	10.0	0.0	0.0	0.0	41.0	0.0	0.0	43.0	0.0	89.0	0.0	78.0	39.0	0.0	67.0	84.0	0.0	33.0	0.0	0.0	0.0	90.0	0.0	25.0	69.0	0.0	34.0	22.0	98.0	3.0	3.0	0.0	0.0	0.0	0.0	0.0	0.0	0.0	0.0	0.0	0.0	31.0	26.0	7.0	0.0	35.0	6.0	0.0	15.0	0.0	49.0	78.0	53.0	2.0	0.0	75.0	96.0	45.0	97.0	0.0	0.0	0.0	0.0	0.0	0.0	0.0	22.0	76.0	0.0	20.0	41.0	42.0	0.0	0.0	90.0	0.0	0.0	0.0	0.0	46.0	64.0	0.0	0.0	59.0	23.0	23.0	98.0	53.0	37.0	0.0	68.0	14.0	5.0	0.0	0.0	62.0	39.0	60.0	30.0	0.0	80.0	31.0	0.0	33.0	0.0	84.0	62.0	0.0	0.0	0.0	41.0	70.0	0.0	0.0	50.0	0.0	86.0	0.0	98.0	84.0	28.0	0.0	0.0	1.0	53.0	0.0	0.0	0.0	61.0	0.0	88.0
0.0	52.0	18.0	0.0	0.0	0.0	93.0	82.0	43.0	0.0	28.0	84.0	22.0	0.0	100.0	30.0	89.0	90.0	0.0	79.0	0.0	0.0	0.0	43.0	0.0	0.0	76.0	92.0	0.0	0.0	0.0	0.0	81.0	0.0	48.0	38.0	67.0	56.0	51.0	0.0	0.0	2.0	2.0	58.0	77.0	0.0	94.0	15.0	46.0	55.0	65.0	58.0	100.0	0.0	65.0	79.0	0.0	0.0	29.0	31.0	0.0	81.0	0.0	27.0	3.0	95.0	46.0	0.0	20.0	0.0	0.0	31.0	0.0	0.0	70.0	82.0	0.0	0.0	0.0	52.0	1.0	0.0	0.0	0.0	79.0	0.0	0.0	0.0	0.0	0.0	47.0	0.0	0.0	23.0	72.0	94.0	0.0	0.0	49.0	72.0	0.0	0.0	97.0	99.0	0.0	0.0	80.0	0.0	23.0	0.0	43.0	0.0	0.0	0.0	0.0	15.0	58.0	0.0	0.0	37.0	24.0	0.0	0.0	44.0	0.0	83.0	5.0	0.0	14.0	61.0	28.0	97.0	0.0	4.0	31.0	0.0	78.0	0.0	0.0	80.0	0.0	0.0	53.0	0.0	0.0	0.0	0.0	0.0	13.0	0.0
0.0	0.0	0.0	0.0	0.0	0.0	0.0	33.0	0.0	86.0	0.0	0.0	93.0	0.0	36.0	79.0	56.0	0.0	81.0	0.0	80.0	23.0	0.0	25.0	13.0	100.0	0.0	42.0	0.0	3.0	0.0	67.0	72.0	0.0	0.0	93.0	56.0	0.0	0.0	0.0	24.0	31.0	0.0	68.0	0.0	0.0	0.0	0.0	30.0	0.0	0.0	13.0	0.0	52.0	71.0	89.0	0.0	88.0	37.0	0.0	0.0	50.0	42.0	0.0	21.0	72.0	0.0	0.0	0.0	0.0	68.0	0.0	0.0	51.0	68.0	0.0	84.0	0.0	41.0	92.0	97.0	2.0	0.0	0.0	0.0	69.0	0.0	64.0	0.0	0.0	80.0	0.0	0.0	38.0	0.0	0.0	62.0	7.0	18.0	0.0	47.0	35.0	69.0	78.0	0.0	0.0	0.0	0.0	0.0	0.0	0.0	40.0	99.0	78.0	0.0	0.0	12.0	80.0	10.0	0.0	40.0	82.0	36.0	0.0	31.0	0.0	0.0	0.0	0.0	84.0	38.0	0.0	24.0	0.0	0.0	9.0	85.0	0.0	0.0	0.0	87.0	0.0	0.0	99.0	75.0	0.0	67.0	0.0	0.0
55.0	4.0	75.0	64.0	41.0	8.0	0.0	0.0	53.0	0.0	53.0	0.0	0.0	0.0	24.0	43.0	0.0	0.0	48.0	11.0	0.0	0.0	28.0	100.0	14.0	38.0	45.0	0.0	45.0	0.0	0.0	20.0	82.0	57.0	64.0	0.0	77.0	88.0	43.0	0.0	0.0	0.0	98.0	90.0	92.0	47.0	0.0	0.0	0.0	0.0	0.0	0.0	48.0	24.0	87.0	75.0	0.0	100.0	41.0	0.0	0.0	0.0	9.0	66.0	90.0	0.0	10.0	69.0	21.0	0.0	0.0	74.0	52.0	55.0	0.0	87.0	0.0	14.0	0.0	0.0	64.0	88.0	21.0	5.0	80.0	0.0	0.0	0.0	51.0	0.0	0.0	0.0	0.0	0.0	47.0	16.0	0.0	88.0	0.0	51.0	76.0	0.0	69.0	0.0	7.0	10.0	80.0	0.0	0.0	0.0	82.0	66.0	0.0	27.0	82.0	0.0	27.0	99.0	84.0	0.0	88.0	27.0	78.0	0.0	0.0	53.0	0.0	0.0	0.0	0.0	12.0	0.0	0.0	41.0	50.0	0.0	0.0	0.0	35.0	67.0	99.0	0.0	41.0	28.0	0.0	100.0	86.0	93.0
3.0	0.0	82.0	0.0	0.0	73.0	40.0	0.0	0.0	0.0	0.0	41.0	0.0	0.0	0.0	0.0	0.0	56.0	0.0	0.0	91.0	3.0	0.0	40.0	0.0	59.0	51.0	0.0	87.0	10.0	4.0	37.0	28.0	0.0	36.0	0.0	0.0	0.0	0.0	42.0	60.0	11.0	57.0	0.0	1.0	75.0	90.0	0.0	0.0	40.0	31.0	11.0	39.0	0.0	88.0	0.0	0.0	86.0	0.0	62.0	0.0	25.0	52.0	68.0	0.0	0.0	24.0	3.0	43.0	0.0	0.0	0.0	0.0	43.0	0.0	77.0	0.0	0.0	0.0	0.0	40.0	42.0	0.0	0.0	69.0	51.0	0.0	57.0	11.0	0.0	48.0	0.0	4.0	0.0	0.0	77.0	0.0	8.0	0.0	0.0	23.0	33.0	0.0	66.0	0.0	0.0	0.0	0.0	0.0	100.0	49.0	0.0	39.0	11.0	0.0	0.0	0.0	64.0	49.0	0.0	0.0	0.0	0.0	0.0	47.0	74.0	68.0	0.0	0.0	0.0	62.0	62.0	0.0	77.0	12.0	0.0	11.0	91.0	0.0	30.0	0.0	53.0	56.0	51.0	0.0	33.0	19.0
50.0	52.0	91.0	0.0	0.0	15.0	0.0	37.0	26.0	50.0	52.0	12.0	99.0	0.0	81.0	87.0	0.0	0.0	0.0	23.0	0.0	20.0	0.0	0.0	71.0	68.0	0.0	31.0	0.0	0.0	19.0	0.0	0.0	31.0	0.0	0.0	0.0	0.0	0.0	35.0	63.0	10.0	26.0	0.0	86.0	0.0	89.0	18.0	0.0	8.0	78.0	35.0	0.0	42.0	81.0	64.0	14.0	91.0	30.0	71.0	59.0	97.0	0.0	72.0	95.0	72.0	58.0	0.0	76.0	82.0	52.0	89.0	97.0	85.0	0.0	42.0	0.0	0.0	41.0	1.0	0.0	57.0	0.0	0.0	0.0	4.0	0.0	35.0	47.0	0.0	0.0	5.0	43.0	0.0	54.0	68.0	48.0	0.0	81.0	0.0	20.0	0.0	47.0	0.0	89.0	0.0	35.0	27.0	89.0	0.0	23.0	73.0	0.0	0.0	0.0	4.0	43.0	0.0	0.0	42.0	11.0	0.0	0.0	56.0	0.0	2.0	0.0	0.0	46.0	0.0	4.0	0.0	84.0	49.0	0.0	0.0	75.0	0.0	0.0	97.0	0.0	39.0	74.0	0.0	92.0	0.0
0.0	0.0	70.0	44.0	43.0	20.0	13.0	35.0	51.0	23.0	64.0	0.0	61.0	83.0	76.0	5.0	0.0	0.0	41.0	0.0	0.0	37.0	0.0	35.0	0.0	85.0	0.0	61.0	8.0	0.0	65.0	45.0	0.0	75.0	26.0	17.0	0.0	14.0	59.0	0.0	0.0	1.0	28.0	0.0	87.0	79.0	0.0	0.0	34.0	92.0	0.0	0.0	0.0	23.0	4.0	18.0	29.0	0.0	25.0	0.0	78.0	20.0	63.0	10.0	0.0	0.0	0.0	0.0	12.0	0.0	61.0	27.0	80.0	0.0	78.0	83.0	0.0	0.0	96.0	0.0	0.0	0.0	0.0	0.0	0.0	74.0	0.0	31.0	0.0	0.0	90.0	0.0	0.0	0.0	62.0	21.0	0.0	26.0	0.0	35.0	63.0	11.0	0.0	21.0	0.0	62.0	0.0	19.0	9.0	0.0	49.0	0.0	49.0	0.0	0.0	0.0	68.0	36.0	37.0	0.0	30.0	86.0	31.0	0.0	4.0	0.0	0.0	0.0	5.0	0.0	11.0	1.0	32.0	0.0	74.0	94.0	0.0	0.0	0.0	0.0	6.0	41.0	86.0	63.0	25.0
0.0	93.0	0.0	86.0	0.0	87.0	100.0	13.0	0.0	0.0	10.0	0.0	0.0	48.0	0.0	52.0	0.0	97.0	63.0	70.0	7.0	50.0	0.0	41.0	0.0	71.0	0.0	0.0	43.0	0.0	97.0	60.0	0.0	7.0	32.0	7.0	63.0	81.0	0.0	0.0	88.0	0.0	16.0	0.0	0.0	0.0	37.0	0.0	96.0	0.0	49.0	0.0	0.0	0.0	54.0	0.0	0.0	0.0	0.0	10.0	85.0	0.0	57.0	0.0	74.0	77.0	65.0	57.0	0.0	0.0	67.0	0.0	38.0	69.0	0.0	0.0	47.0	0.0	10.0	16.0	0.0	0.0	0.0	79.0	0.0	86.0	0.0	69.0	20.0	0.0	82.0	19.0	0.0	0.0	94.0	3.0	0.0	0.0	0.0	0.0	0.0	0.0	0.0	43.0	10.0	0.0	0.0	0.0	92.0	0.0	33.0	0.0	0.0	0.0	81.0	0.0	0.0	0.0	0.0	0.0	13.0	0.0	32.0	0.0	0.0	72.0	0.0	34.0	49.0	0.0	0.0	0.0	80.0	13.0	0.0	0.0	53.0	42.0	52.0	0.0	44.0	0.0	0.0	49.0
0.0	0.0	97.0	0.0	16.0	26.0	0.0	0.0	2.0	30.0	0.0	0.0	0.0	0.0	31.0	89.0	0.0	53.0	40.0	0.0	0.0	34.0	0.0	92.0	0.0	50.0	54.0	53.0	57.0	56.0	9.0	19.0	0.0	37.0	0.0	83.0	31.0	41.0	0.0	54.0	0.0	0.0	0.0	5.0	0.0	0.0	0.0	0.0	41.0	67.0	0.0	19.0	0.0	87.0	10.0	0.0	96.0	83.0	0.0	0.0	67.0	0.0	0.0	45.0	0.0	0.0	0.0	12.0	34.0	91.0	0.0	28.0	0.0	0.0	19.0	0.0	0.0	0.0	0.0	0.0	17.0	21.0	10.0	0.0	0.0	87.0	75.0	36.0	0.0	0.0	0.0	60.0	98.0	0.0	79.0	17.0	46.0	0.0	62.0	0.0	0.0	0.0	0.0	88.0	23.0	0.0	0.0	0.0	61.0	0.0	0.0	0.0	0.0	0.0	95.0	0.0	0.0	15.0	41.0	0.0	5.0	50.0	97.0	0.0	0.0	0.0	21.0	0.0	0.0	74.0	18.0	43.0	0.0	26.0	19.0	0.0	43.0	62.0	0.0	33.0	36.0	0.0	17.0
14.0	0.0	0.0	60.0	51.0	69.0	69.0	0.0	24.0	73.0	41.0	0.0	24.0	0.0	21.0	0.0	0.0	0.0	79.0	77.0	0.0	0.0	0.0	62.0	0.0	0.0	64.0	4.0	0.0	0.0	0.0	0.0	43.0	0.0	64.0	0.0	19.0	54.0	62.0	71.0	94.0	0.0	0.0	61.0	0.0	0.0	2.0	40.0	0.0	6.0	0.0	98.0	0.0	72.0	70.0	3.0	0.0	26.0	0.0	0.0	20.0	0.0	0.0	69.0	50.0	0.0	0.0	0.0	0.0	0.0	0.0	0.0	34.0	23.0	0.0	27.0	0.0	0.0	0.0	0.0	58.0	46.0	10.0	81.0	0.0	22.0	77.0	0.0	0.0	0.0	0.0	0.0	100.0	54.0	0.0	0.0	0.0	19.0	0.0	34.0	16.0	65.0	0.0	89.0	29.0	0.0	0.0	55.0	44.0	1.0	0.0	0.0	88.0	29.0	40.0	0.0	55.0	0.0	12.0	0.0	20.0	0.0	33.0	61.0	0.0	0.0	0.0	0.0	14.0	0.0	23.0	0.0	0.0	89.0	99.0	0.0	0.0	88.0	43.0	0.0	0.0	0.0
0.0	9.0	0.0	0.0	0.0	0.0	47.0	47.0	93.0	0.0	0.0	0.0	40.0	5.0	0.0	0.0	49.0	0.0	82.0	0.0	88.0	75.0	0.0	0.0	88.0	0.0	68.0	0.0	0.0	0.0	42.0	18.0	0.0	23.0	70.0	25.0	0.0	11.0	0.0	0.0	0.0	60.0	0.0	32.0	60.0	78.0	29.0	17.0	47.0	0.0	0.0	0.0	99.0	63.0	0.0	0.0	0.0	25.0	39.0	0.0	13.0	71.0	89.0	0.0	75.0	0.0	0.0	92.0	21.0	84.0	0.0	57.0	0.0	0.0	0.0	63.0	0.0	0.0	9.0	0.0	47.0	0.0	84.0	0.0	0.0	0.0	0.0	0.0	25.0	0.0	0.0	32.0	30.0	74.0	0.0	0.0	0.0	2.0	78.0	0.0	3.0	26.0	3.0	0.0	35.0	83.0	85.0	0.0	23.0	0.0	0.0	64.0	86.0	0.0	0.0	0.0	57.0	0.0	0.0	23.0	73.0	0.0	65.0	73.0	0.0	64.0	0.0	0.0	45.0	0.0	41.0	47.0	52.0	0.0	0.0	0.0	35.0	0.0	0.0	44.0	44.0
0.0	83.0	7.0	89.0	18.0	4.0	93.0	53.0	75.0	0.0	0.0	99.0	10.0	0.0	69.0	0.0	0.0	100.0	99.0	53.0	0.0	0.0	0.0	0.0	29.0	61.0	69.0	0.0	53.0	0.0	90.0	8.0	0.0	0.0	0.0	4.0	16.0	15.0	83.0	0.0	13.0	0.0	0.0	25.0	0.0	35.0	5.0	68.0	0.0	15.0	0.0	0.0	0.0	0.0	0.0	45.0	44.0	13.0	24.0	90.0	77.0	0.0	38.0	0.0	32.0	33.0	0.0	0.0	0.0	0.0	63.0	0.0	0.0	0.0	27.0	90.0	0.0	0.0	35.0	0.0	97.0	64.0	12.0	0.0	0.0	0.0	52.0	0.0	0.0	12.0	0.0	86.0	0.0	65.0	0.0	0.0	9.0	0.0	83.0	3.0	10.0	0.0	0.0	49.0	0.0	0.0	0.0	95.0	96.0	0.0	0.0	6.0	99.0	40.0	0.0	20.0	0.0	0.0	0.0	100.0	0.0	0.0	99.0	12.0	56.0	0.0	52.0	0.0	0.0	46.0	0.0	0.0	84.0	0.0	0.0	56.0	0.0	33.0	97.0	0.0
0.0	74.0	0.0	18.0	67.0	0.0	26.0	25.0	39.0	0.0	24.0	36.0	90.0	0.0	28.0	0.0	0.0	0.0	57.0	0.0	0.0	0.0	82.0	0.0	86.0	0.0	85.0	0.0	0.0	0.0	0.0	0.0	58.0	0.0	31.0	19.0	0.0	43.0	0.0	79.0	95.0	0.0	0.0	48.0	0.0	0.0	0.0	0.0	0.0	98.0	32.0	47.0	0.0	0.0	0.0	0.0	39.0	0.0	0.0	78.0	0.0	7.0	0.0	7.0	6.0	66.0	0.0	32.0	0.0	53.0	0.0	35.0	96.0	55.0	72.0	1.0	94.0	18.0	0.0	65.0	0.0	0.0	59.0	0.0	42.0	0.0	47.0	34.0	0.0	4.0	0.0	0.0	53.0	0.0	0.0	0.0	27.0	90.0	0.0	43.0	0.0	0.0	0.0	0.0	68.0	0.0	19.0	0.0	0.0	0.0	0.0	0.0	0.0	0.0	0.0	43.0	56.0	92.0	0.0	81.0	0.0	0.0	0.0	0.0	0.0	0.0	0.0	66.0	0.0	0.0	0.0	22.0	61.0	63.0	1.0	0.0	0.0	96.0	67.0
0.0	47.0	0.0	0.0	90.0	0.0	31.0	77.0	0.0	93.0	0.0	74.0	0.0	0.0	62.0	0.0	0.0	75.0	22.0	0.0	0.0	0.0	0.0	0.0	0.0	0.0	0.0	28.0	0.0	0.0	0.0	95.0	0.0	26.0	0.0	0.0	75.0	0.0	0.0	0.0	0.0	42.0	0.0	97.0	0.0	0.0	86.0	61.0	0.0	48.0	0.0	0.0	0.0	21.0	79.0	17.0	0.0	0.0	0.0	22.0	19.0	0.0	92.0	99.0	37.0	38.0	0.0	49.0	28.0	0.0	0.0	89.0	50.0	0.0	0.0	0.0	0.0	0.0	81.0	2.0	6.0	0.0	0.0	0.0	0.0	32.0	21.0	0.0	0.0	0.0	52.0	0.0	3.0	87.0	53.0	0.0	0.0	0.0	0.0	0.0	0.0	57.0	29.0	39.0	85.0	0.0	48.0	92.0	5.0	56.0	83.0	87.0	72.0	76.0	0.0	0.0	0.0	0.0	62.0	0.0	52.0	0.0	0.0	38.0	0.0	0.0	2.0	49.0	0.0	56.0	0.0	45.0	81.0	0.0	0.0	0.0	4.0	0.0
0.0	96.0	67.0	74.0	0.0	66.0	45.0	0.0	0.0	38.0	0.0	0.0	0.0	81.0	0.0	0.0	55.0	16.0	0.0	0.0	46.0	0.0	60.0	12.0	0.0	10.0	10.0	0.0	69.0	0.0	0.0	0.0	45.0	91.0	50.0	77.0	69.0	1.0	60.0	0.0	0.0	0.0	62.0	35.0	13.0	41.0	0.0	51.0	0.0	0.0	0.0	0.0	0.0	0.0	0.0	7.0	7.0	20.0	90.0	0.0	83.0	0.0	0.0	14.0	32.0	0.0	59.0	76.0	1.0	0.0	66.0	14.0	100.0	0.0	0.0	49.0	91.0	0.0	68.0	99.0	83.0	18.0	29.0	0.0	42.0	0.0	0.0	56.0	0.0	84.0	0.0	0.0	0.0	0.0	0.0	0.0	12.0	0.0	0.0	0.0	41.0	0.0	0.0	76.0	0.0	0.0	0.0	59.0	81.0	0.0	0.0	10.0	0.0	0.0	41.0	29.0	31.0	0.0	32.0	23.0	0.0	17.0	0.0	54.0	7.0	0.0	0.0	93.0	0.0	0.0	0.0	0.0	9.0	0.0	0.0	0.0	95.0
0.0	0.0	0.0	77.0	0.0	94.0	25.0	42.0	66.0	0.0	0.0	0.0	69.0	53.0	7.0	0.0	0.0	0.0	0.0	0.0	0.0	0.0	0.0	0.0	23.0	0.0	80.0	0.0	68.0	35.0	71.0	0.0	24.0	19.0	0.0	0.0	59.0	93.0	81.0	3.0	0.0	0.0	81.0	33.0	0.0	35.0	0.0	0.0	48.0	0.0	79.0	0.0	12.0	14.0	9.0	0.0	33.0	16.0	94.0	11.0	13.0	22.0	0.0	18.0	0.0	0.0	0.0	8.0	14.0	13.0	10.0	0.0	0.0	94.0	0.0	0.0	0.0	0.0	81.0	0.0	0.0	0.0	71.0	0.0	5.0	60.0	0.0	0.0	0.0	80.0	54.0	71.0	0.0	42.0	61.0	86.0	91.0	0.0	0.0	0.0	0.0	88.0	0.0	0.0	56.0	0.0	0.0	0.0	77.0	0.0	32.0	0.0	27.0	90.0	0.0	19.0	0.0	0.0	0.0	36.0	0.0	0.0	0.0	0.0	49.0	61.0	0.0	0.0	9.0	88.0	32.0	0.0	0.0	0.0	0.0	0.0
92.0	0.0	78.0	0.0	0.0	0.0	24.0	0.0	0.0	26.0	0.0	0.0	0.0	0.0	64.0	21.0	0.0	69.0	0.0	74.0	20.0	0.0	0.0	15.0	82.0	0.0	83.0	65.0	0.0	0.0	0.0	69.0	0.0	0.0	77.0	56.0	8.0	32.0	85.0	99.0	55.0	0.0	5.0	0.0	0.0	10.0	0.0	0.0	0.0	58.0	0.0	26.0	15.0	28.0	89.0	0.0	87.0	22.0	28.0	0.0	34.0	68.0	43.0	68.0	0.0	44.0	37.0	0.0	0.0	0.0	0.0	29.0	6.0	7.0	13.0	0.0	24.0	0.0	34.0	79.0	0.0	0.0	92.0	72.0	0.0	0.0	0.0	9.0	88.0	13.0	6.0	0.0	0.0	0.0	51.0	75.0	0.0	52.0	43.0	4.0	0.0	0.0	76.0	23.0	20.0	0.0	0.0	0.0	35.0	65.0	83.0	0.0	43.0	0.0	86.0	69.0	0.0	52.0	54.0	8.0	0.0	0.0	0.0	0.0	39.0	0.0	59.0	78.0	0.0	0.0	41.0	15.0	0.0	0.0	0.0
92.0	11.0	0.0	41.0	12.0	0.0	0.0	0.0	0.0	79.0	47.0	0.0	0.0	0.0	90.0	0.0	17.0	0.0	0.0	0.0	0.0	0.0	41.0	48.0	0.0	0.0	99.0	0.0	0.0	26.0	69.0	0.0	44.0	0.0	95.0	0.0	0.0	0.0	0.0	0.0	0.0	21.0	0.0	13.0	0.0	0.0	0.0	0.0	0.0	35.0	0.0	87.0	37.0	0.0	0.0	59.0	17.0	62.0	0.0	0.0	35.0	0.0	0.0	33.0	0.0	0.0	26.0	0.0	0.0	0.0	0.0	0.0	8.0	74.0	50.0	0.0	90.0	66.0	6.0	0.0	59.0	0.0	26.0	15.0	0.0	0.0	100.0	0.0	4.0	36.0	57.0	78.0	18.0	3.0	0.0	0.0	0.0	73.0	1.0	94.0	0.0	80.0	63.0	49.0	2.0	100.0	0.0	0.0	12.0	0.0	0.0	0.0	93.0	56.0	6.0	63.0	68.0	6.0	42.0	0.0	81.0	0.0	0.0	79.0	58.0	0.0	0.0	43.0	62.0	0.0	24.0	0.0	0.0	0.0
25.0	92.0	0.0	10.0	42.0	75.0	73.0	0.0	72.0	0.0	0.0	57.0	61.0	21.0	38.0	0.0	57.0	34.0	0.0	43.0	87.0	0.0	89.0	48.0	42.0	17.0	0.0	10.0	99.0	70.0	0.0	19.0	60.0	0.0	81.0	0.0	0.0	0.0	93.0	57.0	0.0	61.0	0.0	0.0	0.0	95.0	0.0	88.0	0.0	0.0	0.0	34.0	0.0	0.0	89.0	0.0	0.0	55.0	20.0	58.0	0.0	16.0	65.0	0.0	0.0	0.0	0.0	0.0	15.0	27.0	0.0	89.0	91.0	47.0	33.0	0.0	42.0	0.0	52.0	30.0	0.0	0.0	0.0	0.0	0.0	0.0	16.0	0.0	0.0	0.0	19.0	14.0	0.0	69.0	0.0	0.0	0.0	23.0	81.0	0.0	0.0	0.0	0.0	80.0	0.0	0.0	0.0	0.0	3.0	0.0	78.0	78.0	38.0	46.0	97.0	0.0	12.0	20.0	31.0	98.0	0.0	0.0	32.0	24.0	0.0	48.0	0.0	46.0	93.0	0.0	63.0	0.0	41.0
17.0	0.0	38.0	94.0	20.0	13.0	38.0	12.0	0.0	0.0	0.0	23.0	9.0	12.0	60.0	0.0	24.0	86.0	0.0	0.0	69.0	36.0	94.0	60.0	0.0	17.0	41.0	0.0	0.0	0.0	45.0	0.0	0.0	0.0	0.0	0.0	54.0	0.0	0.0	0.0	0.0	59.0	0.0	33.0	0.0	59.0	0.0	0.0	90.0	77.0	0.0	39.0	23.0	0.0	40.0	0.0	81.0	22.0	0.0	0.0	14.0	0.0	0.0	0.0	0.0	65.0	0.0	0.0	10.0	0.0	4.0	0.0	62.0	76.0	0.0	0.0	10.0	40.0	0.0	47.0	18.0	0.0	38.0	0.0	0.0	57.0	0.0	58.0	17.0	12.0	0.0	0.0	0.0	0.0	29.0	0.0	81.0	0.0	0.0	0.0	62.0	0.0	90.0	0.0	0.0	71.0	84.0	0.0	93.0	0.0	0.0	84.0	86.0	0.0	0.0	9.0	16.0	22.0	0.0	27.0	22.0	29.0	72.0	0.0	12.0	0.0	0.0	95.0	14.0	72.0	14.0	98.0
0.0	90.0	0.0	0.0	31.0	0.0	0.0	0.0	0.0	0.0	60.0	78.0	0.0	0.0	8.0	46.0	74.0	0.0	12.0	77.0	93.0	15.0	76.0	42.0	26.0	97.0	0.0	0.0	0.0	0.0	0.0	53.0	88.0	0.0	13.0	49.0	13.0	30.0	35.0	0.0	0.0	89.0	0.0	0.0	88.0	74.0	0.0	0.0	22.0	0.0	0.0	0.0	0.0	54.0	47.0	48.0	53.0	77.0	2.0	0.0	35.0	0.0	41.0	0.0	0.0	29.0	87.0	95.0	0.0	47.0	0.0	0.0	25.0	58.0	0.0	0.0	22.0	0.0	2.0	0.0	17.0	0.0	94.0	0.0	0.0	36.0	0.0	40.0	0.0	47.0	0.0	0.0	0.0	70.0	0.0	0.0	72.0	0.0	27.0	34.0	55.0	88.0	0.0	0.0	85.0	77.0	0.0	0.0	37.0	0.0	31.0	32.0	0.0	12.0	38.0	0.0	6.0	0.0	55.0	0.0	39.0	76.0	0.0	3.0	0.0	0.0	3.0	94.0	0.0	43.0	0.0
0.0	0.0	78.0	58.0	0.0	48.0	55.0	0.0	54.0	0.0	34.0	0.0	0.0	0.0	0.0	10.0	0.0	48.0	0.0	0.0	35.0	42.0	32.0	91.0	0.0	0.0	56.0	99.0	28.0	0.0	16.0	0.0	98.0	0.0	7.0	91.0	90.0	34.0	0.0	0.0	91.0	86.0	46.0	0.0	68.0	0.0	15.0	0.0	51.0	0.0	0.0	64.0	0.0	74.0	0.0	0.0	44.0	18.0	57.0	0.0	0.0	6.0	0.0	0.0	0.0	79.0	24.0	97.0	0.0	67.0	26.0	0.0	0.0	55.0	82.0	0.0	27.0	31.0	0.0	93.0	0.0	0.0	0.0	0.0	0.0	89.0	0.0	0.0	19.0	24.0	44.0	28.0	0.0	86.0	54.0	0.0	0.0	0.0	39.0	0.0	2.0	0.0	0.0	0.0	79.0	48.0	52.0	0.0	0.0	0.0	0.0	86.0	0.0	8.0	0.0	0.0	7.0	93.0	45.0	0.0	64.0	21.0	71.0	59.0	38.0	28.0	0.0	0.0	50.0	63.0
99.0	11.0	92.0	0.0	0.0	0.0	0.0	97.0	23.0	96.0	0.0	71.0	0.0	20.0	0.0	6.0	88.0	0.0	0.0	59.0	0.0	0.0	36.0	66.0	0.0	64.0	84.0	83.0	70.0	60.0	0.0	0.0	28.0	11.0	0.0	23.0	24.0	0.0	0.0	76.0	0.0	0.0	25.0	20.0	14.0	99.0	86.0	22.0	0.0	26.0	41.0	26.0	96.0	0.0	0.0	4.0	17.0	34.0	17.0	0.0	0.0	7.0	39.0	83.0	52.0	0.0	61.0	0.0	81.0	0.0	20.0	15.0	0.0	0.0	0.0	1.0	0.0	69.0	46.0	0.0	18.0	97.0	78.0	0.0	89.0	58.0	0.0	27.0	0.0	0.0	37.0	0.0	52.0	0.0	6.0	43.0	77.0	29.0	69.0	38.0	41.0	0.0	93.0	0.0	0.0	16.0	76.0	0.0	71.0	11.0	0.0	12.0	0.0	96.0	0.0	0.0	51.0	0.0	42.0	0.0	0.0	0.0	34.0	21.0	0.0	21.0	58.0	24.0	0.0
37.0	84.0	71.0	0.0	0.0	0.0	0.0	67.0	22.0	28.0	31.0	61.0	0.0	0.0	29.0	68.0	65.0	31.0	32.0	0.0	0.0	34.0	21.0	46.0	86.0	0.0	0.0	43.0	0.0	0.0	0.0	0.0	3.0	77.0	98.0	0.0	0.0	63.0	0.0	0.0	93.0	0.0	0.0	0.0	0.0	0.0	0.0	6.0	42.0	64.0	41.0	8.0	38.0	98.0	77.0	0.0	0.0	79.0	0.0	0.0	0.0	31.0	0.0	36.0	14.0	0.0	0.0	53.0	80.0	0.0	92.0	16.0	0.0	0.0	8.0	96.0	0.0	0.0	0.0	0.0	0.0	0.0	0.0	0.0	0.0	84.0	94.0	0.0	80.0	0.0	91.0	58.0	0.0	0.0	98.0	0.0	0.0	14.0	0.0	0.0	10.0	0.0	27.0	0.0	0.0	0.0	0.0	58.0	0.0	55.0	31.0	0.0	44.0	0.0	0.0	0.0	9.0	0.0	0.0	0.0	91.0	93.0	0.0	0.0	0.0	0.0	0.0	0.0
64.0	0.0	96.0	0.0	71.0	0.0	0.0	52.0	0.0	0.0	0.0	0.0	0.0	78.0	13.0	0.0	0.0	0.0	0.0	0.0	67.0	0.0	45.0	0.0	0.0	0.0	41.0	0.0	0.0	0.0	61.0	96.0	0.0	0.0	19.0	12.0	95.0	0.0	74.0	20.0	0.0	41.0	27.0	0.0	0.0	28.0	0.0	96.0	87.0	0.0	76.0	45.0	0.0	0.0	0.0	0.0	65.0	58.0	5.0	19.0	84.0	0.0	0.0	6.0	0.0	0.0	91.0	0.0	0.0	0.0	0.0	0.0	0.0	0.0	0.0	0.0	88.0	0.0	22.0	0.0	57.0	63.0	87.0	37.0	75.0	0.0	28.0	0.0	100.0	58.0	0.0	95.0	91.0	24.0	0.0	0.0	81.0	64.0	32.0	0.0	28.0	82.0	50.0	25.0	33.0	16.0	35.0	0.0	0.0	86.0	6.0	0.0	22.0	96.0	0.0	14.0	17.0	0.0	0.0	23.0	60.0	0.0	54.0	0.0	1.0	0.0	99.0
0.0	0.0	0.0	0.0	0.0	0.0	0.0	0.0	28.0	67.0	75.0	82.0	9.0	25.0	0.0	14.0	0.0	6.0	0.0	70.0	61.0	60.0	0.0	62.0	0.0	0.0	0.0	0.0	41.0	92.0	0.0	0.0	36.0	76.0	0.0	0.0	56.0	78.0	94.0	1.0	0.0	0.0	63.0	98.0	98.0	0.0	0.0	75.0	99.0	0.0	0.0	74.0	0.0	1.0	65.0	83.0	0.0	54.0	0.0	0.0	94.0	0.0	38.0	42.0	13.0	53.0	35.0	0.0	0.0	0.0	0.0	86.0	47.0	48.0	0.0	36.0	25.0	93.0	0.0	0.0	52.0	7.0	71.0	93.0	0.0	0.0	90.0	55.0	0.0	6.0	0.0	59.0	0.0	0.0	54.0	0.0	52.0	41.0	15.0	17.0	0.0	65.0	0.0	31.0	0.0	33.0	0.0	0.0	43.0	0.0	0.0	31.0	71.0	0.0	48.0	0.0	0.0	0.0	77.0	0.0	94.0	50.0	0.0	70.0	41.0	0.0
79.0	0.0	0.0	0.0	43.0	5.0	85.0	53.0	0.0	55.0	26.0	0.0	36.0	0.0	0.0	0.0	0.0	0.0	0.0	49.0	0.0	0.0	2.0	30.0	0.0	0.0	82.0	0.0	0.0	0.0	23.0	0.0	19.0	62.0	0.0	0.0	21.0	0.0	0.0	0.0	16.0	82.0	0.0	0.0	0.0	91.0	85.0	0.0	78.0	81.0	7.0	51.0	11.0	0.0	79.0	49.0	34.0	0.0	5.0	0.0	0.0	0.0	0.0	60.0	0.0	87.0	99.0	0.0	0.0	0.0	29.0	78.0	76.0	0.0	0.0	0.0	76.0	0.0	2.0	79.0	3.0	14.0	1.0	0.0	21.0	57.0	0.0	60.0	35.0	0.0	97.0	0.0	0.0	32.0	0.0	35.0	66.0	2.0	0.0	0.0	41.0	82.0	0.0	37.0	3.0	0.0	2.0	0.0	0.0	89.0	0.0	0.0	0.0	0.0	66.0	64.0	47.0	7.0	0.0	0.0	0.0	29.0	0.0	0.0	0.0
0.0	51.0	28.0	98.0	0.0	0.0	78.0	24.0	0.0	92.0	80.0	64.0	42.0	0.0	0.0	0.0	0.0	63.0	0.0	0.0	0.0	0.0	0.0	16.0	0.0	0.0	0.0	44.0	91.0	27.0	60.0	0.0	0.0	14.0	39.0	41.0	35.0	0.0	0.0	0.0	39.0	31.0	59.0	0.0	6.0	0.0	90.0	89.0	1.0	0.0	0.0	0.0	38.0	98.0	95.0	0.0	17.0	65.0	92.0	0.0	0.0	39.0	0.0	57.0	19.0	0.0	30.0	0.0	0.0	15.0	67.0	90.0	0.0	48.0	90.0	52.0	0.0	28.0	35.0	0.0	0.0	0.0	0.0	0.0	0.0	12.0	45.0	3.0	0.0	0.0	0.0	0.0	0.0	24.0	0.0	0.0	0.0	0.0	0.0	81.0	0.0	56.0	73.0	3.0	0.0	5.0	76.0	0.0	0.0	0.0	52.0	0.0	5.0	5.0	36.0	37.0	0.0	0.0	0.0	0.0	71.0	0.0	1.0	25.0
0.0	0.0	0.0	53.0	0.0	0.0	91.0	78.0	92.0	0.0	0.0	0.0	0.0	0.0	0.0	39.0	0.0	0.0	0.0	60.0	0.0	68.0	0.0	0.0	67.0	0.0	94.0	0.0	64.0	78.0	2.0	3.0	32.0	48.0	1.0	0.0	0.0	0.0	60.0	0.0	0.0	0.0	95.0	32.0	0.0	43.0	0.0	0.0	0.0	0.0	0.0	79.0	39.0	0.0	0.0	0.0	0.0	0.0	76.0	2.0	61.0	17.0	0.0	0.0	0.0	0.0	15.0	40.0	37.0	0.0	0.0	0.0	0.0	0.0	70.0	0.0	0.0	0.0	0.0	29.0	0.0	65.0	70.0	93.0	0.0	0.0	96.0	0.0	0.0	3.0	87.0	0.0	44.0	0.0	0.0	61.0	0.0	0.0	0.0	35.0	94.0	0.0	25.0	0.0	0.0	0.0	66.0	83.0	0.0	0.0	20.0	0.0	23.0	0.0	55.0	40.0	82.0	0.0	0.0	96.0	63.0	27.0	0.0
39.0	0.0	0.0	0.0	0.0	87.0	0.0	20.0	0.0	0.0	0.0	0.0	8.0	0.0	10.0	0.0	77.0	72.0	0.0	0.0	20.0	81.0	60.0	0.0	0.0	28.0	48.0	13.0	0.0	0.0	15.0	0.0	0.0	0.0	40.0	52.0	0.0	0.0	0.0	65.0	54.0	0.0	100.0	0.0	56.0	69.0	49.0	63.0	3.0	92.0	0.0	78.0	22.0	99.0	25.0	96.0	0.0	7.0	44.0	0.0	2.0	36.0	0.0	0.0	12.0	35.0	0.0	39.0	0.0	0.0	0.0	61.0	76.0	0.0	0.0	0.0	0.0	0.0	0.0	82.0	0.0	0.0	37.0	86.0	0.0	75.0	76.0	83.0	0.0	0.0	0.0	0.0	0.0	7.0	0.0	0.0	6.0	0.0	0.0	0.0	0.0	21.0	0.0	0.0	0.0	0.0	38.0	48.0	85.0	0.0	0.0	0.0	0.0	40.0	98.0	0.0	0.0	0.0	36.0	21.0	51.0	0.0
0.0	0.0	0.0	0.0	71.0	57.0	0.0	0.0	0.0	0.0	6.0	46.0	0.0	0.0	0.0	0.0	0.0	0.0	37.0	0.0	45.0	34.0	72.0	0.0	49.0	0.0	0.0	3.0	29.0	0.0	69.0	33.0	0.0	0.0	0.0	0.0	59.0	73.0	0.0	0.0	0.0	20.0	0.0	73.0	80.0	0.0	0.0	0.0	0.0	0.0	0.0	34.0	35.0	35.0	91.0	77.0	0.0	0.0	36.0	0.0	0.0	95.0	93.0	0.0	0.0	0.0	0.0	37.0	42.0	0.0	0.0	0.0	33.0	4.0	27.0	0.0	56.0	0.0	46.0	0.0	29.0	0.0	0.0	0.0	0.0	0.0	0.0	0.0	0.0	0.0	0.0	67.0	62.0	16.0	64.0	92.0	0.0	0.0	100.0	16.0	46.0	0.0	6.0	0.0	95.0	0.0	37.0	49.0	81.0	96.0	27.0	0.0	0.0	75.0	2.0	0.0	0.0	90.0	0.0	42.0	89.0
67.0	17.0	13.0	90.0	20.0	47.0	19.0	31.0	0.0	34.0	0.0	33.0	0.0	0.0	0.0	0.0	22.0	0.0	0.0	26.0	70.0	37.0	0.0	57.0	0.0	0.0	0.0	8.0	0.0	63.0	0.0	0.0	0.0	0.0	16.0	83.0	19.0	0.0	0.0	0.0	0.0	6.0	54.0	10.0	0.0	49.0	17.0	45.0	92.0	0.0	46.0	73.0	7.0	0.0	0.0	0.0	0.0	81.0	72.0	20.0	0.0	99.0	32.0	4.0	0.0	26.0	27.0	0.0	0.0	10.0	0.0	0.0	46.0	0.0	0.0	0.0	0.0	29.0	0.0	0.0	0.0	0.0	0.0	0.0	0.0	36.0	0.0	22.0	0.0	0.0	37.0	0.0	7.0	14.0	0.0	0.0	99.0	0.0	0.0	7.0	95.0	0.0	0.0	0.0	30.0	25.0	0.0	0.0	0.0	81.0	28.0	0.0	0.0	0.0	44.0	0.0	0.0	0.0	51.0	76.0
0.0	0.0	0.0	88.0	86.0	0.0	0.0	44.0	47.0	97.0	0.0	0.0	14.0	3.0	83.0	82.0	56.0	29.0	13.0	0.0	0.0	71.0	0.0	0.0	0.0	41.0	0.0	0.0	41.0	82.0	30.0	0.0	0.0	25.0	66.0	0.0	88.0	5.0	80.0	52.0	0.0	18.0	0.0	0.0	0.0	0.0	0.0	94.0	60.0	0.0	0.0	0.0	0.0	0.0	93.0	0.0	0.0	0.0	0.0	0.0	0.0	0.0	71.0	0.0	0.0	0.0	14.0	0.0	0.0	7.0	43.0	0.0	43.0	63.0	79.0	29.0	64.0	25.0	39.0	64.0	0.0	0.0	0.0	38.0	0.0	0.0	5.0	89.0	38.0	0.0	20.0	20.0	86.0	57.0	3.0	0.0	22.0	12.0	69.0	68.0	77.0	6.0	0.0	54.0	12.0	0.0	0.0	1.0	0.0	48.0	67.0	0.0	12.0	0.0	0.0	97.0	88.0	78.0	0.0
59.0	80.0	0.0	24.0	29.0	74.0	58.0	0.0	0.0	0.0	0.0	24.0	18.0	0.0	44.0	81.0	57.0	29.0	47.0	67.0	0.0	0.0	6.0	0.0	30.0	0.0	54.0	55.0	0.0	72.0	0.0	89.0	59.0	36.0	0.0	0.0	0.0	0.0	60.0	0.0	11.0	30.0	99.0	0.0	0.0	53.0	0.0	0.0	96.0	0.0	0.0	76.0	0.0	9.0	0.0	88.0	28.0	16.0	0.0	22.0	27.0	17.0	0.0	0.0	63.0	38.0	0.0	0.0	71.0	0.0	90.0	81.0	98.0	0.0	0.0	38.0	30.0	0.0	69.0	0.0	12.0	0.0	0.0	0.0	0.0	0.0	9.0	20.0	9.0	0.0	10.0	0.0	0.0	0.0	0.0	95.0	67.0	86.0	0.0	0.0	0.0	0.0	0.0	57.0	17.0	0.0	0.0	9.0	0.0	69.0	0.0	0.0	0.0	62.0	21.0	7.0	39.0	75.0
0.0	7.0	23.0	0.0	0.0	57.0	90.0	0.0	0.0	0.0	43.0	0.0	0.0	48.0	0.0	0.0	92.0	41.0	0.0	31.0	56.0	0.0	47.0	44.0	2.0	0.0	86.0	0.0	0.0	0.0	58.0	41.0	0.0	13.0	0.0	0.0	0.0	19.0	58.0	0.0	9.0	0.0	0.0	0.0	76.0	65.0	19.0	53.0	21.0	0.0	0.0	68.0	79.0	0.0	0.0	0.0	51.0	0.0	0.0	0.0	0.0	89.0	68.0	73.0	0.0	63.0	82.0	80.0	0.0	81.0	0.0	0.0	29.0	67.0	0.0	62.0	0.0	90.0	76.0	45.0	0.0	0.0	98.0	26.0	0.0	92.0	17.0	0.0	0.0	34.0	0.0	18.0	88.0	0.0	0.0	51.0	49.0	0.0	0.0	0.0	0.0	0.0	44.0	49.0	0.0	73.0	0.0	43.0	0.0	0.0	0.0	29.0	0.0	0.0	17.0	12.0	0.0
0.0	0.0	0.0	0.0	0.0	0.0	62.0	0.0	69.0	55.0	0.0	0.0	49.0	0.0	0.0	11.0	29.0	92.0	4.0	49.0	0.0	95.0	46.0	0.0	0.0	0.0	0.0	0.0	0.0	0.0	94.0	76.0	20.0	0.0	0.0	31.0	68.0	0.0	0.0	0.0	41.0	46.0	24.0	46.0	61.0	0.0	91.0	0.0	0.0	68.0	0.0	47.0	85.0	10.0	0.0	0.0	0.0	0.0	0.0	0.0	51.0	0.0	0.0	0.0	0.0	0.0	99.0	62.0	87.0	0.0	0.0	91.0	0.0	27.0	31.0	0.0	58.0	0.0	33.0	0.0	0.0	90.0	78.0	75.0	0.0	0.0	0.0	0.0	0.0	56.0	0.0	28.0	0.0	25.0	67.0	0.0	93.0	54.0	50.0	0.0	42.0	58.0	0.0	48.0	95.0	34.0	96.0	0.0	0.0	0.0	97.0	0.0	42.0	91.0	0.0	0.0
0.0	86.0	68.0	0.0	0.0	0.0	95.0	0.0	33.0	34.0	0.0	0.0	0.0	0.0	0.0	0.0	0.0	0.0	19.0	31.0	95.0	0.0	0.0	80.0	38.0	9.0	0.0	0.0	67.0	88.0	20.0	13.0	93.0	16.0	57.0	94.0	32.0	50.0	0.0	0.0	0.0	0.0	41.0	13.0	79.0	0.0	94.0	97.0	0.0	13.0	0.0	70.0	0.0	0.0	23.0	42.0	85.0	0.0	76.0	12.0	0.0	62.0	0.0	35.0	0.0	50.0	0.0	0.0	33.0	0.0	39.0	0.0	49.0	45.0	0.0	0.0	0.0	60.0	65.0	0.0	0.0	9.0	0.0	45.0	0.0	0.0	0.0	39.0	83.0	68.0	91.0	0.0	0.0	91.0	26.0	0.0	0.0	0.0	0.0	0.0	41.0	0.0	0.0	100.0	0.0	27.0	0.0	7.0	49.0	38.0	80.0	0.0	0.0	0.0	0.0
83.0	99.0	0.0	0.0	0.0	0.0	0.0	0.0	94.0	0.0	44.0	91.0	78.0	6.0	1.0	0.0	94.0	0.0	0.0	0.0	0.0	6.0	59.0	0.0	28.0	0.0	0.0	0.0	43.0	0.0	30.0	0.0	0.0	0.0	10.0	0.0	52.0	0.0	22.0	0.0	0.0	93.0	84.0	35.0	43.0	0.0	0.0	6.0	71.0	76.0	0.0	53.0	8.0	54.0	94.0	43.0	70.0	93.0	0.0	0.0	40.0	0.0	33.0	0.0	0.0	0.0	0.0	46.0	0.0	95.0	44.0	61.0	0.0	46.0	0.0	0.0	27.0	1.0	95.0	0.0	58.0	57.0	0.0	0.0	45.0	0.0	73.0	0.0	0.0	0.0	91.0	0.0	89.0	16.0	0.0	0.0	0.0	0.0	4.0	89.0	0.0	40.0	43.0	0.0	71.0	12.0	31.0	0.0	0.0	100.0	31.0	38.0	42.0	57.0
0.0	15.0	0.0	0.0	6.0	0.0	78.0	0.0	0.0	95.0	90.0	32.0	0.0	19.0	60.0	80.0	37.0	0.0	0.0	0.0	69.0	57.0	0.0	0.0	0.0	0.0	20.0	15.0	0.0	23.0	92.0	0.0	43.0	2.0	58.0	35.0	91.0	81.0	56.0	30.0	0.0	4.0	0.0	19.0	0.0	0.0	0.0	0.0	0.0	83.0	71.0	40.0	1.0	0.0	18.0	86.0	38.0	68.0	98.0	23.0	43.0	0.0	0.0	74.0	0.0	84.0	43.0	0.0	0.0	26.0	94.0	5.0	22.0	8.0	5.0	0.0	99.0	0.0	0.0	0.0	0.0	0.0	96.0	0.0	20.0	80.0	0.0	74.0	0.0	46.0	0.0	0.0	0.0	62.0	0.0	0.0	10.0	89.0	0.0	59.0	66.0	0.0	21.0	13.0	0.0	0.0	87.0	27.0	48.0	0.0	0.0	0.0	0.0
0.0	0.0	0.0	49.0	24.0	0.0	6.0	0.0	0.0	92.0	79.0	25.0	0.0	0.0	59.0	0.0	0.0	21.0	86.0	43.0	0.0	0.0	29.0	0.0	0.0	67.0	76.0	0.0	1.0	48.0	0.0	59.0	0.0	0.0	0.0	63.0	55.0	0.0	52.0	90.0	0.0	37.0	50.0	0.0	0.0	0.0	44.0	0.0	0.0	62.0	0.0	40.0	0.0	36.0	75.0	0.0	44.0	23.0	2.0	81.0	44.0	0.0	0.0	18.0	0.0	0.0	0.0	0.0	0.0	40.0	64.0	0.0	0.0	2.0	0.0	89.0	56.0	34.0	86.0	27.0	56.0	0.0	0.0	0.0	10.0	0.0	31.0	42.0	0.0	0.0	0.0	84.0	0.0	34.0	32.0	58.0	0.0	49.0	41.0	52.0	43.0	79.0	0.0	44.0	0.0	91.0	3.0	33.0	4.0	82.0	0.0	0.0
7.0	0.0	0.0	15.0	0.0	0.0	0.0	0.0	88.0	0.0	0.0	0.0	0.0	0.0	0.0	59.0	8.0	0.0	60.0	38.0	0.0	0.0	9.0	0.0	74.0	0.0	34.0	0.0	60.0	0.0	85.0	0.0	96.0	0.0	0.0	0.0	0.0	0.0	0.0	0.0	0.0	30.0	0.0	10.0	30.0	0.0	0.0	92.0	84.0	42.0	45.0	0.0	58.0	0.0	0.0	0.0	0.0	0.0	58.0	72.0	0.0	20.0	64.0	0.0	0.0	21.0	0.0	0.0	0.0	46.0	0.0	0.0	63.0	0.0	0.0	29.0	26.0	65.0	0.0	0.0	0.0	0.0	0.0	0.0	68.0	0.0	0.0	0.0	0.0	0.0	0.0	78.0	43.0	35.0	62.0	89.0	30.0	35.0	9.0	71.0	0.0	46.0	33.0	0.0	54.0	0.0	0.0	11.0	0.0	82.0	0.0
65.0	0.0	68.0	0.0	0.0	56.0	43.0	0.0	31.0	0.0	2.0	0.0	7.0	0.0	0.0	56.0	0.0	97.0	0.0	21.0	0.0	0.0	58.0	41.0	0.0	0.0	60.0	29.0	9.0	0.0	6.0	13.0	0.0	97.0	0.0	35.0	0.0	8.0	95.0	0.0	61.0	27.0	0.0	30.0	0.0	13.0	39.0	1.0	33.0	56.0	0.0	0.0	0.0	47.0	72.0	0.0	0.0	22.0	0.0	0.0	33.0	87.0	15.0	73.0	0.0	0.0	0.0	0.0	0.0	0.0	78.0	0.0	0.0	27.0	0.0	0.0	0.0	55.0	63.0	58.0	0.0	0.0	100.0	12.0	0.0	0.0	0.0	63.0	0.0	28.0	21.0	0.0	59.0	98.0	42.0	0.0	10.0	86.0	76.0	0.0	0.0	0.0	0.0	68.0	92.0	0.0	39.0	48.0	86.0	0.0
53.0	94.0	91.0	0.0	81.0	5.0	13.0	55.0	0.0	0.0	0.0	0.0	47.0	62.0	0.0	0.0	0.0	9.0	0.0	76.0	0.0	77.0	0.0	86.0	0.0	74.0	0.0	68.0	0.0	0.0	34.0	96.0	65.0	86.0	0.0	0.0	37.0	53.0	0.0	0.0	0.0	0.0	4.0	0.0	90.0	0.0	49.0	26.0	0.0	0.0	0.0	0.0	0.0	54.0	0.0	0.0	37.0	6.0	70.0	70.0	0.0	0.0	0.0	0.0	39.0	22.0	71.0	74.0	11.0	0.0	0.0	0.0	0.0	90.0	0.0	20.0	0.0	0.0	45.0	81.0	0.0	40.0	31.0	0.0	0.0	0.0	66.0	9.0	48.0	82.0	25.0	0.0	6.0	27.0	0.0	0.0	0.0	0.0	0.0	24.0	72.0	49.0	11.0	0.0	0.0	40.0	96.0	0.0	82.0
0.0	0.0	0.0	61.0	88.0	47.0	0.0	0.0	0.0	29.0	0.0	0.0	0.0	54.0	0.0	50.0	64.0	0.0	50.0	76.0	0.0	28.0	0.0	0.0	54.0	0.0	24.0	0.0	23.0	66.0	0.0	24.0	0.0	15.0	0.0	0.0	0.0	27.0	0.0	62.0	90.0	86.0	56.0	60.0	85.0	0.0	47.0	40.0	90.0	85.0	98.0	0.0	39.0	83.0	0.0	17.0	0.0	34.0	0.0	0.0	0.0	3.0	62.0	0.0	0.0	0.0	0.0	0.0	0.0	99.0	66.0	57.0	0.0	77.0	0.0	24.0	86.0	1.0	90.0	0.0	0.0	42.0	0.0	38.0	37.0	0.0	42.0	0.0	86.0	70.0	97.0	0.0	70.0	19.0	0.0	36.0	0.0	91.0	0.0	18.0	0.0	49.0	0.0	0.0	85.0	22.0	0.0	0.0
81.0	0.0	22.0	72.0	13.0	35.0	3.0	0.0	71.0	0.0	0.0	0.0	53.0	18.0	87.0	0.0	0.0	0.0	64.0	0.0	0.0	0.0	14.0	35.0	27.0	31.0	0.0	37.0	0.0	47.0	60.0	32.0	92.0	89.0	44.0	80.0	0.0	0.0	0.0	40.0	73.0	91.0	38.0	0.0	98.0	62.0	45.0	54.0	0.0	45.0	87.0	0.0	86.0	73.0	31.0	77.0	83.0	0.0	0.0	0.0	0.0	0.0	25.0	0.0	0.0	0.0	10.0	97.0	88.0	0.0	15.0	45.0	11.0	0.0	0.0	0.0	0.0	94.0	0.0	16.0	9.0	51.0	0.0	0.0	9.0	0.0	87.0	66.0	0.0	78.0	7.0	0.0	87.0	0.0	9.0	7.0	67.0	61.0	46.0	0.0	3.0	14.0	0.0	0.0	0.0	0.0	84.0
51.0	27.0	79.0	0.0	93.0	0.0	14.0	36.0	0.0	56.0	0.0	65.0	0.0	0.0	0.0	0.0	0.0	96.0	50.0	0.0	0.0	80.0	80.0	92.0	56.0	0.0	58.0	0.0	14.0	38.0	0.0	6.0	0.0	20.0	55.0	0.0	94.0	97.0	0.0	0.0	0.0	60.0	0.0	0.0	0.0	0.0	34.0	0.0	0.0	33.0	0.0	37.0	0.0	0.0	73.0	0.0	35.0	0.0	21.0	80.0	60.0	56.0	0.0	0.0	0.0	0.0	0.0	5.0	0.0	0.0	37.0	0.0	0.0	0.0	0.0	65.0	7.0	26.0	53.0	12.0	0.0	0.0	0.0	39.0	0.0	0.0	18.0	0.0	0.0	0.0	0.0	40.0	0.0	0.0	67.0	5.0	0.0	33.0	78.0	0.0	0.0	76.0	55.0	0.0	64.0	0.0
62.0	40.0	77.0	87.0	64.0	75.0	0.0	0.0	43.0	18.0	55.0	85.0	0.0	0.0	0.0	0.0	32.0	0.0	0.0	0.0	0.0	0.0	14.0	0.0	72.0	0.0	99.0	71.0	0.0	0.0	0.0	90.0	42.0	2.0	0.0	34.0	0.0	0.0	0.0	33.0	11.0	0.0	89.0	98.0	44.0	61.0	0.0	0.0	79.0	0.0	68.0	0.0	90.0	19.0	0.0	22.0	0.0	0.0	0.0	0.0	0.0	0.0	28.0	86.0	0.0	0.0	0.0	26.0	20.0	49.0	46.0	0.0	56.0	0.0	0.0	0.0	0.0	0.0	89.0	0.0	34.0	0.0	43.0	0.0	1.0	0.0	71.0	35.0	0.0	0.0	0.0	37.0	0.0	0.0	0.0	0.0	0.0	10.0	30.0	0.0	0.0	0.0	0.0	90.0	0.0
0.0	0.0	73.0	13.0	40.0	61.0	0.0	0.0	0.0	0.0	0.0	60.0	62.0	0.0	0.0	95.0	13.0	98.0	73.0	0.0	0.0	0.0	0.0	0.0	0.0	12.0	0.0	13.0	74.0	0.0	0.0	0.0	75.0	1.0	93.0	73.0	67.0	0.0	11.0	0.0	0.0	0.0	39.0	0.0	41.0	0.0	89.0	0.0	0.0	0.0	0.0	0.0	31.0	0.0	0.0	88.0	0.0	0.0	0.0	0.0	19.0	0.0	4.0	78.0	7.0	14.0	42.0	40.0	26.0	0.0	95.0	0.0	0.0	0.0	0.0	0.0	40.0	0.0	0.0	67.0	0.0	0.0	24.0	52.0	36.0	0.0	68.0	29.0	26.0	0.0	88.0	69.0	19.0	25.0	59.0	24.0	0.0	0.0	0.0	87.0	12.0	0.0	0.0	0.0
89.0	18.0	95.0	25.0	0.0	0.0	22.0	0.0	32.0	0.0	66.0	82.0	0.0	0.0	63.0	0.0	0.0	59.0	0.0	0.0	0.0	0.0	94.0	14.0	81.0	0.0	0.0	0.0	0.0	0.0	0.0	50.0	0.0	0.0	0.0	0.0	0.0	19.0	88.0	71.0	0.0	98.0	48.0	51.0	9.0	0.0	0.0	0.0	0.0	0.0	60.0	0.0	80.0	26.0	0.0	90.0	40.0	0.0	48.0	45.0	0.0	51.0	0.0	0.0	99.0	0.0	10.0	70.0	47.0	13.0	0.0	56.0	0.0	80.0	0.0	0.0	0.0	92.0	91.0	78.0	0.0	30.0	0.0	0.0	0.0	0.0	1.0	34.0	83.0	6.0	11.0	53.0	0.0	0.0	98.0	0.0	82.0	94.0	0.0	0.0	87.0	93.0	73.0
0.0	0.0	65.0	79.0	73.0	0.0	96.0	0.0	0.0	0.0	95.0	27.0	27.0	0.0	0.0	0.0	47.0	0.0	0.0	36.0	5.0	0.0	0.0	0.0	0.0	91.0	81.0	99.0	0.0	0.0	93.0	55.0	0.0	0.0	0.0	0.0	15.0	0.0	0.0	38.0	21.0	0.0	23.0	27.0	5.0	93.0	0.0	0.0	56.0	0.0	0.0	0.0	6.0	0.0	41.0	0.0	77.0	0.0	82.0	0.0	88.0	47.0	0.0	0.0	0.0	35.0	0.0	26.0	0.0	72.0	38.0	0.0	5.0	0.0	0.0	0.0	0.0	0.0	0.0	0.0	37.0	48.0	87.0	10.0	2.0	27.0	0.0	58.0	0.0	0.0	73.0	0.0	34.0	52.0	64.0	0.0	96.0	0.0	0.0	0.0	29.0	0.0
31.0	0.0	8.0	85.0	81.0	0.0	0.0	33.0	0.0	19.0	0.0	72.0	5.0	35.0	0.0	10.0	40.0	0.0	0.0	10.0	0.0	0.0	0.0	46.0	59.0	22.0	0.0	0.0	1.0	0.0	0.0	50.0	36.0	0.0	0.0	0.0	49.0	37.0	36.0	0.0	0.0	0.0	0.0	37.0	0.0	98.0	52.0	0.0	32.0	55.0	0.0	17.0	0.0	0.0	71.0	62.0	64.0	66.0	33.0	0.0	0.0	23.0	69.0	0.0	0.0	0.0	82.0	0.0	0.0	0.0	0.0	0.0	14.0	0.0	29.0	0.0	0.0	67.0	59.0	9.0	0.0	0.0	0.0	0.0	0.0	42.0	60.0	0.0	0.0	0.0	0.0	0.0	0.0	76.0	0.0	0.0	0.0	0.0	0.0	49.0	0.0
99.0	76.0	0.0	0.0	0.0	0.0	80.0	86.0	0.0	70.0	0.0	0.0	98.0	0.0	54.0	0.0	0.0	0.0	0.0	83.0	69.0	0.0	0.0	16.0	0.0	0.0	63.0	0.0	23.0	0.0	0.0	71.0	65.0	76.0	33.0	53.0	39.0	0.0	88.0	38.0	43.0	44.0	31.0	0.0	81.0	35.0	53.0	0.0	0.0	21.0	84.0	0.0	0.0	83.0	10.0	0.0	0.0	0.0	64.0	0.0	0.0	39.0	73.0	0.0	0.0	4.0	51.0	0.0	0.0	0.0	11.0	80.0	0.0	82.0	0.0	0.0	0.0	0.0	0.0	9.0	0.0	49.0	0.0	14.0	0.0	0.0	58.0	0.0	58.0	0.0	0.0	27.0	0.0	0.0	88.0	0.0	0.0	0.0	0.0	0.0
0.0	0.0	0.0	0.0	0.0	67.0	0.0	0.0	9.0	0.0	0.0	19.0	74.0	76.0	27.0	0.0	60.0	0.0	0.0	26.0	0.0	91.0	47.0	0.0	0.0	0.0	0.0	10.0	44.0	53.0	0.0	0.0	0.0	0.0	0.0	90.0	74.0	65.0	0.0	0.0	45.0	13.0	32.0	0.0	41.0	80.0	70.0	0.0	62.0	0.0	0.0	91.0	0.0	0.0	55.0	0.0	6.0	0.0	0.0	74.0	19.0	0.0	0.0	70.0	20.0	35.0	0.0	0.0	0.0	36.0	0.0	0.0	56.0	0.0	5.0	0.0	0.0	98.0	46.0	99.0	0.0	0.0	0.0	95.0	40.0	79.0	92.0	0.0	0.0	0.0	0.0	0.0	0.0	47.0	47.0	99.0	27.0	0.0	87.0
36.0	88.0	30.0	30.0	10.0	0.0	0.0	30.0	37.0	97.0	0.0	0.0	4.0	0.0	0.0	5.0	76.0	0.0	0.0	0.0	55.0	0.0	65.0	0.0	42.0	88.0	0.0	29.0	51.0	0.0	16.0	78.0	71.0	0.0	0.0	77.0	87.0	0.0	0.0	29.0	41.0	10.0	60.0	0.0	11.0	76.0	0.0	69.0	10.0	92.0	85.0	99.0	0.0	56.0	0.0	52.0	61.0	32.0	0.0	0.0	96.0	18.0	0.0	0.0	0.0	99.0	0.0	92.0	64.0	83.0	0.0	95.0	27.0	76.0	84.0	13.0	0.0	66.0	89.0	0.0	45.0	53.0	0.0	59.0	0.0	39.0	0.0	65.0	0.0	52.0	17.0	91.0	52.0	18.0	0.0	91.0	0.0	0.0
0.0	0.0	0.0	0.0	0.0	0.0	94.0	0.0	21.0	0.0	86.0	0.0	0.0	28.0	0.0	0.0	64.0	26.0	0.0	73.0	0.0	66.0	0.0	30.0	92.0	47.0	39.0	75.0	0.0	0.0	77.0	0.0	0.0	41.0	0.0	0.0	0.0	23.0	0.0	0.0	0.0	0.0	73.0	0.0	98.0	82.0	23.0	0.0	14.0	0.0	0.0	0.0	0.0	61.0	0.0	60.0	80.0	2.0	0.0	100.0	17.0	13.0	0.0	64.0	86.0	0.0	80.0	17.0	82.0	0.0	46.0	0.0	52.0	0.0	79.0	41.0	36.0	0.0	0.0	0.0	38.0	32.0	0.0	0.0	0.0	45.0	0.0	55.0	76.0	59.0	0.0	11.0	0.0	0.0	0.0	84.0	0.0
14.0	43.0	0.0	0.0	86.0	0.0	78.0	0.0	75.0	12.0	0.0	40.0	74.0	0.0	51.0	0.0	0.0	15.0	0.0	49.0	4.0	31.0	0.0	0.0	76.0	67.0	1.0	67.0	0.0	86.0	0.0	59.0	58.0	24.0	0.0	87.0	94.0	0.0	0.0	31.0	59.0	0.0	78.0	0.0	0.0	28.0	0.0	34.0	0.0	0.0	0.0	0.0	0.0	0.0	0.0	0.0	51.0	97.0	12.0	0.0	63.0	95.0	0.0	0.0	52.0	0.0	0.0	76.0	49.0	0.0	92.0	0.0	0.0	32.0	10.0	0.0	67.0	0.0	0.0	0.0	0.0	57.0	8.0	52.0	29.0	0.0	0.0	94.0	72.0	17.0	0.0	67.0	0.0	0.0	0.0	0.0
33.0	69.0	94.0	22.0	41.0	21.0	0.0	0.0	80.0	87.0	0.0	0.0	61.0	34.0	99.0	10.0	0.0	0.0	0.0	0.0	0.0	0.0	0.0	0.0	34.0	83.0	0.0	3.0	0.0	39.0	66.0	84.0	0.0	0.0	80.0	0.0	0.0	92.0	0.0	0.0	0.0	0.0	0.0	25.0	0.0	0.0	0.0	0.0	0.0	0.0	3.0	60.0	0.0	0.0	0.0	0.0	90.0	27.0	0.0	0.0	0.0	62.0	0.0	0.0	0.0	0.0	0.0	15.0	95.0	57.0	0.0	0.0	50.0	0.0	0.0	55.0	0.0	0.0	0.0	0.0	0.0	50.0	36.0	0.0	0.0	0.0	0.0	75.0	0.0	10.0	0.0	0.0	17.0	0.0	0.0
0.0	0.0	72.0	0.0	88.0	96.0	0.0	27.0	97.0	0.0	64.0	0.0	0.0	10.0	0.0	6.0	52.0	27.0	0.0	0.0	1.0	0.0	32.0	0.0	33.0	0.0	0.0	59.0	77.0	0.0	0.0	0.0	22.0	66.0	0.0	2.0	0.0	42.0	0.0	46.0	0.0	24.0	86.0	0.0	0.0	47.0	0.0	0.0	0.0	28.0	0.0	0.0	0.0	34.0	2.0	0.0	0.0	50.0	42.0	77.0	0.0	12.0	58.0	43.0	91.0	73.0	0.0	0.0	75.0	57.0	0.0	0.0	99.0	80.0	0.0	96.0	0.0	38.0	0.0	30.0	19.0	47.0	0.0	0.0	0.0	93.0	0.0	13.0	0.0	0.0	9.0	0.0	0.0	71.0
0.0	19.0	0.0	20.0	35.0	0.0	73.0	36.0	48.0	70.0	0.0	68.0	0.0	0.0	69.0	0.0	79.0	18.0	0.0	39.0	0.0	0.0	0.0	0.0	0.0	97.0	37.0	0.0	0.0	37.0	0.0	0.0	60.0	45.0	0.0	0.0	5.0	42.0	4.0	0.0	43.0	0.0	24.0	0.0	92.0	0.0	22.0	64.0	0.0	0.0	38.0	0.0	0.0	12.0	0.0	40.0	89.0	0.0	88.0	22.0	66.0	0.0	13.0	69.0	80.0	0.0	0.0	0.0	57.0	32.0	29.0	0.0	0.0	0.0	0.0	0.0	0.0	0.0	47.0	68.0	61.0	37.0	78.0	13.0	58.0	0.0	0.0	0.0	0.0	0.0	0.0	37.0	0.0
0.0	0.0	0.0	0.0	37.0	22.0	0.0	0.0	89.0	93.0	0.0	0.0	0.0	13.0	34.0	0.0	0.0	0.0	0.0	0.0	14.0	78.0	0.0	71.0	75.0	0.0	19.0	68.0	0.0	0.0	0.0	75.0	0.0	73.0	0.0	38.0	0.0	41.0	8.0	0.0	0.0	61.0	0.0	29.0	69.0	50.0	0.0	0.0	51.0	1.0	0.0	28.0	0.0	0.0	0.0	45.0	0.0	0.0	0.0	0.0	78.0	23.0	96.0	86.0	23.0	54.0	91.0	0.0	0.0	0.0	0.0	69.0	0.0	0.0	20.0	0.0	62.0	0.0	0.0	1.0	62.0	0.0	0.0	0.0	46.0	76.0	0.0	0.0	16.0	2.0	0.0	87.0
0.0	49.0	58.0	86.0	0.0	0.0	50.0	36.0	0.0	0.0	61.0	84.0	0.0	67.0	0.0	19.0	0.0	21.0	29.0	0.0	0.0	0.0	0.0	0.0	84.0	0.0	0.0	0.0	36.0	0.0	0.0	89.0	45.0	0.0	0.0	40.0	0.0	23.0	0.0	0.0	99.0	0.0	0.0	49.0	0.0	0.0	0.0	67.0	83.0	0.0	0.0	0.0	0.0	0.0	0.0	89.0	0.0	0.0	0.0	38.0	0.0	0.0	46.0	90.0	0.0	80.0	6.0	61.0	0.0	25.0	0.0	65.0	0.0	0.0	0.0	3.0	44.0	54.0	54.0	0.0	77.0	0.0	0.0	50.0	67.0	0.0	0.0	0.0	29.0	40.0	0.0
0.0	78.0	26.0	81.0	66.0	71.0	0.0	18.0	0.0	43.0	33.0	0.0	0.0	12.0	96.0	21.0	90.0	0.0	92.0	0.0	0.0	60.0	0.0	12.0	0.0	0.0	89.0	0.0	7.0	82.0	99.0	0.0	28.0	73.0	44.0	25.0	0.0	25.0	99.0	83.0	0.0	60.0	55.0	0.0	0.0	0.0	27.0	98.0	47.0	0.0	0.0	74.0	0.0	0.0	0.0	0.0	0.0	7.0	0.0	0.0	0.0	75.0	96.0	57.0	27.0	0.0	0.0	67.0	62.0	41.0	84.0	0.0	28.0	99.0	42.0	0.0	99.0	0.0	0.0	0.0	0.0	0.0	21.0	0.0	42.0	0.0	0.0	0.0	0.0	18.0
65.0	0.0	71.0	47.0	0.0	55.0	50.0	54.0	0.0	11.0	56.0	0.0	0.0	28.0	41.0	0.0	0.0	0.0	83.0	48.0	0.0	0.0	0.0	18.0	0.0	80.0	0.0	7.0	18.0	29.0	0.0	66.0	0.0	93.0	9.0	0.0	0.0	0.0	0.0	0.0	93.0	53.0	0.0	90.0	23.0	8.0	54.0	47.0	0.0	0.0	3.0	98.0	40.0	0.0	0.0	0.0	0.0	61.0	9.0	68.0	0.0	81.0	0.0	26.0	84.0	38.0	12.0	0.0	85.0	97.0	0.0	89.0	0.0	58.0	13.0	0.0	0.0	0.0	19.0	0.0	0.0	75.0	0.0	0.0	30.0	46.0	22.0	88.0	36.0
60.0	61.0	0.0	24.0	74.0	75.0	55.0	38.0	51.0	45.0	0.0	0.0	0.0	0.0	0.0	80.0	0.0	0.0	0.0	42.0	0.0	0.0	0.0	0.0	2.0	97.0	37.0	49.0	0.0	93.0	0.0	50.0	61.0	0.0	24.0	33.0	87.0	59.0	62.0	0.0	0.0	63.0	0.0	0.0	42.0	55.0	0.0	0.0	44.0	8.0	0.0	78.0	0.0	7.0	0.0	0.0	60.0	29.0	52.0	0.0	99.0	0.0	0.0	0.0	0.0	36.0	0.0	0.0	0.0	0.0	0.0	16.0	9.0	15.0	89.0	97.0	44.0	0.0	11.0	58.0	0.0	0.0	0.0	7.0	0.0	0.0	47.0	96.0
26.0	83.0	0.0	44.0	0.0	0.0	0.0	0.0	95.0	78.0	0.0	61.0	11.0	0.0	29.0	0.0	76.0	0.0	0.0	69.0	4.0	89.0	0.0	0.0	80.0	0.0	26.0	4.0	0.0	0.0	15.0	0.0	0.0	80.0	96.0	6.0	99.0	0.0	54.0	0.0	0.0	83.0	92.0	0.0	0.0	0.0	24.0	0.0	15.0	25.0	38.0	0.0	46.0	0.0	92.0	9.0	0.0	0.0	78.0	0.0	0.0	53.0	11.0	21.0	0.0	74.0	0.0	0.0	63.0	0.0	0.0	74.0	0.0	33.0	0.0	88.0	0.0	0.0	56.0	0.0	85.0	47.0	0.0	45.0	0.0	84.0	0.0
26.0	0.0	35.0	0.0	0.0	0.0	0.0	32.0	91.0	46.0	11.0	99.0	0.0	0.0	31.0	0.0	56.0	94.0	47.0	14.0	0.0	0.0	0.0	0.0	81.0	44.0	40.0	26.0	0.0	42.0	0.0	9.0	0.0	28.0	0.0	0.0	12.0	67.0	19.0	0.0	0.0	0.0	0.0	24.0	0.0	0.0	0.0	65.0	0.0	88.0	0.0	0.0	0.0	0.0	0.0	0.0	0.0	84.0	0.0	0.0	16.0	77.0	78.0	79.0	48.0	0.0	0.0	0.0	0.0	87.0	0.0	0.0	0.0	0.0	51.0	0.0	0.0	23.0	72.0	13.0	87.0	0.0	43.0	37.0	37.0	0.0
44.0	36.0	0.0	74.0	0.0	70.0	0.0	0.0	0.0	0.0	0.0	0.0	13.0	24.0	83.0	9.0	0.0	5.0	0.0	90.0	54.0	73.0	0.0	0.0	36.0	92.0	0.0	0.0	22.0	43.0	98.0	43.0	0.0	0.0	0.0	12.0	0.0	63.0	9.0	0.0	0.0	97.0	58.0	0.0	21.0	25.0	36.0	23.0	0.0	48.0	0.0	0.0	0.0	22.0	84.0	95.0	52.0	0.0	44.0	0.0	0.0	0.0	0.0	18.0	0.0	0.0	0.0	0.0	79.0	0.0	0.0	0.0	4.0	0.0	0.0	66.0	42.0	77.0	20.0	98.0	0.0	0.0	52.0	0.0	0.0
0.0	100.0	79.0	0.0	1.0	0.0	0.0	0.0	82.0	0.0	0.0	27.0	0.0	96.0	0.0	54.0	97.0	0.0	34.0	87.0	0.0	1.0	94.0	0.0	2.0	40.0	35.0	86.0	85.0	0.0	0.0	17.0	39.0	0.0	44.0	0.0	0.0	0.0	0.0	57.0	0.0	0.0	69.0	19.0	0.0	24.0	0.0	4.0	36.0	65.0	0.0	0.0	0.0	0.0	84.0	0.0	35.0	63.0	0.0	0.0	97.0	0.0	0.0	0.0	0.0	0.0	0.0	0.0	48.0	80.0	78.0	89.0	90.0	10.0	0.0	75.0	0.0	0.0	0.0	0.0	0.0	77.0	0.0	70.0
20.0	5.0	0.0	0.0	0.0	0.0	40.0	60.0	49.0	0.0	0.0	0.0	0.0	0.0	0.0	69.0	0.0	62.0	13.0	2.0	32.0	0.0	14.0	4.0	0.0	89.0	2.0	0.0	0.0	0.0	25.0	84.0	72.0	0.0	37.0	97.0	76.0	0.0	0.0	65.0	54.0	0.0	0.0	0.0	74.0	0.0	80.0	0.0	0.0	0.0	0.0	0.0	91.0	95.0	44.0	0.0	0.0	0.0	43.0	0.0	0.0	0.0	62.0	0.0	0.0	41.0	0.0	0.0	44.0	0.0	0.0	0.0	0.0	33.0	80.0	0.0	0.0	48.0	0.0	0.0	59.0	0.0	0.0
56.0	55.0	0.0	43.0	0.0	71.0	40.0	0.0	0.0	0.0	58.0	0.0	0.0	0.0	0.0	0.0	0.0	0.0	56.0	0.0	11.0	0.0	20.0	73.0	0.0	0.0	77.0	0.0	61.0	0.0	41.0	98.0	89.0	47.0	0.0	0.0	0.0	0.0	94.0	84.0	0.0	0.0	4.0	64.0	48.0	6.0	0.0	48.0	0.0	37.0	1.0	49.0	14.0	25.0	0.0	0.0	52.0	0.0	0.0	0.0	13.0	62.0	0.0	66.0	0.0	0.0	0.0	0.0	0.0	0.0	41.0	92.0	0.0	0.0	32.0	24.0	0.0	43.0	0.0	0.0	0.0	0.0
6.0	92.0	36.0	0.0	0.0	0.0	0.0	14.0	80.0	0.0	0.0	0.0	0.0	24.0	61.0	0.0	0.0	0.0	0.0	13.0	87.0	0.0	57.0	0.0	72.0	96.0	80.0	0.0	0.0	2.0	92.0	60.0	41.0	0.0	10.0	96.0	0.0	23.0	3.0	18.0	9.0	0.0	0.0	98.0	59.0	83.0	91.0	0.0	0.0	0.0	65.0	35.0	0.0	0.0	23.0	0.0	100.0	50.0	35.0	0.0	0.0	0.0	0.0	0.0	92.0	1.0	0.0	77.0	0.0	1.0	94.0	0.0	0.0	16.0	0.0	0.0	92.0	4.0	0.0	77.0	83.0
0.0	0.0	0.0	0.0	0.0	17.0	0.0	37.0	14.0	25.0	0.0	70.0	49.0	0.0	22.0	0.0	0.0	0.0	0.0	62.0	46.0	0.0	0.0	90.0	0.0	0.0	54.0	0.0	30.0	12.0	0.0	43.0	0.0	84.0	0.0	46.0	0.0	90.0	0.0	77.0	0.0	0.0	84.0	0.0	0.0	0.0	0.0	52.0	0.0	22.0	77.0	0.0	0.0	70.0	0.0	0.0	0.0	27.0	0.0	0.0	0.0	0.0	2.0	0.0	0.0	0.0	95.0	75.0	89.0	0.0	43.0	75.0	42.0	0.0	0.0	51.0	79.0	76.0	0.0	0.0
0.0	0.0	0.0	61.0	0.0	25.0	69.0	0.0	0.0	0.0	83.0	88.0	0.0	0.0	4.0	27.0	94.0	0.0	71.0	46.0	0.0	0.0	66.0	0.0	0.0	0.0	0.0	24.0	0.0	0.0	0.0	32.0	37.0	0.0	82.0	0.0	10.0	0.0	0.0	13.0	0.0	0.0	0.0	92.0	0.0	0.0	61.0	0.0	0.0	0.0	76.0	32.0	0.0	0.0	99.0	0.0	0.0	0.0	0.0	49.0	61.0	0.0	0.0	56.0	72.0	0.0	33.0	30.0	80.0	0.0	0.0	0.0	38.0	74.0	71.0	0.0	90.0	0.0	0.0
75.0	0.0	0.0	0.0	0.0	0.0	0.0	0.0	0.0	67.0	53.0	0.0	0.0	43.0	50.0	0.0	45.0	0.0	38.0	36.0	100.0	0.0	0.0	8.0	0.0	0.0	0.0	0.0	0.0	0.0	66.0	6.0	0.0	0.0	94.0	9.0	0.0	0.0	66.0	94.0	0.0	27.0	0.0	65.0	15.0	59.0	0.0	0.0	0.0	0.0	0.0	0.0	62.0	71.0	33.0	0.0	0.0	34.0	0.0	0.0	85.0	81.0	0.0	0.0	32.0	0.0	11.0	0.0	31.0	0.0	0.0	0.0	0.0	90.0	28.0	0.0	0.0	5.0
18.0	88.0	0.0	0.0	0.0	25.0	9.0	86.0	24.0	18.0	32.0	0.0	50.0	0.0	50.0	0.0	0.0	0.0	77.0	51.0	0.0	63.0	86.0	0.0	0.0	0.0	0.0	53.0	8.0	69.0	0.0	58.0	0.0	0.0	78.0	0.0	53.0	0.0	10.0	71.0	51.0	69.0	0.0	0.0	0.0	0.0	56.0	0.0	0.0	90.0	14.0	51.0	0.0	0.0	16.0	0.0	0.0	0.0	52.0	55.0	82.0	1.0	76.0	0.0	55.0	94.0	94.0	19.0	3.0	56.0	0.0	0.0	86.0	0.0	86.0	8.0	0.0
0.0	13.0	7.0	0.0	0.0	3.0	0.0	35.0	0.0	0.0	2.0	0.0	19.0	0.0	10.0	25.0	94.0	0.0	0.0	91.0	0.0	0.0	87.0	0.0	64.0	40.0	0.0	21.0	82.0	10.0	49.0	0.0	89.0	0.0	0.0	0.0	0.0	62.0	51.0	53.0	68.0	0.0	25.0	98.0	0.0	0.0	50.0	23.0	30.0	12.0	41.0	0.0	0.0	0.0	0.0	0.0	26.0	37.0	0.0	0.0	0.0	71.0	34.0	0.0	14.0	74.0	0.0	70.0	13.0	0.0	19.0	0.0	85.0	30.0	82.0	42.0
0.0	0.0	0.0	0.0	54.0	0.0	68.0	86.0	0.0	0.0	0.0	0.0	0.0	0.0	0.0	30.0	42.0	96.0	0.0	0.0	0.0	0.0	73.0	99.0	4.0	0.0	21.0	0.0	0.0	35.0	23.0	47.0	0.0	0.0	0.0	48.0	0.0	82.0	0.0	56.0	27.0	26.0	0.0	0.0	0.0	50.0	0.0	68.0	0.0	0.0	0.0	60.0	0.0	0.0	0.0	50.0	0.0	0.0	0.0	0.0	0.0	0.0	0.0	36.0	98.0	0.0	0.0	0.0	29.0	21.0	96.0	45.0	65.0	0.0	0.0
0.0	0.0	0.0	80.0	52.0	79.0	59.0	78.0	0.0	92.0	6.0	72.0	23.0	0.0	100.0	0.0	79.0	0.0	73.0	3.0	9.0	0.0	100.0	20.0	69.0	0.0	0.0	0.0	0.0	0.0	62.0	59.0	72.0	54.0	7.0	48.0	94.0	72.0	0.0	11.0	0.0	0.0	0.0	0.0	0.0	41.0	0.0	94.0	8.0	51.0	0.0	0.0	73.0	0.0	8.0	6.0	0.0	39.0	0.0	84.0	62.0	0.0	67.0	48.0	0.0	0.0	0.0	0.0	58.0	47.0	0.0	0.0	0.0	0.0
3.0	23.0	87.0	0.0	60.0	0.0	0.0	0.0	0.0	0.0	62.0	0.0	0.0	0.0	0.0	0.0	15.0	95.0	35.0	0.0	0.0	31.0	0.0	0.0	0.0	0.0	99.0	0.0	60.0	80.0	0.0	95.0	96.0	0.0	13.0	10.0	0.0	0.0	54.0	0.0	31.0	0.0	0.0	0.0	0.0	0.0	0.0	19.0	34.0	0.0	0.0	0.0	0.0	36.0	22.0	91.0	0.0	96.0	0.0	0.0	4.0	0.0	0.0	20.0	74.0	88.0	0.0	0.0	0.0	0.0	31.0	0.0	0.0
4.0	88.0	0.0	0.0	98.0	0.0	26.0	83.0	0.0	0.0	0.0	98.0	0.0	0.0	9.0	82.0	0.0	6.0	0.0	72.0	0.0	0.0	0.0	0.0	68.0	0.0	47.0	0.0	33.0	0.0	0.0	0.0	9.0	0.0	11.0	25.0	47.0	0.0	0.0	0.0	75.0	46.0	17.0	20.0	0.0	0.0	73.0	0.0	40.0	76.0	0.0	0.0	92.0	0.0	5.0	69.0	0.0	0.0	63.0	0.0	99.0	0.0	0.0	0.0	0.0	0.0	55.0	19.0	15.0	51.0	52.0	0.0
27.0	30.0	5.0	83.0	0.0	20.0	0.0	0.0	11.0	0.0	0.0	0.0	82.0	0.0	0.0	0.0	36.0	45.0	0.0	3.0	83.0	31.0	0.0	55.0	27.0	0.0	0.0	0.0	54.0	44.0	0.0	5.0	0.0	87.0	17.0	0.0	56.0	0.0	60.0	95.0	38.0	2.0	0.0	0.0	0.0	63.0	0.0	55.0	0.0	0.0	1.0	0.0	0.0	99.0	31.0	0.0	63.0	82.0	91.0	0.0	0.0	19.0	10.0	0.0	73.0	0.0	90.0	0.0	0.0	0.0	27.0
0.0	0.0	18.0	0.0	66.0	0.0	32.0	89.0	0.0	0.0	0.0	68.0	0.0	0.0	0.0	89.0	20.0	0.0	25.0	0.0	87.0	0.0	98.0	0.0	0.0	35.0	58.0	0.0	35.0	0.0	0.0	0.0	0.0	44.0	87.0	33.0	92.0	0.0	40.0	71.0	2.0	99.0	0.0	8.0	57.0	0.0	43.0	0.0	52.0	0.0	0.0	77.0	25.0	83.0	0.0	82.0	0.0	10.0	65.0	0.0	0.0	60.0	0.0	47.0	0.0	0.0	91.0	70.0	99.0	0.0
24.0	0.0	3.0	25.0	31.0	29.0	49.0	0.0	68.0	0.0	73.0	0.0	86.0	0.0	0.0	0.0	32.0	0.0	0.0	0.0	87.0	4.0	28.0	0.0	0.0	0.0	82.0	71.0	0.0	0.0	49.0	5.0	0.0	62.0	18.0	0.0	78.0	62.0	80.0	0.0	81.0	100.0	10.0	0.0	59.0	19.0	60.0	38.0	60.0	88.0	98.0	0.0	78.0	0.0	0.0	34.0	97.0	0.0	0.0	30.0	99.0	15.0	77.0	82.0	22.0	0.0	0.0	0.0	0.0
66.0	0.0	98.0	0.0	1.0	52.0	0.0	0.0	0.0	37.0	0.0	33.0	0.0	59.0	0.0	61.0	0.0	0.0	81.0	84.0	0.0	62.0	0.0	6.0	50.0	0.0	35.0	0.0	49.0	0.0	0.0	75.0	0.0	0.0	0.0	0.0	0.0	0.0	0.0	92.0	45.0	11.0	93.0	0.0	29.0	12.0	0.0	0.0	0.0	83.0	79.0	0.0	57.0	0.0	0.0	17.0	0.0	47.0	0.0	64.0	0.0	85.0	89.0	5.0	0.0	0.0	59.0	38.0
40.0	0.0	0.0	39.0	0.0	0.0	43.0	76.0	0.0	65.0	63.0	0.0	0.0	0.0	0.0	12.0	0.0	0.0	0.0	0.0	0.0	0.0	61.0	61.0	9.0	0.0	36.0	21.0	61.0	88.0	0.0	0.0	0.0	45.0	0.0	58.0	71.0	0.0	73.0	46.0	57.0	0.0	0.0	18.0	51.0	38.0	0.0	21.0	94.0	29.0	0.0	82.0	64.0	13.0	0.0	80.0	0.0	20.0	1.0	44.0	22.0	0.0	0.0	59.0	0.0	57.0	0.0
67.0	0.0	0.0	0.0	92.0	0.0	41.0	0.0	0.0	0.0	0.0	0.0	0.0	0.0	54.0	67.0	83.0	0.0	21.0	4.0	0.0	0.0	62.0	70.0	0.0	0.0	0.0	0.0	0.0	59.0	34.0	24.0	0.0	0.0	0.0	38.0	0.0	41.0	0.0	25.0	26.0	26.0	46.0	0.0	0.0	0.0	89.0	43.0	63.0	15.0	0.0	100.0	1.0	11.0	0.0	0.0	0.0	42.0	0.0	61.0	74.0	0.0	72.0	0.0	0.0	0.0
98.0	0.0	0.0	52.0	0.0	87.0	0.0	0.0	0.0	18.0	0.0	0.0	85.0	0.0	0.0	4.0	56.0	42.0	0.0	0.0	59.0	0.0	0.0	0.0	95.0	0.0	0.0	83.0	0.0	0.0	7.0	0.0	23.0	88.0	8.0	63.0	20.0	67.0	0.0	0.0	0.0	22.0	72.0	1.0	23.0	0.0	30.0	15.0	0.0	0.0	0.0	0.0	0.0	0.0	0.0	50.0	79.0	0.0	99.0	35.0	60.0	0.0	0.0	0.0	95.0
43.0	0.0	49.0	0.0	0.0	9.0	0.0	61.0	0.0	54.0	4.0	67.0	71.0	0.0	61.0	0.0	0.0	73.0	0.0	0.0	46.0	0.0	19.0	86.0	17.0	48.0	63.0	35.0	35.0	32.0	67.0	0.0	70.0	8.0	0.0	16.0	0.0	0.0	0.0	25.0	10.0	1.0	53.0	72.0	0.0	0.0	0.0	0.0	0.0	0.0	67.0	17.0	0.0	10.0	30.0	44.0	0.0	45.0	0.0	0.0	0.0	92.0	0.0	66.0
0.0	0.0	0.0	96.0	44.0	0.0	4.0	72.0	0.0	25.0	0.0	31.0	0.0	0.0	0.0	29.0	0.0	2.0	98.0	26.0	96.0	0.0	0.0	2.0	0.0	0.0	0.0	60.0	26.0	0.0	84.0	0.0	25.0	0.0	92.0	0.0	38.0	33.0	0.0	41.0	0.0	0.0	0.0	92.0	0.0	71.0	0.0	3.0	0.0	89.0	77.0	48.0	0.0	0.0	0.0	0.0	0.0	10.0	74.0	0.0	0.0	0.0	0.0
0.0	0.0	0.0	0.0	0.0	0.0	20.0	58.0	22.0	23.0	0.0	59.0	26.0	0.0	0.0	0.0	52.0	0.0	9.0	0.0	80.0	0.0	0.0	70.0	0.0	0.0	0.0	4.0	62.0	0.0	69.0	0.0	0.0	27.0	0.0	49.0	8.0	0.0	0.0	96.0	19.0	0.0	0.0	0.0	83.0	12.0	0.0	0.0	0.0	0.0	20.0	92.0	89.0	0.0	0.0	62.0	13.0	0.0	0.0	42.0	47.0	82.0
69.0	0.0	0.0	0.0	12.0	0.0	65.0	0.0	0.0	0.0	0.0	0.0	0.0	77.0	7.0	0.0	51.0	96.0	87.0	85.0	0.0	0.0	55.0	58.0	0.0	94.0	80.0	58.0	0.0	0.0	89.0	0.0	0.0	37.0	0.0	0.0	39.0	0.0	33.0	0.0	0.0	0.0	24.0	32.0	0.0	0.0	0.0	0.0	0.0	14.0	0.0	0.0	0.0	66.0	0.0	46.0	8.0	0.0	58.0	0.0	0.0
66.0	0.0	39.0	58.0	0.0	0.0	25.0	0.0	0.0	0.0	0.0	74.0	4.0	31.0	66.0	57.0	17.0	0.0	25.0	32.0	0.0	92.0	70.0	36.0	75.0	0.0	0.0	0.0	0.0	21.0	0.0	0.0	93.0	0.0	23.0	56.0	0.0	90.0	22.0	0.0	0.0	89.0	0.0	0.0	59.0	0.0	37.0	0.0	16.0	0.0	81.0	0.0	78.0	25.0	0.0	0.0	0.0	25.0	86.0	0.0
27.0	64.0	71.0	19.0	0.0	45.0	0.0	0.0	0.0	68.0	48.0	0.0	39.0	0.0	72.0	0.0	0.0	95.0	11.0	0.0	33.0	16.0	98.0	0.0	24.0	0.0	71.0	0.0	0.0	0.0	76.0	0.0	0.0	0.0	74.0	0.0	0.0	70.0	0.0	10.0	0.0	0.0	0.0	0.0	93.0	79.0	44.0	65.0	0.0	0.0	11.0	0.0	0.0	0.0	1.0	72.0	58.0	13.0	70.0
0.0	33.0	0.0	56.0	0.0	32.0	61.0	0.0	0.0	74.0	0.0	0.0	64.0	38.0	18.0	85.0	0.0	30.0	70.0	0.0	0.0	50.0	0.0	0.0	61.0	97.0	0.0	98.0	3.0	0.0	0.0	0.0	0.0	22.0	67.0	62.0	55.0	8.0	0.0	55.0	0.0	43.0	83.0	0.0	0.0	0.0	48.0	0.0	70.0	9.0	41.0	64.0	0.0	0.0	8.0	0.0	24.0	0.0
22.0	0.0	0.0	0.0	0.0	0.0	82.0	2.0	0.0	0.0	0.0	50.0	68.0	0.0	0.0	83.0	48.0	9.0	64.0	80.0	0.0	58.0	88.0	30.0	0.0	0.0	94.0	0.0	29.0	38.0	77.0	40.0	0.0	0.0	0.0	25.0	67.0	77.0	0.0	75.0	0.0	0.0	0.0	0.0	88.0	90.0	0.0	0.0	62.0	0.0	0.0	45.0	63.0	2.0	18.0	0.0	0.0
0.0	32.0	73.0	18.0	76.0	92.0	23.0	61.0	0.0	0.0	96.0	0.0	0.0	0.0	70.0	77.0	0.0	72.0	87.0	0.0	0.0	3.0	0.0	0.0	23.0	0.0	93.0	79.0	0.0	6.0	0.0	0.0	7.0	0.0	1.0	20.0	0.0	99.0	31.0	29.0	63.0	10.0	0.0	78.0	0.0	57.0	0.0	66.0	78.0	0.0	0.0	5.0	0.0	0.0	21.0	85.0
0.0	65.0	52.0	61.0	22.0	0.0	94.0	0.0	42.0	0.0	0.0	0.0	0.0	0.0	32.0	0.0	0.0	71.0	3.0	0.0	0.0	31.0	62.0	0.0	76.0	52.0	67.0	94.0	40.0	0.0	42.0	33.0	0.0	43.0	14.0	0.0	0.0	95.0	0.0	11.0	0.0	82.0	0.0	82.0	82.0	85.0	29.0	92.0	0.0	0.0	0.0	0.0	43.0	36.0	0.0
73.0	0.0	0.0	0.0	33.0	0.0	96.0	0.0	0.0	0.0	65.0	73.0	0.0	0.0	90.0	32.0	0.0	0.0	0.0	31.0	0.0	0.0	0.0	0.0	0.0	34.0	93.0	0.0	40.0	0.0	0.0	0.0	0.0	0.0	97.0	0.0	0.0	73.0	0.0	0.0	0.0	0.0	48.0	32.0	49.0	0.0	38.0	98.0	76.0	0.0	0.0	0.0	0.0	0.0
0.0	5.0	0.0	70.0	62.0	35.0	0.0	0.0	33.0	22.0	9.0	0.0	37.0	0.0	0.0	0.0	57.0	61.0	47.0	0.0	12.0	0.0	0.0	0.0	38.0	84.0	67.0	95.0	0.0	0.0	45.0	73.0	75.0	0.0	39.0	0.0	0.0	0.0	0.0	0.0	0.0	0.0	0.0	60.0	0.0	38.0	50.0	98.0	0.0	12.0	45.0	0.0	24.0
86.0	0.0	78.0	0.0	0.0	0.0	96.0	0.0	0.0	71.0	0.0	53.0	46.0	0.0	32.0	36.0	0.0	0.0	22.0	0.0	0.0	0.0	73.0	92.0	16.0	77.0	0.0	8.0	0.0	66.0	0.0	3.0	65.0	79.0	12.0	95.0	0.0	0.0	88.0	0.0	0.0	39.0	91.0	0.0	46.0	0.0	2.0	93.0	84.0	0.0	0.0	0.0
22.0	0.0	0.0	0.0	83.0	0.0	0.0	61.0	0.0	0.0	19.0	95.0	96.0	0.0	0.0	24.0	49.0	73.0	13.0	0.0	91.0	31.0	0.0	37.0	87.0	0.0	0.0	96.0	54.0	35.0	10.0	0.0	40.0	41.0	0.0	0.0	1.0	0.0	0.0	22.0	17.0	52.0	0.0	62.0	62.0	0.0	53.0	88.0	0.0	53.0	0.0
68.0	0.0	31.0	0.0	52.0	0.0	41.0	0.0	88.0	99.0	0.0	0.0	0.0	28.0	72.0	61.0	0.0	0.0	22.0	19.0	0.0	0.0	23.0	0.0	0.0	98.0	48.0	90.0	0.0	0.0	56.0	47.0	95.0	87.0	100.0	77.0	24.0	0.0	0.0	0.0	91.0	0.0	0.0	0.0	69.0	68.0	19.0	23.0	31.0	91.0
0.0	56.0	90.0	59.0	13.0	0.0	0.0	0.0	52.0	0.0	94.0	0.0	53.0	0.0	58.0	0.0	92.0	23.0	0.0	0.0	0.0	50.0	34.0	27.0	21.0	0.0	0.0	37.0	0.0	19.0	30.0	25.0	0.0	0.0	66.0	5.0	0.0	0.0	0.0	0.0	23.0	91.0	0.0	65.0	0.0	0.0	0.0	63.0	20.0
0.0	27.0	49.0	0.0	0.0	82.0	45.0	48.0	0.0	0.0	42.0	0.0	79.0	0.0	0.0	85.0	99.0	0.0	61.0	84.0	33.0	0.0	75.0	0.0	0.0	0.0	0.0	0.0	82.0	2.0	73.0	0.0	0.0	49.0	0.0	56.0	32.0	0.0	14.0	33.0	58.0	81.0	0.0	21.0	51.0	0.0	79.0	0.0
44.0	10.0	9.0	0.0	59.0	63.0	49.0	20.0	0.0	43.0	50.0	55.0	96.0	0.0	0.0	0.0	18.0	0.0	35.0	33.0	0.0	98.0	0.0	8.0	0.0	0.0	27.0	52.0	0.0	0.0	43.0	49.0	67.0	83.0	0.0	4.0	0.0	60.0	44.0	12.0	64.0	82.0	5.0	14.0	39.0	0.0	21.0
3.0	45.0	96.0	0.0	0.0	7.0	0.0	73.0	22.0	99.0	7.0	0.0	0.0	0.0	52.0	0.0	21.0	76.0	0.0	30.0	8.0	49.0	0.0	0.0	27.0	0.0	39.0	0.0	0.0	56.0	16.0	0.0	52.0	4.0	0.0	59.0	56.0	0.0	26.0	0.0	83.0	0.0	64.0	0.0	0.0	0.0
22.0	0.0	0.0	0.0	0.0	0.0	55.0	0.0	0.0	74.0	0.0	0.0	0.0	0.0	91.0	100.0	0.0	0.0	32.0	0.0	92.0	0.0	0.0	39.0	0.0	31.0	0.0	0.0	0.0	93.0	0.0	0.0	84.0	0.0	82.0	77.0	0.0	0.0	25.0	0.0	49.0	0.0	53.0	99.0	97.0
3.0	0.0	60.0	61.0	0.0	0.0	32.0	50.0	17.0	11.0	0.0	72.0	61.0	23.0	43.0	86.0	0.0	75.0	2.0	0.0	72.0	32.0	24.0	59.0	57.0	0.0	0.0	16.0	0.0	72.0	0.0	0.0	0.0	0.0	74.0	45.0	12.0	67.0	0.0	0.0	4.0	0.0	0.0	58.0
77.0	14.0	0.0	0.0	0.0	99.0	0.0	58.0	0.0	20.0	54.0	0.0	0.0	59.0	0.0	28.0	72.0	0.0	0.0	48.0	0.0	0.0	89.0	38.0	49.0	0.0	44.0	0.0	0.0	0.0	0.0	0.0	53.0	72.0	0.0	0.0	0.0	0.0	13.0	36.0	83.0	57.0	50.0
89.0	0.0	0.0	0.0	0.0	22.0	0.0	0.0	71.0	23.0	36.0	0.0	0.0	0.0	97.0	0.0	59.0	0.0	0.0	0.0	38.0	96.0	0.0	38.0	43.0	73.0	81.0	0.0	21.0	59.0	0.0	72.0	0.0	100.0	0.0	0.0	30.0	0.0	0.0	47.0	77.0	0.0
0.0	56.0	69.0	9.0	0.0	0.0	6.0	8.0	69.0	0.0	40.0	6.0	79.0	0.0	0.0	0.0	38.0	0.0	0.0	0.0	0.0	96.0	0.0	0.0	0.0	17.0	56.0	56.0	22.0	0.0	78.0	89.0	0.0	71.0	0.0	43.0	0.0	39.0	0.0	57.0	0.0
43.0	50.0	4.0	0.0	0.0	44.0	49.0	41.0	0.0	0.0	0.0	0.0	0.0	0.0	7.0	47.0	77.0	0.0	0.0	0.0	38.0	87.0	92.0	22.0	0.0	0.0	78.0	0.0	99.0	0.0	0.0	0.0	16.0	0.0	21.0	65.0	0.0	18.0	0.0	57.0
0.0	0.0	0.0	0.0	0.0	0.0	91.0	0.0	0.0	0.0	14.0	47.0	6.0	63.0	98.0	71.0	31.0	94.0	0.0	29.0	0.0	0.0	0.0	0.0	5.0	0.0	70.0	0.0	0.0	7.0	5.0	51.0	0.0	8.0	68.0	34.0	0.0	37.0	69.0
0.0	0.0	3.0	0.0	100.0	0.0	0.0	0.0	0.0	58.0	18.0	0.0	0.0	0.0	8.0	22.0	8.0	0.0	29.0	0.0	92.0	76.0	4.0	0.0	53.0	0.0	0.0	0.0	0.0	0.0	43.0	0.0	0.0	0.0	0.0	50.0	0.0	0.0
77.0	0.0	2.0	0.0	0.0	0.0	65.0	18.0	1.0	93.0	0.0	0.0	14.0	5.0	0.0	0.0	0.0	0.0	0.0	0.0	66.0	0.0	88.0	0.0	0.0	42.0	0.0	14.0	0.0	6.0	57.0	38.0	47.0	77.0	0.0	0.0	13.0
0.0	0.0	68.0	32.0	0.0	59.0	0.0	0.0	48.0	0.0	2.0	40.0	82.0	0.0	0.0	19.0	11.0	0.0	0.0	68.0	0.0	0.0	0.0	83.0	0.0	0.0	0.0	22.0	17.0	0.0	0.0	0.0	37.0	96.0	32.0	64.0
0.0	23.0	24.0	0.0	0.0	17.0	0.0	37.0	0.0	86.0	0.0	0.0	0.0	39.0	0.0	0.0	0.0	0.0	88.0	89.0	0.0	73.0	30.0	0.0	0.0	96.0	99.0	22.0	0.0	53.0	89.0	0.0	9.0	28.0	0.0
0.0	0.0	26.0	79.0	0.0	6.0	0.0	0.0	78.0	0.0	0.0	98.0	0.0	9.0	69.0	85.0	93.0	0.0	7.0	0.0	0.0	97.0	0.0	0.0	0.0	37.0	0.0	46.0	0.0	0.0	0.0	0.0	42.0	0.0
0.0	89.0	66.0	0.0	57.0	0.0	80.0	0.0	87.0	0.0	0.0	0.0	93.0	0.0	62.0	0.0	0.0	9.0	65.0	0.0	0.0	0.0	23.0	26.0	40.0	0.0	0.0	76.0	87.0	0.0	0.0	0.0	28.0
44.0	83.0	0.0	92.0	93.0	0.0	0.0	0.0	6.0	0.0	64.0	0.0	57.0	70.0	21.0	96.0	84.0	1.0	26.0	0.0	59.0	84.0	0.0	79.0	0.0	29.0	0.0	0.0	1.0	0.0	0.0	6.0
47.0	0.0	0.0	75.0	65.0	0.0	65.0	0.0	98.0	0.0	0.0	35.0	75.0	0.0	57.0	49.0	0.0	74.0	56.0	0.0	59.0	86.0	66.0	24.0	0.0	0.0	0.0	0.0	63.0	0.0	0.0
0.0	42.0	48.0	54.0	0.0	0.0	0.0	20.0	0.0	0.0	0.0	44.0	0.0	0.0	0.0	0.0	66.0	0.0	90.0	97.0	0.0	29.0	0.0	26.0	0.0	0.0	0.0	0.0	0.0	78.0
0.0	0.0	0.0	0.0	45.0	0.0	36.0	0.0	0.0	0.0	66.0	83.0	7.0	15.0	40.0	0.0	79.0	27.0	0.0	0.0	0.0	43.0	0.0	40.0	5.0	0.0	95.0	81.0	0.0
0.0	0.0	0.0	26.0	0.0	0.0	22.0	0.0	43.0	0.0	73.0	0.0	0.0	11.0	0.0	85.0	0.0	62.0	17.0	0.0	0.0	0.0	0.0	75.0	0.0	0.0	0.0	95.0
0.0	0.0	49.0	77.0	51.0	0.0	57.0	15.0	0.0	84.0	0.0	88.0	63.0	0.0	0.0	0.0	0.0	0.0	0.0	0.0	0.0	79.0	0.0	0.0	97.0	0.0	0.0
67.0	71.0	0.0	39.0	83.0	68.0	6.0	63.0	76.0	80.0	0.0	0.0	10.0	0.0	60.0	0.0	99.0	58.0	1.0	12.0	46.0	0.0	65.0	0.0	0.0	32.0
4.0	0.0	0.0	43.0	0.0	0.0	9.0	56.0	1.0	0.0	0.0	0.0	0.0	42.0	49.0	0.0	0.0	34.0	51.0	69.0	0.0	0.0	60.0	31.0	0.0
68.0	90.0	34.0	0.0	0.0	33.0	83.0	64.0	0.0	0.0	35.0	56.0	0.0	3.0	0.0	87.0	92.0	98.0	0.0	74.0	0.0	0.0	62.0	21.0
60.0	0.0	0.0	32.0	0.0	0.0	0.0	94.0	0.0	8.0	14.0	73.0	20.0	0.0	21.0	0.0	48.0	0.0	0.0	71.0	0.0	70.0	99.0
0.0	0.0	74.0	0.0	0.0	10.0	0.0	0.0	78.0	96.0	0.0	8.0	0.0	0.0	87.0	28.0	28.0	10.0	34.0	0.0	58.0	75.0
16.0	11.0	98.0	17.0	0.0	0.0	75.0	2.0	1.0	60.0	0.0	0.0	81.0	0.0	36.0	0.0	0.0	0.0	56.0	0.0	0.0
86.0	0.0	0.0	0.0	31.0	0.0	13.0	0.0	80.0	43.0	29.0	0.0	74.0	0.0	16.0	61.0	92.0	0.0	0.0	80.0
90.0	0.0	38.0	13.0	0.0	0.0	0.0	53.0	13.0	0.0	0.0	10.0	62.0	1.0	0.0	37.0	80.0	0.0	0.0
83.0	0.0	74.0	0.0	0.0	0.0	2.0	0.0	0.0	0.0	51.0	0.0	0.0	15.0	91.0	25.0	27.0	0.0
0.0	0.0	0.0	39.0	0.0	63.0	0.0	0.0	0.0	0.0	94.0	0.0	0.0	0.0	97.0	37.0	0.0
0.0	0.0	0.0	0.0	19.0	45.0	61.0	0.0	0.0	84.0	0.0	49.0	0.0	24.0	0.0	10.0
0.0	51.0	0.0	97.0	0.0	0.0	79.0	0.0	64.0	0.0	21.0	0.0	62.0	0.0	71.0
82.0	0.0	90.0	0.0	0.0	90.0	80.0	0.0	22.0	0.0	0.0	32.0	0.0	0.0
0.0	84.0	0.0	74.0	68.0	0.0	36.0	0.0	22.0	35.0	0.0	34.0	85.0
0.0	0.0	58.0	0.0	10.0	82.0	63.0	0.0	34.0	58.0	95.0	46.0
23.0	0.0	0.0	0.0	9.0	94.0	79.0	68.0	40.0	0.0	0.0
78.0	43.0	0.0	0.0	0.0	50.0	8.0	0.0	0.0	55.0
98.0	66.0	0.0	20.0	0.0	12.0	0.0	0.0	0.0
0.0	0.0	67.0	0.0	0.0	0.0	0.0	58.0
0.0	94.0	0.0	33.0	86.0	78.0	0.0
0.0	62.0	0.0	0.0	0.0	0.0
0.0	41.0	0.0	0.0	0.0
54.0	55.0	8.0	0.0
65.0	92.0	93.0
87.0	91.0
22.0

24.0	23.0	28.0	16.0	42.0	14.0	21.0	6.0	39.0	22.0	23.0	29.0	40.0	15.0	10.0	40.0	8.0	50.0	50.0	6.0	5.0	12.0	34.0	25.0	39.0	12.0	3.0	18.0	20.0	9.0	27.0	34.0	31.0	23.0	33.0	15.0	34.0	16.0	27.0	11.0	10.0	37.0	20.0	4.0	45.0	44.0	44.0	22.0	21.0	42.0	28.0	41.0	3.0	12.0	23.0	26.0	12.0	4.0	6.0	33.0	29.0	6.0	28.0	39.0	27.0	7.0	6.0	6.0	24.0	13.0	7.0	5.0	36.0	36.0	24.0	18.0	10.0	24.0	4.0	33.0	28.0	38.0	9.0	25.0	6.0	12.0	47.0	36.0	30.0	7.0	8.0	47.0	43.0	46.0	18.0	5.0	13.0	7.0	50.0	18.0	37.0	47.0	19.0	46.0	47.0	8.0	21.0	24.0	27.0	13.0	47.0	39.0	12.0	35.0	11.0	35.0	47.0	37.0	13.0	35.0	38.0	15.0	45.0	15.0	22.0	21.0	16.0	38.0	40.0	20.0	34.0	19.0	10.0	38.0	28.0	48.0	36.0	32.0	4.0	37.0	9.0	31.0	38.0	17.0	38.0	32.0	19.0	24.0	28.0	31.0	19.0	44.0	7.0	25.0	21.0	24.0	37.0	11.0	45.0	26.0	29.0	49.0	23.0	6.0	35.0	24.0	3.0	13.0	50.0	44.0	7.0	31.0	34.0	39.0	20.0	13.0	38.0	38.0	4.0	15.0	34.0	42.0	11.0	22.0	34.0	41.0	29.0	11.0	20.0	14.0	41.0	2.0	29.0	19.0	41.0	35.0	50.0	48.0	19.0	12.0

805.9200000000001	805.9200000000001	805.9200000000001	805.9200000000001	805.9200000000001
