qmkp_100_75_3_005
100
3

66.0	64.0	0.0	41.0	20.0	95.0	79.0	0.0	52.0	59.0	72.0	64.0	86.0	58.0	92.0	0.0	46.0	63.0	46.0	22.0	81.0	0.0	10.0	86.0	14.0	0.0	59.0	21.0	0.0	97.0	100.0	0.0	81.0	29.0	91.0	2.0	79.0	40.0	86.0	21.0	92.0	0.0	7.0	5.0	5.0	0.0	45.0	0.0	16.0	0.0	51.0	70.0	72.0	11.0	38.0	18.0	76.0	79.0	30.0	0.0	91.0	21.0	94.0	70.0	70.0	47.0	0.0	0.0	48.0	81.0	67.0	74.0	0.0	25.0	24.0	0.0	51.0	40.0	25.0	10.0	77.0	48.0	48.0	90.0	97.0	34.0	45.0	60.0	38.0	0.0	40.0	34.0	85.0	12.0	0.0	9.0	77.0	37.0	41.0	75.0
32.0	0.0	41.0	34.0	74.0	41.0	0.0	18.0	99.0	94.0	9.0	66.0	0.0	16.0	20.0	0.0	72.0	29.0	68.0	64.0	2.0	75.0	87.0	0.0	59.0	63.0	27.0	23.0	33.0	49.0	2.0	43.0	0.0	21.0	27.0	0.0	73.0	87.0	96.0	30.0	23.0	0.0	0.0	0.0	0.0	0.0	42.0	50.0	76.0	28.0	12.0	23.0	73.0	21.0	40.0	0.0	8.0	38.0	34.0	26.0	0.0	0.0	38.0	31.0	97.0	54.0	89.0	0.0	48.0	17.0	0.0	6.0	57.0	0.0	92.0	15.0	13.0	74.0	88.0	48.0	59.0	0.0	48.0	0.0	75.0	84.0	78.0	90.0	16.0	82.0	55.0	0.0	84.0	0.0	0.0	8.0	94.0	53.0	92.0
58.0	37.0	0.0	88.0	30.0	10.0	29.0	0.0	83.0	44.0	1.0	15.0	64.0	52.0	41.0	43.0	49.0	52.0	12.0	0.0	31.0	83.0	88.0	57.0	58.0	0.0	35.0	82.0	0.0	0.0	30.0	8.0	64.0	32.0	95.0	23.0	23.0	57.0	0.0	86.0	0.0	31.0	0.0	15.0	43.0	88.0	16.0	0.0	90.0	0.0	51.0	14.0	0.0	22.0	63.0	100.0	66.0	71.0	0.0	0.0	71.0	24.0	24.0	6.0	0.0	29.0	76.0	83.0	0.0	5.0	26.0	46.0	10.0	37.0	14.0	27.0	75.0	0.0	0.0	0.0	88.0	37.0	91.0	85.0	81.0	32.0	59.0	6.0	0.0	0.0	43.0	37.0	0.0	9.0	83.0	100.0	29.0	0.0
0.0	0.0	79.0	69.0	7.0	66.0	14.0	0.0	0.0	0.0	82.0	66.0	71.0	15.0	51.0	54.0	39.0	87.0	25.0	57.0	15.0	8.0	5.0	96.0	17.0	29.0	71.0	0.0	77.0	28.0	88.0	0.0	56.0	0.0	0.0	74.0	48.0	51.0	98.0	0.0	57.0	45.0	20.0	0.0	85.0	22.0	0.0	58.0	16.0	0.0	19.0	15.0	76.0	0.0	42.0	3.0	64.0	54.0	60.0	7.0	56.0	0.0	10.0	93.0	91.0	22.0	16.0	54.0	0.0	17.0	56.0	66.0	56.0	99.0	0.0	75.0	0.0	34.0	6.0	2.0	0.0	65.0	0.0	52.0	45.0	56.0	0.0	24.0	5.0	28.0	21.0	33.0	53.0	60.0	75.0	0.0	52.0
70.0	67.0	73.0	34.0	26.0	46.0	0.0	0.0	62.0	18.0	29.0	78.0	3.0	0.0	23.0	11.0	67.0	0.0	0.0	13.0	38.0	0.0	94.0	91.0	98.0	3.0	23.0	83.0	68.0	0.0	18.0	11.0	96.0	0.0	94.0	46.0	15.0	25.0	24.0	48.0	4.0	0.0	2.0	0.0	0.0	70.0	82.0	29.0	50.0	27.0	0.0	0.0	5.0	43.0	77.0	23.0	42.0	89.0	0.0	34.0	0.0	72.0	0.0	72.0	7.0	31.0	18.0	58.0	29.0	0.0	0.0	27.0	4.0	70.0	0.0	0.0	0.0	100.0	0.0	77.0	7.0	34.0	49.0	0.0	95.0	86.0	93.0	87.0	43.0	91.0	35.0	15.0	98.0	77.0	0.0	23.0
0.0	64.0	93.0	35.0	9.0	0.0	0.0	39.0	0.0	79.0	28.0	0.0	76.0	82.0	0.0	52.0	12.0	35.0	31.0	87.0	69.0	32.0	7.0	22.0	36.0	19.0	0.0	91.0	64.0	89.0	0.0	83.0	4.0	89.0	66.0	73.0	50.0	21.0	71.0	0.0	86.0	75.0	46.0	0.0	91.0	22.0	45.0	69.0	68.0	56.0	40.0	89.0	63.0	97.0	0.0	90.0	82.0	23.0	9.0	14.0	81.0	0.0	0.0	6.0	96.0	99.0	0.0	78.0	0.0	93.0	31.0	67.0	55.0	7.0	33.0	39.0	93.0	2.0	5.0	52.0	0.0	33.0	69.0	39.0	97.0	0.0	40.0	31.0	10.0	5.0	68.0	52.0	21.0	0.0	84.0
13.0	44.0	32.0	0.0	93.0	0.0	0.0	3.0	91.0	58.0	56.0	6.0	100.0	94.0	99.0	0.0	0.0	92.0	31.0	89.0	85.0	73.0	92.0	25.0	65.0	52.0	99.0	96.0	0.0	2.0	54.0	85.0	16.0	39.0	0.0	0.0	22.0	97.0	8.0	21.0	89.0	63.0	2.0	0.0	82.0	41.0	0.0	25.0	79.0	61.0	76.0	0.0	21.0	86.0	35.0	48.0	18.0	71.0	60.0	65.0	0.0	56.0	96.0	0.0	10.0	27.0	54.0	56.0	19.0	42.0	64.0	1.0	0.0	95.0	0.0	15.0	96.0	28.0	49.0	85.0	14.0	75.0	86.0	1.0	84.0	74.0	0.0	5.0	0.0	51.0	0.0	41.0	85.0	25.0
84.0	52.0	95.0	76.0	45.0	11.0	61.0	0.0	0.0	0.0	40.0	11.0	10.0	41.0	0.0	0.0	27.0	66.0	0.0	0.0	23.0	99.0	49.0	15.0	0.0	0.0	0.0	82.0	76.0	55.0	0.0	8.0	51.0	90.0	0.0	52.0	5.0	0.0	13.0	66.0	73.0	3.0	19.0	0.0	97.0	68.0	0.0	98.0	49.0	87.0	96.0	79.0	76.0	74.0	33.0	16.0	75.0	77.0	100.0	61.0	10.0	48.0	42.0	45.0	0.0	6.0	0.0	59.0	0.0	12.0	0.0	83.0	0.0	0.0	93.0	5.0	0.0	89.0	21.0	4.0	0.0	26.0	11.0	2.0	33.0	85.0	0.0	21.0	0.0	23.0	38.0	40.0	56.0
71.0	93.0	74.0	9.0	97.0	59.0	0.0	45.0	16.0	74.0	20.0	0.0	40.0	51.0	9.0	28.0	0.0	0.0	68.0	0.0	9.0	7.0	67.0	30.0	77.0	45.0	36.0	20.0	93.0	46.0	57.0	0.0	0.0	0.0	64.0	0.0	85.0	36.0	0.0	17.0	69.0	62.0	0.0	0.0	90.0	87.0	85.0	44.0	84.0	87.0	75.0	62.0	0.0	96.0	76.0	25.0	45.0	0.0	0.0	10.0	17.0	35.0	93.0	80.0	0.0	13.0	62.0	99.0	53.0	2.0	16.0	0.0	87.0	2.0	0.0	0.0	0.0	78.0	0.0	35.0	55.0	75.0	0.0	40.0	0.0	98.0	53.0	20.0	35.0	67.0	18.0	5.0
96.0	51.0	8.0	73.0	0.0	5.0	9.0	45.0	7.0	82.0	93.0	0.0	0.0	68.0	5.0	94.0	70.0	81.0	3.0	57.0	52.0	82.0	33.0	0.0	11.0	0.0	61.0	39.0	64.0	60.0	0.0	23.0	37.0	94.0	7.0	0.0	26.0	0.0	93.0	0.0	81.0	24.0	25.0	22.0	63.0	0.0	76.0	73.0	7.0	0.0	0.0	0.0	51.0	90.0	89.0	90.0	43.0	62.0	100.0	19.0	36.0	43.0	0.0	5.0	60.0	37.0	0.0	0.0	0.0	0.0	0.0	0.0	21.0	0.0	93.0	78.0	0.0	0.0	0.0	31.0	0.0	50.0	35.0	72.0	81.0	0.0	0.0	0.0	0.0	0.0	24.0
21.0	97.0	60.0	54.0	84.0	10.0	52.0	0.0	16.0	56.0	66.0	72.0	0.0	85.0	85.0	0.0	35.0	39.0	46.0	81.0	0.0	68.0	0.0	88.0	100.0	74.0	0.0	83.0	0.0	0.0	10.0	4.0	0.0	98.0	0.0	97.0	86.0	47.0	49.0	45.0	87.0	57.0	0.0	78.0	0.0	52.0	19.0	19.0	0.0	0.0	64.0	73.0	72.0	0.0	0.0	13.0	0.0	39.0	75.0	51.0	94.0	44.0	32.0	0.0	96.0	79.0	85.0	60.0	0.0	48.0	0.0	1.0	91.0	52.0	54.0	0.0	58.0	9.0	79.0	32.0	36.0	26.0	0.0	73.0	91.0	50.0	42.0	27.0	49.0	66.0
69.0	58.0	51.0	59.0	45.0	11.0	0.0	37.0	50.0	99.0	82.0	9.0	72.0	44.0	66.0	64.0	0.0	3.0	23.0	0.0	40.0	81.0	18.0	0.0	0.0	37.0	12.0	24.0	88.0	32.0	74.0	0.0	56.0	32.0	16.0	78.0	0.0	7.0	34.0	10.0	46.0	66.0	0.0	96.0	19.0	43.0	8.0	14.0	16.0	27.0	75.0	30.0	44.0	88.0	59.0	0.0	55.0	49.0	0.0	92.0	71.0	44.0	0.0	29.0	37.0	72.0	24.0	34.0	96.0	84.0	40.0	24.0	13.0	97.0	0.0	73.0	84.0	62.0	0.0	9.0	0.0	17.0	20.0	97.0	97.0	48.0	1.0	45.0	19.0
84.0	48.0	49.0	69.0	69.0	17.0	95.0	93.0	0.0	54.0	15.0	0.0	85.0	0.0	76.0	53.0	0.0	33.0	34.0	0.0	73.0	0.0	31.0	0.0	0.0	53.0	0.0	0.0	0.0	0.0	0.0	0.0	0.0	0.0	63.0	33.0	62.0	85.0	0.0	74.0	33.0	94.0	4.0	2.0	71.0	72.0	50.0	0.0	0.0	6.0	36.0	0.0	97.0	0.0	97.0	3.0	3.0	20.0	94.0	0.0	11.0	0.0	0.0	77.0	0.0	29.0	21.0	58.0	12.0	0.0	88.0	16.0	77.0	0.0	28.0	73.0	82.0	35.0	98.0	89.0	21.0	28.0	68.0	75.0	1.0	74.0	11.0	0.0
88.0	73.0	5.0	0.0	78.0	6.0	100.0	87.0	0.0	52.0	70.0	41.0	0.0	24.0	21.0	94.0	96.0	0.0	43.0	21.0	3.0	32.0	0.0	0.0	7.0	49.0	75.0	16.0	67.0	0.0	33.0	0.0	22.0	4.0	3.0	6.0	23.0	0.0	77.0	27.0	92.0	41.0	0.0	45.0	77.0	30.0	34.0	82.0	41.0	80.0	0.0	68.0	66.0	64.0	0.0	79.0	27.0	0.0	16.0	7.0	19.0	5.0	66.0	4.0	0.0	39.0	80.0	27.0	70.0	66.0	26.0	92.0	1.0	34.0	0.0	92.0	44.0	26.0	0.0	72.0	0.0	20.0	40.0	9.0	19.0	67.0	68.0
77.0	0.0	79.0	55.0	0.0	0.0	52.0	1.0	31.0	0.0	41.0	43.0	25.0	95.0	14.0	66.0	65.0	0.0	0.0	44.0	77.0	55.0	63.0	58.0	47.0	74.0	0.0	46.0	59.0	18.0	49.0	72.0	27.0	48.0	0.0	88.0	0.0	53.0	24.0	0.0	6.0	32.0	0.0	95.0	13.0	1.0	3.0	0.0	8.0	0.0	43.0	0.0	18.0	0.0	0.0	57.0	87.0	45.0	0.0	0.0	80.0	91.0	68.0	99.0	75.0	0.0	80.0	0.0	0.0	81.0	62.0	49.0	0.0	61.0	0.0	96.0	0.0	74.0	82.0	0.0	95.0	3.0	0.0	67.0	0.0	75.0
0.0	1.0	83.0	0.0	93.0	0.0	89.0	90.0	46.0	35.0	43.0	0.0	7.0	99.0	81.0	0.0	0.0	13.0	14.0	30.0	100.0	91.0	72.0	72.0	65.0	21.0	39.0	57.0	32.0	59.0	49.0	0.0	79.0	0.0	0.0	97.0	87.0	78.0	0.0	76.0	90.0	85.0	49.0	3.0	70.0	50.0	74.0	12.0	73.0	0.0	48.0	47.0	52.0	61.0	0.0	0.0	87.0	7.0	62.0	1.0	81.0	41.0	95.0	43.0	0.0	0.0	4.0	55.0	34.0	91.0	0.0	41.0	90.0	54.0	60.0	78.0	57.0	0.0	91.0	51.0	0.0	47.0	28.0	0.0	82.0
54.0	51.0	5.0	0.0	90.0	0.0	0.0	57.0	70.0	37.0	32.0	93.0	16.0	75.0	51.0	0.0	100.0	67.0	26.0	17.0	26.0	92.0	97.0	52.0	0.0	12.0	19.0	94.0	62.0	54.0	64.0	2.0	45.0	94.0	35.0	31.0	31.0	80.0	68.0	3.0	50.0	75.0	24.0	16.0	6.0	0.0	9.0	83.0	40.0	85.0	55.0	39.0	0.0	23.0	18.0	68.0	44.0	34.0	0.0	30.0	13.0	59.0	93.0	74.0	88.0	94.0	35.0	53.0	0.0	0.0	52.0	0.0	0.0	74.0	55.0	57.0	75.0	58.0	51.0	0.0	7.0	23.0	7.0	1.0
37.0	0.0	0.0	55.0	0.0	50.0	0.0	0.0	12.0	0.0	82.0	99.0	0.0	37.0	72.0	52.0	89.0	45.0	36.0	65.0	60.0	0.0	46.0	0.0	0.0	53.0	29.0	11.0	0.0	32.0	0.0	61.0	67.0	0.0	55.0	15.0	45.0	52.0	45.0	0.0	26.0	0.0	79.0	11.0	0.0	44.0	0.0	74.0	18.0	47.0	34.0	71.0	60.0	63.0	47.0	85.0	42.0	62.0	86.0	0.0	0.0	51.0	77.0	0.0	89.0	46.0	80.0	0.0	16.0	20.0	20.0	48.0	2.0	0.0	0.0	28.0	57.0	9.0	87.0	34.0	9.0	95.0	93.0
91.0	83.0	10.0	23.0	0.0	6.0	18.0	32.0	15.0	100.0	0.0	73.0	21.0	28.0	23.0	0.0	95.0	12.0	29.0	0.0	86.0	29.0	0.0	7.0	2.0	45.0	0.0	68.0	0.0	0.0	83.0	100.0	19.0	0.0	4.0	39.0	22.0	46.0	0.0	90.0	28.0	0.0	46.0	0.0	95.0	74.0	70.0	0.0	31.0	34.0	16.0	88.0	56.0	96.0	31.0	0.0	14.0	24.0	80.0	93.0	34.0	95.0	0.0	0.0	27.0	69.0	51.0	73.0	4.0	0.0	0.0	0.0	0.0	23.0	47.0	0.0	92.0	98.0	59.0	0.0	0.0	27.0
41.0	11.0	0.0	91.0	89.0	15.0	91.0	75.0	35.0	34.0	0.0	83.0	0.0	0.0	22.0	38.0	18.0	0.0	86.0	19.0	17.0	25.0	0.0	66.0	82.0	32.0	55.0	34.0	78.0	0.0	61.0	92.0	29.0	0.0	11.0	39.0	17.0	96.0	48.0	0.0	88.0	55.0	63.0	81.0	21.0	94.0	68.0	0.0	6.0	34.0	84.0	90.0	27.0	81.0	0.0	48.0	0.0	97.0	100.0	78.0	76.0	56.0	78.0	99.0	100.0	0.0	10.0	0.0	97.0	76.0	1.0	71.0	49.0	44.0	33.0	0.0	89.0	45.0	81.0	0.0	87.0
39.0	37.0	0.0	0.0	74.0	0.0	64.0	61.0	76.0	0.0	35.0	61.0	84.0	25.0	31.0	22.0	58.0	0.0	77.0	55.0	0.0	45.0	0.0	13.0	73.0	25.0	0.0	35.0	94.0	5.0	78.0	59.0	22.0	12.0	81.0	0.0	34.0	0.0	20.0	0.0	67.0	9.0	28.0	0.0	82.0	0.0	35.0	13.0	6.0	19.0	62.0	0.0	32.0	53.0	0.0	95.0	0.0	0.0	51.0	37.0	45.0	65.0	86.0	52.0	0.0	87.0	6.0	72.0	96.0	74.0	56.0	58.0	60.0	0.0	36.0	53.0	0.0	52.0	0.0	0.0
0.0	77.0	86.0	92.0	0.0	100.0	28.0	77.0	0.0	49.0	0.0	62.0	0.0	84.0	0.0	91.0	78.0	11.0	20.0	33.0	21.0	0.0	0.0	0.0	90.0	83.0	69.0	0.0	73.0	20.0	68.0	71.0	88.0	1.0	53.0	62.0	40.0	0.0	91.0	0.0	4.0	0.0	89.0	7.0	27.0	91.0	77.0	97.0	29.0	92.0	61.0	20.0	0.0	98.0	1.0	83.0	0.0	24.0	35.0	5.0	69.0	0.0	100.0	87.0	0.0	0.0	55.0	81.0	89.0	0.0	0.0	81.0	11.0	0.0	89.0	51.0	42.0	0.0	47.0
0.0	30.0	13.0	68.0	40.0	0.0	49.0	86.0	64.0	32.0	44.0	0.0	6.0	51.0	44.0	5.0	4.0	7.0	5.0	0.0	0.0	71.0	95.0	77.0	30.0	76.0	0.0	47.0	100.0	0.0	89.0	15.0	0.0	12.0	17.0	80.0	39.0	86.0	8.0	40.0	0.0	5.0	66.0	80.0	95.0	11.0	29.0	9.0	38.0	28.0	36.0	0.0	0.0	66.0	0.0	37.0	66.0	27.0	22.0	71.0	39.0	5.0	32.0	0.0	0.0	60.0	65.0	0.0	34.0	0.0	82.0	35.0	94.0	43.0	76.0	96.0	58.0	81.0
0.0	49.0	0.0	42.0	86.0	73.0	0.0	92.0	0.0	46.0	92.0	69.0	37.0	0.0	19.0	56.0	45.0	88.0	82.0	57.0	0.0	71.0	4.0	44.0	0.0	0.0	79.0	0.0	27.0	89.0	100.0	4.0	98.0	97.0	15.0	62.0	95.0	0.0	52.0	45.0	99.0	8.0	0.0	11.0	100.0	0.0	70.0	74.0	85.0	90.0	62.0	78.0	33.0	64.0	76.0	0.0	18.0	0.0	45.0	23.0	100.0	0.0	0.0	79.0	57.0	47.0	0.0	40.0	98.0	52.0	50.0	80.0	0.0	0.0	32.0	62.0	80.0
34.0	55.0	88.0	52.0	0.0	35.0	46.0	32.0	37.0	68.0	0.0	71.0	72.0	6.0	0.0	78.0	51.0	96.0	37.0	5.0	97.0	40.0	65.0	0.0	71.0	26.0	36.0	38.0	59.0	0.0	0.0	89.0	20.0	82.0	51.0	39.0	0.0	11.0	76.0	73.0	11.0	6.0	3.0	89.0	20.0	35.0	0.0	73.0	0.0	51.0	71.0	37.0	77.0	73.0	0.0	77.0	95.0	21.0	29.0	86.0	80.0	0.0	31.0	0.0	48.0	47.0	47.0	25.0	0.0	66.0	50.0	27.0	0.0	80.0	86.0	0.0
66.0	96.0	48.0	33.0	30.0	0.0	76.0	0.0	39.0	0.0	21.0	74.0	27.0	85.0	0.0	76.0	32.0	29.0	0.0	0.0	74.0	49.0	86.0	75.0	93.0	48.0	0.0	83.0	0.0	74.0	61.0	37.0	38.0	100.0	32.0	39.0	0.0	52.0	93.0	76.0	94.0	36.0	43.0	37.0	0.0	61.0	97.0	0.0	0.0	55.0	20.0	57.0	57.0	62.0	12.0	59.0	56.0	8.0	57.0	0.0	0.0	51.0	64.0	94.0	44.0	72.0	42.0	44.0	61.0	0.0	0.0	93.0	70.0	51.0	70.0
86.0	26.0	0.0	41.0	33.0	16.0	17.0	66.0	55.0	54.0	60.0	50.0	0.0	38.0	94.0	83.0	4.0	0.0	0.0	57.0	80.0	72.0	0.0	70.0	45.0	90.0	88.0	71.0	92.0	40.0	41.0	33.0	83.0	38.0	39.0	41.0	80.0	34.0	18.0	81.0	0.0	20.0	94.0	28.0	72.0	0.0	63.0	94.0	53.0	100.0	0.0	31.0	78.0	83.0	78.0	71.0	44.0	74.0	0.0	0.0	33.0	14.0	33.0	30.0	35.0	38.0	85.0	79.0	63.0	0.0	8.0	72.0	0.0	82.0
14.0	100.0	39.0	9.0	0.0	23.0	24.0	0.0	11.0	36.0	0.0	66.0	11.0	91.0	54.0	23.0	70.0	95.0	25.0	85.0	9.0	1.0	0.0	30.0	88.0	0.0	79.0	71.0	50.0	14.0	22.0	94.0	22.0	69.0	68.0	15.0	74.0	59.0	78.0	1.0	88.0	27.0	0.0	10.0	0.0	0.0	84.0	4.0	71.0	100.0	0.0	74.0	21.0	0.0	0.0	55.0	87.0	50.0	0.0	73.0	0.0	53.0	16.0	0.0	3.0	51.0	0.0	57.0	90.0	24.0	48.0	18.0	0.0
7.0	57.0	0.0	0.0	47.0	59.0	97.0	55.0	98.0	83.0	50.0	84.0	21.0	0.0	52.0	77.0	0.0	0.0	0.0	22.0	96.0	94.0	0.0	27.0	72.0	0.0	0.0	80.0	73.0	0.0	6.0	48.0	55.0	10.0	28.0	23.0	35.0	28.0	56.0	0.0	0.0	87.0	0.0	0.0	46.0	96.0	37.0	60.0	19.0	69.0	0.0	33.0	0.0	0.0	93.0	38.0	0.0	62.0	77.0	42.0	60.0	86.0	41.0	0.0	11.0	65.0	88.0	76.0	82.0	72.0	38.0	73.0
0.0	51.0	6.0	0.0	0.0	23.0	62.0	42.0	25.0	75.0	0.0	60.0	67.0	92.0	59.0	0.0	62.0	0.0	25.0	12.0	10.0	0.0	96.0	38.0	97.0	35.0	98.0	0.0	10.0	0.0	2.0	84.0	54.0	59.0	61.0	68.0	73.0	0.0	64.0	1.0	7.0	0.0	56.0	0.0	0.0	62.0	88.0	0.0	0.0	0.0	76.0	100.0	42.0	10.0	9.0	18.0	0.0	6.0	0.0	97.0	70.0	90.0	0.0	16.0	84.0	49.0	27.0	86.0	52.0	21.0	0.0
35.0	34.0	0.0	0.0	72.0	46.0	29.0	92.0	44.0	56.0	0.0	0.0	54.0	25.0	4.0	0.0	0.0	0.0	68.0	82.0	0.0	88.0	0.0	83.0	0.0	88.0	0.0	9.0	38.0	0.0	68.0	36.0	0.0	1.0	84.0	38.0	0.0	0.0	72.0	37.0	87.0	46.0	93.0	62.0	8.0	0.0	14.0	75.0	82.0	0.0	0.0	65.0	94.0	99.0	0.0	71.0	32.0	42.0	0.0	12.0	93.0	47.0	0.0	52.0	0.0	94.0	66.0	98.0	59.0	0.0
58.0	75.0	0.0	62.0	12.0	25.0	0.0	86.0	91.0	51.0	0.0	73.0	1.0	23.0	0.0	30.0	4.0	22.0	72.0	69.0	50.0	25.0	63.0	0.0	53.0	0.0	96.0	42.0	58.0	55.0	9.0	0.0	35.0	87.0	55.0	0.0	0.0	63.0	44.0	0.0	83.0	44.0	96.0	40.0	76.0	23.0	0.0	0.0	45.0	0.0	29.0	0.0	35.0	70.0	0.0	57.0	14.0	77.0	40.0	0.0	15.0	35.0	22.0	98.0	0.0	5.0	44.0	4.0	20.0
0.0	85.0	90.0	99.0	28.0	47.0	28.0	42.0	0.0	96.0	77.0	86.0	11.0	98.0	10.0	12.0	40.0	55.0	92.0	72.0	30.0	60.0	7.0	0.0	64.0	52.0	0.0	0.0	48.0	0.0	91.0	82.0	0.0	4.0	31.0	0.0	68.0	5.0	93.0	17.0	37.0	0.0	29.0	0.0	68.0	62.0	0.0	31.0	96.0	11.0	10.0	2.0	0.0	67.0	0.0	6.0	0.0	3.0	33.0	0.0	78.0	16.0	20.0	0.0	52.0	41.0	0.0	0.0
81.0	72.0	89.0	44.0	0.0	25.0	100.0	62.0	90.0	38.0	29.0	55.0	57.0	34.0	68.0	5.0	10.0	60.0	52.0	45.0	37.0	36.0	71.0	60.0	19.0	42.0	46.0	19.0	65.0	0.0	43.0	92.0	80.0	28.0	12.0	3.0	0.0	35.0	46.0	0.0	94.0	40.0	57.0	20.0	0.0	13.0	12.0	0.0	55.0	56.0	0.0	0.0	25.0	86.0	0.0	65.0	65.0	64.0	0.0	20.0	35.0	0.0	90.0	0.0	0.0	82.0	77.0
29.0	0.0	0.0	90.0	60.0	0.0	0.0	66.0	65.0	25.0	0.0	1.0	55.0	91.0	84.0	84.0	2.0	46.0	44.0	0.0	78.0	0.0	72.0	41.0	11.0	39.0	2.0	13.0	93.0	0.0	13.0	84.0	93.0	78.0	81.0	0.0	0.0	74.0	92.0	0.0	0.0	49.0	82.0	38.0	0.0	35.0	73.0	84.0	88.0	95.0	0.0	17.0	70.0	76.0	13.0	50.0	35.0	0.0	81.0	4.0	0.0	20.0	70.0	0.0	0.0	29.0
36.0	7.0	0.0	32.0	45.0	13.0	54.0	58.0	8.0	76.0	62.0	0.0	64.0	49.0	28.0	54.0	42.0	28.0	55.0	98.0	46.0	31.0	35.0	0.0	87.0	21.0	54.0	27.0	69.0	30.0	68.0	0.0	33.0	8.0	0.0	0.0	28.0	0.0	23.0	32.0	43.0	0.0	73.0	26.0	95.0	77.0	47.0	1.0	74.0	96.0	53.0	50.0	13.0	70.0	8.0	0.0	65.0	22.0	21.0	35.0	91.0	55.0	78.0	0.0	14.0
90.0	0.0	64.0	71.0	0.0	25.0	61.0	0.0	65.0	100.0	0.0	0.0	11.0	80.0	0.0	0.0	0.0	12.0	0.0	3.0	39.0	90.0	53.0	15.0	43.0	56.0	46.0	56.0	45.0	13.0	50.0	0.0	32.0	0.0	40.0	52.0	70.0	22.0	74.0	37.0	64.0	92.0	1.0	99.0	38.0	33.0	0.0	71.0	91.0	88.0	20.0	96.0	30.0	0.0	47.0	0.0	0.0	47.0	99.0	0.0	60.0	33.0	42.0	15.0
0.0	45.0	33.0	0.0	0.0	84.0	0.0	0.0	38.0	21.0	53.0	53.0	38.0	44.0	16.0	41.0	23.0	1.0	45.0	35.0	96.0	0.0	0.0	48.0	0.0	55.0	0.0	0.0	87.0	92.0	0.0	78.0	0.0	0.0	0.0	93.0	37.0	63.0	57.0	97.0	42.0	65.0	92.0	0.0	0.0	61.0	0.0	73.0	37.0	85.0	58.0	53.0	85.0	0.0	73.0	0.0	20.0	64.0	20.0	45.0	6.0	89.0	47.0
23.0	89.0	0.0	60.0	91.0	0.0	73.0	21.0	46.0	30.0	76.0	87.0	0.0	53.0	0.0	27.0	66.0	61.0	72.0	12.0	13.0	14.0	0.0	0.0	40.0	87.0	37.0	0.0	36.0	31.0	0.0	56.0	38.0	0.0	79.0	54.0	0.0	42.0	93.0	21.0	0.0	0.0	86.0	71.0	26.0	0.0	0.0	59.0	0.0	21.0	0.0	0.0	95.0	78.0	76.0	39.0	0.0	22.0	79.0	44.0	79.0	0.0
9.0	0.0	61.0	0.0	50.0	97.0	56.0	0.0	56.0	80.0	0.0	95.0	0.0	43.0	79.0	87.0	0.0	0.0	49.0	16.0	33.0	54.0	9.0	0.0	42.0	98.0	81.0	69.0	0.0	0.0	21.0	59.0	78.0	41.0	87.0	0.0	26.0	90.0	0.0	69.0	0.0	22.0	85.0	48.0	58.0	24.0	66.0	62.0	0.0	97.0	88.0	69.0	13.0	74.0	26.0	66.0	86.0	43.0	87.0	0.0	0.0
84.0	0.0	58.0	0.0	31.0	36.0	92.0	0.0	96.0	94.0	0.0	18.0	29.0	94.0	11.0	36.0	52.0	62.0	88.0	48.0	57.0	71.0	0.0	41.0	73.0	48.0	39.0	42.0	9.0	85.0	98.0	48.0	0.0	0.0	46.0	95.0	0.0	8.0	56.0	31.0	100.0	0.0	0.0	64.0	60.0	6.0	18.0	0.0	18.0	0.0	40.0	0.0	30.0	97.0	3.0	52.0	48.0	0.0	0.0	65.0
50.0	79.0	66.0	62.0	0.0	40.0	27.0	85.0	24.0	12.0	0.0	51.0	91.0	64.0	0.0	6.0	98.0	51.0	33.0	22.0	86.0	0.0	39.0	56.0	0.0	21.0	56.0	0.0	0.0	0.0	65.0	29.0	80.0	40.0	33.0	0.0	97.0	84.0	88.0	0.0	51.0	0.0	26.0	58.0	14.0	0.0	41.0	93.0	76.0	98.0	16.0	39.0	29.0	0.0	26.0	0.0	92.0	52.0	36.0
70.0	71.0	79.0	0.0	13.0	36.0	60.0	15.0	56.0	0.0	97.0	0.0	44.0	26.0	0.0	0.0	0.0	56.0	0.0	99.0	82.0	76.0	83.0	22.0	4.0	0.0	0.0	53.0	7.0	46.0	68.0	13.0	0.0	76.0	68.0	14.0	100.0	13.0	58.0	51.0	0.0	90.0	32.0	93.0	0.0	30.0	25.0	86.0	78.0	99.0	68.0	6.0	83.0	86.0	45.0	88.0	35.0	17.0
8.0	69.0	0.0	40.0	75.0	98.0	29.0	0.0	95.0	0.0	13.0	12.0	89.0	48.0	0.0	0.0	0.0	0.0	95.0	12.0	26.0	67.0	99.0	29.0	0.0	100.0	54.0	41.0	99.0	0.0	73.0	51.0	0.0	0.0	98.0	0.0	63.0	94.0	75.0	0.0	0.0	29.0	13.0	54.0	89.0	81.0	25.0	96.0	44.0	0.0	0.0	40.0	77.0	0.0	9.0	68.0	0.0
68.0	77.0	3.0	98.0	83.0	4.0	0.0	11.0	0.0	58.0	0.0	77.0	0.0	11.0	0.0	24.0	93.0	46.0	29.0	69.0	47.0	77.0	27.0	0.0	0.0	0.0	66.0	83.0	25.0	9.0	96.0	0.0	36.0	7.0	34.0	0.0	84.0	29.0	31.0	89.0	0.0	35.0	62.0	2.0	91.0	0.0	95.0	10.0	31.0	0.0	0.0	97.0	20.0	31.0	33.0	42.0
91.0	31.0	0.0	0.0	7.0	99.0	61.0	0.0	41.0	80.0	79.0	99.0	80.0	0.0	0.0	76.0	85.0	63.0	49.0	0.0	61.0	57.0	89.0	100.0	80.0	40.0	90.0	73.0	0.0	41.0	0.0	0.0	46.0	13.0	3.0	17.0	81.0	0.0	0.0	38.0	0.0	7.0	0.0	0.0	58.0	0.0	0.0	24.0	40.0	0.0	44.0	0.0	25.0	63.0	38.0
85.0	96.0	0.0	94.0	19.0	35.0	0.0	36.0	24.0	56.0	91.0	79.0	61.0	50.0	95.0	88.0	34.0	15.0	14.0	0.0	2.0	25.0	0.0	2.0	86.0	90.0	27.0	0.0	0.0	55.0	60.0	12.0	73.0	0.0	0.0	50.0	38.0	0.0	6.0	44.0	43.0	64.0	12.0	0.0	58.0	92.0	99.0	11.0	88.0	38.0	51.0	36.0	32.0	0.0
25.0	38.0	0.0	0.0	5.0	67.0	30.0	45.0	52.0	0.0	0.0	77.0	9.0	72.0	0.0	18.0	3.0	60.0	64.0	0.0	22.0	47.0	72.0	46.0	0.0	0.0	0.0	53.0	0.0	65.0	98.0	46.0	66.0	0.0	20.0	98.0	0.0	16.0	22.0	0.0	81.0	74.0	75.0	94.0	56.0	90.0	98.0	81.0	26.0	11.0	53.0	96.0	63.0
50.0	61.0	0.0	54.0	78.0	61.0	0.0	0.0	96.0	0.0	91.0	0.0	80.0	73.0	56.0	65.0	93.0	0.0	46.0	0.0	25.0	42.0	29.0	47.0	29.0	58.0	70.0	0.0	23.0	90.0	76.0	5.0	12.0	0.0	70.0	54.0	42.0	0.0	73.0	71.0	29.0	100.0	11.0	0.0	7.0	17.0	90.0	56.0	43.0	76.0	73.0	14.0
100.0	89.0	7.0	72.0	0.0	86.0	69.0	0.0	22.0	14.0	0.0	55.0	0.0	75.0	17.0	95.0	50.0	0.0	32.0	29.0	16.0	14.0	45.0	96.0	39.0	23.0	33.0	75.0	48.0	7.0	0.0	63.0	15.0	65.0	0.0	0.0	54.0	55.0	6.0	0.0	38.0	0.0	0.0	6.0	13.0	74.0	99.0	92.0	92.0	0.0	37.0
24.0	50.0	95.0	24.0	56.0	50.0	6.0	95.0	57.0	85.0	22.0	42.0	0.0	0.0	42.0	0.0	53.0	0.0	93.0	63.0	0.0	6.0	9.0	70.0	70.0	41.0	90.0	71.0	54.0	22.0	0.0	27.0	99.0	0.0	36.0	91.0	0.0	78.0	90.0	29.0	0.0	100.0	30.0	44.0	40.0	73.0	0.0	0.0	16.0	44.0
30.0	98.0	59.0	31.0	47.0	0.0	35.0	0.0	83.0	45.0	57.0	0.0	29.0	62.0	26.0	72.0	0.0	14.0	35.0	74.0	1.0	88.0	65.0	11.0	100.0	0.0	0.0	66.0	46.0	93.0	24.0	0.0	54.0	26.0	44.0	95.0	47.0	24.0	0.0	61.0	56.0	0.0	54.0	0.0	79.0	91.0	39.0	0.0	94.0
9.0	0.0	0.0	2.0	89.0	30.0	82.0	0.0	44.0	79.0	17.0	0.0	23.0	27.0	6.0	88.0	0.0	0.0	8.0	52.0	0.0	16.0	11.0	69.0	68.0	91.0	75.0	32.0	75.0	0.0	69.0	23.0	88.0	0.0	0.0	75.0	54.0	32.0	5.0	0.0	0.0	30.0	5.0	15.0	97.0	0.0	26.0	43.0
98.0	0.0	74.0	66.0	9.0	68.0	90.0	25.0	74.0	76.0	0.0	85.0	73.0	6.0	43.0	0.0	5.0	11.0	0.0	20.0	90.0	0.0	53.0	57.0	85.0	84.0	11.0	88.0	39.0	9.0	0.0	10.0	46.0	3.0	11.0	56.0	19.0	66.0	10.0	0.0	35.0	0.0	14.0	28.0	0.0	65.0	0.0
2.0	0.0	33.0	82.0	8.0	13.0	35.0	9.0	27.0	91.0	74.0	85.0	56.0	85.0	54.0	91.0	12.0	48.0	15.0	58.0	0.0	0.0	91.0	32.0	76.0	29.0	0.0	46.0	38.0	0.0	0.0	21.0	75.0	0.0	58.0	64.0	96.0	33.0	0.0	0.0	6.0	0.0	0.0	89.0	8.0	87.0
0.0	0.0	19.0	86.0	86.0	99.0	94.0	48.0	72.0	85.0	0.0	9.0	0.0	76.0	0.0	34.0	0.0	26.0	54.0	0.0	81.0	44.0	87.0	68.0	0.0	35.0	60.0	0.0	0.0	82.0	82.0	0.0	12.0	2.0	4.0	27.0	4.0	59.0	50.0	26.0	12.0	60.0	0.0	7.0	58.0
87.0	58.0	0.0	78.0	0.0	0.0	0.0	2.0	71.0	28.0	52.0	96.0	86.0	0.0	46.0	42.0	77.0	0.0	0.0	75.0	0.0	26.0	91.0	0.0	0.0	94.0	50.0	20.0	0.0	39.0	82.0	21.0	92.0	91.0	100.0	40.0	0.0	16.0	90.0	100.0	5.0	10.0	67.0	2.0
94.0	0.0	22.0	0.0	45.0	0.0	23.0	62.0	0.0	0.0	0.0	0.0	39.0	0.0	0.0	0.0	0.0	38.0	68.0	32.0	59.0	93.0	97.0	4.0	10.0	46.0	0.0	0.0	74.0	12.0	74.0	0.0	39.0	30.0	12.0	66.0	91.0	0.0	0.0	69.0	0.0	0.0	36.0
0.0	29.0	94.0	93.0	3.0	48.0	57.0	85.0	0.0	0.0	28.0	69.0	0.0	64.0	29.0	0.0	70.0	85.0	35.0	0.0	0.0	66.0	0.0	0.0	80.0	57.0	12.0	17.0	0.0	0.0	17.0	3.0	0.0	57.0	0.0	16.0	33.0	0.0	22.0	23.0	41.0	6.0
65.0	5.0	27.0	73.0	56.0	38.0	81.0	73.0	93.0	47.0	94.0	17.0	9.0	6.0	56.0	0.0	37.0	50.0	0.0	56.0	64.0	52.0	0.0	89.0	66.0	81.0	93.0	16.0	98.0	0.0	5.0	0.0	0.0	74.0	25.0	70.0	0.0	22.0	5.0	28.0	41.0
84.0	24.0	55.0	50.0	7.0	1.0	3.0	5.0	34.0	0.0	27.0	20.0	79.0	52.0	57.0	38.0	93.0	0.0	50.0	0.0	47.0	6.0	0.0	0.0	87.0	2.0	1.0	14.0	0.0	95.0	87.0	0.0	20.0	68.0	0.0	0.0	19.0	13.0	60.0	39.0
9.0	69.0	0.0	74.0	0.0	21.0	0.0	0.0	96.0	20.0	40.0	70.0	70.0	40.0	4.0	93.0	78.0	63.0	24.0	42.0	13.0	99.0	69.0	0.0	0.0	95.0	83.0	53.0	84.0	0.0	79.0	41.0	2.0	83.0	1.0	9.0	100.0	16.0	1.0
63.0	92.0	57.0	85.0	19.0	14.0	18.0	42.0	22.0	97.0	0.0	28.0	91.0	77.0	0.0	0.0	17.0	22.0	0.0	0.0	66.0	74.0	54.0	36.0	0.0	60.0	0.0	62.0	42.0	0.0	60.0	100.0	86.0	84.0	0.0	93.0	0.0	0.0
6.0	19.0	2.0	7.0	13.0	36.0	74.0	23.0	97.0	63.0	0.0	0.0	0.0	0.0	55.0	18.0	24.0	97.0	0.0	62.0	64.0	53.0	52.0	31.0	21.0	73.0	16.0	55.0	77.0	0.0	0.0	0.0	71.0	9.0	50.0	23.0	3.0
0.0	25.0	27.0	38.0	0.0	87.0	76.0	23.0	44.0	10.0	3.0	0.0	77.0	3.0	0.0	0.0	0.0	85.0	0.0	38.0	0.0	51.0	50.0	29.0	0.0	43.0	1.0	50.0	94.0	6.0	70.0	0.0	0.0	0.0	94.0	70.0
0.0	92.0	13.0	37.0	0.0	7.0	59.0	0.0	6.0	0.0	0.0	91.0	56.0	94.0	42.0	47.0	7.0	89.0	93.0	35.0	65.0	89.0	3.0	62.0	10.0	0.0	0.0	95.0	99.0	9.0	0.0	0.0	72.0	38.0	0.0
0.0	58.0	54.0	26.0	0.0	44.0	9.0	0.0	63.0	6.0	0.0	4.0	0.0	97.0	0.0	59.0	17.0	52.0	0.0	58.0	69.0	25.0	74.0	0.0	91.0	41.0	0.0	43.0	0.0	1.0	30.0	0.0	66.0	34.0
61.0	0.0	18.0	0.0	0.0	13.0	0.0	0.0	100.0	70.0	80.0	20.0	26.0	0.0	60.0	50.0	26.0	42.0	21.0	1.0	30.0	66.0	28.0	40.0	0.0	0.0	0.0	4.0	58.0	96.0	86.0	84.0	2.0
85.0	84.0	13.0	0.0	0.0	46.0	30.0	59.0	30.0	72.0	87.0	35.0	40.0	59.0	28.0	73.0	0.0	90.0	0.0	0.0	49.0	0.0	94.0	10.0	100.0	24.0	64.0	20.0	45.0	83.0	96.0	0.0
28.0	0.0	1.0	0.0	96.0	74.0	90.0	36.0	11.0	2.0	0.0	0.0	63.0	34.0	77.0	0.0	0.0	25.0	29.0	79.0	22.0	65.0	76.0	35.0	54.0	24.0	0.0	23.0	0.0	81.0	18.0
0.0	94.0	34.0	37.0	4.0	0.0	24.0	47.0	40.0	96.0	33.0	0.0	23.0	9.0	77.0	73.0	35.0	16.0	73.0	69.0	58.0	40.0	83.0	0.0	39.0	88.0	49.0	0.0	74.0	0.0
0.0	94.0	0.0	0.0	29.0	0.0	43.0	61.0	57.0	0.0	57.0	0.0	8.0	61.0	48.0	0.0	0.0	0.0	16.0	0.0	93.0	0.0	50.0	65.0	72.0	35.0	33.0	43.0	0.0
73.0	0.0	0.0	15.0	66.0	14.0	3.0	0.0	0.0	88.0	0.0	15.0	16.0	57.0	0.0	50.0	45.0	93.0	0.0	0.0	16.0	76.0	11.0	13.0	28.0	45.0	20.0	55.0
89.0	63.0	85.0	58.0	35.0	28.0	65.0	59.0	0.0	0.0	56.0	0.0	46.0	0.0	0.0	0.0	86.0	63.0	72.0	31.0	49.0	0.0	36.0	44.0	71.0	99.0	0.0
45.0	95.0	0.0	46.0	19.0	13.0	0.0	0.0	66.0	95.0	24.0	58.0	33.0	97.0	47.0	15.0	35.0	80.0	42.0	31.0	50.0	0.0	37.0	0.0	41.0	60.0
77.0	80.0	3.0	0.0	0.0	0.0	54.0	60.0	73.0	89.0	90.0	48.0	0.0	20.0	7.0	64.0	0.0	72.0	89.0	79.0	22.0	0.0	85.0	85.0	0.0
0.0	56.0	65.0	42.0	44.0	0.0	42.0	73.0	0.0	24.0	73.0	94.0	62.0	40.0	0.0	89.0	0.0	34.0	1.0	0.0	17.0	84.0	24.0	0.0
43.0	0.0	10.0	0.0	97.0	46.0	25.0	47.0	29.0	59.0	0.0	72.0	0.0	0.0	41.0	0.0	0.0	35.0	15.0	89.0	49.0	35.0	100.0
82.0	28.0	79.0	80.0	0.0	99.0	17.0	99.0	9.0	87.0	95.0	73.0	22.0	0.0	83.0	26.0	0.0	100.0	0.0	6.0	75.0	50.0
95.0	42.0	18.0	74.0	72.0	36.0	60.0	0.0	88.0	0.0	77.0	93.0	0.0	19.0	0.0	82.0	6.0	0.0	0.0	0.0	11.0
7.0	0.0	0.0	100.0	9.0	78.0	80.0	27.0	75.0	45.0	28.0	50.0	56.0	2.0	0.0	58.0	33.0	0.0	91.0	0.0
58.0	0.0	0.0	10.0	86.0	0.0	23.0	21.0	85.0	84.0	71.0	62.0	0.0	49.0	0.0	38.0	0.0	38.0	0.0
0.0	91.0	81.0	47.0	0.0	74.0	83.0	13.0	61.0	98.0	88.0	18.0	40.0	72.0	65.0	83.0	90.0	0.0
9.0	88.0	0.0	63.0	0.0	6.0	83.0	99.0	53.0	1.0	92.0	94.0	69.0	37.0	21.0	58.0	81.0
0.0	48.0	0.0	57.0	28.0	62.0	85.0	0.0	100.0	0.0	79.0	50.0	66.0	22.0	78.0	98.0
93.0	2.0	45.0	26.0	16.0	0.0	54.0	81.0	60.0	0.0	0.0	0.0	52.0	19.0	100.0
0.0	59.0	100.0	0.0	88.0	99.0	12.0	64.0	0.0	31.0	0.0	39.0	61.0	6.0
32.0	68.0	0.0	58.0	1.0	5.0	6.0	62.0	0.0	88.0	75.0	40.0	61.0
15.0	98.0	33.0	68.0	26.0	91.0	45.0	0.0	0.0	87.0	0.0	72.0
34.0	43.0	88.0	39.0	0.0	86.0	73.0	10.0	88.0	0.0	1.0
26.0	49.0	94.0	47.0	63.0	50.0	0.0	0.0	47.0	0.0
33.0	16.0	5.0	0.0	0.0	79.0	0.0	9.0	21.0
42.0	14.0	93.0	0.0	0.0	26.0	30.0	60.0
22.0	0.0	0.0	0.0	91.0	90.0	0.0
95.0	16.0	96.0	0.0	17.0	0.0
23.0	48.0	88.0	14.0	64.0
0.0	0.0	90.0	90.0
57.0	92.0	54.0
0.0	18.0
74.0

42.0	38.0	38.0	31.0	31.0	28.0	13.0	23.0	38.0	23.0	22.0	42.0	43.0	8.0	4.0	16.0	23.0	14.0	37.0	26.0	3.0	32.0	32.0	30.0	48.0	24.0	47.0	23.0	22.0	9.0	4.0	21.0	6.0	22.0	14.0	10.0	39.0	1.0	35.0	48.0	21.0	10.0	49.0	18.0	15.0	23.0	33.0	28.0	37.0	46.0	14.0	5.0	2.0	40.0	10.0	39.0	6.0	33.0	31.0	36.0	29.0	43.0	7.0	20.0	39.0	37.0	28.0	46.0	38.0	3.0	15.0	24.0	9.0	17.0	1.0	50.0	38.0	32.0	18.0	1.0	36.0	7.0	21.0	34.0	49.0	35.0	44.0	49.0	37.0	13.0	4.0	21.0	34.0	30.0	11.0	31.0	11.0	9.0	17.0	11.0

668.0	668.0	668.0
