qmkp_100_100_10_007
100
10

59.0	64.0	16.0	39.0	50.0	62.0	82.0	75.0	50.0	59.0	9.0	59.0	94.0	9.0	87.0	73.0	46.0	46.0	47.0	92.0	13.0	35.0	26.0	21.0	52.0	42.0	71.0	63.0	100.0	72.0	81.0	15.0	48.0	64.0	22.0	34.0	69.0	3.0	35.0	87.0	72.0	42.0	37.0	92.0	57.0	69.0	28.0	48.0	84.0	91.0	8.0	29.0	29.0	28.0	97.0	68.0	67.0	39.0	34.0	22.0	100.0	49.0	96.0	25.0	27.0	65.0	40.0	45.0	80.0	68.0	39.0	6.0	10.0	86.0	75.0	72.0	25.0	56.0	10.0	46.0	24.0	30.0	52.0	88.0	69.0	40.0	91.0	22.0	79.0	88.0	97.0	45.0	4.0	99.0	89.0	86.0	84.0	99.0	95.0	75.0
37.0	31.0	65.0	81.0	67.0	98.0	42.0	71.0	77.0	6.0	88.0	74.0	56.0	44.0	74.0	65.0	84.0	70.0	13.0	73.0	1.0	29.0	97.0	83.0	74.0	84.0	41.0	64.0	98.0	36.0	50.0	58.0	69.0	46.0	35.0	99.0	7.0	44.0	44.0	39.0	8.0	81.0	36.0	19.0	76.0	30.0	14.0	91.0	92.0	91.0	64.0	47.0	81.0	87.0	89.0	65.0	61.0	44.0	33.0	59.0	89.0	71.0	8.0	82.0	27.0	99.0	5.0	5.0	32.0	93.0	16.0	66.0	57.0	77.0	79.0	8.0	84.0	2.0	6.0	10.0	38.0	16.0	10.0	15.0	43.0	88.0	59.0	51.0	76.0	22.0	88.0	98.0	81.0	12.0	40.0	35.0	70.0	14.0	83.0
40.0	38.0	66.0	83.0	54.0	89.0	40.0	45.0	51.0	85.0	46.0	18.0	2.0	24.0	74.0	2.0	74.0	28.0	68.0	42.0	88.0	59.0	90.0	75.0	22.0	96.0	37.0	77.0	3.0	23.0	94.0	100.0	49.0	5.0	97.0	5.0	76.0	98.0	96.0	8.0	10.0	99.0	29.0	31.0	11.0	81.0	50.0	36.0	28.0	39.0	40.0	29.0	45.0	47.0	38.0	16.0	94.0	7.0	96.0	38.0	33.0	58.0	81.0	79.0	72.0	98.0	88.0	87.0	38.0	4.0	6.0	34.0	50.0	83.0	53.0	37.0	58.0	12.0	93.0	11.0	78.0	59.0	69.0	42.0	68.0	64.0	83.0	100.0	95.0	94.0	48.0	38.0	83.0	65.0	4.0	51.0	81.0	60.0
40.0	2.0	38.0	47.0	57.0	53.0	35.0	47.0	44.0	56.0	21.0	7.0	44.0	28.0	28.0	12.0	30.0	55.0	17.0	32.0	47.0	27.0	14.0	88.0	37.0	78.0	83.0	9.0	40.0	76.0	100.0	22.0	49.0	4.0	77.0	81.0	5.0	97.0	38.0	42.0	70.0	85.0	12.0	8.0	21.0	40.0	67.0	100.0	86.0	81.0	26.0	4.0	3.0	72.0	32.0	20.0	13.0	62.0	7.0	57.0	93.0	14.0	37.0	21.0	17.0	54.0	60.0	55.0	43.0	17.0	1.0	7.0	50.0	40.0	2.0	38.0	59.0	65.0	23.0	58.0	47.0	25.0	74.0	100.0	45.0	51.0	12.0	72.0	21.0	49.0	47.0	29.0	56.0	44.0	92.0	21.0	86.0
39.0	29.0	63.0	4.0	13.0	4.0	93.0	58.0	1.0	83.0	100.0	84.0	91.0	21.0	71.0	84.0	96.0	49.0	45.0	2.0	59.0	82.0	31.0	26.0	41.0	90.0	40.0	78.0	94.0	74.0	86.0	27.0	66.0	25.0	16.0	47.0	32.0	40.0	31.0	52.0	38.0	55.0	53.0	4.0	33.0	15.0	89.0	58.0	16.0	87.0	5.0	56.0	20.0	16.0	62.0	30.0	18.0	56.0	19.0	16.0	44.0	59.0	26.0	56.0	6.0	36.0	60.0	26.0	86.0	49.0	33.0	8.0	2.0	6.0	57.0	91.0	86.0	8.0	86.0	26.0	79.0	9.0	97.0	9.0	11.0	14.0	73.0	37.0	54.0	27.0	99.0	90.0	44.0	91.0	60.0	42.0
15.0	4.0	80.0	15.0	100.0	54.0	92.0	100.0	80.0	49.0	35.0	93.0	31.0	88.0	44.0	89.0	88.0	81.0	80.0	51.0	43.0	45.0	31.0	85.0	54.0	42.0	17.0	71.0	21.0	20.0	44.0	43.0	66.0	100.0	75.0	57.0	32.0	30.0	10.0	28.0	72.0	93.0	22.0	29.0	56.0	1.0	37.0	63.0	18.0	19.0	46.0	68.0	42.0	33.0	7.0	70.0	36.0	16.0	14.0	10.0	68.0	23.0	32.0	17.0	1.0	52.0	3.0	54.0	16.0	5.0	80.0	70.0	24.0	52.0	95.0	48.0	78.0	83.0	84.0	16.0	10.0	36.0	11.0	26.0	87.0	10.0	39.0	54.0	65.0	83.0	19.0	80.0	50.0	65.0	79.0
63.0	1.0	46.0	31.0	95.0	10.0	93.0	2.0	2.0	20.0	90.0	39.0	5.0	67.0	64.0	48.0	28.0	85.0	73.0	97.0	50.0	92.0	7.0	39.0	9.0	96.0	1.0	6.0	88.0	54.0	45.0	58.0	72.0	52.0	49.0	71.0	7.0	83.0	83.0	18.0	14.0	18.0	2.0	65.0	39.0	70.0	69.0	44.0	17.0	53.0	55.0	90.0	38.0	10.0	63.0	80.0	89.0	82.0	46.0	86.0	69.0	78.0	55.0	68.0	31.0	39.0	11.0	74.0	28.0	48.0	97.0	3.0	29.0	69.0	21.0	89.0	86.0	89.0	66.0	53.0	9.0	86.0	73.0	83.0	26.0	77.0	12.0	88.0	45.0	23.0	48.0	90.0	14.0	71.0
47.0	33.0	21.0	66.0	37.0	3.0	39.0	55.0	26.0	59.0	86.0	93.0	23.0	51.0	28.0	1.0	70.0	87.0	97.0	34.0	30.0	30.0	85.0	60.0	34.0	70.0	37.0	41.0	94.0	12.0	19.0	10.0	6.0	49.0	93.0	32.0	64.0	77.0	69.0	20.0	86.0	36.0	52.0	28.0	38.0	7.0	47.0	92.0	50.0	15.0	61.0	39.0	90.0	21.0	36.0	90.0	36.0	5.0	66.0	70.0	7.0	92.0	51.0	96.0	42.0	9.0	17.0	60.0	3.0	57.0	38.0	31.0	63.0	48.0	78.0	56.0	53.0	95.0	18.0	69.0	69.0	77.0	19.0	54.0	59.0	51.0	54.0	1.0	37.0	74.0	54.0	29.0	84.0
42.0	38.0	7.0	86.0	41.0	85.0	33.0	62.0	17.0	36.0	63.0	60.0	3.0	71.0	22.0	27.0	50.0	3.0	25.0	78.0	72.0	91.0	70.0	31.0	100.0	56.0	6.0	90.0	74.0	37.0	49.0	21.0	82.0	48.0	81.0	72.0	17.0	44.0	9.0	65.0	31.0	60.0	12.0	91.0	33.0	58.0	72.0	9.0	12.0	10.0	4.0	70.0	86.0	1.0	66.0	6.0	22.0	40.0	29.0	12.0	94.0	79.0	96.0	59.0	41.0	13.0	23.0	50.0	98.0	63.0	90.0	56.0	48.0	40.0	26.0	47.0	100.0	28.0	31.0	23.0	47.0	44.0	80.0	57.0	89.0	54.0	23.0	29.0	46.0	7.0	83.0	87.0
95.0	27.0	15.0	71.0	92.0	88.0	15.0	22.0	56.0	40.0	47.0	88.0	84.0	74.0	16.0	5.0	20.0	6.0	45.0	42.0	76.0	52.0	25.0	9.0	16.0	24.0	47.0	77.0	87.0	96.0	48.0	1.0	85.0	81.0	87.0	1.0	26.0	52.0	45.0	2.0	40.0	32.0	89.0	75.0	77.0	84.0	70.0	9.0	30.0	5.0	23.0	7.0	14.0	69.0	15.0	5.0	76.0	96.0	49.0	37.0	23.0	28.0	72.0	42.0	76.0	3.0	72.0	7.0	61.0	73.0	74.0	5.0	13.0	37.0	66.0	55.0	50.0	1.0	62.0	68.0	14.0	76.0	2.0	20.0	77.0	73.0	54.0	93.0	86.0	28.0	15.0
99.0	14.0	60.0	65.0	87.0	7.0	66.0	49.0	21.0	40.0	19.0	72.0	76.0	71.0	98.0	50.0	73.0	95.0	72.0	8.0	21.0	68.0	34.0	17.0	23.0	27.0	78.0	59.0	55.0	89.0	66.0	20.0	5.0	22.0	30.0	24.0	30.0	50.0	37.0	66.0	5.0	58.0	76.0	32.0	49.0	19.0	40.0	100.0	28.0	93.0	91.0	11.0	25.0	9.0	2.0	3.0	27.0	14.0	47.0	50.0	52.0	84.0	91.0	52.0	46.0	100.0	47.0	34.0	77.0	26.0	19.0	6.0	54.0	22.0	100.0	13.0	16.0	3.0	10.0	54.0	37.0	72.0	94.0	62.0	95.0	92.0	20.0	10.0	67.0	39.0
44.0	36.0	56.0	77.0	58.0	97.0	28.0	66.0	76.0	57.0	31.0	45.0	69.0	90.0	15.0	28.0	77.0	50.0	20.0	68.0	76.0	70.0	35.0	10.0	73.0	21.0	19.0	43.0	38.0	33.0	67.0	20.0	15.0	65.0	85.0	49.0	62.0	84.0	63.0	20.0	29.0	93.0	4.0	51.0	65.0	36.0	12.0	10.0	46.0	84.0	38.0	32.0	44.0	34.0	36.0	48.0	19.0	96.0	64.0	89.0	42.0	60.0	47.0	29.0	68.0	18.0	59.0	62.0	32.0	3.0	58.0	68.0	1.0	37.0	89.0	39.0	89.0	33.0	39.0	85.0	73.0	13.0	99.0	32.0	47.0	80.0	92.0	78.0	41.0
5.0	78.0	52.0	52.0	46.0	64.0	3.0	35.0	72.0	10.0	13.0	23.0	54.0	10.0	29.0	96.0	64.0	83.0	12.0	59.0	43.0	75.0	72.0	23.0	76.0	56.0	61.0	68.0	66.0	6.0	41.0	84.0	94.0	66.0	79.0	97.0	30.0	75.0	86.0	48.0	83.0	82.0	34.0	31.0	79.0	75.0	50.0	71.0	51.0	86.0	84.0	100.0	98.0	20.0	27.0	92.0	90.0	98.0	67.0	72.0	18.0	3.0	54.0	72.0	49.0	43.0	19.0	19.0	79.0	61.0	11.0	49.0	33.0	75.0	5.0	50.0	47.0	30.0	62.0	55.0	72.0	89.0	40.0	59.0	31.0	79.0	46.0	26.0
22.0	65.0	72.0	21.0	17.0	44.0	10.0	67.0	31.0	10.0	58.0	62.0	67.0	8.0	90.0	28.0	82.0	13.0	14.0	67.0	39.0	25.0	39.0	26.0	98.0	26.0	43.0	54.0	92.0	72.0	56.0	14.0	18.0	98.0	21.0	44.0	46.0	36.0	49.0	12.0	22.0	69.0	89.0	7.0	66.0	60.0	77.0	50.0	67.0	29.0	71.0	63.0	77.0	2.0	100.0	15.0	25.0	68.0	68.0	39.0	52.0	39.0	38.0	53.0	53.0	62.0	86.0	7.0	44.0	25.0	29.0	26.0	7.0	2.0	70.0	63.0	73.0	23.0	86.0	79.0	26.0	66.0	71.0	21.0	69.0	44.0	44.0
10.0	39.0	95.0	10.0	8.0	15.0	88.0	43.0	56.0	94.0	43.0	23.0	15.0	93.0	57.0	14.0	49.0	15.0	31.0	27.0	60.0	81.0	10.0	42.0	20.0	87.0	77.0	41.0	95.0	76.0	1.0	24.0	30.0	25.0	57.0	85.0	81.0	2.0	81.0	32.0	94.0	47.0	74.0	56.0	11.0	28.0	90.0	24.0	74.0	39.0	12.0	32.0	14.0	74.0	40.0	65.0	21.0	69.0	62.0	86.0	19.0	42.0	64.0	10.0	97.0	63.0	37.0	61.0	88.0	90.0	54.0	96.0	64.0	21.0	40.0	24.0	2.0	12.0	86.0	47.0	12.0	48.0	100.0	86.0	5.0	19.0
50.0	91.0	68.0	75.0	3.0	50.0	91.0	49.0	24.0	26.0	63.0	86.0	99.0	25.0	39.0	67.0	28.0	100.0	94.0	43.0	5.0	15.0	55.0	55.0	5.0	23.0	61.0	53.0	58.0	91.0	52.0	27.0	5.0	67.0	56.0	37.0	61.0	56.0	2.0	100.0	23.0	61.0	52.0	4.0	11.0	42.0	71.0	9.0	47.0	37.0	29.0	64.0	60.0	52.0	65.0	69.0	62.0	74.0	46.0	70.0	41.0	12.0	11.0	28.0	36.0	16.0	12.0	52.0	86.0	53.0	80.0	52.0	10.0	19.0	42.0	29.0	97.0	37.0	72.0	22.0	52.0	81.0	98.0	22.0	13.0
15.0	31.0	54.0	98.0	18.0	63.0	45.0	90.0	96.0	79.0	96.0	44.0	68.0	93.0	24.0	72.0	60.0	36.0	58.0	80.0	17.0	13.0	51.0	26.0	55.0	82.0	79.0	96.0	86.0	83.0	2.0	85.0	41.0	28.0	90.0	92.0	35.0	91.0	71.0	72.0	72.0	4.0	5.0	16.0	71.0	48.0	47.0	2.0	46.0	69.0	40.0	98.0	81.0	45.0	12.0	45.0	36.0	87.0	1.0	59.0	95.0	89.0	59.0	51.0	75.0	82.0	12.0	27.0	44.0	78.0	77.0	47.0	32.0	11.0	24.0	40.0	72.0	12.0	40.0	6.0	33.0	67.0	72.0	53.0
32.0	53.0	78.0	22.0	97.0	97.0	5.0	40.0	51.0	2.0	14.0	81.0	100.0	8.0	100.0	64.0	35.0	39.0	98.0	34.0	39.0	85.0	92.0	47.0	90.0	55.0	7.0	17.0	71.0	45.0	34.0	42.0	77.0	94.0	99.0	18.0	26.0	19.0	11.0	14.0	33.0	2.0	37.0	50.0	22.0	2.0	16.0	63.0	9.0	26.0	51.0	66.0	20.0	90.0	75.0	47.0	58.0	22.0	9.0	57.0	47.0	48.0	93.0	43.0	40.0	10.0	94.0	63.0	51.0	91.0	48.0	93.0	3.0	56.0	64.0	39.0	72.0	86.0	80.0	55.0	24.0	88.0	86.0
39.0	49.0	34.0	68.0	79.0	33.0	68.0	74.0	52.0	79.0	20.0	41.0	50.0	39.0	99.0	22.0	43.0	39.0	59.0	65.0	72.0	50.0	95.0	66.0	8.0	28.0	96.0	40.0	84.0	74.0	67.0	90.0	84.0	9.0	41.0	20.0	81.0	31.0	23.0	85.0	38.0	41.0	66.0	69.0	43.0	64.0	74.0	60.0	96.0	96.0	88.0	30.0	58.0	20.0	44.0	18.0	10.0	36.0	4.0	21.0	96.0	15.0	11.0	43.0	59.0	20.0	9.0	98.0	74.0	87.0	31.0	71.0	81.0	8.0	24.0	43.0	69.0	97.0	92.0	3.0	32.0	35.0
71.0	61.0	95.0	43.0	75.0	55.0	16.0	41.0	26.0	81.0	28.0	49.0	46.0	67.0	12.0	83.0	42.0	44.0	19.0	66.0	46.0	88.0	30.0	85.0	61.0	20.0	34.0	14.0	6.0	100.0	65.0	78.0	49.0	17.0	25.0	45.0	78.0	6.0	21.0	20.0	90.0	4.0	61.0	33.0	37.0	3.0	11.0	76.0	64.0	15.0	70.0	90.0	20.0	21.0	88.0	6.0	96.0	95.0	99.0	12.0	61.0	6.0	70.0	32.0	7.0	78.0	48.0	49.0	38.0	90.0	37.0	12.0	28.0	99.0	8.0	100.0	55.0	49.0	51.0	65.0	35.0
42.0	79.0	31.0	67.0	74.0	14.0	43.0	73.0	98.0	50.0	48.0	81.0	4.0	19.0	35.0	1.0	22.0	43.0	56.0	92.0	24.0	98.0	5.0	52.0	56.0	3.0	30.0	58.0	41.0	67.0	1.0	90.0	21.0	59.0	49.0	43.0	85.0	1.0	2.0	70.0	61.0	37.0	18.0	86.0	61.0	86.0	65.0	19.0	65.0	30.0	2.0	56.0	15.0	85.0	30.0	18.0	47.0	74.0	28.0	96.0	91.0	63.0	85.0	63.0	86.0	81.0	39.0	89.0	85.0	32.0	21.0	16.0	77.0	41.0	13.0	7.0	69.0	88.0	86.0	75.0
64.0	41.0	22.0	76.0	90.0	60.0	96.0	43.0	41.0	39.0	32.0	88.0	3.0	96.0	74.0	99.0	72.0	64.0	6.0	18.0	4.0	36.0	85.0	49.0	69.0	9.0	87.0	97.0	71.0	24.0	90.0	92.0	20.0	68.0	18.0	52.0	89.0	32.0	62.0	98.0	6.0	88.0	87.0	85.0	75.0	85.0	1.0	11.0	78.0	52.0	52.0	57.0	41.0	53.0	22.0	46.0	25.0	81.0	96.0	24.0	55.0	22.0	61.0	16.0	20.0	5.0	68.0	25.0	31.0	1.0	70.0	52.0	62.0	95.0	46.0	42.0	58.0	22.0	89.0
68.0	60.0	47.0	55.0	46.0	33.0	14.0	46.0	21.0	92.0	63.0	28.0	93.0	73.0	91.0	19.0	35.0	79.0	20.0	76.0	98.0	92.0	48.0	67.0	15.0	42.0	85.0	63.0	76.0	50.0	1.0	32.0	92.0	41.0	36.0	65.0	51.0	12.0	34.0	95.0	94.0	79.0	80.0	29.0	38.0	75.0	28.0	64.0	64.0	71.0	82.0	66.0	39.0	53.0	65.0	62.0	91.0	79.0	40.0	15.0	84.0	98.0	41.0	89.0	16.0	80.0	61.0	81.0	24.0	41.0	85.0	17.0	61.0	66.0	27.0	17.0	10.0	51.0
92.0	44.0	31.0	22.0	22.0	72.0	72.0	5.0	5.0	71.0	15.0	71.0	9.0	99.0	8.0	50.0	78.0	92.0	25.0	47.0	70.0	95.0	86.0	21.0	97.0	22.0	51.0	79.0	19.0	31.0	64.0	25.0	40.0	74.0	77.0	98.0	16.0	16.0	59.0	53.0	63.0	43.0	60.0	35.0	59.0	82.0	64.0	18.0	31.0	91.0	52.0	86.0	33.0	38.0	26.0	70.0	74.0	33.0	85.0	4.0	72.0	27.0	89.0	62.0	32.0	64.0	45.0	35.0	83.0	56.0	63.0	10.0	16.0	91.0	16.0	10.0	57.0
4.0	11.0	97.0	68.0	3.0	28.0	15.0	20.0	50.0	68.0	11.0	31.0	95.0	26.0	83.0	89.0	19.0	90.0	13.0	10.0	77.0	40.0	38.0	78.0	83.0	84.0	71.0	78.0	51.0	67.0	22.0	42.0	75.0	98.0	52.0	95.0	48.0	47.0	28.0	46.0	66.0	96.0	53.0	39.0	88.0	3.0	94.0	7.0	25.0	38.0	18.0	61.0	43.0	55.0	65.0	74.0	67.0	25.0	19.0	82.0	66.0	10.0	89.0	4.0	4.0	64.0	85.0	91.0	60.0	12.0	92.0	56.0	94.0	77.0	43.0	29.0
43.0	21.0	76.0	93.0	76.0	35.0	48.0	79.0	78.0	81.0	64.0	36.0	97.0	10.0	36.0	22.0	30.0	24.0	100.0	99.0	99.0	51.0	3.0	65.0	52.0	100.0	89.0	31.0	6.0	70.0	27.0	62.0	51.0	24.0	88.0	21.0	18.0	9.0	19.0	46.0	28.0	86.0	4.0	32.0	35.0	84.0	25.0	76.0	8.0	37.0	92.0	17.0	8.0	22.0	17.0	62.0	85.0	15.0	17.0	24.0	91.0	50.0	38.0	89.0	26.0	57.0	7.0	54.0	17.0	6.0	10.0	5.0	93.0	10.0	22.0
15.0	94.0	50.0	51.0	91.0	8.0	44.0	28.0	30.0	57.0	80.0	13.0	25.0	6.0	51.0	98.0	87.0	54.0	61.0	6.0	90.0	25.0	95.0	84.0	8.0	80.0	8.0	46.0	81.0	56.0	75.0	32.0	62.0	27.0	60.0	67.0	81.0	87.0	83.0	42.0	56.0	72.0	16.0	34.0	10.0	43.0	35.0	97.0	50.0	40.0	1.0	49.0	61.0	62.0	17.0	50.0	98.0	41.0	77.0	92.0	95.0	3.0	22.0	48.0	74.0	51.0	60.0	74.0	7.0	32.0	8.0	61.0	79.0	70.0
14.0	5.0	76.0	78.0	68.0	50.0	55.0	56.0	46.0	81.0	44.0	4.0	5.0	39.0	23.0	74.0	25.0	94.0	32.0	94.0	51.0	90.0	57.0	71.0	82.0	26.0	38.0	88.0	26.0	74.0	13.0	76.0	71.0	3.0	53.0	23.0	84.0	1.0	69.0	5.0	93.0	16.0	89.0	89.0	49.0	23.0	46.0	3.0	31.0	98.0	61.0	16.0	81.0	95.0	57.0	97.0	4.0	85.0	4.0	84.0	91.0	22.0	80.0	10.0	82.0	18.0	64.0	52.0	90.0	55.0	6.0	45.0	48.0
44.0	70.0	92.0	85.0	17.0	21.0	16.0	58.0	15.0	54.0	25.0	13.0	55.0	30.0	79.0	90.0	5.0	34.0	28.0	10.0	77.0	2.0	27.0	94.0	69.0	13.0	78.0	11.0	44.0	90.0	65.0	41.0	7.0	87.0	33.0	74.0	67.0	99.0	92.0	10.0	62.0	72.0	84.0	48.0	76.0	72.0	77.0	77.0	49.0	73.0	87.0	11.0	60.0	72.0	43.0	70.0	70.0	18.0	25.0	75.0	20.0	43.0	32.0	33.0	70.0	72.0	6.0	43.0	50.0	98.0	97.0	53.0
100.0	5.0	45.0	62.0	85.0	64.0	70.0	56.0	1.0	97.0	30.0	76.0	51.0	2.0	69.0	39.0	85.0	52.0	65.0	23.0	50.0	97.0	9.0	38.0	61.0	37.0	90.0	73.0	59.0	33.0	14.0	73.0	73.0	16.0	22.0	84.0	43.0	73.0	24.0	45.0	27.0	37.0	87.0	96.0	90.0	5.0	85.0	83.0	97.0	24.0	4.0	32.0	15.0	72.0	99.0	83.0	30.0	24.0	89.0	99.0	74.0	33.0	9.0	58.0	24.0	27.0	80.0	95.0	42.0	63.0	15.0
86.0	30.0	12.0	9.0	57.0	47.0	94.0	86.0	3.0	59.0	96.0	47.0	56.0	65.0	30.0	53.0	79.0	80.0	23.0	83.0	23.0	93.0	49.0	74.0	56.0	25.0	55.0	7.0	58.0	60.0	81.0	44.0	51.0	79.0	77.0	92.0	39.0	93.0	4.0	69.0	25.0	84.0	47.0	56.0	10.0	51.0	52.0	98.0	85.0	100.0	83.0	27.0	32.0	3.0	36.0	44.0	38.0	46.0	30.0	54.0	53.0	49.0	18.0	90.0	66.0	36.0	90.0	85.0	76.0	98.0
89.0	15.0	78.0	85.0	4.0	31.0	97.0	43.0	6.0	90.0	25.0	6.0	62.0	49.0	59.0	33.0	62.0	73.0	36.0	98.0	92.0	42.0	85.0	52.0	23.0	2.0	66.0	81.0	74.0	88.0	20.0	51.0	47.0	27.0	56.0	99.0	56.0	27.0	39.0	39.0	40.0	66.0	11.0	36.0	7.0	38.0	40.0	95.0	31.0	66.0	62.0	60.0	64.0	52.0	14.0	29.0	56.0	3.0	81.0	46.0	71.0	80.0	74.0	32.0	42.0	53.0	26.0	67.0	36.0
7.0	65.0	67.0	26.0	24.0	93.0	31.0	48.0	34.0	3.0	89.0	92.0	62.0	59.0	2.0	39.0	49.0	28.0	44.0	45.0	4.0	93.0	45.0	47.0	10.0	34.0	85.0	44.0	36.0	66.0	19.0	44.0	59.0	48.0	92.0	77.0	84.0	41.0	62.0	11.0	89.0	67.0	76.0	88.0	62.0	15.0	27.0	63.0	65.0	46.0	40.0	41.0	78.0	8.0	13.0	60.0	76.0	95.0	86.0	27.0	15.0	92.0	66.0	35.0	21.0	99.0	57.0	35.0
52.0	88.0	78.0	47.0	15.0	78.0	96.0	94.0	23.0	12.0	78.0	68.0	10.0	76.0	72.0	82.0	17.0	91.0	45.0	76.0	77.0	68.0	61.0	5.0	10.0	37.0	64.0	45.0	58.0	80.0	79.0	93.0	11.0	40.0	16.0	16.0	40.0	17.0	27.0	79.0	56.0	25.0	51.0	59.0	13.0	56.0	47.0	20.0	25.0	41.0	48.0	52.0	69.0	84.0	72.0	98.0	60.0	38.0	28.0	19.0	91.0	81.0	87.0	42.0	4.0	17.0	81.0
32.0	17.0	23.0	78.0	62.0	84.0	70.0	73.0	25.0	14.0	82.0	70.0	45.0	87.0	32.0	8.0	88.0	33.0	54.0	28.0	100.0	64.0	100.0	87.0	93.0	17.0	78.0	96.0	35.0	29.0	41.0	65.0	67.0	78.0	29.0	36.0	67.0	65.0	4.0	4.0	59.0	35.0	61.0	58.0	31.0	68.0	72.0	8.0	3.0	80.0	35.0	83.0	89.0	38.0	81.0	96.0	80.0	23.0	97.0	6.0	82.0	19.0	49.0	45.0	15.0	1.0
8.0	99.0	63.0	10.0	80.0	76.0	33.0	31.0	21.0	49.0	20.0	67.0	83.0	53.0	30.0	42.0	56.0	99.0	65.0	53.0	19.0	98.0	67.0	31.0	69.0	28.0	8.0	83.0	2.0	72.0	63.0	51.0	99.0	3.0	64.0	92.0	91.0	1.0	64.0	81.0	51.0	4.0	58.0	31.0	26.0	98.0	62.0	43.0	59.0	77.0	74.0	42.0	94.0	16.0	25.0	97.0	61.0	4.0	14.0	60.0	93.0	29.0	78.0	95.0	94.0
75.0	74.0	24.0	19.0	56.0	58.0	75.0	83.0	60.0	33.0	60.0	20.0	94.0	34.0	17.0	80.0	85.0	33.0	60.0	99.0	75.0	80.0	38.0	16.0	36.0	26.0	41.0	34.0	31.0	72.0	90.0	17.0	62.0	66.0	61.0	36.0	43.0	18.0	46.0	78.0	24.0	17.0	6.0	98.0	14.0	81.0	34.0	9.0	71.0	95.0	81.0	33.0	69.0	3.0	71.0	43.0	33.0	5.0	64.0	62.0	79.0	63.0	98.0	57.0
24.0	53.0	57.0	94.0	48.0	52.0	23.0	98.0	55.0	16.0	40.0	14.0	51.0	62.0	70.0	59.0	43.0	19.0	3.0	2.0	16.0	44.0	9.0	20.0	40.0	78.0	49.0	17.0	17.0	75.0	2.0	8.0	28.0	7.0	41.0	86.0	2.0	71.0	98.0	93.0	32.0	69.0	40.0	59.0	44.0	63.0	18.0	100.0	83.0	98.0	48.0	31.0	80.0	88.0	13.0	30.0	91.0	97.0	84.0	85.0	25.0	27.0	40.0
71.0	66.0	46.0	35.0	69.0	92.0	57.0	5.0	52.0	79.0	58.0	21.0	65.0	21.0	76.0	69.0	63.0	42.0	39.0	93.0	82.0	46.0	32.0	53.0	38.0	63.0	57.0	50.0	65.0	74.0	2.0	6.0	34.0	66.0	84.0	93.0	42.0	75.0	32.0	17.0	66.0	16.0	5.0	40.0	82.0	57.0	52.0	24.0	28.0	73.0	64.0	61.0	81.0	79.0	18.0	4.0	78.0	81.0	81.0	28.0	32.0	80.0
23.0	10.0	45.0	60.0	88.0	46.0	77.0	60.0	36.0	49.0	88.0	96.0	100.0	34.0	43.0	58.0	81.0	93.0	5.0	14.0	46.0	3.0	88.0	99.0	47.0	59.0	22.0	27.0	31.0	76.0	25.0	83.0	76.0	16.0	33.0	10.0	49.0	37.0	55.0	91.0	57.0	57.0	64.0	26.0	87.0	57.0	32.0	48.0	11.0	71.0	20.0	32.0	66.0	5.0	24.0	12.0	38.0	44.0	86.0	59.0	86.0
100.0	45.0	54.0	17.0	92.0	53.0	78.0	80.0	18.0	87.0	28.0	30.0	40.0	29.0	57.0	59.0	91.0	55.0	8.0	81.0	28.0	90.0	73.0	15.0	91.0	2.0	57.0	50.0	39.0	32.0	84.0	24.0	79.0	55.0	57.0	96.0	78.0	47.0	85.0	98.0	22.0	43.0	25.0	26.0	48.0	51.0	74.0	50.0	66.0	87.0	87.0	35.0	32.0	51.0	97.0	65.0	30.0	61.0	68.0	11.0
98.0	95.0	42.0	79.0	94.0	11.0	54.0	52.0	31.0	82.0	59.0	34.0	76.0	5.0	55.0	12.0	45.0	75.0	36.0	83.0	29.0	16.0	91.0	75.0	41.0	35.0	14.0	32.0	86.0	61.0	47.0	45.0	1.0	51.0	36.0	3.0	83.0	29.0	43.0	63.0	44.0	19.0	21.0	71.0	36.0	19.0	78.0	86.0	79.0	29.0	92.0	14.0	70.0	92.0	93.0	56.0	74.0	26.0	63.0
86.0	44.0	57.0	9.0	8.0	31.0	98.0	29.0	53.0	19.0	65.0	95.0	47.0	21.0	52.0	60.0	85.0	4.0	72.0	94.0	21.0	20.0	65.0	80.0	16.0	57.0	38.0	6.0	27.0	78.0	7.0	74.0	45.0	84.0	64.0	83.0	12.0	50.0	23.0	17.0	10.0	35.0	41.0	94.0	65.0	18.0	50.0	14.0	32.0	52.0	65.0	80.0	61.0	31.0	64.0	50.0	12.0	49.0
86.0	2.0	7.0	13.0	96.0	54.0	68.0	40.0	51.0	72.0	30.0	41.0	76.0	74.0	26.0	77.0	2.0	9.0	74.0	47.0	20.0	88.0	45.0	8.0	62.0	81.0	48.0	5.0	69.0	81.0	59.0	24.0	89.0	59.0	98.0	18.0	85.0	18.0	4.0	71.0	23.0	29.0	59.0	12.0	28.0	35.0	90.0	95.0	59.0	89.0	96.0	48.0	85.0	46.0	88.0	64.0	48.0
35.0	31.0	64.0	82.0	69.0	7.0	68.0	83.0	78.0	19.0	72.0	18.0	57.0	100.0	5.0	60.0	35.0	3.0	67.0	96.0	88.0	36.0	70.0	38.0	96.0	16.0	20.0	72.0	37.0	80.0	78.0	97.0	59.0	94.0	77.0	61.0	74.0	59.0	9.0	93.0	74.0	55.0	96.0	72.0	78.0	85.0	39.0	61.0	95.0	47.0	47.0	1.0	33.0	90.0	35.0	81.0
92.0	25.0	77.0	6.0	93.0	23.0	92.0	89.0	39.0	30.0	65.0	4.0	59.0	96.0	89.0	24.0	26.0	77.0	14.0	11.0	35.0	94.0	60.0	46.0	74.0	94.0	73.0	56.0	37.0	86.0	37.0	31.0	44.0	80.0	13.0	66.0	48.0	83.0	29.0	71.0	53.0	87.0	17.0	98.0	12.0	72.0	74.0	36.0	9.0	13.0	82.0	16.0	40.0	67.0	3.0
51.0	83.0	72.0	80.0	63.0	15.0	53.0	46.0	44.0	1.0	40.0	71.0	22.0	23.0	24.0	52.0	52.0	1.0	23.0	96.0	34.0	15.0	3.0	53.0	3.0	22.0	95.0	82.0	15.0	88.0	39.0	79.0	17.0	1.0	42.0	19.0	54.0	12.0	65.0	34.0	68.0	100.0	98.0	1.0	96.0	71.0	49.0	21.0	56.0	64.0	58.0	83.0	29.0	31.0
95.0	21.0	98.0	41.0	11.0	53.0	17.0	35.0	67.0	6.0	52.0	94.0	5.0	66.0	69.0	36.0	30.0	19.0	92.0	68.0	61.0	74.0	19.0	70.0	100.0	52.0	88.0	8.0	35.0	53.0	89.0	93.0	50.0	67.0	45.0	26.0	69.0	1.0	78.0	54.0	95.0	54.0	49.0	90.0	24.0	17.0	33.0	93.0	82.0	42.0	40.0	3.0	4.0
88.0	48.0	59.0	28.0	24.0	4.0	23.0	78.0	88.0	67.0	46.0	82.0	20.0	25.0	70.0	25.0	22.0	50.0	31.0	32.0	57.0	29.0	89.0	3.0	57.0	12.0	96.0	76.0	25.0	38.0	74.0	54.0	95.0	97.0	28.0	69.0	45.0	53.0	65.0	26.0	60.0	42.0	83.0	79.0	93.0	29.0	24.0	37.0	34.0	72.0	45.0	83.0
89.0	33.0	71.0	49.0	40.0	98.0	69.0	4.0	47.0	5.0	86.0	21.0	67.0	53.0	3.0	63.0	5.0	5.0	3.0	32.0	11.0	1.0	1.0	10.0	32.0	23.0	38.0	63.0	93.0	83.0	78.0	84.0	92.0	75.0	90.0	20.0	44.0	8.0	64.0	81.0	83.0	89.0	18.0	16.0	89.0	45.0	85.0	45.0	12.0	7.0	39.0
52.0	77.0	61.0	67.0	73.0	49.0	78.0	83.0	47.0	91.0	61.0	63.0	61.0	23.0	11.0	40.0	15.0	60.0	39.0	76.0	39.0	33.0	41.0	18.0	28.0	24.0	42.0	64.0	12.0	91.0	74.0	29.0	40.0	58.0	3.0	73.0	69.0	9.0	27.0	1.0	28.0	26.0	70.0	3.0	74.0	78.0	65.0	15.0	43.0	83.0
56.0	86.0	4.0	34.0	38.0	75.0	79.0	29.0	79.0	12.0	34.0	37.0	30.0	9.0	100.0	9.0	84.0	75.0	27.0	38.0	57.0	18.0	82.0	51.0	100.0	42.0	23.0	42.0	74.0	39.0	22.0	86.0	65.0	36.0	87.0	59.0	71.0	43.0	40.0	45.0	92.0	1.0	100.0	4.0	70.0	81.0	94.0	92.0	4.0
55.0	11.0	52.0	62.0	20.0	15.0	30.0	91.0	2.0	48.0	84.0	73.0	20.0	23.0	31.0	43.0	65.0	60.0	57.0	74.0	74.0	84.0	21.0	9.0	39.0	74.0	34.0	78.0	8.0	7.0	14.0	5.0	25.0	71.0	50.0	100.0	14.0	6.0	54.0	54.0	42.0	34.0	67.0	48.0	28.0	31.0	57.0	74.0
2.0	22.0	65.0	86.0	7.0	96.0	68.0	59.0	59.0	59.0	43.0	73.0	65.0	11.0	57.0	1.0	22.0	11.0	61.0	71.0	73.0	38.0	73.0	66.0	7.0	14.0	52.0	70.0	67.0	98.0	37.0	100.0	33.0	94.0	48.0	20.0	43.0	94.0	65.0	59.0	59.0	17.0	79.0	67.0	21.0	37.0	47.0
21.0	65.0	67.0	71.0	96.0	2.0	33.0	11.0	57.0	49.0	67.0	4.0	46.0	21.0	13.0	89.0	52.0	30.0	71.0	95.0	30.0	37.0	19.0	89.0	21.0	45.0	82.0	39.0	59.0	82.0	50.0	45.0	77.0	63.0	34.0	66.0	58.0	77.0	29.0	7.0	96.0	85.0	39.0	63.0	56.0	73.0
27.0	6.0	50.0	81.0	65.0	25.0	67.0	65.0	20.0	13.0	76.0	10.0	4.0	35.0	53.0	74.0	5.0	82.0	91.0	36.0	48.0	40.0	73.0	100.0	5.0	45.0	70.0	34.0	88.0	83.0	83.0	93.0	96.0	2.0	7.0	16.0	90.0	71.0	2.0	13.0	17.0	18.0	34.0	78.0	55.0
65.0	13.0	25.0	78.0	100.0	76.0	44.0	92.0	50.0	58.0	45.0	82.0	18.0	48.0	54.0	84.0	19.0	75.0	4.0	54.0	79.0	7.0	33.0	94.0	69.0	76.0	30.0	76.0	52.0	26.0	87.0	14.0	82.0	100.0	36.0	27.0	69.0	13.0	26.0	68.0	44.0	27.0	86.0	5.0
4.0	40.0	45.0	42.0	99.0	50.0	36.0	10.0	43.0	1.0	1.0	85.0	23.0	96.0	72.0	16.0	22.0	67.0	97.0	16.0	77.0	34.0	41.0	73.0	33.0	98.0	89.0	10.0	40.0	16.0	88.0	22.0	78.0	5.0	29.0	48.0	31.0	16.0	64.0	76.0	39.0	35.0	28.0
16.0	77.0	40.0	43.0	26.0	70.0	74.0	90.0	29.0	25.0	83.0	84.0	82.0	3.0	72.0	9.0	1.0	34.0	30.0	50.0	82.0	70.0	22.0	56.0	43.0	41.0	45.0	52.0	8.0	85.0	76.0	2.0	7.0	55.0	42.0	55.0	58.0	36.0	73.0	77.0	84.0	15.0
76.0	98.0	30.0	7.0	24.0	99.0	70.0	47.0	53.0	75.0	1.0	19.0	23.0	15.0	24.0	72.0	66.0	13.0	64.0	91.0	30.0	52.0	36.0	11.0	94.0	62.0	21.0	18.0	60.0	46.0	23.0	93.0	46.0	47.0	64.0	80.0	45.0	28.0	42.0	1.0	56.0
33.0	15.0	29.0	77.0	9.0	13.0	56.0	16.0	72.0	8.0	20.0	45.0	10.0	45.0	40.0	78.0	9.0	3.0	71.0	96.0	30.0	41.0	25.0	18.0	32.0	54.0	14.0	19.0	83.0	78.0	87.0	37.0	43.0	36.0	58.0	60.0	40.0	33.0	14.0	73.0
99.0	51.0	30.0	95.0	48.0	100.0	100.0	96.0	90.0	92.0	88.0	30.0	81.0	8.0	28.0	36.0	82.0	80.0	26.0	86.0	79.0	65.0	31.0	73.0	80.0	47.0	42.0	75.0	4.0	99.0	29.0	18.0	43.0	18.0	57.0	95.0	14.0	76.0	57.0
10.0	78.0	22.0	17.0	29.0	18.0	88.0	42.0	59.0	45.0	95.0	68.0	20.0	47.0	43.0	44.0	7.0	47.0	43.0	62.0	88.0	35.0	23.0	100.0	81.0	92.0	53.0	100.0	55.0	70.0	27.0	1.0	59.0	4.0	72.0	31.0	21.0	76.0
33.0	10.0	57.0	99.0	30.0	74.0	44.0	32.0	12.0	85.0	19.0	29.0	8.0	27.0	76.0	86.0	25.0	61.0	29.0	54.0	24.0	98.0	15.0	23.0	32.0	70.0	88.0	57.0	5.0	15.0	34.0	84.0	85.0	67.0	8.0	7.0	65.0
73.0	22.0	7.0	43.0	71.0	68.0	3.0	88.0	69.0	74.0	8.0	22.0	59.0	72.0	70.0	23.0	37.0	11.0	55.0	74.0	63.0	1.0	58.0	44.0	39.0	68.0	54.0	52.0	37.0	5.0	85.0	78.0	43.0	61.0	62.0	84.0
41.0	99.0	81.0	29.0	42.0	76.0	79.0	34.0	95.0	62.0	26.0	62.0	17.0	24.0	40.0	74.0	43.0	1.0	67.0	5.0	68.0	98.0	66.0	2.0	83.0	58.0	25.0	59.0	24.0	14.0	73.0	57.0	10.0	63.0	5.0
63.0	85.0	49.0	78.0	86.0	80.0	25.0	10.0	65.0	61.0	37.0	83.0	61.0	64.0	21.0	69.0	84.0	81.0	40.0	32.0	79.0	11.0	72.0	93.0	41.0	42.0	49.0	79.0	39.0	86.0	11.0	85.0	74.0	39.0
65.0	20.0	94.0	50.0	1.0	100.0	1.0	97.0	66.0	10.0	67.0	100.0	41.0	20.0	70.0	6.0	46.0	35.0	53.0	76.0	43.0	44.0	97.0	77.0	53.0	38.0	50.0	97.0	23.0	3.0	8.0	9.0	50.0
57.0	84.0	19.0	95.0	9.0	27.0	4.0	53.0	81.0	79.0	22.0	29.0	44.0	93.0	3.0	8.0	55.0	17.0	44.0	46.0	33.0	99.0	62.0	61.0	91.0	16.0	18.0	37.0	68.0	100.0	35.0	88.0
66.0	5.0	83.0	26.0	63.0	67.0	100.0	8.0	51.0	78.0	100.0	45.0	73.0	77.0	94.0	1.0	50.0	19.0	28.0	42.0	50.0	57.0	64.0	31.0	67.0	65.0	26.0	3.0	35.0	3.0	15.0
10.0	74.0	18.0	33.0	12.0	2.0	98.0	95.0	60.0	68.0	71.0	23.0	81.0	58.0	64.0	74.0	54.0	94.0	61.0	56.0	72.0	46.0	92.0	82.0	40.0	23.0	41.0	96.0	96.0	12.0
41.0	57.0	27.0	20.0	11.0	15.0	6.0	6.0	88.0	68.0	92.0	19.0	38.0	83.0	46.0	35.0	7.0	61.0	91.0	76.0	79.0	69.0	81.0	55.0	16.0	3.0	20.0	80.0	46.0
42.0	13.0	9.0	58.0	2.0	100.0	21.0	43.0	84.0	62.0	75.0	89.0	67.0	66.0	85.0	85.0	93.0	1.0	84.0	82.0	96.0	93.0	88.0	54.0	22.0	46.0	21.0	79.0
8.0	79.0	50.0	76.0	66.0	6.0	52.0	36.0	57.0	87.0	41.0	57.0	7.0	79.0	55.0	48.0	6.0	62.0	27.0	60.0	27.0	51.0	82.0	20.0	32.0	61.0	98.0
25.0	6.0	8.0	12.0	35.0	65.0	87.0	22.0	5.0	19.0	67.0	87.0	93.0	78.0	83.0	95.0	64.0	34.0	77.0	87.0	50.0	42.0	13.0	20.0	88.0	9.0
11.0	65.0	53.0	50.0	94.0	74.0	38.0	81.0	4.0	79.0	81.0	70.0	28.0	45.0	25.0	39.0	51.0	24.0	98.0	84.0	46.0	28.0	76.0	92.0	28.0
70.0	80.0	31.0	76.0	78.0	96.0	11.0	94.0	53.0	50.0	17.0	72.0	43.0	39.0	37.0	70.0	38.0	25.0	18.0	79.0	20.0	62.0	54.0	98.0
85.0	6.0	7.0	12.0	82.0	19.0	40.0	93.0	77.0	96.0	84.0	63.0	63.0	26.0	80.0	57.0	79.0	80.0	50.0	29.0	10.0	17.0	45.0
76.0	77.0	69.0	94.0	11.0	46.0	56.0	7.0	69.0	83.0	50.0	53.0	82.0	95.0	47.0	34.0	41.0	64.0	51.0	1.0	7.0	91.0
35.0	50.0	41.0	42.0	95.0	68.0	18.0	54.0	24.0	18.0	21.0	96.0	56.0	14.0	80.0	98.0	32.0	14.0	99.0	79.0	21.0
100.0	43.0	18.0	15.0	68.0	56.0	7.0	87.0	72.0	94.0	28.0	79.0	51.0	97.0	62.0	44.0	74.0	80.0	41.0	45.0
43.0	66.0	52.0	71.0	85.0	93.0	35.0	58.0	62.0	3.0	43.0	66.0	41.0	12.0	45.0	81.0	60.0	91.0	69.0
9.0	12.0	80.0	2.0	35.0	40.0	15.0	86.0	31.0	36.0	81.0	3.0	9.0	79.0	84.0	97.0	32.0	18.0
8.0	45.0	32.0	27.0	21.0	77.0	82.0	11.0	30.0	61.0	51.0	77.0	96.0	81.0	39.0	3.0	98.0
26.0	78.0	17.0	42.0	17.0	93.0	20.0	94.0	70.0	59.0	31.0	17.0	82.0	77.0	79.0	10.0
73.0	97.0	84.0	41.0	93.0	49.0	34.0	3.0	85.0	90.0	70.0	97.0	100.0	62.0	66.0
83.0	27.0	69.0	62.0	78.0	19.0	48.0	67.0	7.0	79.0	79.0	92.0	31.0	84.0
95.0	34.0	52.0	80.0	35.0	1.0	60.0	100.0	23.0	47.0	34.0	28.0	82.0
92.0	49.0	91.0	27.0	5.0	3.0	54.0	65.0	92.0	96.0	22.0	16.0
15.0	56.0	66.0	7.0	23.0	44.0	55.0	76.0	17.0	81.0	89.0
50.0	5.0	39.0	45.0	62.0	91.0	90.0	3.0	99.0	10.0
75.0	19.0	50.0	87.0	77.0	68.0	76.0	46.0	26.0
69.0	36.0	57.0	22.0	43.0	95.0	20.0	69.0
37.0	15.0	94.0	68.0	52.0	1.0	6.0
91.0	52.0	16.0	81.0	22.0	17.0
73.0	46.0	25.0	43.0	56.0
51.0	19.0	12.0	95.0
43.0	37.0	92.0
70.0	67.0
65.0

1.0	15.0	31.0	41.0	29.0	45.0	33.0	30.0	12.0	43.0	34.0	44.0	42.0	26.0	17.0	1.0	46.0	37.0	46.0	45.0	3.0	48.0	32.0	37.0	27.0	48.0	24.0	33.0	39.0	18.0	10.0	17.0	14.0	41.0	29.0	23.0	47.0	27.0	34.0	28.0	50.0	25.0	31.0	25.0	9.0	27.0	17.0	40.0	36.0	37.0	35.0	22.0	11.0	5.0	15.0	13.0	6.0	3.0	25.0	23.0	41.0	22.0	33.0	34.0	9.0	3.0	46.0	42.0	7.0	11.0	21.0	25.0	28.0	8.0	18.0	11.0	15.0	20.0	15.0	29.0	19.0	20.0	21.0	11.0	4.0	4.0	8.0	38.0	16.0	6.0	7.0	7.0	36.0	14.0	3.0	37.0	23.0	38.0	1.0	30.0

194.64000000000001	194.64000000000001	194.64000000000001	194.64000000000001	194.64000000000001	194.64000000000001	194.64000000000001	194.64000000000001	194.64000000000001	194.64000000000001
