qmkp_100_50_10_010
100
10

0.0	0.0	62.0	0.0	50.0	85.0	0.0	96.0	0.0	60.0	0.0	0.0	0.0	0.0	62.0	0.0	0.0	0.0	0.0	47.0	11.0	29.0	33.0	0.0	0.0	0.0	89.0	0.0	72.0	65.0	16.0	33.0	0.0	99.0	37.0	2.0	0.0	0.0	54.0	0.0	0.0	4.0	67.0	58.0	21.0	0.0	80.0	3.0	0.0	0.0	0.0	41.0	72.0	58.0	0.0	34.0	0.0	7.0	25.0	0.0	0.0	0.0	0.0	31.0	0.0	0.0	0.0	0.0	19.0	32.0	62.0	0.0	22.0	74.0	0.0	0.0	0.0	0.0	0.0	0.0	5.0	95.0	24.0	78.0	0.0	0.0	59.0	0.0	0.0	0.0	37.0	0.0	12.0	0.0	0.0	52.0	0.0	0.0	0.0	0.0
35.0	15.0	0.0	98.0	0.0	86.0	55.0	43.0	0.0	63.0	0.0	0.0	58.0	0.0	0.0	0.0	0.0	10.0	70.0	98.0	80.0	0.0	0.0	5.0	37.0	0.0	0.0	0.0	0.0	56.0	0.0	0.0	0.0	100.0	69.0	0.0	0.0	39.0	39.0	15.0	0.0	87.0	26.0	55.0	97.0	0.0	0.0	0.0	0.0	48.0	0.0	0.0	0.0	0.0	0.0	51.0	0.0	80.0	0.0	0.0	0.0	49.0	0.0	0.0	77.0	28.0	75.0	0.0	0.0	0.0	49.0	0.0	19.0	77.0	0.0	32.0	0.0	0.0	15.0	0.0	0.0	66.0	0.0	47.0	0.0	80.0	87.0	94.0	0.0	0.0	1.0	0.0	6.0	99.0	0.0	92.0	35.0	0.0	41.0
74.0	0.0	21.0	0.0	0.0	33.0	37.0	77.0	0.0	70.0	44.0	83.0	5.0	3.0	0.0	0.0	91.0	7.0	0.0	0.0	84.0	100.0	0.0	0.0	49.0	0.0	0.0	8.0	45.0	81.0	0.0	32.0	29.0	0.0	0.0	0.0	0.0	0.0	49.0	31.0	99.0	29.0	65.0	0.0	64.0	0.0	48.0	0.0	72.0	0.0	63.0	0.0	44.0	82.0	0.0	27.0	67.0	0.0	0.0	0.0	0.0	0.0	6.0	45.0	0.0	66.0	43.0	0.0	20.0	0.0	0.0	0.0	95.0	0.0	0.0	42.0	0.0	80.0	0.0	30.0	80.0	0.0	0.0	0.0	38.0	0.0	23.0	94.0	0.0	77.0	0.0	0.0	85.0	16.0	0.0	0.0	92.0	10.0
0.0	48.0	0.0	0.0	17.0	34.0	43.0	0.0	0.0	23.0	0.0	48.0	15.0	0.0	1.0	0.0	48.0	0.0	0.0	58.0	29.0	0.0	0.0	52.0	60.0	1.0	54.0	18.0	0.0	64.0	78.0	0.0	76.0	72.0	0.0	0.0	0.0	0.0	69.0	24.0	17.0	0.0	0.0	30.0	85.0	0.0	0.0	0.0	0.0	0.0	0.0	0.0	75.0	0.0	0.0	47.0	0.0	0.0	0.0	0.0	0.0	56.0	0.0	98.0	34.0	0.0	0.0	0.0	4.0	0.0	23.0	88.0	43.0	0.0	0.0	26.0	0.0	0.0	95.0	15.0	0.0	32.0	0.0	0.0	0.0	36.0	85.0	0.0	32.0	0.0	0.0	75.0	0.0	14.0	0.0	0.0	93.0
0.0	0.0	0.0	0.0	47.0	0.0	0.0	0.0	20.0	0.0	0.0	0.0	22.0	0.0	0.0	0.0	15.0	12.0	26.0	0.0	75.0	0.0	0.0	18.0	0.0	28.0	0.0	30.0	0.0	0.0	0.0	0.0	74.0	0.0	0.0	0.0	22.0	21.0	52.0	90.0	35.0	3.0	57.0	80.0	30.0	67.0	0.0	61.0	0.0	53.0	0.0	0.0	0.0	38.0	49.0	0.0	0.0	0.0	64.0	61.0	0.0	95.0	84.0	76.0	0.0	0.0	43.0	0.0	0.0	0.0	0.0	0.0	4.0	24.0	64.0	0.0	77.0	13.0	0.0	63.0	30.0	0.0	4.0	0.0	16.0	90.0	10.0	0.0	11.0	0.0	0.0	100.0	22.0	0.0	0.0	0.0
14.0	0.0	0.0	95.0	0.0	71.0	63.0	0.0	0.0	51.0	1.0	0.0	45.0	0.0	24.0	53.0	73.0	0.0	48.0	95.0	0.0	70.0	75.0	0.0	7.0	0.0	0.0	0.0	0.0	0.0	11.0	54.0	69.0	76.0	0.0	24.0	36.0	0.0	89.0	79.0	15.0	0.0	0.0	99.0	88.0	0.0	0.0	58.0	0.0	0.0	0.0	8.0	17.0	61.0	41.0	0.0	29.0	0.0	0.0	0.0	33.0	0.0	0.0	0.0	3.0	0.0	44.0	45.0	93.0	52.0	19.0	0.0	63.0	0.0	0.0	49.0	76.0	0.0	0.0	0.0	6.0	51.0	0.0	0.0	20.0	0.0	48.0	0.0	0.0	0.0	0.0	0.0	73.0	0.0	41.0
0.0	0.0	75.0	48.0	0.0	0.0	0.0	7.0	0.0	13.0	0.0	77.0	79.0	24.0	15.0	0.0	0.0	0.0	0.0	0.0	0.0	0.0	7.0	77.0	73.0	47.0	25.0	19.0	2.0	68.0	0.0	62.0	70.0	0.0	52.0	0.0	61.0	58.0	52.0	82.0	0.0	0.0	0.0	45.0	59.0	26.0	0.0	88.0	75.0	0.0	55.0	23.0	44.0	0.0	5.0	0.0	0.0	57.0	0.0	0.0	0.0	0.0	0.0	0.0	75.0	0.0	29.0	0.0	100.0	0.0	71.0	4.0	14.0	0.0	19.0	83.0	0.0	0.0	0.0	0.0	79.0	0.0	26.0	37.0	77.0	0.0	0.0	29.0	11.0	99.0	0.0	89.0	0.0	7.0
0.0	0.0	0.0	4.0	0.0	0.0	72.0	44.0	0.0	16.0	0.0	0.0	50.0	21.0	0.0	0.0	0.0	68.0	0.0	0.0	77.0	0.0	98.0	100.0	0.0	55.0	42.0	0.0	0.0	34.0	23.0	0.0	0.0	52.0	0.0	28.0	58.0	9.0	32.0	0.0	0.0	48.0	0.0	0.0	40.0	0.0	0.0	98.0	7.0	72.0	29.0	29.0	57.0	0.0	0.0	0.0	71.0	0.0	22.0	0.0	0.0	0.0	0.0	0.0	0.0	0.0	64.0	0.0	0.0	0.0	12.0	67.0	91.0	0.0	13.0	0.0	0.0	47.0	75.0	55.0	0.0	62.0	7.0	71.0	0.0	0.0	8.0	0.0	0.0	4.0	0.0	0.0	0.0
0.0	0.0	0.0	0.0	0.0	13.0	25.0	52.0	0.0	87.0	0.0	75.0	3.0	17.0	0.0	72.0	0.0	16.0	0.0	0.0	36.0	24.0	0.0	86.0	68.0	52.0	71.0	12.0	0.0	0.0	0.0	91.0	0.0	0.0	55.0	0.0	0.0	8.0	0.0	0.0	0.0	0.0	75.0	57.0	94.0	0.0	0.0	0.0	0.0	1.0	43.0	57.0	0.0	0.0	0.0	0.0	29.0	53.0	59.0	34.0	0.0	45.0	44.0	38.0	28.0	81.0	0.0	61.0	20.0	13.0	0.0	0.0	67.0	0.0	0.0	65.0	0.0	0.0	0.0	24.0	0.0	0.0	17.0	0.0	0.0	52.0	0.0	26.0	0.0	80.0	100.0	80.0
0.0	15.0	41.0	95.0	59.0	0.0	88.0	0.0	77.0	10.0	86.0	0.0	61.0	96.0	0.0	26.0	36.0	12.0	0.0	46.0	0.0	0.0	24.0	0.0	0.0	0.0	0.0	10.0	0.0	9.0	85.0	0.0	42.0	0.0	0.0	0.0	0.0	78.0	27.0	0.0	80.0	0.0	0.0	59.0	79.0	0.0	0.0	0.0	0.0	0.0	21.0	84.0	0.0	0.0	59.0	19.0	0.0	83.0	34.0	89.0	0.0	8.0	0.0	0.0	0.0	0.0	0.0	0.0	0.0	0.0	67.0	76.0	0.0	10.0	61.0	94.0	0.0	0.0	0.0	0.0	71.0	55.0	0.0	70.0	0.0	34.0	0.0	0.0	25.0	0.0	80.0
91.0	0.0	75.0	0.0	0.0	47.0	0.0	54.0	0.0	0.0	100.0	42.0	0.0	54.0	0.0	71.0	0.0	9.0	39.0	66.0	98.0	0.0	60.0	12.0	49.0	63.0	0.0	0.0	0.0	0.0	0.0	24.0	62.0	0.0	0.0	0.0	74.0	0.0	61.0	16.0	84.0	98.0	0.0	31.0	8.0	6.0	0.0	47.0	0.0	0.0	53.0	0.0	75.0	0.0	0.0	34.0	5.0	82.0	0.0	90.0	0.0	0.0	0.0	14.0	0.0	71.0	22.0	29.0	91.0	0.0	48.0	30.0	16.0	63.0	83.0	96.0	0.0	0.0	90.0	0.0	46.0	59.0	51.0	0.0	55.0	0.0	57.0	0.0	8.0	24.0
0.0	55.0	87.0	0.0	0.0	5.0	0.0	52.0	0.0	36.0	0.0	31.0	7.0	0.0	97.0	0.0	0.0	0.0	0.0	0.0	0.0	0.0	95.0	13.0	0.0	0.0	0.0	93.0	0.0	0.0	0.0	0.0	0.0	23.0	30.0	0.0	50.0	0.0	56.0	65.0	0.0	0.0	48.0	86.0	59.0	5.0	0.0	0.0	13.0	0.0	13.0	0.0	38.0	0.0	2.0	93.0	0.0	0.0	0.0	0.0	70.0	78.0	0.0	21.0	0.0	0.0	2.0	8.0	80.0	0.0	13.0	0.0	0.0	11.0	51.0	9.0	0.0	70.0	0.0	0.0	67.0	0.0	0.0	100.0	99.0	0.0	30.0	0.0	25.0
27.0	0.0	35.0	0.0	0.0	92.0	48.0	71.0	21.0	40.0	46.0	0.0	29.0	54.0	64.0	0.0	0.0	0.0	95.0	0.0	79.0	0.0	40.0	0.0	1.0	90.0	28.0	0.0	0.0	30.0	0.0	37.0	0.0	15.0	4.0	0.0	10.0	0.0	0.0	8.0	0.0	99.0	0.0	75.0	0.0	0.0	0.0	92.0	0.0	0.0	0.0	27.0	0.0	54.0	0.0	0.0	95.0	50.0	39.0	46.0	97.0	16.0	54.0	0.0	0.0	0.0	93.0	0.0	96.0	22.0	0.0	0.0	0.0	0.0	18.0	43.0	76.0	83.0	0.0	30.0	0.0	59.0	87.0	0.0	0.0	34.0	36.0	0.0
8.0	0.0	0.0	0.0	80.0	0.0	0.0	73.0	36.0	0.0	3.0	55.0	0.0	0.0	0.0	0.0	0.0	0.0	0.0	47.0	12.0	14.0	97.0	56.0	0.0	9.0	0.0	11.0	50.0	0.0	0.0	67.0	0.0	0.0	34.0	27.0	67.0	28.0	88.0	75.0	0.0	96.0	0.0	98.0	91.0	0.0	59.0	0.0	0.0	87.0	0.0	45.0	66.0	0.0	0.0	82.0	91.0	29.0	50.0	31.0	0.0	0.0	0.0	0.0	19.0	0.0	0.0	0.0	0.0	82.0	82.0	81.0	0.0	39.0	44.0	80.0	10.0	0.0	64.0	44.0	0.0	88.0	0.0	36.0	15.0	0.0	88.0
0.0	0.0	33.0	55.0	38.0	78.0	0.0	50.0	84.0	0.0	0.0	63.0	0.0	98.0	0.0	48.0	61.0	52.0	0.0	22.0	0.0	0.0	48.0	0.0	0.0	0.0	28.0	0.0	0.0	0.0	66.0	91.0	16.0	28.0	28.0	0.0	67.0	10.0	40.0	85.0	26.0	2.0	0.0	0.0	0.0	4.0	5.0	60.0	30.0	0.0	0.0	42.0	27.0	50.0	0.0	0.0	68.0	0.0	89.0	29.0	96.0	0.0	34.0	39.0	11.0	92.0	70.0	90.0	17.0	0.0	49.0	12.0	91.0	0.0	4.0	79.0	70.0	0.0	0.0	35.0	80.0	15.0	0.0	0.0	53.0	0.0
9.0	37.0	0.0	15.0	0.0	27.0	11.0	67.0	0.0	81.0	0.0	0.0	70.0	0.0	0.0	39.0	0.0	97.0	88.0	0.0	60.0	0.0	0.0	39.0	0.0	0.0	0.0	17.0	94.0	10.0	17.0	31.0	0.0	0.0	0.0	11.0	23.0	0.0	0.0	51.0	0.0	5.0	8.0	0.0	0.0	0.0	21.0	41.0	0.0	97.0	0.0	0.0	60.0	13.0	49.0	50.0	9.0	43.0	56.0	57.0	67.0	25.0	14.0	87.0	0.0	3.0	76.0	87.0	0.0	45.0	0.0	0.0	0.0	0.0	80.0	79.0	0.0	0.0	0.0	75.0	17.0	0.0	0.0	53.0	87.0
12.0	65.0	96.0	0.0	0.0	0.0	70.0	0.0	0.0	0.0	0.0	53.0	55.0	0.0	69.0	54.0	0.0	0.0	26.0	9.0	100.0	0.0	0.0	0.0	0.0	0.0	87.0	0.0	0.0	0.0	77.0	7.0	86.0	19.0	1.0	49.0	0.0	65.0	53.0	42.0	0.0	67.0	18.0	0.0	16.0	0.0	50.0	86.0	0.0	0.0	0.0	0.0	0.0	0.0	51.0	12.0	0.0	0.0	96.0	0.0	0.0	0.0	37.0	0.0	25.0	0.0	0.0	89.0	0.0	0.0	81.0	0.0	0.0	0.0	0.0	7.0	0.0	0.0	82.0	0.0	77.0	54.0	0.0	0.0
0.0	42.0	0.0	0.0	16.0	0.0	0.0	0.0	0.0	24.0	35.0	0.0	0.0	0.0	0.0	11.0	99.0	19.0	76.0	72.0	5.0	0.0	32.0	0.0	69.0	80.0	70.0	0.0	0.0	99.0	85.0	0.0	51.0	86.0	0.0	28.0	1.0	4.0	16.0	0.0	0.0	0.0	74.0	60.0	58.0	54.0	0.0	55.0	35.0	0.0	0.0	0.0	6.0	0.0	20.0	70.0	65.0	35.0	83.0	50.0	0.0	53.0	0.0	13.0	86.0	13.0	0.0	89.0	0.0	100.0	0.0	0.0	22.0	15.0	50.0	74.0	0.0	53.0	26.0	22.0	38.0	77.0	44.0
8.0	0.0	63.0	0.0	92.0	5.0	12.0	19.0	0.0	0.0	35.0	0.0	45.0	92.0	0.0	0.0	0.0	0.0	35.0	0.0	34.0	5.0	12.0	44.0	0.0	0.0	0.0	0.0	0.0	89.0	95.0	0.0	8.0	95.0	27.0	0.0	0.0	0.0	41.0	93.0	0.0	0.0	0.0	6.0	31.0	0.0	72.0	93.0	1.0	61.0	13.0	45.0	73.0	0.0	0.0	0.0	0.0	37.0	11.0	18.0	0.0	0.0	0.0	64.0	0.0	0.0	77.0	64.0	0.0	13.0	0.0	0.0	0.0	0.0	0.0	0.0	41.0	0.0	81.0	0.0	93.0	0.0
10.0	42.0	44.0	17.0	9.0	0.0	0.0	0.0	63.0	47.0	72.0	0.0	40.0	27.0	13.0	0.0	0.0	29.0	65.0	0.0	58.0	0.0	0.0	0.0	15.0	0.0	63.0	44.0	0.0	0.0	27.0	78.0	30.0	0.0	79.0	0.0	97.0	0.0	87.0	0.0	70.0	38.0	67.0	0.0	0.0	34.0	0.0	0.0	0.0	90.0	0.0	0.0	0.0	71.0	0.0	7.0	51.0	62.0	51.0	31.0	81.0	0.0	47.0	51.0	10.0	0.0	94.0	3.0	34.0	0.0	49.0	0.0	22.0	0.0	6.0	1.0	50.0	66.0	0.0	79.0	64.0
0.0	0.0	0.0	0.0	0.0	0.0	60.0	85.0	0.0	90.0	0.0	61.0	48.0	0.0	91.0	0.0	0.0	0.0	0.0	81.0	93.0	0.0	59.0	91.0	0.0	0.0	0.0	0.0	93.0	0.0	73.0	75.0	15.0	28.0	0.0	34.0	88.0	86.0	99.0	0.0	65.0	0.0	0.0	0.0	39.0	62.0	89.0	18.0	0.0	66.0	34.0	0.0	0.0	0.0	45.0	0.0	0.0	0.0	58.0	0.0	16.0	88.0	66.0	0.0	0.0	0.0	0.0	0.0	0.0	46.0	0.0	28.0	19.0	31.0	0.0	0.0	0.0	0.0	0.0	64.0
0.0	62.0	0.0	62.0	0.0	88.0	97.0	0.0	45.0	0.0	71.0	52.0	0.0	61.0	12.0	0.0	0.0	0.0	0.0	93.0	0.0	41.0	47.0	0.0	0.0	19.0	0.0	0.0	51.0	0.0	0.0	0.0	0.0	0.0	0.0	43.0	0.0	93.0	21.0	0.0	0.0	72.0	40.0	0.0	0.0	0.0	72.0	93.0	53.0	31.0	0.0	3.0	82.0	0.0	0.0	25.0	0.0	93.0	12.0	0.0	0.0	0.0	0.0	0.0	94.0	0.0	80.0	0.0	0.0	0.0	0.0	0.0	0.0	0.0	15.0	16.0	0.0	94.0	56.0
0.0	0.0	0.0	0.0	21.0	19.0	0.0	0.0	10.0	73.0	0.0	64.0	67.0	19.0	0.0	0.0	53.0	0.0	16.0	22.0	0.0	0.0	14.0	0.0	0.0	44.0	62.0	26.0	23.0	59.0	0.0	89.0	74.0	0.0	0.0	0.0	0.0	0.0	0.0	0.0	0.0	55.0	0.0	79.0	0.0	45.0	0.0	0.0	71.0	60.0	0.0	72.0	88.0	0.0	65.0	25.0	69.0	17.0	59.0	78.0	80.0	0.0	0.0	0.0	65.0	53.0	3.0	0.0	80.0	45.0	63.0	0.0	85.0	0.0	61.0	0.0	82.0	0.0
58.0	0.0	64.0	100.0	21.0	80.0	83.0	0.0	93.0	0.0	100.0	0.0	33.0	5.0	0.0	76.0	0.0	97.0	0.0	0.0	0.0	96.0	0.0	90.0	93.0	0.0	0.0	46.0	0.0	0.0	0.0	0.0	92.0	0.0	91.0	0.0	23.0	77.0	23.0	0.0	27.0	0.0	0.0	0.0	91.0	77.0	0.0	12.0	0.0	64.0	0.0	0.0	33.0	0.0	94.0	89.0	23.0	0.0	87.0	0.0	0.0	30.0	0.0	92.0	25.0	0.0	96.0	0.0	42.0	96.0	0.0	0.0	0.0	0.0	38.0	0.0	0.0
0.0	0.0	54.0	0.0	0.0	41.0	0.0	0.0	0.0	89.0	0.0	70.0	79.0	32.0	63.0	0.0	0.0	10.0	0.0	69.0	63.0	12.0	0.0	0.0	0.0	0.0	90.0	41.0	0.0	0.0	84.0	98.0	59.0	0.0	0.0	0.0	0.0	0.0	0.0	6.0	32.0	0.0	0.0	91.0	53.0	0.0	94.0	99.0	0.0	0.0	0.0	55.0	87.0	5.0	19.0	60.0	52.0	0.0	0.0	0.0	79.0	67.0	95.0	0.0	15.0	0.0	56.0	0.0	88.0	0.0	77.0	69.0	0.0	45.0	0.0	36.0
74.0	0.0	0.0	0.0	0.0	50.0	61.0	89.0	0.0	80.0	40.0	0.0	0.0	40.0	48.0	51.0	0.0	0.0	0.0	47.0	0.0	94.0	90.0	48.0	0.0	0.0	0.0	0.0	0.0	0.0	0.0	0.0	0.0	59.0	99.0	80.0	17.0	20.0	0.0	0.0	0.0	10.0	63.0	0.0	0.0	0.0	12.0	4.0	0.0	81.0	76.0	0.0	0.0	57.0	97.0	34.0	89.0	0.0	34.0	44.0	0.0	10.0	69.0	80.0	67.0	32.0	48.0	99.0	40.0	84.0	0.0	61.0	0.0	0.0	0.0
47.0	0.0	70.0	0.0	15.0	7.0	93.0	15.0	98.0	37.0	99.0	0.0	58.0	0.0	27.0	25.0	0.0	2.0	43.0	0.0	0.0	2.0	0.0	57.0	0.0	0.0	0.0	0.0	0.0	44.0	72.0	46.0	13.0	0.0	32.0	40.0	0.0	0.0	0.0	0.0	58.0	0.0	0.0	0.0	0.0	0.0	0.0	0.0	62.0	0.0	47.0	42.0	82.0	0.0	0.0	19.0	0.0	0.0	0.0	70.0	58.0	0.0	0.0	43.0	8.0	83.0	0.0	8.0	0.0	0.0	15.0	0.0	0.0	57.0
92.0	49.0	39.0	63.0	0.0	52.0	0.0	29.0	0.0	0.0	16.0	61.0	0.0	50.0	0.0	0.0	15.0	48.0	35.0	29.0	0.0	0.0	18.0	0.0	23.0	0.0	0.0	50.0	33.0	0.0	44.0	0.0	0.0	85.0	0.0	56.0	0.0	27.0	0.0	78.0	26.0	1.0	0.0	75.0	99.0	0.0	0.0	67.0	95.0	0.0	0.0	0.0	31.0	77.0	47.0	80.0	0.0	97.0	0.0	0.0	0.0	17.0	0.0	41.0	0.0	45.0	0.0	99.0	0.0	40.0	24.0	0.0	0.0
0.0	14.0	0.0	76.0	0.0	0.0	0.0	81.0	0.0	0.0	0.0	75.0	0.0	0.0	26.0	57.0	0.0	0.0	90.0	0.0	0.0	35.0	0.0	76.0	0.0	33.0	0.0	0.0	27.0	26.0	0.0	0.0	13.0	0.0	76.0	6.0	33.0	89.0	0.0	0.0	67.0	1.0	91.0	74.0	78.0	0.0	89.0	0.0	65.0	80.0	21.0	0.0	0.0	78.0	70.0	81.0	52.0	60.0	78.0	0.0	31.0	0.0	62.0	32.0	0.0	0.0	0.0	13.0	0.0	9.0	64.0	0.0
16.0	0.0	91.0	0.0	10.0	7.0	0.0	0.0	0.0	38.0	84.0	46.0	45.0	49.0	0.0	76.0	79.0	64.0	0.0	0.0	0.0	0.0	0.0	34.0	0.0	91.0	0.0	73.0	93.0	0.0	0.0	87.0	0.0	6.0	79.0	0.0	0.0	1.0	41.0	54.0	0.0	0.0	41.0	0.0	0.0	16.0	0.0	63.0	75.0	0.0	0.0	0.0	0.0	0.0	65.0	0.0	8.0	0.0	0.0	0.0	0.0	78.0	0.0	17.0	0.0	21.0	34.0	78.0	13.0	0.0	82.0
0.0	0.0	0.0	61.0	0.0	99.0	0.0	0.0	77.0	42.0	59.0	0.0	0.0	10.0	85.0	35.0	0.0	0.0	20.0	94.0	0.0	0.0	0.0	99.0	65.0	0.0	56.0	0.0	0.0	0.0	24.0	0.0	11.0	0.0	36.0	21.0	63.0	12.0	0.0	91.0	13.0	32.0	0.0	20.0	0.0	33.0	51.0	0.0	34.0	0.0	90.0	0.0	0.0	51.0	94.0	0.0	3.0	0.0	1.0	0.0	0.0	0.0	0.0	28.0	42.0	0.0	27.0	0.0	94.0	0.0
0.0	49.0	16.0	92.0	0.0	0.0	0.0	0.0	0.0	0.0	77.0	0.0	0.0	19.0	0.0	64.0	0.0	19.0	15.0	0.0	17.0	11.0	6.0	0.0	0.0	0.0	69.0	0.0	0.0	86.0	73.0	56.0	0.0	64.0	81.0	51.0	0.0	26.0	0.0	0.0	92.0	0.0	56.0	0.0	52.0	0.0	16.0	0.0	0.0	0.0	0.0	52.0	42.0	38.0	0.0	0.0	0.0	0.0	0.0	16.0	0.0	19.0	44.0	49.0	85.0	46.0	44.0	0.0	0.0
21.0	0.0	62.0	0.0	54.0	0.0	16.0	0.0	83.0	1.0	62.0	0.0	0.0	99.0	0.0	0.0	31.0	94.0	80.0	0.0	33.0	0.0	48.0	21.0	64.0	26.0	0.0	0.0	100.0	70.0	80.0	97.0	0.0	34.0	0.0	0.0	0.0	0.0	0.0	0.0	0.0	61.0	57.0	49.0	57.0	0.0	98.0	22.0	0.0	0.0	55.0	24.0	84.0	78.0	66.0	62.0	29.0	14.0	49.0	0.0	0.0	56.0	0.0	24.0	5.0	0.0	22.0	0.0
0.0	0.0	0.0	0.0	46.0	0.0	57.0	0.0	0.0	27.0	0.0	0.0	95.0	97.0	56.0	0.0	0.0	0.0	84.0	75.0	0.0	52.0	0.0	0.0	0.0	100.0	96.0	0.0	0.0	0.0	0.0	0.0	0.0	82.0	0.0	0.0	0.0	0.0	0.0	74.0	29.0	0.0	93.0	0.0	0.0	0.0	43.0	91.0	0.0	0.0	91.0	0.0	38.0	79.0	0.0	0.0	72.0	82.0	92.0	84.0	26.0	64.0	0.0	0.0	30.0	0.0	0.0
17.0	83.0	32.0	87.0	0.0	40.0	42.0	0.0	0.0	0.0	99.0	0.0	25.0	20.0	100.0	0.0	0.0	72.0	72.0	0.0	0.0	0.0	0.0	0.0	69.0	83.0	62.0	83.0	14.0	0.0	78.0	0.0	0.0	0.0	0.0	20.0	0.0	0.0	25.0	0.0	14.0	95.0	92.0	0.0	0.0	61.0	69.0	0.0	86.0	0.0	24.0	76.0	0.0	0.0	0.0	0.0	98.0	63.0	16.0	83.0	0.0	91.0	89.0	0.0	0.0	23.0
54.0	0.0	0.0	0.0	0.0	0.0	0.0	0.0	71.0	0.0	0.0	35.0	63.0	0.0	41.0	97.0	0.0	54.0	48.0	95.0	0.0	77.0	0.0	0.0	0.0	0.0	0.0	0.0	0.0	0.0	0.0	0.0	75.0	86.0	38.0	6.0	0.0	82.0	9.0	94.0	0.0	0.0	94.0	82.0	48.0	0.0	45.0	50.0	69.0	77.0	0.0	0.0	0.0	0.0	25.0	0.0	57.0	0.0	0.0	20.0	0.0	0.0	11.0	0.0	0.0
0.0	0.0	0.0	0.0	0.0	27.0	0.0	61.0	29.0	38.0	77.0	17.0	0.0	78.0	0.0	0.0	33.0	0.0	78.0	9.0	95.0	0.0	92.0	0.0	0.0	9.0	52.0	65.0	0.0	0.0	85.0	26.0	33.0	69.0	98.0	0.0	16.0	71.0	31.0	74.0	35.0	0.0	0.0	0.0	0.0	0.0	60.0	48.0	91.0	0.0	93.0	32.0	96.0	38.0	44.0	0.0	71.0	77.0	0.0	0.0	0.0	0.0	53.0	83.0
0.0	0.0	0.0	46.0	0.0	39.0	0.0	0.0	9.0	89.0	0.0	100.0	0.0	0.0	0.0	90.0	39.0	0.0	0.0	0.0	0.0	99.0	55.0	0.0	0.0	96.0	0.0	30.0	19.0	56.0	0.0	19.0	0.0	30.0	0.0	0.0	0.0	93.0	23.0	0.0	0.0	49.0	0.0	0.0	93.0	0.0	66.0	12.0	0.0	0.0	25.0	0.0	36.0	0.0	0.0	71.0	0.0	61.0	4.0	0.0	86.0	0.0	0.0
0.0	0.0	0.0	83.0	0.0	0.0	97.0	0.0	0.0	0.0	0.0	7.0	0.0	0.0	0.0	33.0	61.0	78.0	0.0	0.0	71.0	0.0	0.0	8.0	0.0	0.0	0.0	0.0	0.0	4.0	19.0	92.0	54.0	1.0	65.0	76.0	21.0	85.0	0.0	38.0	0.0	2.0	89.0	0.0	0.0	0.0	90.0	0.0	11.0	4.0	26.0	4.0	74.0	0.0	0.0	51.0	0.0	0.0	0.0	67.0	0.0	0.0
60.0	0.0	86.0	11.0	86.0	0.0	34.0	0.0	0.0	0.0	3.0	0.0	64.0	0.0	0.0	0.0	0.0	0.0	61.0	57.0	0.0	0.0	0.0	12.0	0.0	90.0	13.0	0.0	0.0	79.0	14.0	57.0	32.0	0.0	19.0	86.0	0.0	59.0	0.0	69.0	0.0	39.0	20.0	70.0	0.0	0.0	91.0	0.0	0.0	0.0	0.0	100.0	90.0	46.0	0.0	19.0	74.0	96.0	0.0	45.0	0.0
0.0	0.0	0.0	15.0	0.0	0.0	50.0	0.0	0.0	7.0	0.0	0.0	77.0	0.0	0.0	0.0	65.0	22.0	19.0	64.0	11.0	74.0	49.0	100.0	0.0	0.0	61.0	0.0	0.0	0.0	0.0	0.0	50.0	87.0	6.0	0.0	49.0	0.0	16.0	0.0	0.0	19.0	0.0	0.0	0.0	88.0	85.0	0.0	0.0	0.0	0.0	68.0	95.0	90.0	0.0	55.0	7.0	0.0	59.0	31.0
94.0	0.0	0.0	0.0	6.0	36.0	57.0	45.0	62.0	49.0	0.0	0.0	17.0	0.0	0.0	0.0	51.0	0.0	0.0	0.0	99.0	0.0	0.0	22.0	0.0	37.0	8.0	0.0	84.0	43.0	7.0	57.0	20.0	0.0	76.0	49.0	35.0	91.0	77.0	14.0	4.0	94.0	0.0	0.0	14.0	22.0	0.0	0.0	0.0	15.0	0.0	0.0	0.0	41.0	56.0	89.0	0.0	68.0	26.0
0.0	0.0	0.0	20.0	20.0	0.0	33.0	25.0	1.0	40.0	62.0	0.0	97.0	0.0	75.0	31.0	0.0	58.0	0.0	0.0	0.0	81.0	9.0	0.0	0.0	81.0	59.0	87.0	0.0	12.0	0.0	57.0	7.0	0.0	0.0	0.0	0.0	0.0	0.0	61.0	79.0	27.0	44.0	53.0	0.0	0.0	0.0	50.0	94.0	98.0	0.0	0.0	98.0	0.0	0.0	0.0	0.0	0.0
14.0	0.0	0.0	0.0	92.0	0.0	41.0	0.0	13.0	0.0	0.0	43.0	85.0	75.0	0.0	89.0	0.0	0.0	0.0	0.0	0.0	79.0	74.0	68.0	85.0	77.0	17.0	0.0	0.0	0.0	3.0	63.0	0.0	0.0	43.0	9.0	0.0	0.0	73.0	9.0	34.0	0.0	0.0	0.0	78.0	4.0	0.0	83.0	0.0	0.0	0.0	83.0	0.0	63.0	0.0	0.0	0.0
0.0	85.0	28.0	58.0	52.0	0.0	0.0	21.0	48.0	12.0	60.0	0.0	85.0	0.0	0.0	0.0	62.0	0.0	0.0	89.0	0.0	26.0	0.0	18.0	0.0	21.0	92.0	0.0	24.0	61.0	0.0	0.0	0.0	0.0	51.0	63.0	0.0	0.0	0.0	61.0	0.0	42.0	59.0	0.0	0.0	0.0	50.0	0.0	19.0	23.0	50.0	64.0	44.0	86.0	100.0	12.0
30.0	47.0	0.0	49.0	51.0	0.0	0.0	72.0	0.0	38.0	57.0	0.0	61.0	4.0	0.0	0.0	0.0	76.0	38.0	0.0	0.0	0.0	0.0	0.0	0.0	41.0	0.0	29.0	0.0	7.0	69.0	20.0	32.0	26.0	0.0	83.0	0.0	69.0	0.0	71.0	39.0	0.0	96.0	0.0	0.0	0.0	0.0	0.0	0.0	90.0	0.0	0.0	0.0	0.0	47.0
51.0	53.0	58.0	89.0	0.0	0.0	89.0	39.0	0.0	0.0	59.0	0.0	0.0	0.0	8.0	52.0	0.0	54.0	0.0	27.0	0.0	0.0	12.0	94.0	0.0	0.0	0.0	0.0	60.0	0.0	20.0	0.0	0.0	0.0	4.0	0.0	0.0	25.0	0.0	0.0	63.0	0.0	37.0	89.0	88.0	0.0	0.0	60.0	63.0	8.0	38.0	50.0	23.0	0.0
0.0	0.0	86.0	23.0	0.0	79.0	0.0	0.0	77.0	6.0	0.0	32.0	0.0	53.0	0.0	0.0	87.0	57.0	0.0	0.0	58.0	0.0	0.0	57.0	0.0	95.0	51.0	0.0	0.0	0.0	54.0	0.0	29.0	92.0	0.0	0.0	0.0	0.0	49.0	0.0	0.0	0.0	0.0	0.0	0.0	84.0	69.0	56.0	23.0	82.0	0.0	0.0	0.0
1.0	56.0	0.0	0.0	0.0	93.0	62.0	88.0	0.0	0.0	0.0	31.0	60.0	0.0	0.0	37.0	0.0	96.0	0.0	0.0	0.0	18.0	30.0	0.0	96.0	18.0	0.0	0.0	0.0	0.0	36.0	0.0	97.0	77.0	0.0	0.0	0.0	0.0	98.0	0.0	91.0	99.0	77.0	98.0	0.0	0.0	64.0	0.0	0.0	0.0	26.0	0.0
0.0	91.0	4.0	88.0	96.0	0.0	0.0	0.0	11.0	57.0	0.0	43.0	35.0	0.0	81.0	0.0	0.0	0.0	0.0	0.0	0.0	0.0	0.0	0.0	73.0	0.0	0.0	50.0	93.0	0.0	0.0	0.0	6.0	0.0	0.0	87.0	0.0	67.0	35.0	11.0	12.0	2.0	51.0	0.0	18.0	1.0	4.0	0.0	97.0	0.0	63.0
57.0	3.0	0.0	26.0	0.0	24.0	77.0	0.0	0.0	0.0	0.0	73.0	0.0	0.0	93.0	80.0	75.0	0.0	92.0	0.0	34.0	0.0	60.0	74.0	40.0	59.0	74.0	71.0	44.0	0.0	48.0	0.0	0.0	0.0	0.0	57.0	33.0	0.0	99.0	11.0	0.0	0.0	51.0	37.0	0.0	0.0	40.0	0.0	0.0	0.0
23.0	78.0	7.0	0.0	0.0	32.0	0.0	0.0	58.0	23.0	0.0	10.0	29.0	28.0	33.0	0.0	0.0	0.0	0.0	64.0	55.0	46.0	0.0	30.0	94.0	0.0	51.0	16.0	0.0	0.0	50.0	71.0	0.0	0.0	0.0	0.0	67.0	0.0	91.0	0.0	0.0	0.0	0.0	68.0	0.0	73.0	90.0	0.0	0.0
0.0	48.0	0.0	0.0	0.0	28.0	0.0	69.0	0.0	0.0	0.0	0.0	0.0	100.0	89.0	13.0	0.0	8.0	13.0	0.0	0.0	0.0	0.0	69.0	14.0	35.0	0.0	0.0	18.0	0.0	97.0	0.0	99.0	0.0	20.0	31.0	58.0	46.0	0.0	0.0	79.0	0.0	0.0	0.0	64.0	0.0	0.0	0.0
0.0	35.0	0.0	65.0	81.0	0.0	8.0	5.0	0.0	0.0	0.0	0.0	28.0	0.0	0.0	71.0	0.0	0.0	0.0	0.0	0.0	0.0	57.0	0.0	30.0	0.0	0.0	0.0	0.0	0.0	0.0	0.0	51.0	42.0	0.0	0.0	0.0	0.0	0.0	0.0	90.0	0.0	35.0	49.0	0.0	62.0	53.0
6.0	0.0	0.0	0.0	70.0	0.0	12.0	97.0	0.0	35.0	0.0	0.0	0.0	77.0	24.0	0.0	0.0	0.0	0.0	55.0	11.0	30.0	43.0	0.0	13.0	0.0	74.0	0.0	0.0	0.0	0.0	82.0	18.0	0.0	53.0	0.0	0.0	0.0	19.0	0.0	0.0	0.0	0.0	0.0	0.0	31.0
31.0	45.0	0.0	63.0	0.0	29.0	0.0	0.0	86.0	33.0	0.0	15.0	0.0	0.0	42.0	0.0	78.0	71.0	18.0	11.0	53.0	10.0	36.0	0.0	15.0	44.0	37.0	87.0	10.0	0.0	55.0	0.0	0.0	58.0	92.0	98.0	85.0	0.0	0.0	58.0	81.0	7.0	9.0	30.0	41.0
0.0	42.0	0.0	0.0	0.0	0.0	37.0	0.0	14.0	0.0	90.0	0.0	0.0	0.0	92.0	0.0	87.0	67.0	59.0	0.0	0.0	0.0	0.0	45.0	0.0	0.0	10.0	44.0	0.0	0.0	0.0	87.0	0.0	0.0	75.0	0.0	0.0	60.0	15.0	83.0	75.0	14.0	68.0	0.0
24.0	0.0	85.0	52.0	0.0	89.0	41.0	0.0	70.0	65.0	0.0	0.0	71.0	75.0	0.0	72.0	0.0	82.0	35.0	0.0	0.0	35.0	62.0	0.0	0.0	76.0	92.0	0.0	0.0	0.0	0.0	0.0	49.0	0.0	42.0	5.0	39.0	1.0	0.0	0.0	69.0	69.0	24.0
0.0	0.0	0.0	0.0	0.0	28.0	81.0	5.0	0.0	57.0	64.0	0.0	0.0	0.0	48.0	0.0	0.0	78.0	0.0	93.0	0.0	0.0	76.0	29.0	0.0	0.0	44.0	0.0	0.0	15.0	10.0	0.0	13.0	92.0	9.0	0.0	3.0	51.0	85.0	0.0	0.0	0.0
0.0	16.0	81.0	0.0	20.0	0.0	100.0	0.0	81.0	0.0	1.0	93.0	0.0	64.0	0.0	36.0	0.0	0.0	19.0	26.0	0.0	17.0	0.0	86.0	54.0	0.0	9.0	2.0	2.0	0.0	100.0	0.0	0.0	65.0	0.0	0.0	46.0	0.0	28.0	0.0	0.0
0.0	0.0	0.0	56.0	0.0	4.0	0.0	0.0	0.0	63.0	84.0	0.0	21.0	0.0	0.0	98.0	0.0	0.0	23.0	65.0	11.0	100.0	0.0	0.0	0.0	0.0	0.0	0.0	0.0	7.0	79.0	0.0	0.0	0.0	0.0	96.0	0.0	0.0	0.0	0.0
21.0	5.0	0.0	37.0	28.0	36.0	38.0	0.0	75.0	1.0	37.0	0.0	0.0	89.0	0.0	98.0	0.0	0.0	28.0	95.0	0.0	15.0	43.0	12.0	88.0	0.0	0.0	29.0	0.0	44.0	0.0	0.0	91.0	8.0	0.0	3.0	53.0	0.0	0.0
0.0	35.0	0.0	39.0	64.0	0.0	0.0	0.0	0.0	77.0	71.0	0.0	0.0	84.0	89.0	39.0	0.0	0.0	0.0	61.0	0.0	60.0	0.0	0.0	0.0	1.0	0.0	71.0	0.0	40.0	0.0	0.0	40.0	0.0	0.0	41.0	70.0	25.0
0.0	36.0	0.0	0.0	0.0	100.0	80.0	0.0	0.0	0.0	23.0	0.0	0.0	0.0	10.0	0.0	0.0	41.0	0.0	0.0	31.0	0.0	0.0	0.0	80.0	24.0	0.0	44.0	0.0	0.0	89.0	0.0	59.0	14.0	0.0	8.0	31.0
0.0	91.0	0.0	51.0	44.0	17.0	0.0	92.0	0.0	50.0	99.0	0.0	24.0	16.0	49.0	40.0	14.0	0.0	60.0	48.0	90.0	0.0	0.0	0.0	56.0	0.0	0.0	94.0	76.0	0.0	0.0	64.0	80.0	0.0	92.0	32.0
28.0	0.0	26.0	0.0	0.0	0.0	0.0	41.0	68.0	54.0	7.0	9.0	0.0	46.0	0.0	75.0	0.0	69.0	0.0	0.0	0.0	69.0	0.0	0.0	0.0	51.0	60.0	0.0	0.0	84.0	35.0	1.0	62.0	43.0	97.0
0.0	76.0	0.0	51.0	91.0	74.0	0.0	22.0	39.0	23.0	19.0	16.0	0.0	0.0	96.0	0.0	0.0	34.0	79.0	0.0	0.0	12.0	7.0	95.0	0.0	0.0	0.0	0.0	25.0	61.0	88.0	90.0	4.0	0.0
0.0	33.0	75.0	0.0	16.0	7.0	11.0	0.0	6.0	0.0	0.0	3.0	0.0	0.0	4.0	0.0	0.0	0.0	0.0	4.0	34.0	0.0	74.0	0.0	0.0	0.0	0.0	1.0	0.0	12.0	28.0	0.0	66.0
0.0	0.0	0.0	0.0	0.0	0.0	62.0	40.0	0.0	0.0	0.0	0.0	8.0	72.0	23.0	1.0	7.0	0.0	14.0	0.0	23.0	0.0	42.0	0.0	0.0	75.0	18.0	75.0	48.0	0.0	0.0	0.0
0.0	0.0	0.0	83.0	0.0	0.0	90.0	56.0	94.0	0.0	0.0	0.0	0.0	92.0	0.0	76.0	33.0	0.0	22.0	51.0	0.0	100.0	31.0	0.0	63.0	89.0	0.0	99.0	75.0	0.0	0.0
0.0	27.0	71.0	24.0	0.0	0.0	0.0	0.0	17.0	0.0	8.0	59.0	0.0	0.0	0.0	0.0	67.0	5.0	0.0	0.0	80.0	71.0	0.0	46.0	0.0	0.0	75.0	0.0	2.0	58.0
87.0	0.0	0.0	69.0	0.0	71.0	18.0	71.0	78.0	11.0	60.0	0.0	0.0	0.0	0.0	0.0	0.0	15.0	58.0	36.0	44.0	75.0	0.0	3.0	34.0	0.0	80.0	74.0	82.0
42.0	0.0	71.0	0.0	0.0	13.0	31.0	30.0	0.0	0.0	4.0	0.0	0.0	0.0	72.0	64.0	0.0	0.0	27.0	50.0	29.0	6.0	47.0	31.0	0.0	27.0	64.0	50.0
57.0	67.0	0.0	0.0	0.0	0.0	0.0	0.0	20.0	0.0	96.0	0.0	84.0	0.0	64.0	35.0	4.0	60.0	0.0	84.0	90.0	29.0	0.0	68.0	99.0	38.0	0.0
2.0	0.0	0.0	24.0	0.0	96.0	0.0	43.0	0.0	0.0	76.0	2.0	0.0	0.0	0.0	98.0	0.0	57.0	0.0	0.0	22.0	63.0	0.0	0.0	0.0	0.0
94.0	0.0	7.0	70.0	0.0	0.0	0.0	31.0	0.0	0.0	14.0	0.0	0.0	0.0	66.0	0.0	22.0	0.0	0.0	0.0	78.0	55.0	99.0	0.0	65.0
25.0	53.0	66.0	95.0	0.0	58.0	11.0	28.0	0.0	31.0	80.0	58.0	40.0	0.0	43.0	56.0	0.0	0.0	60.0	0.0	13.0	0.0	45.0	0.0
29.0	19.0	45.0	88.0	1.0	97.0	23.0	0.0	0.0	10.0	0.0	6.0	5.0	41.0	0.0	0.0	0.0	0.0	0.0	0.0	75.0	0.0	0.0
0.0	7.0	69.0	59.0	73.0	0.0	0.0	6.0	0.0	6.0	0.0	0.0	44.0	0.0	70.0	0.0	0.0	0.0	66.0	0.0	0.0	0.0
0.0	0.0	0.0	0.0	46.0	38.0	0.0	9.0	21.0	0.0	0.0	0.0	89.0	0.0	0.0	0.0	0.0	28.0	51.0	91.0	84.0
0.0	0.0	0.0	0.0	54.0	0.0	75.0	0.0	28.0	0.0	0.0	14.0	0.0	31.0	0.0	0.0	0.0	0.0	87.0	74.0
10.0	10.0	10.0	47.0	0.0	0.0	85.0	18.0	0.0	45.0	0.0	45.0	0.0	0.0	60.0	61.0	16.0	0.0	0.0
0.0	77.0	50.0	23.0	50.0	0.0	43.0	44.0	60.0	0.0	33.0	0.0	0.0	0.0	0.0	21.0	36.0	97.0
72.0	0.0	0.0	0.0	0.0	0.0	100.0	0.0	66.0	0.0	0.0	48.0	0.0	0.0	0.0	30.0	0.0
0.0	32.0	0.0	0.0	0.0	0.0	58.0	35.0	0.0	90.0	43.0	43.0	0.0	0.0	22.0	0.0
0.0	97.0	70.0	0.0	100.0	0.0	0.0	0.0	5.0	0.0	0.0	88.0	0.0	13.0	59.0
22.0	0.0	0.0	41.0	43.0	0.0	67.0	71.0	0.0	40.0	0.0	0.0	64.0	24.0
71.0	74.0	44.0	0.0	42.0	62.0	98.0	0.0	72.0	76.0	0.0	0.0	38.0
21.0	77.0	0.0	0.0	77.0	0.0	0.0	0.0	0.0	0.0	62.0	0.0
0.0	0.0	16.0	27.0	20.0	42.0	58.0	0.0	0.0	0.0	51.0
0.0	18.0	36.0	0.0	0.0	0.0	0.0	15.0	0.0	0.0
0.0	0.0	65.0	15.0	0.0	0.0	0.0	51.0	31.0
46.0	0.0	61.0	29.0	0.0	96.0	0.0	0.0
0.0	57.0	54.0	0.0	41.0	0.0	48.0
59.0	72.0	3.0	0.0	97.0	0.0
52.0	1.0	94.0	0.0	4.0
34.0	0.0	0.0	0.0
0.0	0.0	0.0
0.0	77.0
28.0

36.0	45.0	31.0	40.0	10.0	35.0	44.0	40.0	25.0	35.0	15.0	14.0	15.0	13.0	44.0	4.0	35.0	4.0	8.0	44.0	47.0	50.0	46.0	23.0	20.0	35.0	15.0	27.0	1.0	23.0	44.0	48.0	39.0	29.0	15.0	31.0	25.0	2.0	12.0	43.0	7.0	36.0	45.0	34.0	49.0	25.0	8.0	24.0	41.0	15.0	44.0	47.0	18.0	40.0	21.0	42.0	12.0	20.0	17.0	12.0	32.0	49.0	37.0	35.0	18.0	21.0	15.0	8.0	20.0	30.0	2.0	18.0	37.0	35.0	28.0	48.0	50.0	18.0	10.0	19.0	40.0	9.0	12.0	39.0	39.0	45.0	25.0	11.0	31.0	15.0	30.0	28.0	30.0	9.0	38.0	24.0	7.0	43.0	36.0	23.0

218.64000000000001	218.64000000000001	218.64000000000001	218.64000000000001	218.64000000000001	218.64000000000001	218.64000000000001	218.64000000000001	218.64000000000001	218.64000000000001
