qmkp_100_100_5_006
100
5

69.0	43.0	84.0	74.0	52.0	82.0	73.0	64.0	31.0	52.0	10.0	81.0	20.0	95.0	15.0	12.0	7.0	18.0	68.0	9.0	98.0	4.0	89.0	18.0	63.0	94.0	11.0	92.0	3.0	15.0	94.0	95.0	21.0	49.0	46.0	49.0	58.0	39.0	34.0	70.0	30.0	81.0	12.0	100.0	34.0	94.0	52.0	7.0	61.0	34.0	19.0	44.0	31.0	89.0	25.0	49.0	99.0	88.0	35.0	91.0	64.0	6.0	90.0	70.0	26.0	44.0	29.0	34.0	56.0	31.0	94.0	88.0	66.0	27.0	47.0	49.0	56.0	59.0	62.0	44.0	85.0	33.0	83.0	81.0	64.0	67.0	84.0	98.0	98.0	1.0	53.0	22.0	19.0	80.0	16.0	11.0	7.0	93.0	57.0	66.0
52.0	97.0	48.0	36.0	90.0	86.0	88.0	69.0	17.0	89.0	50.0	24.0	95.0	21.0	80.0	85.0	92.0	19.0	53.0	94.0	6.0	62.0	33.0	23.0	94.0	100.0	52.0	42.0	74.0	30.0	11.0	33.0	99.0	50.0	1.0	93.0	51.0	40.0	56.0	36.0	91.0	6.0	61.0	77.0	60.0	94.0	55.0	77.0	77.0	75.0	16.0	18.0	32.0	59.0	25.0	42.0	8.0	23.0	54.0	51.0	96.0	29.0	14.0	14.0	27.0	36.0	98.0	40.0	89.0	90.0	69.0	31.0	12.0	54.0	100.0	81.0	46.0	51.0	10.0	56.0	93.0	3.0	9.0	70.0	31.0	44.0	66.0	100.0	2.0	3.0	67.0	57.0	52.0	78.0	72.0	39.0	96.0	80.0	61.0
48.0	38.0	69.0	12.0	55.0	10.0	26.0	69.0	76.0	15.0	7.0	79.0	10.0	43.0	4.0	49.0	71.0	74.0	25.0	100.0	51.0	87.0	19.0	80.0	69.0	39.0	98.0	92.0	28.0	6.0	13.0	5.0	86.0	99.0	23.0	47.0	28.0	17.0	35.0	69.0	49.0	87.0	72.0	52.0	34.0	64.0	44.0	58.0	35.0	18.0	57.0	88.0	65.0	7.0	73.0	31.0	91.0	85.0	56.0	70.0	73.0	91.0	18.0	28.0	81.0	25.0	47.0	100.0	72.0	7.0	62.0	48.0	14.0	17.0	85.0	31.0	64.0	88.0	12.0	69.0	88.0	83.0	48.0	63.0	78.0	27.0	73.0	60.0	3.0	33.0	5.0	58.0	15.0	9.0	11.0	48.0	18.0	15.0
78.0	53.0	1.0	49.0	71.0	63.0	88.0	79.0	28.0	62.0	36.0	98.0	49.0	74.0	55.0	61.0	12.0	60.0	99.0	59.0	18.0	42.0	10.0	24.0	27.0	68.0	90.0	35.0	38.0	32.0	7.0	29.0	73.0	7.0	55.0	77.0	72.0	41.0	100.0	44.0	67.0	27.0	88.0	92.0	38.0	47.0	29.0	24.0	38.0	40.0	73.0	11.0	55.0	18.0	47.0	44.0	24.0	38.0	26.0	100.0	68.0	100.0	54.0	3.0	30.0	60.0	40.0	26.0	22.0	100.0	57.0	60.0	98.0	44.0	11.0	97.0	76.0	50.0	11.0	82.0	91.0	79.0	22.0	87.0	23.0	66.0	25.0	92.0	88.0	67.0	34.0	57.0	82.0	56.0	80.0	76.0	77.0
65.0	22.0	55.0	11.0	75.0	89.0	10.0	72.0	40.0	46.0	5.0	30.0	79.0	69.0	8.0	4.0	45.0	11.0	9.0	58.0	97.0	40.0	43.0	56.0	27.0	65.0	84.0	35.0	22.0	46.0	97.0	71.0	25.0	63.0	74.0	19.0	14.0	57.0	21.0	62.0	96.0	49.0	32.0	54.0	27.0	9.0	83.0	68.0	65.0	13.0	69.0	14.0	26.0	92.0	24.0	39.0	4.0	48.0	83.0	94.0	22.0	63.0	15.0	2.0	37.0	77.0	86.0	90.0	6.0	70.0	26.0	60.0	59.0	52.0	30.0	32.0	19.0	11.0	18.0	54.0	4.0	30.0	90.0	74.0	83.0	35.0	56.0	81.0	98.0	41.0	24.0	3.0	69.0	34.0	20.0	23.0
40.0	30.0	32.0	30.0	99.0	42.0	81.0	74.0	77.0	46.0	21.0	60.0	78.0	38.0	50.0	4.0	72.0	97.0	85.0	16.0	42.0	47.0	39.0	26.0	53.0	50.0	8.0	59.0	84.0	73.0	43.0	44.0	94.0	44.0	33.0	4.0	92.0	37.0	100.0	74.0	46.0	26.0	64.0	73.0	97.0	17.0	28.0	3.0	15.0	77.0	10.0	19.0	81.0	88.0	39.0	71.0	88.0	75.0	4.0	32.0	98.0	25.0	7.0	78.0	53.0	38.0	66.0	27.0	28.0	58.0	21.0	21.0	58.0	44.0	42.0	16.0	13.0	50.0	35.0	95.0	16.0	27.0	26.0	91.0	4.0	55.0	69.0	39.0	64.0	8.0	3.0	36.0	13.0	78.0	22.0
77.0	88.0	44.0	66.0	8.0	9.0	79.0	2.0	46.0	86.0	23.0	59.0	25.0	77.0	8.0	37.0	25.0	3.0	90.0	76.0	56.0	75.0	13.0	63.0	70.0	67.0	27.0	96.0	24.0	88.0	60.0	40.0	89.0	35.0	66.0	7.0	43.0	10.0	42.0	93.0	84.0	95.0	18.0	15.0	53.0	98.0	18.0	45.0	44.0	67.0	2.0	27.0	64.0	63.0	51.0	4.0	66.0	31.0	74.0	46.0	10.0	54.0	55.0	64.0	88.0	60.0	72.0	3.0	51.0	30.0	40.0	68.0	83.0	92.0	57.0	7.0	74.0	24.0	97.0	60.0	36.0	46.0	82.0	68.0	15.0	46.0	61.0	13.0	47.0	84.0	67.0	62.0	47.0	2.0
91.0	9.0	8.0	24.0	57.0	56.0	92.0	30.0	91.0	94.0	21.0	73.0	35.0	18.0	51.0	42.0	79.0	44.0	35.0	62.0	44.0	17.0	39.0	87.0	65.0	84.0	74.0	96.0	98.0	53.0	33.0	8.0	50.0	62.0	22.0	88.0	12.0	43.0	38.0	70.0	22.0	40.0	3.0	93.0	70.0	6.0	25.0	78.0	65.0	44.0	70.0	14.0	66.0	99.0	37.0	65.0	33.0	50.0	92.0	42.0	16.0	13.0	41.0	16.0	100.0	25.0	21.0	53.0	53.0	57.0	54.0	18.0	42.0	14.0	24.0	44.0	95.0	47.0	48.0	31.0	37.0	17.0	10.0	36.0	55.0	13.0	27.0	97.0	12.0	30.0	85.0	61.0	54.0
64.0	90.0	20.0	88.0	52.0	10.0	74.0	88.0	15.0	18.0	61.0	17.0	34.0	43.0	38.0	3.0	35.0	19.0	7.0	56.0	24.0	25.0	13.0	32.0	75.0	83.0	60.0	39.0	41.0	88.0	27.0	29.0	96.0	47.0	54.0	38.0	97.0	44.0	12.0	58.0	15.0	18.0	47.0	86.0	57.0	85.0	69.0	60.0	23.0	62.0	11.0	16.0	43.0	71.0	49.0	19.0	31.0	18.0	25.0	2.0	50.0	75.0	58.0	21.0	50.0	35.0	33.0	7.0	74.0	76.0	14.0	37.0	66.0	34.0	98.0	32.0	46.0	74.0	100.0	93.0	26.0	6.0	49.0	31.0	71.0	72.0	13.0	22.0	32.0	97.0	81.0	82.0
21.0	80.0	9.0	47.0	36.0	56.0	29.0	34.0	10.0	38.0	87.0	27.0	4.0	66.0	36.0	22.0	100.0	48.0	99.0	86.0	29.0	41.0	75.0	41.0	3.0	2.0	81.0	95.0	39.0	60.0	78.0	43.0	34.0	37.0	49.0	4.0	24.0	72.0	76.0	97.0	68.0	15.0	28.0	10.0	31.0	96.0	83.0	83.0	63.0	48.0	93.0	87.0	40.0	38.0	86.0	60.0	93.0	85.0	57.0	29.0	32.0	60.0	32.0	45.0	39.0	46.0	23.0	83.0	41.0	92.0	27.0	85.0	80.0	53.0	27.0	14.0	82.0	100.0	1.0	79.0	78.0	71.0	83.0	36.0	42.0	50.0	79.0	63.0	77.0	41.0	100.0
26.0	97.0	87.0	58.0	42.0	1.0	59.0	65.0	19.0	92.0	65.0	52.0	58.0	5.0	12.0	17.0	28.0	38.0	89.0	74.0	6.0	33.0	97.0	23.0	6.0	44.0	8.0	87.0	43.0	24.0	81.0	7.0	2.0	16.0	27.0	47.0	62.0	7.0	85.0	80.0	63.0	33.0	15.0	86.0	27.0	95.0	66.0	21.0	93.0	5.0	44.0	92.0	23.0	93.0	50.0	22.0	96.0	78.0	63.0	76.0	24.0	69.0	92.0	52.0	35.0	92.0	41.0	36.0	62.0	45.0	42.0	47.0	1.0	9.0	67.0	11.0	63.0	29.0	59.0	5.0	71.0	52.0	45.0	66.0	15.0	85.0	17.0	88.0	4.0	44.0
68.0	2.0	51.0	80.0	59.0	34.0	51.0	55.0	54.0	22.0	68.0	31.0	31.0	29.0	67.0	55.0	20.0	49.0	18.0	18.0	74.0	49.0	54.0	3.0	52.0	21.0	86.0	23.0	67.0	94.0	19.0	48.0	72.0	96.0	51.0	53.0	58.0	36.0	87.0	4.0	98.0	68.0	11.0	41.0	52.0	2.0	49.0	17.0	36.0	88.0	85.0	24.0	11.0	15.0	16.0	39.0	53.0	88.0	20.0	87.0	87.0	87.0	9.0	86.0	31.0	87.0	30.0	97.0	59.0	42.0	82.0	21.0	100.0	70.0	13.0	47.0	45.0	9.0	26.0	64.0	57.0	23.0	92.0	11.0	20.0	49.0	35.0	39.0	61.0
44.0	42.0	23.0	36.0	11.0	68.0	58.0	22.0	92.0	66.0	53.0	84.0	78.0	51.0	24.0	18.0	94.0	81.0	30.0	33.0	25.0	8.0	72.0	51.0	47.0	42.0	87.0	32.0	65.0	1.0	80.0	4.0	67.0	17.0	39.0	88.0	84.0	10.0	60.0	6.0	13.0	92.0	58.0	54.0	76.0	9.0	36.0	40.0	45.0	63.0	80.0	59.0	66.0	5.0	46.0	7.0	38.0	57.0	85.0	10.0	88.0	91.0	41.0	54.0	39.0	24.0	84.0	60.0	79.0	5.0	53.0	83.0	16.0	32.0	71.0	45.0	72.0	15.0	2.0	52.0	4.0	37.0	50.0	29.0	99.0	44.0	77.0	51.0
64.0	70.0	86.0	9.0	17.0	79.0	26.0	80.0	3.0	54.0	28.0	4.0	80.0	51.0	16.0	31.0	66.0	68.0	78.0	19.0	92.0	58.0	81.0	82.0	1.0	12.0	17.0	59.0	60.0	58.0	83.0	95.0	84.0	47.0	31.0	33.0	85.0	94.0	77.0	23.0	12.0	64.0	64.0	63.0	33.0	99.0	79.0	99.0	62.0	21.0	41.0	31.0	39.0	7.0	67.0	2.0	40.0	59.0	66.0	46.0	18.0	59.0	80.0	74.0	94.0	44.0	46.0	82.0	16.0	90.0	99.0	82.0	94.0	82.0	71.0	53.0	70.0	82.0	25.0	38.0	45.0	12.0	15.0	45.0	92.0	17.0	29.0
26.0	68.0	73.0	86.0	59.0	11.0	41.0	48.0	68.0	35.0	95.0	76.0	64.0	73.0	39.0	41.0	92.0	24.0	86.0	24.0	33.0	18.0	89.0	36.0	25.0	42.0	77.0	29.0	21.0	29.0	68.0	64.0	26.0	27.0	9.0	98.0	63.0	14.0	4.0	78.0	54.0	81.0	5.0	94.0	52.0	80.0	88.0	93.0	56.0	94.0	73.0	23.0	41.0	87.0	88.0	63.0	4.0	61.0	6.0	71.0	76.0	14.0	33.0	97.0	89.0	20.0	32.0	22.0	82.0	38.0	24.0	36.0	4.0	26.0	34.0	73.0	83.0	16.0	81.0	45.0	68.0	47.0	23.0	62.0	11.0	14.0
63.0	38.0	45.0	39.0	59.0	71.0	44.0	48.0	86.0	57.0	4.0	39.0	65.0	74.0	86.0	72.0	41.0	80.0	64.0	4.0	9.0	90.0	91.0	70.0	76.0	29.0	82.0	96.0	3.0	68.0	16.0	79.0	24.0	2.0	9.0	47.0	65.0	32.0	97.0	58.0	97.0	23.0	29.0	50.0	86.0	63.0	28.0	64.0	81.0	37.0	45.0	31.0	27.0	50.0	80.0	52.0	10.0	29.0	58.0	83.0	73.0	81.0	13.0	3.0	43.0	96.0	29.0	96.0	97.0	85.0	79.0	15.0	43.0	7.0	91.0	20.0	40.0	20.0	33.0	26.0	27.0	21.0	32.0	32.0	9.0
88.0	76.0	47.0	15.0	15.0	64.0	90.0	49.0	60.0	21.0	59.0	74.0	25.0	84.0	79.0	34.0	65.0	89.0	44.0	15.0	5.0	66.0	44.0	49.0	10.0	2.0	54.0	62.0	7.0	20.0	63.0	27.0	94.0	96.0	26.0	83.0	77.0	24.0	64.0	80.0	17.0	48.0	83.0	49.0	42.0	36.0	70.0	77.0	70.0	28.0	64.0	40.0	72.0	100.0	70.0	60.0	98.0	81.0	80.0	82.0	3.0	99.0	57.0	88.0	48.0	83.0	100.0	56.0	50.0	42.0	33.0	21.0	3.0	53.0	44.0	49.0	36.0	11.0	80.0	32.0	36.0	28.0	8.0	32.0
35.0	18.0	3.0	6.0	66.0	6.0	57.0	37.0	14.0	19.0	20.0	20.0	61.0	97.0	14.0	28.0	25.0	60.0	27.0	83.0	38.0	73.0	95.0	17.0	95.0	18.0	41.0	11.0	64.0	57.0	61.0	46.0	75.0	17.0	64.0	78.0	75.0	66.0	17.0	78.0	29.0	100.0	95.0	31.0	58.0	55.0	89.0	56.0	81.0	31.0	52.0	45.0	30.0	17.0	64.0	80.0	40.0	53.0	97.0	7.0	57.0	6.0	90.0	74.0	28.0	81.0	5.0	52.0	1.0	76.0	15.0	14.0	47.0	81.0	86.0	91.0	90.0	17.0	98.0	95.0	45.0	97.0	23.0
35.0	24.0	51.0	70.0	28.0	39.0	59.0	42.0	79.0	87.0	32.0	30.0	61.0	92.0	59.0	11.0	92.0	29.0	29.0	80.0	63.0	35.0	72.0	85.0	13.0	41.0	21.0	21.0	86.0	65.0	78.0	63.0	65.0	92.0	43.0	83.0	1.0	97.0	22.0	97.0	79.0	41.0	56.0	34.0	38.0	84.0	58.0	65.0	99.0	89.0	52.0	65.0	36.0	24.0	2.0	29.0	100.0	89.0	87.0	69.0	28.0	4.0	87.0	42.0	85.0	27.0	14.0	65.0	35.0	73.0	89.0	90.0	17.0	92.0	25.0	28.0	86.0	22.0	13.0	93.0	68.0	98.0
77.0	23.0	73.0	65.0	5.0	73.0	37.0	17.0	19.0	4.0	3.0	66.0	54.0	8.0	73.0	97.0	83.0	36.0	67.0	70.0	4.0	74.0	99.0	84.0	97.0	64.0	62.0	69.0	46.0	41.0	76.0	56.0	1.0	78.0	34.0	56.0	36.0	97.0	36.0	52.0	34.0	66.0	86.0	89.0	98.0	23.0	89.0	4.0	50.0	6.0	45.0	12.0	60.0	1.0	35.0	70.0	87.0	97.0	51.0	83.0	1.0	21.0	19.0	41.0	86.0	84.0	16.0	42.0	71.0	55.0	78.0	91.0	69.0	35.0	93.0	54.0	37.0	36.0	74.0	78.0	36.0
26.0	99.0	77.0	76.0	81.0	39.0	53.0	68.0	36.0	75.0	14.0	84.0	63.0	41.0	51.0	24.0	53.0	60.0	1.0	39.0	99.0	17.0	85.0	34.0	99.0	79.0	39.0	64.0	3.0	13.0	25.0	44.0	64.0	23.0	12.0	78.0	96.0	6.0	9.0	26.0	45.0	11.0	29.0	91.0	87.0	32.0	44.0	74.0	6.0	20.0	43.0	21.0	43.0	72.0	7.0	4.0	68.0	37.0	5.0	69.0	62.0	28.0	52.0	67.0	31.0	13.0	85.0	36.0	8.0	71.0	79.0	85.0	9.0	21.0	3.0	76.0	17.0	71.0	92.0	41.0
38.0	90.0	25.0	34.0	21.0	71.0	93.0	21.0	96.0	38.0	3.0	76.0	28.0	38.0	68.0	92.0	35.0	86.0	100.0	63.0	26.0	11.0	18.0	78.0	82.0	84.0	58.0	84.0	10.0	5.0	30.0	43.0	33.0	1.0	19.0	32.0	76.0	94.0	73.0	8.0	27.0	73.0	17.0	53.0	37.0	86.0	34.0	10.0	32.0	41.0	24.0	13.0	16.0	67.0	4.0	33.0	39.0	97.0	72.0	97.0	55.0	49.0	8.0	12.0	95.0	63.0	48.0	12.0	48.0	16.0	87.0	6.0	50.0	50.0	57.0	70.0	10.0	51.0	83.0
45.0	41.0	11.0	19.0	75.0	28.0	42.0	80.0	7.0	62.0	28.0	5.0	29.0	72.0	76.0	72.0	61.0	72.0	74.0	24.0	64.0	97.0	31.0	81.0	18.0	74.0	69.0	49.0	49.0	44.0	24.0	86.0	91.0	79.0	86.0	83.0	58.0	93.0	99.0	15.0	43.0	2.0	89.0	2.0	85.0	37.0	94.0	49.0	94.0	53.0	41.0	28.0	7.0	73.0	39.0	63.0	51.0	16.0	57.0	55.0	15.0	52.0	40.0	59.0	94.0	51.0	8.0	85.0	79.0	43.0	39.0	28.0	74.0	5.0	22.0	93.0	93.0	29.0
27.0	5.0	36.0	36.0	52.0	17.0	37.0	74.0	2.0	85.0	19.0	31.0	31.0	85.0	17.0	34.0	56.0	15.0	16.0	89.0	51.0	66.0	81.0	24.0	3.0	31.0	32.0	83.0	57.0	11.0	14.0	15.0	14.0	73.0	49.0	29.0	82.0	52.0	66.0	29.0	48.0	49.0	23.0	84.0	60.0	67.0	1.0	45.0	34.0	16.0	6.0	94.0	44.0	10.0	22.0	45.0	85.0	21.0	6.0	39.0	81.0	86.0	46.0	26.0	83.0	83.0	54.0	32.0	97.0	98.0	88.0	93.0	70.0	20.0	41.0	91.0	3.0
79.0	5.0	7.0	72.0	18.0	22.0	40.0	21.0	74.0	53.0	71.0	17.0	24.0	100.0	30.0	56.0	93.0	3.0	96.0	58.0	17.0	47.0	99.0	54.0	46.0	84.0	35.0	12.0	45.0	38.0	92.0	21.0	48.0	16.0	21.0	87.0	82.0	95.0	56.0	97.0	52.0	36.0	61.0	36.0	78.0	97.0	44.0	11.0	10.0	93.0	8.0	93.0	6.0	45.0	57.0	52.0	37.0	17.0	35.0	37.0	86.0	60.0	77.0	41.0	19.0	35.0	74.0	82.0	33.0	80.0	17.0	25.0	65.0	40.0	72.0	97.0
100.0	43.0	33.0	1.0	4.0	32.0	91.0	86.0	84.0	53.0	38.0	39.0	76.0	51.0	90.0	5.0	67.0	9.0	70.0	26.0	26.0	95.0	72.0	37.0	55.0	94.0	82.0	32.0	11.0	53.0	28.0	10.0	67.0	85.0	58.0	23.0	14.0	13.0	53.0	20.0	98.0	11.0	78.0	87.0	1.0	94.0	94.0	51.0	90.0	55.0	91.0	13.0	37.0	74.0	83.0	62.0	81.0	66.0	63.0	61.0	57.0	9.0	56.0	51.0	63.0	2.0	71.0	15.0	90.0	80.0	28.0	49.0	44.0	33.0	37.0
67.0	67.0	53.0	73.0	35.0	53.0	1.0	48.0	59.0	86.0	81.0	78.0	64.0	87.0	56.0	79.0	51.0	36.0	52.0	82.0	2.0	7.0	25.0	71.0	66.0	28.0	28.0	76.0	13.0	94.0	23.0	63.0	12.0	99.0	36.0	87.0	90.0	22.0	94.0	50.0	69.0	40.0	99.0	22.0	92.0	90.0	69.0	91.0	62.0	63.0	56.0	4.0	13.0	90.0	16.0	64.0	73.0	76.0	78.0	37.0	82.0	46.0	9.0	8.0	2.0	75.0	53.0	9.0	57.0	18.0	44.0	48.0	17.0	33.0
64.0	34.0	14.0	29.0	26.0	18.0	8.0	13.0	17.0	37.0	15.0	1.0	56.0	6.0	68.0	69.0	3.0	43.0	85.0	15.0	32.0	1.0	46.0	55.0	22.0	50.0	43.0	89.0	66.0	12.0	58.0	94.0	43.0	67.0	42.0	58.0	28.0	56.0	80.0	12.0	90.0	30.0	84.0	91.0	57.0	19.0	45.0	2.0	45.0	2.0	15.0	57.0	59.0	38.0	15.0	27.0	14.0	99.0	42.0	49.0	8.0	91.0	31.0	5.0	68.0	53.0	100.0	29.0	59.0	98.0	79.0	5.0	28.0
81.0	21.0	99.0	71.0	64.0	43.0	41.0	43.0	17.0	35.0	20.0	70.0	18.0	62.0	36.0	76.0	100.0	2.0	58.0	61.0	26.0	95.0	78.0	68.0	56.0	1.0	97.0	99.0	38.0	20.0	32.0	72.0	100.0	44.0	25.0	13.0	88.0	38.0	100.0	27.0	81.0	39.0	42.0	85.0	77.0	56.0	11.0	74.0	85.0	13.0	23.0	85.0	19.0	27.0	82.0	33.0	90.0	95.0	10.0	15.0	11.0	27.0	7.0	68.0	39.0	5.0	34.0	24.0	96.0	64.0	59.0	35.0
14.0	30.0	37.0	49.0	50.0	61.0	59.0	31.0	72.0	95.0	93.0	68.0	68.0	90.0	80.0	53.0	82.0	9.0	26.0	45.0	98.0	94.0	87.0	43.0	69.0	43.0	84.0	63.0	78.0	99.0	93.0	29.0	25.0	72.0	72.0	5.0	48.0	76.0	81.0	88.0	20.0	13.0	81.0	62.0	90.0	80.0	29.0	11.0	57.0	29.0	19.0	82.0	8.0	33.0	51.0	34.0	23.0	49.0	3.0	59.0	67.0	66.0	5.0	40.0	95.0	48.0	2.0	20.0	63.0	12.0	70.0
90.0	2.0	5.0	13.0	71.0	64.0	39.0	99.0	66.0	22.0	30.0	20.0	40.0	63.0	32.0	5.0	12.0	38.0	19.0	42.0	30.0	69.0	55.0	69.0	4.0	80.0	5.0	20.0	15.0	30.0	2.0	11.0	34.0	72.0	19.0	98.0	91.0	22.0	54.0	72.0	85.0	89.0	6.0	52.0	16.0	29.0	77.0	60.0	31.0	45.0	33.0	35.0	35.0	90.0	12.0	47.0	48.0	81.0	51.0	61.0	62.0	86.0	1.0	20.0	28.0	87.0	7.0	14.0	6.0	32.0
82.0	73.0	79.0	48.0	99.0	95.0	72.0	19.0	15.0	31.0	23.0	81.0	14.0	21.0	76.0	84.0	57.0	47.0	79.0	12.0	62.0	62.0	9.0	3.0	61.0	37.0	87.0	83.0	23.0	72.0	13.0	28.0	68.0	43.0	33.0	59.0	3.0	9.0	73.0	99.0	97.0	58.0	43.0	23.0	53.0	68.0	44.0	1.0	84.0	80.0	83.0	86.0	60.0	88.0	97.0	90.0	96.0	12.0	36.0	96.0	39.0	25.0	78.0	77.0	36.0	35.0	3.0	2.0	68.0
8.0	9.0	4.0	8.0	25.0	86.0	16.0	91.0	9.0	34.0	64.0	75.0	62.0	3.0	23.0	75.0	7.0	30.0	65.0	30.0	17.0	48.0	12.0	99.0	13.0	67.0	77.0	5.0	99.0	39.0	93.0	28.0	91.0	86.0	42.0	62.0	11.0	94.0	27.0	80.0	56.0	5.0	1.0	57.0	59.0	24.0	45.0	72.0	40.0	62.0	45.0	48.0	61.0	15.0	40.0	2.0	33.0	41.0	16.0	37.0	74.0	96.0	98.0	87.0	39.0	45.0	34.0	99.0
100.0	70.0	32.0	3.0	44.0	15.0	28.0	11.0	4.0	45.0	90.0	94.0	14.0	63.0	91.0	81.0	30.0	57.0	13.0	96.0	56.0	25.0	66.0	70.0	62.0	35.0	57.0	97.0	89.0	8.0	79.0	67.0	57.0	22.0	75.0	6.0	68.0	62.0	57.0	65.0	32.0	68.0	19.0	66.0	90.0	81.0	93.0	83.0	61.0	17.0	54.0	82.0	51.0	85.0	81.0	46.0	56.0	8.0	68.0	82.0	57.0	66.0	21.0	40.0	73.0	18.0	84.0
69.0	50.0	94.0	90.0	92.0	84.0	87.0	59.0	6.0	13.0	56.0	45.0	99.0	69.0	81.0	51.0	6.0	88.0	98.0	78.0	24.0	56.0	9.0	79.0	77.0	88.0	62.0	50.0	33.0	17.0	34.0	90.0	87.0	84.0	48.0	37.0	64.0	25.0	28.0	38.0	63.0	72.0	24.0	73.0	77.0	53.0	88.0	89.0	22.0	66.0	49.0	65.0	17.0	1.0	86.0	39.0	88.0	32.0	32.0	60.0	6.0	43.0	73.0	47.0	45.0	56.0
10.0	59.0	81.0	6.0	73.0	71.0	91.0	39.0	88.0	12.0	3.0	44.0	89.0	45.0	97.0	63.0	47.0	40.0	2.0	38.0	82.0	6.0	97.0	11.0	79.0	66.0	41.0	88.0	83.0	74.0	96.0	39.0	32.0	86.0	66.0	5.0	36.0	88.0	68.0	58.0	27.0	61.0	83.0	90.0	6.0	95.0	96.0	80.0	21.0	68.0	98.0	41.0	30.0	97.0	91.0	43.0	5.0	45.0	21.0	7.0	19.0	27.0	43.0	1.0	37.0
58.0	67.0	29.0	20.0	88.0	38.0	11.0	3.0	75.0	69.0	33.0	77.0	92.0	99.0	35.0	40.0	34.0	46.0	68.0	7.0	97.0	83.0	21.0	44.0	11.0	57.0	50.0	27.0	12.0	95.0	51.0	83.0	91.0	12.0	59.0	54.0	3.0	41.0	14.0	54.0	28.0	67.0	97.0	12.0	90.0	18.0	89.0	19.0	4.0	44.0	55.0	29.0	77.0	81.0	24.0	24.0	38.0	76.0	100.0	50.0	98.0	69.0	80.0	21.0
99.0	64.0	57.0	81.0	100.0	27.0	93.0	75.0	68.0	58.0	65.0	35.0	6.0	34.0	70.0	31.0	61.0	13.0	68.0	34.0	11.0	98.0	78.0	21.0	6.0	2.0	56.0	33.0	95.0	51.0	91.0	48.0	27.0	51.0	37.0	28.0	62.0	59.0	56.0	18.0	34.0	12.0	45.0	19.0	99.0	65.0	21.0	100.0	29.0	65.0	79.0	47.0	63.0	42.0	93.0	3.0	93.0	48.0	43.0	27.0	2.0	38.0	52.0
93.0	100.0	23.0	27.0	30.0	69.0	17.0	47.0	67.0	89.0	46.0	70.0	22.0	37.0	62.0	88.0	19.0	73.0	93.0	37.0	84.0	77.0	89.0	85.0	51.0	36.0	93.0	37.0	5.0	70.0	94.0	5.0	6.0	14.0	57.0	37.0	96.0	100.0	44.0	74.0	67.0	19.0	9.0	99.0	79.0	55.0	49.0	61.0	42.0	29.0	57.0	37.0	43.0	36.0	16.0	68.0	77.0	29.0	36.0	90.0	40.0	58.0
8.0	47.0	8.0	91.0	98.0	70.0	52.0	64.0	45.0	45.0	33.0	52.0	24.0	5.0	35.0	30.0	48.0	10.0	97.0	31.0	85.0	1.0	12.0	21.0	2.0	94.0	29.0	16.0	56.0	35.0	31.0	59.0	41.0	99.0	27.0	58.0	88.0	29.0	64.0	10.0	29.0	16.0	98.0	39.0	36.0	19.0	85.0	56.0	37.0	47.0	68.0	58.0	67.0	37.0	38.0	78.0	73.0	5.0	1.0	22.0	54.0
35.0	79.0	19.0	81.0	49.0	3.0	59.0	25.0	40.0	39.0	51.0	34.0	48.0	51.0	8.0	66.0	91.0	37.0	41.0	74.0	74.0	22.0	9.0	19.0	5.0	62.0	52.0	80.0	10.0	55.0	39.0	50.0	37.0	70.0	88.0	61.0	52.0	91.0	43.0	72.0	91.0	35.0	66.0	88.0	52.0	85.0	80.0	9.0	30.0	81.0	65.0	25.0	79.0	24.0	44.0	71.0	87.0	43.0	6.0	34.0
1.0	80.0	66.0	51.0	11.0	83.0	66.0	90.0	27.0	47.0	71.0	83.0	23.0	90.0	41.0	8.0	42.0	14.0	32.0	25.0	29.0	44.0	35.0	48.0	13.0	85.0	6.0	77.0	22.0	95.0	49.0	27.0	24.0	20.0	29.0	8.0	65.0	1.0	71.0	41.0	33.0	54.0	15.0	2.0	16.0	57.0	34.0	27.0	13.0	68.0	78.0	84.0	49.0	1.0	76.0	17.0	17.0	54.0	91.0
94.0	5.0	76.0	5.0	32.0	42.0	46.0	32.0	73.0	92.0	49.0	57.0	76.0	56.0	11.0	48.0	59.0	36.0	36.0	7.0	95.0	87.0	10.0	69.0	73.0	20.0	96.0	48.0	44.0	11.0	82.0	93.0	58.0	48.0	77.0	5.0	17.0	74.0	37.0	87.0	26.0	73.0	21.0	87.0	40.0	19.0	31.0	73.0	27.0	83.0	93.0	24.0	38.0	85.0	12.0	89.0	65.0	44.0
47.0	83.0	65.0	24.0	62.0	65.0	93.0	52.0	28.0	49.0	89.0	19.0	26.0	25.0	15.0	3.0	52.0	17.0	91.0	59.0	47.0	28.0	49.0	57.0	50.0	71.0	21.0	60.0	74.0	47.0	78.0	15.0	82.0	66.0	66.0	83.0	12.0	42.0	7.0	2.0	55.0	15.0	36.0	86.0	90.0	22.0	19.0	57.0	6.0	19.0	25.0	43.0	23.0	31.0	12.0	87.0	27.0
64.0	81.0	34.0	14.0	83.0	34.0	24.0	45.0	71.0	79.0	26.0	39.0	9.0	71.0	92.0	9.0	2.0	35.0	98.0	45.0	47.0	44.0	36.0	97.0	14.0	80.0	78.0	6.0	7.0	72.0	27.0	45.0	26.0	25.0	72.0	16.0	81.0	98.0	77.0	15.0	13.0	28.0	66.0	36.0	19.0	74.0	44.0	12.0	55.0	8.0	92.0	6.0	10.0	37.0	95.0	23.0
93.0	64.0	45.0	30.0	84.0	66.0	44.0	28.0	32.0	66.0	39.0	22.0	51.0	15.0	51.0	3.0	22.0	15.0	79.0	9.0	60.0	59.0	16.0	34.0	5.0	93.0	23.0	25.0	76.0	43.0	48.0	65.0	90.0	93.0	8.0	68.0	24.0	51.0	43.0	63.0	96.0	17.0	60.0	76.0	34.0	44.0	11.0	62.0	86.0	8.0	43.0	14.0	55.0	47.0	24.0
15.0	78.0	76.0	25.0	5.0	70.0	31.0	67.0	71.0	51.0	23.0	3.0	6.0	61.0	71.0	74.0	100.0	7.0	94.0	13.0	64.0	71.0	59.0	87.0	27.0	27.0	70.0	27.0	57.0	89.0	57.0	59.0	81.0	72.0	71.0	75.0	46.0	33.0	17.0	4.0	20.0	20.0	7.0	41.0	9.0	77.0	40.0	8.0	18.0	76.0	11.0	56.0	31.0	75.0
80.0	13.0	8.0	56.0	6.0	99.0	28.0	79.0	67.0	3.0	55.0	53.0	32.0	24.0	59.0	31.0	88.0	50.0	92.0	82.0	84.0	57.0	9.0	1.0	25.0	39.0	2.0	84.0	92.0	55.0	30.0	84.0	90.0	90.0	3.0	43.0	59.0	56.0	48.0	70.0	98.0	1.0	85.0	83.0	5.0	63.0	76.0	38.0	71.0	89.0	77.0	25.0	55.0
44.0	58.0	57.0	48.0	96.0	50.0	97.0	39.0	79.0	29.0	10.0	8.0	18.0	85.0	24.0	4.0	98.0	57.0	41.0	18.0	78.0	68.0	41.0	33.0	46.0	92.0	49.0	21.0	73.0	14.0	74.0	57.0	27.0	97.0	16.0	80.0	8.0	34.0	45.0	87.0	5.0	82.0	71.0	90.0	6.0	14.0	70.0	31.0	94.0	76.0	27.0	53.0
34.0	41.0	40.0	62.0	56.0	58.0	24.0	29.0	60.0	15.0	44.0	12.0	11.0	85.0	63.0	12.0	69.0	63.0	6.0	87.0	77.0	48.0	61.0	41.0	85.0	50.0	22.0	85.0	86.0	94.0	60.0	49.0	9.0	92.0	28.0	57.0	76.0	48.0	25.0	6.0	33.0	54.0	77.0	15.0	11.0	30.0	7.0	35.0	12.0	43.0	7.0
99.0	62.0	88.0	46.0	18.0	52.0	5.0	60.0	14.0	98.0	11.0	79.0	16.0	18.0	82.0	29.0	7.0	8.0	76.0	21.0	3.0	83.0	35.0	22.0	89.0	21.0	53.0	12.0	20.0	34.0	80.0	3.0	12.0	73.0	37.0	29.0	64.0	80.0	16.0	4.0	13.0	27.0	5.0	27.0	10.0	30.0	21.0	44.0	87.0	37.0
43.0	66.0	61.0	37.0	87.0	45.0	73.0	92.0	7.0	44.0	41.0	49.0	70.0	94.0	53.0	92.0	84.0	36.0	41.0	21.0	37.0	40.0	21.0	60.0	33.0	40.0	31.0	71.0	1.0	34.0	79.0	46.0	56.0	56.0	4.0	43.0	67.0	31.0	73.0	66.0	94.0	66.0	68.0	41.0	57.0	72.0	81.0	95.0	53.0
63.0	70.0	47.0	35.0	20.0	52.0	48.0	21.0	87.0	2.0	36.0	48.0	49.0	9.0	95.0	27.0	82.0	76.0	47.0	15.0	26.0	12.0	1.0	32.0	39.0	91.0	47.0	81.0	16.0	34.0	32.0	99.0	64.0	7.0	58.0	87.0	83.0	74.0	73.0	98.0	52.0	47.0	17.0	73.0	45.0	13.0	48.0	72.0
42.0	83.0	1.0	6.0	23.0	40.0	87.0	76.0	73.0	93.0	7.0	54.0	65.0	66.0	37.0	92.0	54.0	29.0	64.0	5.0	15.0	64.0	79.0	12.0	84.0	81.0	1.0	32.0	19.0	83.0	44.0	14.0	15.0	38.0	86.0	96.0	73.0	9.0	69.0	93.0	98.0	15.0	86.0	69.0	57.0	49.0	59.0
33.0	47.0	13.0	93.0	43.0	28.0	36.0	74.0	90.0	64.0	4.0	30.0	43.0	95.0	24.0	47.0	67.0	68.0	71.0	25.0	1.0	53.0	13.0	89.0	49.0	36.0	58.0	51.0	72.0	100.0	32.0	18.0	45.0	75.0	94.0	29.0	55.0	52.0	69.0	5.0	57.0	8.0	100.0	56.0	90.0	82.0
76.0	53.0	66.0	76.0	98.0	59.0	39.0	23.0	100.0	85.0	43.0	85.0	89.0	89.0	49.0	81.0	38.0	59.0	4.0	53.0	40.0	34.0	44.0	77.0	34.0	7.0	51.0	24.0	10.0	20.0	10.0	61.0	7.0	61.0	93.0	65.0	92.0	26.0	17.0	59.0	18.0	95.0	62.0	39.0	19.0
12.0	68.0	36.0	82.0	100.0	77.0	57.0	86.0	30.0	89.0	50.0	69.0	1.0	87.0	3.0	46.0	15.0	71.0	36.0	50.0	10.0	21.0	35.0	1.0	18.0	85.0	89.0	50.0	18.0	41.0	23.0	42.0	58.0	81.0	52.0	26.0	20.0	64.0	62.0	40.0	50.0	63.0	27.0	13.0
15.0	80.0	41.0	28.0	89.0	21.0	20.0	47.0	95.0	88.0	41.0	96.0	88.0	91.0	82.0	99.0	55.0	55.0	50.0	70.0	73.0	93.0	11.0	99.0	69.0	5.0	9.0	68.0	59.0	43.0	44.0	88.0	84.0	38.0	28.0	23.0	54.0	80.0	75.0	3.0	68.0	60.0	53.0
61.0	58.0	39.0	37.0	29.0	13.0	75.0	54.0	26.0	16.0	27.0	30.0	19.0	84.0	29.0	94.0	26.0	92.0	42.0	13.0	78.0	45.0	22.0	63.0	28.0	84.0	23.0	77.0	53.0	1.0	5.0	78.0	17.0	51.0	65.0	58.0	90.0	3.0	10.0	26.0	51.0	17.0
83.0	22.0	69.0	31.0	25.0	79.0	67.0	60.0	85.0	30.0	81.0	58.0	94.0	41.0	5.0	12.0	31.0	19.0	40.0	81.0	75.0	71.0	26.0	83.0	23.0	45.0	10.0	69.0	61.0	96.0	73.0	35.0	21.0	68.0	9.0	92.0	72.0	69.0	84.0	18.0	47.0
97.0	28.0	79.0	82.0	72.0	30.0	35.0	45.0	13.0	95.0	62.0	71.0	64.0	86.0	63.0	16.0	25.0	17.0	83.0	30.0	25.0	34.0	80.0	95.0	65.0	17.0	34.0	4.0	56.0	9.0	86.0	85.0	95.0	75.0	37.0	74.0	68.0	3.0	24.0	24.0
70.0	51.0	56.0	66.0	34.0	44.0	1.0	55.0	16.0	64.0	25.0	41.0	8.0	30.0	51.0	98.0	99.0	94.0	58.0	80.0	37.0	13.0	55.0	45.0	6.0	95.0	4.0	41.0	91.0	99.0	64.0	15.0	99.0	31.0	67.0	35.0	98.0	95.0	48.0
40.0	27.0	14.0	14.0	9.0	72.0	68.0	56.0	17.0	87.0	99.0	23.0	72.0	11.0	86.0	33.0	74.0	72.0	18.0	98.0	97.0	32.0	83.0	65.0	20.0	13.0	5.0	62.0	85.0	48.0	87.0	100.0	95.0	84.0	29.0	62.0	24.0	44.0
87.0	39.0	96.0	63.0	4.0	21.0	27.0	81.0	81.0	25.0	71.0	63.0	4.0	64.0	94.0	52.0	85.0	65.0	56.0	3.0	30.0	75.0	7.0	91.0	67.0	32.0	28.0	29.0	62.0	10.0	86.0	73.0	91.0	57.0	88.0	15.0	3.0
84.0	90.0	27.0	27.0	78.0	80.0	48.0	38.0	88.0	82.0	60.0	83.0	2.0	88.0	85.0	53.0	40.0	83.0	16.0	67.0	71.0	6.0	53.0	71.0	100.0	87.0	68.0	83.0	17.0	17.0	26.0	39.0	32.0	37.0	81.0	35.0
12.0	86.0	100.0	25.0	68.0	50.0	16.0	49.0	57.0	63.0	75.0	80.0	98.0	26.0	96.0	71.0	83.0	34.0	72.0	33.0	87.0	1.0	85.0	23.0	56.0	10.0	18.0	91.0	37.0	28.0	56.0	41.0	95.0	55.0	5.0
51.0	55.0	59.0	8.0	30.0	88.0	34.0	68.0	50.0	25.0	75.0	13.0	7.0	25.0	90.0	87.0	100.0	12.0	21.0	95.0	23.0	10.0	40.0	51.0	74.0	100.0	96.0	58.0	57.0	26.0	55.0	51.0	86.0	87.0
78.0	94.0	22.0	33.0	9.0	2.0	45.0	18.0	60.0	100.0	78.0	74.0	42.0	72.0	36.0	99.0	33.0	71.0	44.0	75.0	29.0	50.0	1.0	36.0	2.0	34.0	100.0	43.0	28.0	43.0	67.0	98.0	75.0
8.0	44.0	40.0	65.0	98.0	85.0	59.0	99.0	98.0	74.0	7.0	31.0	45.0	22.0	69.0	13.0	24.0	95.0	18.0	84.0	16.0	24.0	79.0	18.0	25.0	77.0	83.0	68.0	25.0	28.0	64.0	30.0
8.0	34.0	26.0	35.0	99.0	46.0	86.0	21.0	84.0	93.0	45.0	58.0	47.0	72.0	29.0	88.0	16.0	44.0	69.0	66.0	91.0	84.0	98.0	17.0	2.0	27.0	90.0	98.0	4.0	28.0	58.0
46.0	68.0	20.0	21.0	71.0	2.0	31.0	9.0	99.0	13.0	68.0	69.0	78.0	4.0	95.0	96.0	55.0	60.0	85.0	87.0	55.0	91.0	95.0	85.0	98.0	40.0	52.0	37.0	58.0	37.0
27.0	42.0	49.0	67.0	94.0	29.0	66.0	100.0	12.0	89.0	14.0	31.0	84.0	54.0	76.0	82.0	37.0	69.0	33.0	53.0	88.0	94.0	96.0	95.0	94.0	21.0	71.0	43.0	100.0
11.0	72.0	93.0	89.0	22.0	96.0	34.0	94.0	87.0	33.0	79.0	89.0	76.0	49.0	76.0	25.0	50.0	27.0	31.0	54.0	16.0	9.0	53.0	71.0	9.0	13.0	2.0	60.0
100.0	54.0	43.0	85.0	32.0	76.0	18.0	98.0	16.0	30.0	10.0	72.0	86.0	15.0	16.0	16.0	46.0	42.0	70.0	4.0	97.0	80.0	79.0	43.0	6.0	49.0	69.0
24.0	63.0	83.0	44.0	5.0	43.0	59.0	49.0	34.0	15.0	36.0	21.0	18.0	21.0	2.0	73.0	21.0	17.0	85.0	18.0	96.0	40.0	18.0	33.0	85.0	21.0
42.0	5.0	8.0	66.0	64.0	37.0	18.0	94.0	87.0	85.0	88.0	95.0	71.0	76.0	3.0	80.0	41.0	40.0	12.0	26.0	67.0	29.0	77.0	85.0	96.0
83.0	91.0	55.0	90.0	11.0	71.0	7.0	50.0	48.0	58.0	82.0	59.0	75.0	64.0	48.0	87.0	46.0	30.0	16.0	12.0	64.0	69.0	35.0	32.0
87.0	74.0	63.0	77.0	11.0	72.0	77.0	83.0	64.0	35.0	98.0	38.0	34.0	72.0	34.0	26.0	27.0	37.0	91.0	27.0	76.0	9.0	34.0
2.0	84.0	71.0	17.0	52.0	54.0	58.0	81.0	15.0	4.0	40.0	59.0	63.0	65.0	25.0	4.0	65.0	21.0	67.0	79.0	22.0	5.0
40.0	84.0	88.0	66.0	31.0	50.0	61.0	60.0	75.0	1.0	3.0	99.0	99.0	85.0	47.0	63.0	60.0	61.0	49.0	41.0	62.0
96.0	17.0	10.0	14.0	17.0	43.0	8.0	100.0	69.0	83.0	32.0	86.0	59.0	77.0	4.0	40.0	58.0	20.0	52.0	41.0
16.0	47.0	36.0	63.0	70.0	2.0	28.0	19.0	76.0	46.0	99.0	54.0	99.0	84.0	19.0	74.0	42.0	54.0	28.0
95.0	88.0	18.0	83.0	86.0	51.0	44.0	19.0	42.0	86.0	59.0	90.0	32.0	83.0	99.0	23.0	90.0	34.0
8.0	53.0	64.0	74.0	58.0	21.0	13.0	76.0	93.0	10.0	6.0	78.0	68.0	46.0	2.0	19.0	16.0
75.0	60.0	39.0	70.0	55.0	75.0	96.0	93.0	68.0	87.0	48.0	34.0	19.0	38.0	64.0	12.0
58.0	70.0	52.0	94.0	70.0	99.0	52.0	46.0	29.0	74.0	91.0	45.0	19.0	26.0	17.0
98.0	71.0	64.0	12.0	36.0	66.0	69.0	9.0	10.0	86.0	38.0	69.0	1.0	81.0
85.0	75.0	47.0	7.0	63.0	72.0	59.0	43.0	87.0	59.0	24.0	72.0	60.0
1.0	76.0	83.0	1.0	46.0	28.0	15.0	77.0	49.0	96.0	12.0	16.0
81.0	63.0	30.0	43.0	38.0	28.0	58.0	13.0	47.0	42.0	78.0
82.0	92.0	88.0	57.0	6.0	39.0	64.0	53.0	5.0	98.0
19.0	10.0	36.0	17.0	7.0	11.0	42.0	29.0	35.0
67.0	41.0	46.0	67.0	84.0	74.0	96.0	48.0
72.0	65.0	36.0	92.0	8.0	46.0	60.0
70.0	2.0	77.0	54.0	75.0	20.0
58.0	70.0	27.0	41.0	89.0
25.0	67.0	80.0	6.0
96.0	1.0	99.0
29.0	61.0
38.0

22.0	47.0	48.0	30.0	8.0	3.0	6.0	23.0	45.0	11.0	25.0	16.0	33.0	4.0	6.0	16.0	20.0	8.0	39.0	34.0	50.0	31.0	44.0	16.0	28.0	27.0	15.0	13.0	17.0	15.0	1.0	31.0	29.0	9.0	22.0	9.0	7.0	16.0	28.0	44.0	48.0	26.0	32.0	42.0	29.0	19.0	49.0	9.0	45.0	10.0	22.0	40.0	32.0	19.0	43.0	26.0	17.0	28.0	41.0	30.0	1.0	8.0	13.0	19.0	34.0	17.0	44.0	37.0	20.0	35.0	11.0	23.0	43.0	26.0	41.0	13.0	19.0	12.0	39.0	6.0	13.0	8.0	33.0	32.0	5.0	50.0	5.0	45.0	28.0	26.0	35.0	26.0	14.0	22.0	35.0	20.0	7.0	48.0	6.0	34.0

392.96000000000004	392.96000000000004	392.96000000000004	392.96000000000004	392.96000000000004
