qmkp_100_100_5_003
100
5

35.0	84.0	51.0	10.0	57.0	4.0	42.0	100.0	10.0	1.0	19.0	12.0	28.0	46.0	31.0	36.0	90.0	30.0	65.0	60.0	86.0	9.0	75.0	42.0	60.0	20.0	88.0	10.0	41.0	74.0	98.0	62.0	11.0	1.0	17.0	63.0	27.0	16.0	38.0	86.0	66.0	65.0	36.0	87.0	69.0	34.0	92.0	17.0	60.0	33.0	49.0	93.0	77.0	36.0	8.0	91.0	92.0	71.0	36.0	64.0	52.0	76.0	71.0	47.0	26.0	44.0	59.0	73.0	13.0	18.0	25.0	40.0	1.0	17.0	65.0	81.0	84.0	68.0	83.0	7.0	100.0	8.0	12.0	26.0	82.0	52.0	34.0	95.0	87.0	45.0	22.0	22.0	60.0	29.0	89.0	52.0	78.0	49.0	78.0	3.0
94.0	92.0	99.0	2.0	25.0	51.0	99.0	95.0	30.0	42.0	3.0	42.0	43.0	89.0	29.0	43.0	13.0	67.0	41.0	96.0	50.0	65.0	69.0	76.0	88.0	49.0	83.0	45.0	35.0	6.0	94.0	93.0	89.0	2.0	68.0	39.0	23.0	97.0	63.0	93.0	42.0	87.0	71.0	81.0	78.0	88.0	21.0	35.0	40.0	32.0	78.0	96.0	16.0	79.0	40.0	66.0	17.0	26.0	17.0	93.0	14.0	70.0	34.0	41.0	95.0	13.0	48.0	41.0	23.0	50.0	63.0	25.0	79.0	53.0	100.0	39.0	69.0	25.0	20.0	31.0	29.0	67.0	4.0	69.0	26.0	12.0	24.0	50.0	80.0	46.0	4.0	71.0	66.0	13.0	9.0	14.0	5.0	19.0	96.0
35.0	81.0	86.0	26.0	56.0	80.0	84.0	39.0	50.0	6.0	21.0	58.0	36.0	35.0	95.0	91.0	22.0	79.0	94.0	35.0	73.0	66.0	72.0	27.0	44.0	1.0	46.0	36.0	36.0	21.0	2.0	16.0	33.0	49.0	32.0	46.0	53.0	16.0	83.0	50.0	67.0	54.0	66.0	79.0	74.0	5.0	24.0	92.0	87.0	17.0	9.0	94.0	55.0	21.0	19.0	14.0	16.0	88.0	68.0	32.0	29.0	89.0	29.0	7.0	10.0	69.0	53.0	74.0	4.0	46.0	65.0	56.0	39.0	23.0	48.0	78.0	13.0	47.0	69.0	75.0	82.0	84.0	17.0	60.0	40.0	80.0	7.0	41.0	24.0	20.0	43.0	55.0	20.0	2.0	34.0	37.0	96.0	44.0
90.0	41.0	91.0	25.0	16.0	93.0	47.0	77.0	45.0	86.0	78.0	6.0	30.0	73.0	93.0	8.0	93.0	74.0	52.0	35.0	95.0	52.0	92.0	26.0	59.0	70.0	37.0	80.0	99.0	62.0	62.0	81.0	9.0	85.0	83.0	62.0	43.0	38.0	20.0	21.0	95.0	18.0	81.0	82.0	55.0	8.0	49.0	32.0	61.0	55.0	86.0	71.0	40.0	57.0	61.0	86.0	22.0	1.0	83.0	60.0	98.0	62.0	9.0	12.0	4.0	50.0	21.0	77.0	57.0	87.0	25.0	20.0	41.0	90.0	9.0	73.0	99.0	9.0	7.0	18.0	88.0	12.0	67.0	79.0	91.0	45.0	100.0	15.0	25.0	58.0	32.0	40.0	24.0	18.0	50.0	37.0	54.0
11.0	35.0	66.0	97.0	64.0	42.0	58.0	13.0	94.0	95.0	20.0	71.0	85.0	82.0	59.0	65.0	24.0	96.0	6.0	62.0	42.0	50.0	43.0	80.0	82.0	17.0	76.0	3.0	8.0	63.0	25.0	34.0	62.0	41.0	46.0	73.0	61.0	70.0	23.0	59.0	64.0	30.0	31.0	68.0	42.0	89.0	28.0	62.0	48.0	23.0	25.0	93.0	70.0	52.0	15.0	1.0	33.0	87.0	36.0	24.0	97.0	78.0	87.0	79.0	59.0	32.0	67.0	17.0	31.0	70.0	74.0	53.0	96.0	59.0	13.0	52.0	44.0	22.0	10.0	8.0	78.0	99.0	38.0	38.0	63.0	62.0	40.0	80.0	29.0	86.0	67.0	40.0	50.0	27.0	33.0	98.0
8.0	68.0	53.0	41.0	60.0	75.0	50.0	97.0	100.0	73.0	12.0	30.0	17.0	19.0	69.0	22.0	92.0	42.0	70.0	80.0	72.0	54.0	66.0	80.0	79.0	39.0	11.0	92.0	70.0	62.0	3.0	79.0	78.0	10.0	76.0	51.0	8.0	23.0	32.0	82.0	5.0	22.0	86.0	35.0	60.0	30.0	34.0	90.0	12.0	20.0	73.0	42.0	93.0	52.0	35.0	37.0	4.0	10.0	45.0	99.0	52.0	28.0	98.0	28.0	11.0	29.0	21.0	5.0	34.0	15.0	5.0	74.0	57.0	90.0	48.0	51.0	51.0	14.0	54.0	68.0	97.0	98.0	40.0	55.0	56.0	25.0	93.0	57.0	30.0	18.0	90.0	73.0	100.0	88.0	46.0
20.0	8.0	39.0	40.0	43.0	74.0	37.0	30.0	45.0	52.0	56.0	83.0	51.0	43.0	42.0	11.0	86.0	53.0	70.0	12.0	8.0	66.0	67.0	38.0	58.0	6.0	5.0	31.0	63.0	24.0	39.0	19.0	43.0	49.0	51.0	44.0	90.0	90.0	49.0	49.0	55.0	29.0	37.0	4.0	60.0	82.0	32.0	47.0	90.0	4.0	10.0	3.0	74.0	26.0	80.0	77.0	29.0	6.0	56.0	90.0	74.0	55.0	89.0	19.0	22.0	94.0	21.0	26.0	49.0	13.0	96.0	66.0	77.0	93.0	62.0	30.0	36.0	63.0	20.0	45.0	86.0	21.0	13.0	60.0	12.0	21.0	10.0	79.0	81.0	60.0	57.0	10.0	10.0	25.0
88.0	33.0	68.0	94.0	58.0	9.0	60.0	20.0	55.0	68.0	93.0	48.0	5.0	54.0	78.0	93.0	76.0	18.0	19.0	75.0	50.0	12.0	69.0	2.0	24.0	55.0	25.0	58.0	79.0	72.0	40.0	97.0	53.0	60.0	43.0	55.0	56.0	11.0	76.0	26.0	99.0	48.0	90.0	18.0	95.0	38.0	18.0	33.0	46.0	30.0	24.0	3.0	53.0	96.0	77.0	52.0	92.0	56.0	36.0	57.0	76.0	12.0	7.0	81.0	8.0	76.0	5.0	95.0	36.0	85.0	33.0	10.0	46.0	50.0	25.0	42.0	87.0	2.0	4.0	14.0	44.0	35.0	15.0	80.0	9.0	66.0	52.0	57.0	41.0	67.0	43.0	57.0	31.0
98.0	80.0	26.0	97.0	53.0	54.0	28.0	36.0	76.0	60.0	57.0	25.0	93.0	95.0	22.0	66.0	89.0	34.0	53.0	82.0	45.0	94.0	6.0	40.0	35.0	32.0	59.0	22.0	44.0	73.0	26.0	54.0	8.0	76.0	75.0	70.0	66.0	75.0	19.0	97.0	37.0	92.0	90.0	73.0	94.0	97.0	100.0	14.0	82.0	87.0	68.0	17.0	54.0	85.0	65.0	22.0	58.0	87.0	15.0	7.0	80.0	98.0	10.0	77.0	38.0	72.0	1.0	78.0	4.0	46.0	21.0	79.0	19.0	14.0	14.0	52.0	77.0	7.0	35.0	9.0	32.0	24.0	86.0	90.0	85.0	89.0	89.0	100.0	53.0	97.0	43.0	62.0
28.0	7.0	60.0	78.0	66.0	57.0	72.0	37.0	38.0	29.0	45.0	49.0	27.0	72.0	95.0	45.0	68.0	71.0	61.0	14.0	56.0	43.0	21.0	75.0	65.0	69.0	48.0	46.0	57.0	21.0	37.0	72.0	44.0	38.0	72.0	49.0	50.0	98.0	66.0	55.0	20.0	97.0	43.0	22.0	21.0	70.0	29.0	1.0	25.0	71.0	72.0	33.0	51.0	14.0	27.0	29.0	72.0	84.0	20.0	99.0	55.0	92.0	13.0	47.0	27.0	43.0	8.0	77.0	40.0	85.0	82.0	91.0	10.0	1.0	75.0	26.0	17.0	92.0	86.0	10.0	65.0	20.0	91.0	20.0	44.0	13.0	24.0	39.0	49.0	39.0	59.0
44.0	12.0	35.0	1.0	41.0	50.0	7.0	9.0	80.0	17.0	41.0	91.0	1.0	38.0	85.0	50.0	94.0	30.0	34.0	4.0	92.0	23.0	15.0	46.0	87.0	59.0	36.0	75.0	77.0	60.0	23.0	2.0	94.0	69.0	87.0	15.0	24.0	81.0	26.0	26.0	70.0	98.0	60.0	15.0	96.0	59.0	45.0	45.0	90.0	7.0	71.0	38.0	80.0	77.0	66.0	37.0	63.0	40.0	48.0	54.0	48.0	93.0	25.0	50.0	72.0	63.0	25.0	43.0	85.0	37.0	14.0	6.0	41.0	72.0	28.0	4.0	7.0	72.0	41.0	26.0	67.0	55.0	65.0	43.0	81.0	65.0	11.0	55.0	15.0	25.0
8.0	28.0	69.0	53.0	96.0	10.0	91.0	62.0	89.0	86.0	47.0	26.0	54.0	12.0	18.0	70.0	15.0	87.0	43.0	74.0	100.0	52.0	15.0	21.0	61.0	54.0	59.0	1.0	54.0	8.0	42.0	2.0	12.0	88.0	80.0	59.0	43.0	59.0	62.0	16.0	11.0	23.0	95.0	45.0	13.0	63.0	94.0	42.0	77.0	66.0	16.0	98.0	80.0	58.0	56.0	40.0	56.0	4.0	21.0	80.0	87.0	36.0	31.0	91.0	26.0	52.0	41.0	37.0	4.0	64.0	53.0	80.0	34.0	4.0	53.0	68.0	81.0	71.0	93.0	34.0	9.0	53.0	70.0	88.0	1.0	93.0	66.0	26.0	28.0
31.0	31.0	4.0	51.0	6.0	9.0	21.0	47.0	51.0	69.0	11.0	96.0	83.0	39.0	41.0	84.0	82.0	41.0	24.0	29.0	40.0	77.0	37.0	64.0	64.0	97.0	100.0	95.0	95.0	18.0	98.0	63.0	95.0	99.0	52.0	99.0	51.0	86.0	16.0	11.0	32.0	15.0	98.0	21.0	74.0	81.0	58.0	82.0	29.0	63.0	3.0	99.0	6.0	92.0	37.0	87.0	82.0	36.0	74.0	22.0	66.0	91.0	68.0	61.0	7.0	35.0	11.0	87.0	84.0	46.0	9.0	19.0	60.0	31.0	97.0	28.0	50.0	66.0	22.0	43.0	67.0	85.0	13.0	67.0	3.0	77.0	30.0	27.0
27.0	20.0	95.0	78.0	83.0	49.0	10.0	48.0	54.0	81.0	43.0	35.0	53.0	78.0	99.0	38.0	47.0	36.0	69.0	45.0	84.0	88.0	8.0	18.0	73.0	72.0	73.0	75.0	28.0	53.0	94.0	98.0	45.0	62.0	95.0	31.0	72.0	31.0	62.0	88.0	81.0	6.0	90.0	35.0	69.0	47.0	15.0	20.0	83.0	2.0	85.0	32.0	59.0	23.0	36.0	99.0	78.0	69.0	24.0	70.0	8.0	87.0	8.0	42.0	22.0	90.0	91.0	2.0	99.0	26.0	9.0	84.0	26.0	86.0	14.0	55.0	59.0	26.0	40.0	14.0	7.0	19.0	77.0	18.0	88.0	70.0	87.0
7.0	52.0	46.0	83.0	13.0	96.0	64.0	60.0	65.0	92.0	19.0	67.0	41.0	81.0	22.0	52.0	49.0	50.0	89.0	73.0	54.0	65.0	93.0	21.0	41.0	4.0	76.0	88.0	63.0	93.0	2.0	84.0	10.0	67.0	97.0	72.0	12.0	87.0	35.0	47.0	6.0	80.0	68.0	41.0	10.0	37.0	12.0	62.0	97.0	93.0	15.0	1.0	88.0	96.0	32.0	26.0	23.0	7.0	33.0	92.0	46.0	31.0	36.0	29.0	29.0	26.0	22.0	74.0	69.0	52.0	69.0	87.0	23.0	4.0	86.0	53.0	88.0	2.0	67.0	71.0	38.0	40.0	24.0	94.0	26.0	100.0
5.0	41.0	4.0	65.0	56.0	67.0	71.0	10.0	11.0	16.0	33.0	65.0	28.0	86.0	26.0	90.0	46.0	17.0	40.0	19.0	59.0	54.0	39.0	19.0	88.0	48.0	81.0	67.0	7.0	37.0	4.0	65.0	24.0	36.0	35.0	42.0	11.0	92.0	13.0	62.0	24.0	46.0	27.0	92.0	9.0	96.0	91.0	98.0	18.0	67.0	27.0	71.0	28.0	86.0	22.0	71.0	21.0	28.0	1.0	89.0	75.0	90.0	14.0	57.0	67.0	30.0	45.0	29.0	93.0	86.0	7.0	70.0	77.0	79.0	5.0	62.0	67.0	74.0	83.0	5.0	81.0	8.0	39.0	99.0	97.0
40.0	77.0	88.0	64.0	13.0	33.0	63.0	56.0	85.0	5.0	9.0	71.0	65.0	85.0	41.0	47.0	79.0	18.0	43.0	22.0	71.0	60.0	58.0	20.0	7.0	28.0	74.0	91.0	6.0	95.0	77.0	88.0	92.0	27.0	37.0	53.0	33.0	28.0	12.0	71.0	16.0	16.0	81.0	45.0	59.0	96.0	70.0	42.0	38.0	9.0	6.0	5.0	45.0	98.0	43.0	39.0	54.0	60.0	87.0	85.0	59.0	71.0	16.0	27.0	28.0	22.0	68.0	85.0	1.0	66.0	3.0	44.0	56.0	5.0	99.0	71.0	27.0	37.0	97.0	41.0	39.0	11.0	47.0	68.0
80.0	18.0	39.0	63.0	77.0	95.0	78.0	62.0	34.0	2.0	36.0	42.0	75.0	1.0	96.0	91.0	66.0	86.0	47.0	95.0	66.0	40.0	71.0	95.0	11.0	13.0	49.0	84.0	76.0	66.0	44.0	23.0	37.0	21.0	94.0	53.0	54.0	4.0	38.0	71.0	51.0	60.0	38.0	9.0	72.0	49.0	3.0	37.0	69.0	82.0	87.0	81.0	32.0	95.0	61.0	50.0	17.0	11.0	98.0	87.0	59.0	84.0	44.0	98.0	59.0	93.0	79.0	19.0	21.0	68.0	22.0	10.0	44.0	19.0	20.0	21.0	43.0	79.0	51.0	44.0	12.0	57.0	74.0
51.0	18.0	38.0	47.0	70.0	24.0	95.0	12.0	97.0	43.0	99.0	32.0	61.0	83.0	68.0	43.0	38.0	34.0	34.0	26.0	69.0	20.0	68.0	43.0	58.0	73.0	93.0	71.0	21.0	40.0	48.0	12.0	8.0	14.0	83.0	69.0	91.0	59.0	49.0	100.0	68.0	77.0	94.0	67.0	87.0	11.0	38.0	79.0	80.0	98.0	36.0	39.0	67.0	34.0	7.0	59.0	2.0	16.0	37.0	78.0	24.0	73.0	24.0	44.0	100.0	12.0	99.0	31.0	50.0	96.0	97.0	76.0	56.0	73.0	26.0	11.0	100.0	30.0	3.0	34.0	4.0	19.0
93.0	45.0	9.0	31.0	67.0	30.0	69.0	76.0	93.0	31.0	63.0	79.0	20.0	66.0	91.0	66.0	10.0	81.0	77.0	81.0	74.0	25.0	7.0	12.0	72.0	66.0	76.0	40.0	27.0	65.0	41.0	51.0	28.0	95.0	30.0	25.0	42.0	13.0	82.0	85.0	2.0	82.0	92.0	57.0	79.0	88.0	61.0	53.0	79.0	12.0	32.0	76.0	77.0	77.0	44.0	57.0	53.0	67.0	46.0	63.0	26.0	70.0	96.0	3.0	52.0	74.0	86.0	55.0	5.0	23.0	36.0	92.0	19.0	44.0	53.0	10.0	49.0	26.0	78.0	81.0	8.0
12.0	27.0	17.0	31.0	2.0	46.0	18.0	53.0	81.0	87.0	41.0	97.0	1.0	13.0	36.0	64.0	75.0	45.0	30.0	83.0	89.0	9.0	62.0	42.0	67.0	16.0	95.0	46.0	91.0	84.0	100.0	2.0	90.0	46.0	3.0	11.0	92.0	48.0	66.0	26.0	94.0	61.0	63.0	67.0	72.0	64.0	44.0	8.0	60.0	57.0	63.0	20.0	67.0	67.0	75.0	97.0	65.0	60.0	69.0	57.0	71.0	22.0	21.0	10.0	29.0	7.0	59.0	80.0	7.0	52.0	87.0	19.0	36.0	1.0	67.0	81.0	2.0	53.0	40.0	70.0
21.0	73.0	38.0	74.0	77.0	67.0	84.0	52.0	56.0	32.0	46.0	45.0	62.0	96.0	49.0	76.0	96.0	55.0	17.0	67.0	99.0	5.0	88.0	96.0	56.0	7.0	76.0	12.0	25.0	51.0	79.0	96.0	1.0	100.0	21.0	71.0	39.0	7.0	74.0	36.0	60.0	97.0	42.0	59.0	64.0	52.0	4.0	73.0	57.0	7.0	39.0	48.0	45.0	42.0	54.0	31.0	82.0	16.0	71.0	10.0	82.0	64.0	84.0	37.0	62.0	2.0	88.0	46.0	33.0	32.0	95.0	99.0	87.0	84.0	19.0	16.0	1.0	11.0	62.0
5.0	84.0	73.0	9.0	97.0	47.0	55.0	46.0	99.0	6.0	61.0	30.0	40.0	71.0	100.0	32.0	68.0	18.0	40.0	73.0	64.0	77.0	42.0	21.0	93.0	66.0	53.0	74.0	68.0	26.0	94.0	10.0	92.0	60.0	62.0	68.0	83.0	68.0	96.0	7.0	23.0	74.0	46.0	20.0	97.0	20.0	98.0	74.0	53.0	34.0	21.0	77.0	81.0	35.0	24.0	67.0	31.0	93.0	39.0	13.0	72.0	44.0	4.0	69.0	68.0	61.0	47.0	34.0	11.0	49.0	36.0	64.0	15.0	56.0	39.0	55.0	43.0	27.0
65.0	87.0	12.0	48.0	42.0	52.0	30.0	85.0	91.0	59.0	95.0	74.0	35.0	75.0	48.0	83.0	89.0	50.0	27.0	21.0	66.0	10.0	96.0	33.0	26.0	57.0	45.0	93.0	100.0	45.0	67.0	52.0	38.0	4.0	66.0	15.0	43.0	65.0	55.0	60.0	34.0	33.0	83.0	1.0	61.0	54.0	9.0	54.0	74.0	91.0	6.0	79.0	48.0	28.0	17.0	99.0	15.0	48.0	38.0	39.0	3.0	93.0	85.0	48.0	70.0	41.0	85.0	59.0	5.0	25.0	94.0	73.0	35.0	8.0	14.0	8.0	40.0
72.0	25.0	71.0	13.0	31.0	35.0	85.0	24.0	12.0	72.0	91.0	6.0	82.0	83.0	39.0	56.0	82.0	36.0	10.0	1.0	11.0	61.0	45.0	18.0	97.0	78.0	68.0	80.0	62.0	85.0	71.0	20.0	37.0	71.0	62.0	37.0	83.0	35.0	5.0	82.0	44.0	52.0	83.0	94.0	77.0	44.0	35.0	92.0	61.0	21.0	9.0	93.0	29.0	75.0	69.0	88.0	48.0	89.0	17.0	6.0	45.0	5.0	9.0	49.0	37.0	21.0	6.0	85.0	56.0	78.0	52.0	67.0	9.0	32.0	62.0	72.0
42.0	74.0	8.0	89.0	25.0	58.0	50.0	35.0	34.0	34.0	90.0	52.0	74.0	41.0	49.0	91.0	48.0	1.0	13.0	38.0	36.0	61.0	81.0	86.0	96.0	36.0	95.0	69.0	29.0	100.0	35.0	54.0	16.0	32.0	97.0	62.0	42.0	55.0	22.0	14.0	79.0	57.0	100.0	53.0	68.0	97.0	3.0	48.0	71.0	77.0	83.0	67.0	94.0	58.0	84.0	25.0	36.0	13.0	1.0	10.0	22.0	80.0	44.0	31.0	8.0	64.0	34.0	100.0	11.0	3.0	11.0	24.0	60.0	6.0	45.0
57.0	51.0	65.0	76.0	35.0	60.0	41.0	48.0	8.0	71.0	17.0	10.0	21.0	65.0	1.0	85.0	11.0	18.0	30.0	36.0	39.0	57.0	11.0	99.0	41.0	7.0	28.0	35.0	69.0	42.0	34.0	21.0	26.0	10.0	65.0	81.0	87.0	61.0	57.0	68.0	11.0	75.0	43.0	52.0	45.0	95.0	68.0	9.0	27.0	4.0	57.0	65.0	37.0	78.0	9.0	43.0	30.0	15.0	85.0	69.0	44.0	11.0	32.0	87.0	85.0	46.0	33.0	45.0	75.0	8.0	84.0	10.0	1.0	87.0
44.0	88.0	26.0	21.0	64.0	58.0	68.0	57.0	64.0	43.0	55.0	23.0	45.0	37.0	39.0	24.0	94.0	63.0	15.0	46.0	46.0	33.0	45.0	73.0	39.0	91.0	25.0	96.0	58.0	28.0	88.0	18.0	27.0	63.0	9.0	64.0	92.0	55.0	78.0	100.0	87.0	3.0	5.0	66.0	23.0	78.0	40.0	28.0	91.0	49.0	13.0	81.0	24.0	34.0	55.0	49.0	73.0	8.0	52.0	44.0	58.0	41.0	42.0	90.0	90.0	64.0	40.0	23.0	66.0	56.0	35.0	15.0	70.0
25.0	38.0	16.0	29.0	46.0	42.0	16.0	63.0	86.0	12.0	45.0	40.0	2.0	62.0	40.0	36.0	90.0	73.0	47.0	79.0	80.0	6.0	98.0	25.0	15.0	35.0	56.0	59.0	54.0	8.0	30.0	97.0	47.0	85.0	2.0	95.0	52.0	81.0	50.0	12.0	64.0	76.0	22.0	66.0	19.0	49.0	83.0	62.0	54.0	38.0	35.0	39.0	31.0	28.0	34.0	90.0	43.0	25.0	30.0	95.0	83.0	48.0	100.0	37.0	14.0	77.0	16.0	34.0	67.0	95.0	10.0	48.0
21.0	72.0	15.0	74.0	13.0	20.0	89.0	56.0	82.0	88.0	51.0	11.0	26.0	23.0	18.0	95.0	39.0	52.0	80.0	45.0	3.0	53.0	22.0	95.0	63.0	25.0	35.0	1.0	100.0	65.0	96.0	60.0	47.0	76.0	19.0	6.0	27.0	52.0	84.0	57.0	32.0	73.0	28.0	93.0	33.0	76.0	33.0	55.0	66.0	49.0	59.0	64.0	50.0	14.0	41.0	50.0	11.0	92.0	14.0	1.0	81.0	62.0	91.0	88.0	9.0	10.0	73.0	94.0	61.0	26.0	68.0
98.0	56.0	82.0	31.0	81.0	48.0	46.0	7.0	89.0	11.0	72.0	8.0	56.0	89.0	3.0	55.0	78.0	80.0	74.0	22.0	57.0	98.0	41.0	83.0	78.0	15.0	58.0	24.0	90.0	72.0	67.0	16.0	45.0	57.0	14.0	48.0	79.0	7.0	3.0	11.0	65.0	95.0	79.0	78.0	32.0	29.0	51.0	14.0	64.0	48.0	84.0	89.0	79.0	11.0	68.0	53.0	73.0	56.0	50.0	51.0	89.0	96.0	11.0	77.0	17.0	69.0	89.0	72.0	90.0	100.0
95.0	45.0	83.0	7.0	16.0	18.0	97.0	12.0	82.0	25.0	17.0	68.0	67.0	6.0	97.0	3.0	33.0	35.0	36.0	54.0	3.0	65.0	51.0	85.0	43.0	76.0	78.0	61.0	2.0	59.0	92.0	98.0	33.0	89.0	27.0	35.0	72.0	25.0	7.0	81.0	37.0	37.0	4.0	48.0	25.0	57.0	53.0	86.0	42.0	51.0	85.0	32.0	47.0	61.0	75.0	4.0	85.0	8.0	1.0	12.0	12.0	21.0	90.0	46.0	88.0	49.0	36.0	7.0	97.0
81.0	72.0	11.0	19.0	90.0	95.0	6.0	23.0	95.0	27.0	58.0	29.0	95.0	5.0	90.0	24.0	48.0	34.0	64.0	44.0	86.0	49.0	46.0	51.0	82.0	97.0	87.0	60.0	18.0	22.0	15.0	9.0	59.0	31.0	62.0	51.0	58.0	50.0	55.0	92.0	89.0	23.0	12.0	28.0	92.0	84.0	6.0	95.0	34.0	79.0	29.0	2.0	10.0	3.0	18.0	57.0	43.0	44.0	68.0	1.0	82.0	9.0	90.0	8.0	26.0	24.0	35.0	91.0
42.0	22.0	93.0	9.0	71.0	25.0	28.0	62.0	82.0	79.0	56.0	74.0	90.0	20.0	84.0	13.0	36.0	86.0	15.0	84.0	58.0	62.0	45.0	29.0	89.0	23.0	8.0	83.0	82.0	59.0	49.0	94.0	93.0	100.0	17.0	12.0	48.0	4.0	85.0	89.0	94.0	97.0	23.0	89.0	58.0	63.0	5.0	31.0	98.0	6.0	35.0	5.0	59.0	22.0	41.0	57.0	4.0	20.0	91.0	38.0	55.0	23.0	85.0	39.0	16.0	18.0	93.0
40.0	81.0	14.0	91.0	15.0	84.0	8.0	16.0	14.0	6.0	8.0	1.0	2.0	44.0	29.0	82.0	1.0	25.0	97.0	29.0	64.0	94.0	39.0	56.0	32.0	35.0	14.0	49.0	90.0	43.0	79.0	93.0	11.0	7.0	8.0	75.0	26.0	72.0	60.0	72.0	39.0	54.0	79.0	57.0	83.0	37.0	40.0	3.0	82.0	34.0	33.0	9.0	31.0	31.0	100.0	73.0	74.0	94.0	32.0	87.0	78.0	78.0	74.0	21.0	63.0	25.0
50.0	10.0	66.0	100.0	85.0	51.0	96.0	21.0	54.0	7.0	95.0	15.0	76.0	81.0	65.0	54.0	81.0	31.0	48.0	95.0	77.0	60.0	56.0	55.0	76.0	8.0	6.0	8.0	57.0	80.0	95.0	3.0	89.0	34.0	72.0	77.0	36.0	46.0	16.0	60.0	87.0	29.0	93.0	38.0	16.0	17.0	95.0	84.0	36.0	10.0	11.0	39.0	68.0	37.0	92.0	14.0	7.0	32.0	40.0	44.0	98.0	82.0	6.0	52.0	61.0
4.0	42.0	42.0	27.0	16.0	72.0	81.0	97.0	56.0	87.0	55.0	51.0	18.0	66.0	56.0	50.0	81.0	20.0	24.0	34.0	100.0	57.0	71.0	62.0	70.0	18.0	77.0	36.0	61.0	97.0	32.0	51.0	82.0	17.0	46.0	13.0	20.0	82.0	19.0	55.0	7.0	48.0	36.0	85.0	52.0	58.0	89.0	48.0	2.0	59.0	7.0	84.0	1.0	88.0	83.0	70.0	86.0	94.0	81.0	51.0	22.0	87.0	95.0	16.0
58.0	93.0	87.0	76.0	29.0	14.0	35.0	40.0	37.0	21.0	68.0	37.0	5.0	44.0	36.0	80.0	12.0	94.0	67.0	35.0	92.0	92.0	52.0	58.0	41.0	42.0	80.0	75.0	61.0	45.0	96.0	39.0	53.0	86.0	21.0	17.0	80.0	83.0	64.0	56.0	74.0	75.0	56.0	98.0	66.0	33.0	98.0	32.0	33.0	68.0	4.0	96.0	74.0	38.0	99.0	21.0	27.0	37.0	50.0	58.0	36.0	4.0	58.0
55.0	31.0	24.0	2.0	9.0	67.0	65.0	32.0	10.0	57.0	81.0	55.0	23.0	56.0	17.0	76.0	49.0	29.0	23.0	70.0	50.0	1.0	93.0	85.0	90.0	59.0	63.0	30.0	85.0	24.0	66.0	66.0	61.0	90.0	11.0	6.0	84.0	8.0	77.0	44.0	32.0	59.0	51.0	46.0	68.0	85.0	99.0	5.0	83.0	66.0	34.0	96.0	96.0	16.0	77.0	62.0	1.0	79.0	35.0	8.0	97.0	89.0
65.0	60.0	64.0	14.0	66.0	13.0	38.0	45.0	74.0	64.0	67.0	16.0	61.0	52.0	15.0	11.0	83.0	60.0	33.0	52.0	70.0	34.0	87.0	51.0	7.0	97.0	17.0	51.0	65.0	44.0	81.0	18.0	97.0	12.0	7.0	1.0	73.0	33.0	62.0	99.0	11.0	26.0	68.0	40.0	21.0	75.0	11.0	10.0	15.0	7.0	41.0	68.0	9.0	3.0	76.0	9.0	10.0	86.0	40.0	80.0	92.0
75.0	46.0	19.0	44.0	51.0	85.0	34.0	25.0	41.0	59.0	52.0	75.0	4.0	57.0	25.0	85.0	28.0	12.0	72.0	89.0	79.0	84.0	14.0	99.0	82.0	8.0	1.0	42.0	92.0	94.0	38.0	61.0	78.0	50.0	22.0	20.0	9.0	57.0	83.0	88.0	36.0	11.0	27.0	3.0	26.0	46.0	69.0	50.0	91.0	31.0	4.0	31.0	50.0	42.0	85.0	25.0	28.0	22.0	51.0	7.0
45.0	73.0	99.0	97.0	90.0	73.0	67.0	2.0	48.0	9.0	77.0	70.0	31.0	42.0	5.0	36.0	97.0	67.0	87.0	53.0	100.0	59.0	100.0	100.0	99.0	68.0	81.0	5.0	96.0	97.0	89.0	4.0	92.0	22.0	43.0	94.0	80.0	11.0	85.0	71.0	35.0	23.0	26.0	100.0	21.0	4.0	36.0	81.0	41.0	86.0	99.0	94.0	19.0	27.0	88.0	28.0	17.0	66.0	9.0
23.0	54.0	67.0	25.0	6.0	33.0	55.0	40.0	63.0	8.0	5.0	7.0	32.0	20.0	55.0	9.0	8.0	98.0	28.0	50.0	49.0	20.0	11.0	64.0	41.0	73.0	35.0	40.0	31.0	42.0	5.0	57.0	63.0	38.0	86.0	97.0	96.0	76.0	79.0	26.0	75.0	16.0	26.0	3.0	99.0	90.0	37.0	79.0	13.0	42.0	42.0	88.0	74.0	15.0	89.0	69.0	16.0	96.0
28.0	93.0	41.0	50.0	29.0	35.0	37.0	91.0	30.0	19.0	72.0	16.0	9.0	10.0	52.0	48.0	74.0	11.0	9.0	58.0	20.0	83.0	94.0	40.0	48.0	8.0	74.0	93.0	84.0	15.0	68.0	26.0	30.0	27.0	1.0	76.0	57.0	12.0	48.0	64.0	55.0	38.0	71.0	78.0	46.0	21.0	11.0	71.0	47.0	39.0	40.0	30.0	76.0	24.0	53.0	53.0	64.0
19.0	26.0	14.0	72.0	33.0	41.0	92.0	31.0	80.0	30.0	49.0	98.0	69.0	84.0	45.0	26.0	38.0	99.0	89.0	88.0	85.0	67.0	97.0	45.0	34.0	72.0	85.0	36.0	18.0	82.0	48.0	55.0	97.0	52.0	56.0	82.0	8.0	18.0	16.0	50.0	24.0	12.0	41.0	56.0	6.0	35.0	56.0	69.0	66.0	61.0	55.0	19.0	13.0	6.0	75.0	87.0
63.0	49.0	7.0	68.0	60.0	32.0	33.0	74.0	44.0	78.0	96.0	80.0	59.0	6.0	36.0	5.0	75.0	99.0	39.0	1.0	36.0	20.0	54.0	31.0	68.0	21.0	42.0	2.0	58.0	18.0	46.0	40.0	96.0	33.0	27.0	11.0	50.0	55.0	18.0	40.0	93.0	4.0	26.0	76.0	71.0	91.0	17.0	76.0	85.0	89.0	28.0	71.0	34.0	55.0	54.0
4.0	30.0	85.0	28.0	63.0	69.0	100.0	32.0	47.0	68.0	68.0	35.0	59.0	6.0	49.0	42.0	13.0	29.0	76.0	62.0	60.0	8.0	97.0	21.0	33.0	72.0	94.0	69.0	83.0	52.0	79.0	30.0	38.0	88.0	65.0	80.0	93.0	93.0	8.0	51.0	81.0	11.0	2.0	62.0	52.0	86.0	8.0	77.0	99.0	69.0	42.0	41.0	67.0	6.0
38.0	53.0	5.0	74.0	55.0	37.0	57.0	11.0	98.0	95.0	31.0	23.0	45.0	26.0	31.0	8.0	28.0	42.0	22.0	90.0	88.0	72.0	45.0	89.0	34.0	65.0	14.0	17.0	22.0	98.0	84.0	22.0	82.0	2.0	80.0	25.0	92.0	19.0	25.0	54.0	4.0	42.0	60.0	31.0	52.0	98.0	68.0	41.0	44.0	28.0	51.0	20.0	77.0
11.0	59.0	91.0	9.0	75.0	45.0	53.0	31.0	87.0	55.0	35.0	18.0	76.0	98.0	83.0	79.0	22.0	9.0	67.0	8.0	40.0	81.0	98.0	58.0	75.0	99.0	39.0	53.0	17.0	78.0	38.0	30.0	59.0	93.0	12.0	78.0	34.0	40.0	83.0	10.0	74.0	66.0	97.0	59.0	13.0	35.0	71.0	11.0	67.0	93.0	34.0	95.0
31.0	28.0	14.0	67.0	6.0	76.0	51.0	68.0	32.0	45.0	50.0	14.0	14.0	52.0	7.0	30.0	66.0	7.0	78.0	83.0	72.0	86.0	69.0	35.0	44.0	1.0	38.0	55.0	62.0	97.0	65.0	15.0	63.0	45.0	13.0	69.0	74.0	36.0	75.0	77.0	85.0	15.0	55.0	42.0	13.0	87.0	78.0	36.0	83.0	21.0	47.0
1.0	16.0	71.0	82.0	86.0	57.0	84.0	29.0	84.0	15.0	95.0	22.0	81.0	68.0	32.0	63.0	48.0	57.0	90.0	23.0	27.0	38.0	49.0	31.0	67.0	48.0	94.0	55.0	80.0	91.0	34.0	55.0	91.0	18.0	9.0	32.0	82.0	66.0	78.0	45.0	3.0	97.0	11.0	69.0	51.0	52.0	21.0	99.0	21.0	2.0
39.0	78.0	39.0	12.0	75.0	54.0	85.0	42.0	89.0	38.0	26.0	51.0	96.0	85.0	79.0	81.0	82.0	48.0	21.0	12.0	41.0	70.0	35.0	25.0	67.0	34.0	21.0	27.0	49.0	92.0	15.0	59.0	97.0	85.0	47.0	23.0	17.0	32.0	79.0	60.0	96.0	91.0	3.0	81.0	15.0	76.0	77.0	97.0	3.0
25.0	49.0	67.0	84.0	20.0	64.0	65.0	81.0	75.0	97.0	95.0	39.0	36.0	3.0	92.0	80.0	35.0	25.0	81.0	38.0	22.0	100.0	73.0	72.0	73.0	40.0	20.0	26.0	76.0	21.0	54.0	83.0	14.0	48.0	19.0	45.0	23.0	48.0	100.0	2.0	82.0	87.0	34.0	48.0	58.0	24.0	89.0	66.0
30.0	72.0	74.0	68.0	72.0	8.0	41.0	92.0	45.0	28.0	42.0	63.0	33.0	64.0	44.0	68.0	44.0	76.0	3.0	76.0	69.0	79.0	68.0	51.0	45.0	11.0	49.0	90.0	9.0	75.0	63.0	86.0	21.0	6.0	65.0	55.0	30.0	57.0	79.0	88.0	82.0	41.0	9.0	77.0	34.0	91.0	92.0
69.0	61.0	16.0	95.0	80.0	6.0	78.0	30.0	58.0	80.0	12.0	9.0	4.0	44.0	85.0	83.0	81.0	83.0	3.0	80.0	49.0	66.0	95.0	26.0	6.0	39.0	86.0	52.0	7.0	52.0	13.0	7.0	51.0	79.0	12.0	22.0	47.0	9.0	84.0	69.0	10.0	45.0	19.0	35.0	29.0	10.0
92.0	26.0	78.0	59.0	27.0	23.0	86.0	60.0	45.0	35.0	83.0	75.0	71.0	21.0	3.0	39.0	43.0	24.0	14.0	37.0	18.0	86.0	88.0	71.0	93.0	62.0	90.0	61.0	81.0	64.0	94.0	34.0	76.0	5.0	52.0	48.0	5.0	96.0	27.0	2.0	89.0	26.0	78.0	23.0	10.0
52.0	3.0	5.0	27.0	32.0	44.0	31.0	69.0	67.0	45.0	31.0	30.0	13.0	1.0	82.0	4.0	72.0	89.0	65.0	3.0	40.0	27.0	6.0	28.0	31.0	6.0	70.0	34.0	13.0	51.0	30.0	56.0	82.0	59.0	66.0	92.0	44.0	24.0	3.0	84.0	67.0	75.0	18.0	39.0
53.0	66.0	92.0	86.0	59.0	71.0	40.0	63.0	58.0	13.0	96.0	99.0	55.0	44.0	16.0	91.0	19.0	50.0	72.0	99.0	59.0	35.0	56.0	77.0	47.0	95.0	31.0	79.0	84.0	26.0	14.0	53.0	98.0	72.0	91.0	12.0	92.0	5.0	5.0	53.0	16.0	64.0	100.0
56.0	35.0	99.0	55.0	73.0	42.0	75.0	8.0	13.0	58.0	24.0	66.0	97.0	86.0	2.0	15.0	30.0	98.0	83.0	30.0	100.0	72.0	85.0	16.0	89.0	81.0	18.0	21.0	57.0	87.0	88.0	6.0	5.0	77.0	6.0	5.0	56.0	1.0	23.0	7.0	52.0	56.0
68.0	91.0	18.0	2.0	57.0	88.0	89.0	69.0	43.0	96.0	18.0	69.0	69.0	84.0	56.0	2.0	60.0	72.0	33.0	88.0	73.0	30.0	35.0	99.0	49.0	30.0	78.0	55.0	35.0	74.0	55.0	61.0	79.0	98.0	14.0	57.0	48.0	98.0	16.0	100.0	25.0
58.0	96.0	66.0	33.0	90.0	14.0	11.0	29.0	67.0	87.0	23.0	47.0	85.0	8.0	3.0	97.0	9.0	64.0	83.0	30.0	16.0	13.0	45.0	58.0	26.0	7.0	29.0	24.0	9.0	4.0	88.0	62.0	20.0	29.0	3.0	20.0	52.0	77.0	91.0	9.0
85.0	17.0	67.0	41.0	91.0	76.0	64.0	27.0	25.0	11.0	99.0	75.0	94.0	63.0	87.0	55.0	46.0	72.0	20.0	30.0	15.0	54.0	86.0	32.0	24.0	68.0	21.0	9.0	19.0	3.0	2.0	4.0	34.0	40.0	28.0	54.0	82.0	81.0	89.0
67.0	73.0	21.0	39.0	82.0	3.0	13.0	58.0	54.0	78.0	75.0	21.0	59.0	35.0	14.0	1.0	47.0	84.0	5.0	74.0	32.0	89.0	35.0	22.0	36.0	40.0	23.0	50.0	77.0	14.0	31.0	59.0	33.0	93.0	94.0	53.0	91.0	17.0
20.0	54.0	7.0	91.0	90.0	35.0	11.0	29.0	24.0	86.0	99.0	98.0	24.0	77.0	14.0	54.0	33.0	46.0	99.0	45.0	85.0	10.0	16.0	64.0	42.0	20.0	82.0	78.0	3.0	32.0	74.0	76.0	9.0	30.0	60.0	40.0	83.0
53.0	90.0	56.0	46.0	99.0	89.0	82.0	87.0	80.0	37.0	84.0	100.0	90.0	36.0	30.0	44.0	46.0	37.0	67.0	75.0	24.0	87.0	76.0	46.0	21.0	44.0	79.0	43.0	57.0	18.0	21.0	23.0	4.0	36.0	73.0	50.0
59.0	8.0	19.0	80.0	80.0	76.0	59.0	57.0	77.0	24.0	84.0	6.0	71.0	72.0	94.0	94.0	67.0	69.0	86.0	21.0	10.0	78.0	43.0	90.0	43.0	30.0	31.0	58.0	76.0	5.0	70.0	87.0	45.0	66.0	6.0
18.0	66.0	91.0	32.0	29.0	44.0	96.0	47.0	69.0	17.0	61.0	1.0	82.0	13.0	95.0	9.0	13.0	77.0	30.0	75.0	28.0	39.0	79.0	91.0	66.0	7.0	66.0	26.0	14.0	54.0	50.0	88.0	96.0	35.0
53.0	88.0	72.0	51.0	63.0	75.0	16.0	77.0	78.0	65.0	11.0	93.0	14.0	68.0	29.0	19.0	29.0	82.0	49.0	99.0	19.0	71.0	84.0	13.0	41.0	57.0	81.0	79.0	5.0	68.0	82.0	68.0	16.0
99.0	88.0	69.0	70.0	2.0	58.0	94.0	71.0	44.0	94.0	95.0	68.0	49.0	79.0	30.0	99.0	36.0	33.0	11.0	31.0	32.0	2.0	66.0	26.0	94.0	97.0	7.0	94.0	63.0	47.0	47.0	62.0
42.0	52.0	21.0	100.0	76.0	83.0	45.0	26.0	19.0	8.0	49.0	1.0	28.0	88.0	39.0	44.0	15.0	16.0	62.0	7.0	48.0	96.0	96.0	80.0	38.0	11.0	20.0	22.0	41.0	73.0	56.0
20.0	51.0	63.0	91.0	45.0	36.0	94.0	9.0	51.0	44.0	89.0	10.0	72.0	75.0	20.0	27.0	56.0	95.0	26.0	11.0	44.0	24.0	5.0	26.0	40.0	88.0	57.0	96.0	46.0	13.0
15.0	64.0	83.0	44.0	72.0	74.0	11.0	85.0	22.0	10.0	47.0	3.0	82.0	63.0	98.0	53.0	36.0	62.0	87.0	19.0	10.0	35.0	10.0	15.0	94.0	4.0	53.0	32.0	34.0
54.0	53.0	45.0	83.0	78.0	19.0	72.0	85.0	30.0	10.0	59.0	53.0	5.0	27.0	22.0	8.0	85.0	37.0	6.0	10.0	14.0	91.0	52.0	53.0	34.0	48.0	16.0	35.0
80.0	52.0	91.0	11.0	24.0	57.0	17.0	52.0	90.0	30.0	47.0	13.0	52.0	25.0	99.0	52.0	65.0	16.0	65.0	34.0	38.0	30.0	6.0	79.0	25.0	9.0	50.0
51.0	35.0	74.0	76.0	8.0	12.0	43.0	59.0	49.0	70.0	77.0	94.0	97.0	18.0	23.0	41.0	56.0	63.0	5.0	8.0	62.0	72.0	2.0	40.0	75.0	85.0
95.0	55.0	12.0	86.0	74.0	30.0	23.0	61.0	32.0	7.0	71.0	64.0	9.0	60.0	7.0	45.0	7.0	56.0	22.0	82.0	60.0	94.0	83.0	31.0	65.0
23.0	19.0	93.0	64.0	12.0	65.0	93.0	52.0	75.0	84.0	46.0	90.0	1.0	71.0	39.0	69.0	35.0	41.0	2.0	83.0	34.0	28.0	47.0	100.0
24.0	11.0	27.0	70.0	99.0	100.0	54.0	23.0	54.0	15.0	45.0	61.0	50.0	47.0	64.0	68.0	8.0	40.0	18.0	20.0	44.0	51.0	68.0
73.0	4.0	75.0	52.0	41.0	10.0	26.0	73.0	51.0	33.0	45.0	84.0	71.0	39.0	23.0	45.0	3.0	54.0	81.0	20.0	69.0	46.0
55.0	46.0	32.0	68.0	75.0	61.0	92.0	85.0	93.0	14.0	84.0	47.0	96.0	67.0	11.0	52.0	9.0	32.0	29.0	61.0	18.0
17.0	41.0	21.0	43.0	60.0	1.0	47.0	37.0	94.0	9.0	14.0	69.0	51.0	84.0	30.0	61.0	7.0	41.0	85.0	35.0
2.0	52.0	87.0	9.0	64.0	33.0	42.0	68.0	52.0	75.0	34.0	17.0	4.0	72.0	6.0	11.0	57.0	7.0	2.0
55.0	86.0	63.0	97.0	37.0	88.0	60.0	22.0	77.0	38.0	57.0	52.0	41.0	100.0	85.0	43.0	28.0	45.0
77.0	83.0	58.0	49.0	4.0	84.0	38.0	71.0	47.0	25.0	36.0	50.0	80.0	71.0	25.0	2.0	99.0
24.0	72.0	7.0	60.0	37.0	86.0	24.0	88.0	61.0	42.0	96.0	49.0	65.0	58.0	17.0	81.0
82.0	22.0	92.0	13.0	33.0	10.0	11.0	44.0	99.0	90.0	85.0	17.0	11.0	80.0	71.0
43.0	11.0	48.0	91.0	46.0	7.0	91.0	98.0	15.0	7.0	14.0	34.0	78.0	78.0
61.0	100.0	93.0	21.0	50.0	15.0	99.0	42.0	44.0	33.0	28.0	39.0	60.0
65.0	55.0	59.0	20.0	32.0	33.0	62.0	12.0	14.0	63.0	79.0	88.0
83.0	16.0	89.0	14.0	82.0	81.0	64.0	24.0	35.0	91.0	11.0
43.0	53.0	72.0	32.0	43.0	48.0	46.0	39.0	53.0	32.0
50.0	86.0	100.0	76.0	96.0	1.0	72.0	15.0	32.0
29.0	24.0	9.0	3.0	7.0	13.0	66.0	48.0
10.0	79.0	27.0	94.0	72.0	15.0	58.0
43.0	16.0	2.0	6.0	30.0	22.0
11.0	83.0	64.0	72.0	53.0
45.0	76.0	81.0	5.0
57.0	35.0	12.0
72.0	44.0
29.0

3.0	40.0	12.0	48.0	2.0	12.0	25.0	22.0	29.0	17.0	2.0	15.0	7.0	42.0	7.0	28.0	41.0	3.0	2.0	18.0	34.0	14.0	47.0	33.0	1.0	12.0	20.0	37.0	15.0	38.0	31.0	39.0	38.0	14.0	16.0	39.0	22.0	34.0	45.0	38.0	41.0	33.0	26.0	29.0	40.0	32.0	29.0	14.0	2.0	45.0	32.0	28.0	9.0	26.0	25.0	32.0	34.0	37.0	20.0	30.0	49.0	43.0	38.0	26.0	30.0	2.0	17.0	3.0	39.0	36.0	15.0	47.0	4.0	47.0	10.0	36.0	45.0	3.0	49.0	22.0	33.0	18.0	21.0	30.0	25.0	44.0	18.0	13.0	29.0	22.0	6.0	14.0	45.0	15.0	22.0	3.0	3.0	13.0	23.0	46.0

401.6	401.6	401.6	401.6	401.6
