qmkp_100_50_10_002
100
10

41.0	97.0	0.0	15.0	32.0	45.0	0.0	0.0	0.0	94.0	0.0	58.0	38.0	3.0	0.0	0.0	49.0	0.0	0.0	0.0	41.0	0.0	17.0	100.0	0.0	0.0	0.0	0.0	54.0	0.0	0.0	0.0	0.0	94.0	0.0	80.0	0.0	50.0	0.0	52.0	0.0	49.0	35.0	0.0	95.0	97.0	73.0	20.0	40.0	0.0	0.0	0.0	36.0	0.0	23.0	0.0	0.0	32.0	0.0	100.0	0.0	16.0	40.0	0.0	0.0	75.0	85.0	2.0	11.0	60.0	0.0	49.0	32.0	3.0	0.0	16.0	0.0	83.0	0.0	40.0	1.0	22.0	51.0	0.0	0.0	0.0	88.0	0.0	63.0	0.0	28.0	1.0	0.0	0.0	0.0	0.0	0.0	0.0	6.0	42.0
83.0	0.0	0.0	48.0	0.0	0.0	0.0	61.0	66.0	63.0	0.0	82.0	0.0	0.0	0.0	16.0	0.0	93.0	11.0	0.0	69.0	0.0	0.0	64.0	93.0	88.0	13.0	37.0	85.0	21.0	17.0	0.0	65.0	0.0	0.0	64.0	5.0	22.0	0.0	40.0	0.0	0.0	0.0	0.0	14.0	0.0	33.0	21.0	33.0	0.0	77.0	0.0	0.0	23.0	68.0	99.0	27.0	99.0	47.0	51.0	55.0	0.0	43.0	58.0	57.0	69.0	0.0	36.0	0.0	0.0	0.0	0.0	38.0	58.0	0.0	36.0	0.0	0.0	92.0	6.0	0.0	71.0	21.0	0.0	0.0	0.0	5.0	0.0	0.0	6.0	42.0	0.0	0.0	18.0	0.0	0.0	26.0	73.0	0.0
67.0	0.0	69.0	66.0	0.0	29.0	88.0	0.0	54.0	0.0	0.0	0.0	39.0	23.0	66.0	0.0	94.0	50.0	0.0	2.0	60.0	0.0	55.0	42.0	0.0	0.0	51.0	0.0	0.0	0.0	99.0	0.0	10.0	0.0	0.0	64.0	18.0	90.0	45.0	0.0	0.0	67.0	0.0	80.0	41.0	95.0	38.0	31.0	0.0	0.0	78.0	0.0	0.0	0.0	92.0	0.0	0.0	0.0	0.0	25.0	0.0	1.0	0.0	3.0	0.0	0.0	0.0	2.0	0.0	81.0	0.0	19.0	0.0	15.0	38.0	72.0	0.0	19.0	0.0	0.0	0.0	41.0	0.0	0.0	65.0	93.0	34.0	0.0	22.0	0.0	27.0	0.0	0.0	0.0	37.0	0.0	73.0	0.0
27.0	89.0	18.0	0.0	66.0	4.0	0.0	0.0	78.0	88.0	0.0	89.0	0.0	36.0	0.0	0.0	52.0	0.0	0.0	44.0	14.0	0.0	91.0	0.0	0.0	83.0	0.0	97.0	87.0	74.0	77.0	21.0	99.0	0.0	0.0	0.0	94.0	4.0	0.0	0.0	0.0	0.0	0.0	53.0	0.0	0.0	0.0	0.0	0.0	3.0	0.0	0.0	70.0	0.0	0.0	24.0	100.0	0.0	77.0	94.0	59.0	93.0	0.0	0.0	0.0	39.0	0.0	2.0	0.0	0.0	2.0	39.0	0.0	43.0	71.0	42.0	77.0	35.0	33.0	2.0	5.0	34.0	0.0	30.0	96.0	0.0	0.0	0.0	1.0	0.0	30.0	78.0	60.0	0.0	68.0	56.0	36.0
73.0	0.0	48.0	78.0	0.0	46.0	0.0	82.0	18.0	0.0	73.0	0.0	89.0	0.0	0.0	37.0	42.0	42.0	29.0	1.0	0.0	0.0	0.0	0.0	75.0	0.0	23.0	89.0	0.0	72.0	0.0	0.0	69.0	0.0	0.0	60.0	18.0	0.0	20.0	32.0	99.0	0.0	2.0	32.0	0.0	95.0	6.0	56.0	53.0	0.0	0.0	0.0	16.0	0.0	0.0	0.0	2.0	0.0	0.0	0.0	53.0	48.0	34.0	48.0	17.0	0.0	0.0	0.0	0.0	31.0	16.0	0.0	0.0	31.0	52.0	0.0	0.0	0.0	31.0	28.0	0.0	0.0	76.0	74.0	33.0	0.0	0.0	0.0	78.0	0.0	94.0	0.0	94.0	0.0	0.0	0.0
75.0	0.0	97.0	0.0	0.0	54.0	62.0	0.0	44.0	0.0	99.0	72.0	4.0	76.0	0.0	0.0	0.0	83.0	0.0	27.0	30.0	31.0	60.0	78.0	0.0	70.0	0.0	86.0	0.0	0.0	0.0	92.0	0.0	0.0	0.0	49.0	24.0	0.0	97.0	0.0	3.0	0.0	6.0	0.0	3.0	94.0	49.0	74.0	99.0	0.0	0.0	0.0	68.0	0.0	0.0	0.0	0.0	0.0	53.0	22.0	0.0	0.0	0.0	50.0	90.0	29.0	41.0	58.0	74.0	24.0	62.0	75.0	0.0	77.0	22.0	0.0	50.0	1.0	0.0	97.0	91.0	0.0	94.0	88.0	33.0	67.0	64.0	0.0	71.0	0.0	0.0	0.0	0.0	0.0	0.0
0.0	8.0	0.0	0.0	53.0	0.0	0.0	85.0	67.0	7.0	0.0	0.0	87.0	0.0	93.0	60.0	0.0	9.0	85.0	0.0	58.0	88.0	0.0	15.0	0.0	13.0	58.0	0.0	3.0	53.0	80.0	40.0	0.0	15.0	0.0	35.0	0.0	18.0	53.0	0.0	0.0	0.0	0.0	0.0	43.0	0.0	0.0	0.0	13.0	50.0	0.0	87.0	96.0	31.0	73.0	90.0	0.0	20.0	6.0	38.0	17.0	85.0	58.0	0.0	60.0	70.0	0.0	0.0	49.0	0.0	52.0	0.0	71.0	61.0	97.0	100.0	78.0	88.0	15.0	99.0	49.0	50.0	10.0	0.0	21.0	7.0	3.0	0.0	38.0	0.0	65.0	0.0	0.0	38.0
29.0	30.0	73.0	0.0	97.0	18.0	0.0	0.0	61.0	56.0	0.0	0.0	13.0	77.0	83.0	87.0	76.0	56.0	78.0	91.0	2.0	67.0	9.0	0.0	16.0	0.0	0.0	7.0	52.0	0.0	0.0	24.0	0.0	97.0	16.0	69.0	0.0	12.0	51.0	97.0	87.0	25.0	0.0	34.0	0.0	0.0	29.0	0.0	0.0	0.0	0.0	71.0	46.0	0.0	78.0	31.0	97.0	0.0	0.0	0.0	33.0	0.0	70.0	0.0	0.0	39.0	29.0	96.0	0.0	0.0	0.0	94.0	58.0	0.0	0.0	31.0	0.0	34.0	6.0	9.0	0.0	80.0	0.0	63.0	0.0	7.0	0.0	56.0	0.0	0.0	0.0	0.0	0.0
79.0	0.0	71.0	0.0	55.0	78.0	0.0	12.0	0.0	5.0	0.0	0.0	0.0	0.0	0.0	0.0	59.0	0.0	0.0	82.0	81.0	0.0	0.0	88.0	67.0	0.0	22.0	0.0	0.0	77.0	23.0	67.0	0.0	8.0	2.0	95.0	0.0	0.0	12.0	42.0	85.0	61.0	0.0	0.0	54.0	0.0	0.0	55.0	0.0	0.0	40.0	0.0	0.0	35.0	11.0	52.0	37.0	42.0	0.0	15.0	92.0	0.0	13.0	0.0	0.0	94.0	29.0	65.0	36.0	51.0	74.0	14.0	0.0	0.0	0.0	10.0	0.0	0.0	0.0	0.0	0.0	57.0	0.0	1.0	60.0	0.0	0.0	0.0	78.0	55.0	0.0	0.0
88.0	0.0	0.0	0.0	5.0	49.0	0.0	72.0	0.0	0.0	91.0	73.0	66.0	0.0	56.0	0.0	0.0	27.0	21.0	0.0	43.0	0.0	0.0	0.0	24.0	65.0	17.0	0.0	64.0	0.0	0.0	30.0	0.0	89.0	44.0	0.0	69.0	0.0	0.0	60.0	0.0	87.0	0.0	0.0	6.0	81.0	0.0	0.0	0.0	93.0	45.0	0.0	53.0	0.0	0.0	0.0	0.0	7.0	15.0	83.0	0.0	66.0	0.0	69.0	0.0	0.0	0.0	50.0	37.0	1.0	27.0	0.0	82.0	0.0	0.0	0.0	0.0	0.0	0.0	0.0	0.0	0.0	96.0	87.0	78.0	10.0	0.0	0.0	73.0	0.0	0.0
0.0	0.0	0.0	96.0	47.0	28.0	0.0	0.0	0.0	0.0	10.0	14.0	0.0	13.0	0.0	0.0	15.0	41.0	98.0	4.0	83.0	0.0	0.0	0.0	65.0	38.0	53.0	22.0	82.0	2.0	0.0	15.0	0.0	77.0	0.0	0.0	52.0	0.0	0.0	69.0	0.0	0.0	0.0	0.0	9.0	48.0	0.0	62.0	13.0	0.0	11.0	32.0	47.0	46.0	70.0	0.0	96.0	0.0	40.0	58.0	44.0	44.0	46.0	0.0	26.0	0.0	98.0	93.0	44.0	0.0	0.0	0.0	0.0	0.0	0.0	79.0	84.0	87.0	68.0	0.0	37.0	1.0	18.0	66.0	100.0	81.0	0.0	0.0	0.0	84.0
0.0	19.0	0.0	0.0	10.0	35.0	0.0	42.0	0.0	47.0	0.0	0.0	96.0	0.0	0.0	0.0	60.0	0.0	75.0	0.0	90.0	55.0	0.0	0.0	12.0	0.0	0.0	65.0	43.0	0.0	0.0	80.0	28.0	77.0	0.0	0.0	51.0	36.0	56.0	93.0	0.0	76.0	42.0	21.0	0.0	0.0	49.0	0.0	74.0	37.0	0.0	0.0	95.0	64.0	8.0	55.0	31.0	0.0	74.0	60.0	68.0	0.0	0.0	0.0	1.0	95.0	0.0	0.0	0.0	0.0	80.0	84.0	0.0	73.0	0.0	30.0	0.0	0.0	42.0	4.0	0.0	61.0	0.0	0.0	23.0	27.0	89.0	87.0	0.0
12.0	79.0	0.0	13.0	0.0	84.0	91.0	76.0	39.0	70.0	70.0	27.0	0.0	0.0	43.0	0.0	4.0	11.0	0.0	93.0	0.0	0.0	94.0	55.0	0.0	0.0	0.0	88.0	73.0	51.0	17.0	0.0	0.0	84.0	0.0	0.0	0.0	85.0	51.0	0.0	0.0	0.0	0.0	10.0	8.0	0.0	96.0	0.0	19.0	0.0	0.0	40.0	98.0	97.0	0.0	42.0	13.0	0.0	0.0	12.0	0.0	38.0	16.0	58.0	0.0	0.0	98.0	66.0	43.0	0.0	82.0	0.0	72.0	77.0	0.0	0.0	0.0	63.0	0.0	0.0	25.0	0.0	0.0	16.0	40.0	71.0	0.0	19.0
60.0	55.0	0.0	0.0	6.0	65.0	42.0	0.0	61.0	0.0	0.0	0.0	0.0	56.0	41.0	78.0	51.0	14.0	0.0	73.0	98.0	22.0	0.0	81.0	85.0	54.0	83.0	0.0	46.0	73.0	0.0	14.0	6.0	0.0	28.0	46.0	68.0	0.0	0.0	50.0	0.0	36.0	0.0	22.0	0.0	39.0	80.0	11.0	49.0	0.0	71.0	69.0	0.0	11.0	0.0	81.0	0.0	71.0	0.0	99.0	31.0	0.0	0.0	0.0	0.0	19.0	0.0	84.0	81.0	0.0	27.0	0.0	0.0	0.0	0.0	96.0	0.0	20.0	36.0	0.0	0.0	0.0	0.0	80.0	100.0	6.0	0.0
0.0	0.0	85.0	0.0	0.0	75.0	0.0	0.0	0.0	0.0	65.0	0.0	0.0	0.0	81.0	0.0	0.0	0.0	0.0	42.0	53.0	92.0	0.0	0.0	0.0	83.0	4.0	0.0	37.0	0.0	53.0	64.0	0.0	0.0	86.0	49.0	0.0	74.0	0.0	0.0	45.0	0.0	0.0	0.0	16.0	69.0	0.0	0.0	68.0	97.0	21.0	0.0	0.0	39.0	32.0	7.0	0.0	92.0	0.0	97.0	33.0	2.0	67.0	0.0	0.0	72.0	26.0	57.0	0.0	0.0	57.0	0.0	0.0	0.0	5.0	0.0	16.0	0.0	69.0	100.0	97.0	24.0	0.0	0.0	0.0	38.0
1.0	36.0	38.0	0.0	0.0	39.0	11.0	0.0	0.0	87.0	99.0	5.0	0.0	59.0	12.0	0.0	0.0	20.0	0.0	59.0	67.0	89.0	37.0	0.0	53.0	0.0	0.0	82.0	15.0	0.0	0.0	34.0	51.0	0.0	57.0	0.0	0.0	0.0	0.0	0.0	53.0	38.0	59.0	0.0	0.0	0.0	0.0	0.0	0.0	11.0	33.0	0.0	0.0	0.0	34.0	0.0	23.0	98.0	55.0	0.0	6.0	25.0	0.0	0.0	0.0	18.0	34.0	0.0	55.0	85.0	95.0	75.0	0.0	8.0	0.0	64.0	8.0	0.0	0.0	66.0	23.0	93.0	40.0	97.0	0.0
0.0	41.0	0.0	85.0	0.0	0.0	51.0	0.0	0.0	88.0	0.0	85.0	3.0	93.0	0.0	38.0	23.0	0.0	83.0	0.0	0.0	10.0	26.0	62.0	0.0	0.0	0.0	0.0	0.0	0.0	63.0	0.0	87.0	0.0	0.0	46.0	99.0	51.0	0.0	0.0	8.0	0.0	0.0	0.0	24.0	0.0	0.0	0.0	99.0	68.0	19.0	0.0	0.0	0.0	64.0	2.0	43.0	0.0	41.0	99.0	0.0	0.0	32.0	0.0	0.0	0.0	82.0	0.0	0.0	95.0	7.0	43.0	71.0	0.0	68.0	0.0	96.0	0.0	90.0	0.0	57.0	81.0	0.0	32.0
12.0	26.0	91.0	20.0	0.0	48.0	0.0	16.0	41.0	0.0	0.0	0.0	0.0	0.0	24.0	63.0	84.0	2.0	36.0	0.0	77.0	0.0	0.0	0.0	30.0	67.0	33.0	0.0	28.0	0.0	0.0	0.0	87.0	0.0	0.0	100.0	0.0	43.0	0.0	72.0	69.0	2.0	0.0	0.0	15.0	0.0	0.0	0.0	0.0	0.0	0.0	0.0	32.0	66.0	0.0	42.0	0.0	39.0	56.0	15.0	64.0	48.0	0.0	0.0	97.0	94.0	22.0	41.0	63.0	29.0	0.0	3.0	75.0	0.0	71.0	0.0	40.0	0.0	32.0	0.0	55.0	0.0	0.0
0.0	90.0	0.0	0.0	0.0	0.0	0.0	14.0	52.0	53.0	0.0	0.0	0.0	0.0	32.0	0.0	0.0	0.0	0.0	14.0	61.0	0.0	0.0	33.0	7.0	78.0	75.0	54.0	15.0	45.0	0.0	75.0	11.0	0.0	0.0	0.0	0.0	0.0	38.0	0.0	0.0	0.0	0.0	0.0	0.0	99.0	0.0	94.0	0.0	0.0	0.0	25.0	89.0	34.0	0.0	83.0	54.0	0.0	40.0	0.0	1.0	0.0	28.0	0.0	94.0	71.0	0.0	95.0	84.0	0.0	16.0	0.0	6.0	0.0	0.0	0.0	20.0	75.0	0.0	0.0	88.0	0.0
8.0	0.0	64.0	47.0	25.0	0.0	35.0	76.0	0.0	61.0	0.0	53.0	36.0	14.0	0.0	38.0	0.0	0.0	75.0	0.0	0.0	0.0	0.0	0.0	98.0	23.0	0.0	0.0	0.0	98.0	0.0	0.0	0.0	0.0	73.0	0.0	100.0	87.0	0.0	0.0	0.0	81.0	85.0	0.0	0.0	43.0	0.0	0.0	54.0	0.0	77.0	0.0	54.0	33.0	13.0	0.0	0.0	43.0	0.0	0.0	5.0	28.0	9.0	0.0	0.0	28.0	33.0	87.0	90.0	95.0	25.0	0.0	91.0	0.0	85.0	0.0	0.0	0.0	25.0	51.0	0.0
0.0	40.0	0.0	0.0	1.0	88.0	66.0	58.0	12.0	49.0	0.0	6.0	0.0	60.0	71.0	0.0	0.0	62.0	23.0	28.0	0.0	0.0	69.0	0.0	0.0	0.0	51.0	0.0	61.0	0.0	59.0	25.0	0.0	0.0	0.0	9.0	78.0	99.0	21.0	12.0	47.0	60.0	0.0	12.0	0.0	89.0	14.0	69.0	0.0	0.0	63.0	68.0	0.0	0.0	0.0	43.0	52.0	3.0	0.0	0.0	0.0	43.0	0.0	33.0	0.0	16.0	39.0	0.0	0.0	0.0	0.0	15.0	70.0	0.0	0.0	35.0	20.0	32.0	0.0	0.0
0.0	0.0	0.0	0.0	0.0	0.0	0.0	39.0	7.0	19.0	86.0	13.0	2.0	0.0	0.0	0.0	0.0	5.0	43.0	25.0	0.0	88.0	42.0	57.0	0.0	0.0	82.0	0.0	5.0	0.0	0.0	0.0	30.0	0.0	0.0	92.0	0.0	39.0	91.0	71.0	88.0	53.0	22.0	0.0	0.0	0.0	5.0	83.0	0.0	0.0	3.0	0.0	0.0	92.0	40.0	72.0	97.0	46.0	0.0	54.0	0.0	61.0	73.0	73.0	5.0	81.0	0.0	53.0	85.0	39.0	38.0	0.0	91.0	50.0	0.0	79.0	0.0	39.0	86.0
97.0	0.0	0.0	96.0	0.0	0.0	0.0	19.0	59.0	0.0	48.0	0.0	0.0	71.0	37.0	0.0	0.0	48.0	15.0	0.0	84.0	0.0	97.0	0.0	33.0	8.0	0.0	0.0	0.0	25.0	0.0	58.0	16.0	28.0	20.0	18.0	32.0	0.0	82.0	87.0	10.0	96.0	0.0	95.0	89.0	76.0	80.0	0.0	69.0	0.0	34.0	0.0	0.0	0.0	78.0	0.0	34.0	87.0	84.0	5.0	50.0	0.0	58.0	15.0	0.0	0.0	0.0	0.0	36.0	45.0	0.0	0.0	67.0	0.0	39.0	0.0	0.0	83.0
0.0	0.0	0.0	81.0	0.0	92.0	0.0	0.0	0.0	0.0	48.0	0.0	12.0	94.0	0.0	0.0	90.0	100.0	0.0	0.0	0.0	0.0	0.0	0.0	0.0	0.0	0.0	0.0	5.0	67.0	72.0	0.0	0.0	27.0	0.0	77.0	0.0	32.0	0.0	3.0	32.0	0.0	0.0	58.0	0.0	0.0	0.0	52.0	33.0	0.0	66.0	0.0	5.0	50.0	43.0	0.0	26.0	24.0	74.0	97.0	0.0	70.0	67.0	0.0	0.0	27.0	0.0	39.0	17.0	90.0	0.0	0.0	25.0	82.0	0.0	0.0	70.0
40.0	0.0	0.0	41.0	3.0	94.0	95.0	0.0	11.0	0.0	0.0	51.0	2.0	0.0	39.0	0.0	41.0	22.0	0.0	0.0	90.0	0.0	47.0	0.0	61.0	10.0	0.0	0.0	8.0	46.0	95.0	75.0	43.0	75.0	0.0	92.0	0.0	0.0	0.0	0.0	2.0	35.0	0.0	0.0	0.0	93.0	37.0	22.0	0.0	3.0	61.0	3.0	0.0	62.0	0.0	8.0	24.0	21.0	0.0	32.0	85.0	89.0	25.0	0.0	0.0	0.0	4.0	48.0	0.0	0.0	0.0	0.0	77.0	0.0	0.0	0.0
83.0	69.0	75.0	73.0	41.0	0.0	33.0	0.0	0.0	0.0	36.0	0.0	0.0	13.0	0.0	56.0	0.0	1.0	93.0	5.0	85.0	0.0	36.0	0.0	60.0	0.0	4.0	15.0	0.0	0.0	75.0	42.0	81.0	0.0	0.0	85.0	29.0	30.0	0.0	22.0	55.0	0.0	3.0	0.0	0.0	75.0	45.0	0.0	0.0	0.0	99.0	94.0	91.0	4.0	0.0	91.0	0.0	8.0	3.0	52.0	37.0	0.0	0.0	10.0	75.0	0.0	96.0	0.0	0.0	8.0	0.0	94.0	62.0	0.0	0.0
0.0	3.0	0.0	98.0	37.0	80.0	89.0	0.0	86.0	0.0	68.0	0.0	0.0	0.0	96.0	0.0	47.0	9.0	0.0	31.0	2.0	25.0	9.0	44.0	0.0	15.0	0.0	0.0	0.0	66.0	93.0	91.0	20.0	55.0	77.0	31.0	38.0	0.0	0.0	38.0	0.0	0.0	0.0	0.0	76.0	0.0	0.0	0.0	51.0	83.0	15.0	62.0	9.0	0.0	0.0	61.0	0.0	0.0	0.0	56.0	0.0	0.0	99.0	0.0	0.0	0.0	0.0	0.0	9.0	12.0	0.0	38.0	0.0	26.0
0.0	38.0	0.0	61.0	0.0	18.0	0.0	62.0	0.0	75.0	0.0	0.0	0.0	22.0	0.0	0.0	0.0	33.0	1.0	55.0	0.0	0.0	0.0	0.0	0.0	87.0	0.0	0.0	0.0	57.0	25.0	42.0	0.0	10.0	0.0	0.0	0.0	0.0	0.0	0.0	64.0	62.0	0.0	0.0	0.0	65.0	0.0	58.0	0.0	17.0	0.0	0.0	0.0	0.0	0.0	95.0	0.0	0.0	0.0	0.0	33.0	11.0	35.0	99.0	0.0	0.0	64.0	67.0	16.0	0.0	0.0	0.0	0.0
0.0	24.0	23.0	0.0	0.0	15.0	0.0	84.0	0.0	4.0	86.0	87.0	19.0	0.0	0.0	2.0	80.0	0.0	0.0	74.0	0.0	0.0	37.0	56.0	0.0	33.0	0.0	55.0	0.0	0.0	42.0	76.0	0.0	58.0	14.0	0.0	0.0	0.0	86.0	44.0	89.0	0.0	0.0	15.0	24.0	0.0	51.0	95.0	91.0	0.0	0.0	36.0	58.0	0.0	22.0	18.0	0.0	19.0	16.0	0.0	0.0	0.0	0.0	26.0	46.0	71.0	0.0	0.0	78.0	35.0	0.0	0.0
36.0	86.0	0.0	0.0	0.0	0.0	38.0	0.0	0.0	66.0	0.0	53.0	0.0	0.0	0.0	80.0	0.0	0.0	0.0	75.0	0.0	0.0	0.0	80.0	41.0	72.0	25.0	0.0	0.0	76.0	0.0	0.0	61.0	60.0	0.0	0.0	22.0	0.0	0.0	30.0	51.0	0.0	0.0	67.0	0.0	43.0	0.0	46.0	0.0	90.0	9.0	60.0	0.0	88.0	0.0	66.0	0.0	0.0	46.0	0.0	3.0	28.0	0.0	61.0	60.0	15.0	0.0	0.0	0.0	49.0	66.0
39.0	64.0	0.0	36.0	22.0	0.0	0.0	2.0	0.0	55.0	89.0	0.0	0.0	0.0	0.0	5.0	0.0	0.0	0.0	98.0	71.0	0.0	0.0	64.0	0.0	0.0	0.0	75.0	0.0	0.0	0.0	81.0	0.0	0.0	0.0	0.0	65.0	0.0	0.0	0.0	39.0	0.0	74.0	0.0	0.0	0.0	0.0	0.0	0.0	51.0	72.0	0.0	0.0	61.0	93.0	0.0	0.0	92.0	54.0	0.0	4.0	64.0	37.0	0.0	19.0	54.0	9.0	63.0	76.0	19.0
76.0	0.0	10.0	6.0	0.0	54.0	0.0	0.0	0.0	0.0	70.0	0.0	51.0	0.0	26.0	0.0	55.0	39.0	0.0	37.0	0.0	97.0	44.0	0.0	0.0	64.0	60.0	95.0	2.0	15.0	41.0	0.0	3.0	87.0	22.0	37.0	95.0	20.0	95.0	0.0	91.0	0.0	11.0	0.0	35.0	0.0	82.0	64.0	0.0	42.0	0.0	0.0	60.0	0.0	0.0	26.0	18.0	54.0	0.0	0.0	77.0	0.0	0.0	11.0	58.0	0.0	57.0	0.0	0.0
88.0	0.0	0.0	0.0	0.0	0.0	0.0	0.0	49.0	0.0	0.0	53.0	0.0	67.0	0.0	31.0	76.0	64.0	0.0	0.0	14.0	0.0	32.0	0.0	0.0	97.0	38.0	7.0	0.0	0.0	29.0	0.0	32.0	84.0	0.0	81.0	98.0	73.0	0.0	0.0	0.0	48.0	64.0	86.0	49.0	93.0	10.0	0.0	12.0	0.0	0.0	0.0	0.0	0.0	0.0	0.0	23.0	27.0	52.0	82.0	72.0	0.0	0.0	0.0	0.0	0.0	85.0	68.0
45.0	28.0	32.0	0.0	18.0	85.0	2.0	49.0	13.0	0.0	0.0	98.0	0.0	95.0	0.0	14.0	0.0	0.0	24.0	46.0	0.0	47.0	14.0	31.0	0.0	68.0	0.0	19.0	0.0	0.0	0.0	56.0	56.0	0.0	15.0	0.0	98.0	73.0	6.0	0.0	0.0	7.0	0.0	0.0	93.0	77.0	67.0	0.0	0.0	0.0	4.0	18.0	1.0	0.0	26.0	83.0	0.0	0.0	0.0	40.0	0.0	59.0	0.0	74.0	72.0	0.0	28.0
0.0	0.0	0.0	0.0	0.0	0.0	59.0	51.0	82.0	87.0	0.0	0.0	0.0	2.0	0.0	0.0	27.0	56.0	0.0	11.0	0.0	0.0	0.0	51.0	0.0	0.0	0.0	0.0	10.0	0.0	0.0	0.0	93.0	0.0	9.0	50.0	83.0	39.0	36.0	90.0	0.0	0.0	66.0	13.0	0.0	22.0	36.0	57.0	72.0	18.0	0.0	0.0	99.0	0.0	14.0	0.0	43.0	54.0	0.0	0.0	0.0	0.0	0.0	7.0	89.0	68.0
86.0	0.0	0.0	43.0	46.0	0.0	52.0	0.0	93.0	20.0	20.0	30.0	0.0	50.0	24.0	20.0	0.0	10.0	0.0	17.0	27.0	0.0	82.0	0.0	0.0	20.0	64.0	77.0	0.0	70.0	68.0	0.0	4.0	0.0	0.0	45.0	81.0	28.0	32.0	0.0	0.0	0.0	0.0	60.0	37.0	64.0	60.0	94.0	0.0	0.0	95.0	75.0	51.0	2.0	55.0	26.0	44.0	0.0	0.0	0.0	91.0	0.0	0.0	0.0	79.0
0.0	88.0	0.0	0.0	29.0	0.0	54.0	5.0	0.0	0.0	0.0	0.0	72.0	81.0	62.0	0.0	65.0	0.0	0.0	0.0	35.0	0.0	48.0	30.0	0.0	38.0	0.0	91.0	0.0	83.0	67.0	100.0	38.0	0.0	29.0	0.0	90.0	0.0	0.0	0.0	13.0	0.0	0.0	0.0	4.0	0.0	72.0	0.0	30.0	0.0	0.0	0.0	57.0	31.0	46.0	0.0	58.0	17.0	61.0	0.0	0.0	19.0	0.0	0.0
0.0	54.0	15.0	0.0	51.0	0.0	0.0	0.0	52.0	76.0	87.0	80.0	78.0	0.0	0.0	0.0	21.0	0.0	15.0	0.0	44.0	0.0	0.0	5.0	0.0	0.0	30.0	0.0	39.0	85.0	100.0	0.0	55.0	0.0	0.0	4.0	28.0	92.0	0.0	22.0	90.0	46.0	0.0	50.0	0.0	69.0	28.0	36.0	0.0	76.0	79.0	18.0	91.0	0.0	0.0	0.0	13.0	0.0	17.0	0.0	59.0	69.0	26.0
0.0	0.0	0.0	53.0	0.0	90.0	0.0	12.0	81.0	17.0	36.0	0.0	0.0	0.0	0.0	9.0	0.0	40.0	0.0	83.0	0.0	0.0	70.0	16.0	0.0	57.0	0.0	0.0	0.0	0.0	28.0	0.0	0.0	42.0	0.0	29.0	60.0	0.0	0.0	6.0	41.0	6.0	0.0	97.0	0.0	49.0	0.0	0.0	0.0	58.0	18.0	98.0	28.0	28.0	20.0	0.0	0.0	0.0	8.0	76.0	71.0	0.0
0.0	0.0	0.0	0.0	63.0	72.0	0.0	8.0	0.0	0.0	0.0	55.0	0.0	0.0	24.0	26.0	0.0	0.0	59.0	0.0	0.0	78.0	40.0	8.0	91.0	0.0	32.0	0.0	86.0	0.0	0.0	85.0	0.0	95.0	0.0	25.0	14.0	97.0	0.0	47.0	0.0	0.0	35.0	0.0	20.0	0.0	97.0	0.0	78.0	56.0	0.0	0.0	77.0	0.0	0.0	0.0	0.0	0.0	0.0	0.0	0.0
0.0	14.0	0.0	0.0	0.0	84.0	35.0	0.0	79.0	11.0	0.0	0.0	0.0	0.0	97.0	40.0	78.0	0.0	12.0	24.0	6.0	14.0	9.0	55.0	81.0	98.0	76.0	32.0	0.0	91.0	0.0	31.0	0.0	0.0	0.0	0.0	0.0	0.0	0.0	28.0	18.0	5.0	47.0	34.0	68.0	0.0	41.0	0.0	0.0	88.0	89.0	0.0	20.0	0.0	0.0	0.0	0.0	69.0	0.0	0.0
0.0	0.0	62.0	0.0	69.0	11.0	90.0	0.0	34.0	87.0	86.0	0.0	0.0	0.0	0.0	66.0	0.0	0.0	72.0	66.0	52.0	82.0	36.0	60.0	0.0	91.0	0.0	0.0	74.0	96.0	42.0	0.0	58.0	0.0	39.0	0.0	0.0	0.0	18.0	73.0	47.0	94.0	0.0	0.0	81.0	19.0	86.0	0.0	87.0	38.0	74.0	51.0	0.0	0.0	0.0	0.0	70.0	0.0	90.0
52.0	99.0	0.0	0.0	0.0	83.0	0.0	0.0	0.0	0.0	0.0	57.0	0.0	89.0	89.0	0.0	0.0	53.0	94.0	0.0	0.0	0.0	0.0	0.0	28.0	48.0	59.0	0.0	75.0	29.0	85.0	0.0	12.0	0.0	0.0	63.0	50.0	0.0	0.0	0.0	64.0	86.0	88.0	0.0	0.0	1.0	0.0	0.0	0.0	29.0	0.0	4.0	56.0	0.0	0.0	14.0	0.0	17.0
37.0	0.0	0.0	75.0	76.0	0.0	31.0	9.0	4.0	0.0	50.0	85.0	0.0	3.0	59.0	33.0	0.0	0.0	56.0	96.0	11.0	93.0	28.0	0.0	0.0	11.0	4.0	0.0	0.0	36.0	9.0	70.0	57.0	0.0	78.0	0.0	0.0	93.0	0.0	33.0	0.0	44.0	2.0	0.0	0.0	1.0	9.0	20.0	93.0	33.0	23.0	0.0	18.0	79.0	0.0	0.0	0.0
89.0	94.0	61.0	84.0	21.0	0.0	28.0	0.0	52.0	0.0	34.0	0.0	94.0	0.0	37.0	0.0	0.0	25.0	3.0	0.0	93.0	3.0	0.0	92.0	98.0	0.0	0.0	0.0	36.0	74.0	34.0	78.0	9.0	0.0	0.0	41.0	36.0	0.0	0.0	0.0	0.0	0.0	0.0	0.0	0.0	0.0	0.0	0.0	0.0	47.0	0.0	0.0	56.0	20.0	41.0	0.0
87.0	0.0	0.0	0.0	0.0	0.0	0.0	39.0	90.0	0.0	79.0	0.0	0.0	0.0	25.0	0.0	0.0	22.0	17.0	5.0	67.0	0.0	0.0	79.0	0.0	26.0	26.0	0.0	0.0	17.0	16.0	82.0	0.0	0.0	7.0	32.0	0.0	39.0	0.0	0.0	76.0	0.0	0.0	72.0	33.0	0.0	0.0	30.0	0.0	31.0	70.0	0.0	77.0	41.0	35.0
56.0	15.0	0.0	0.0	60.0	70.0	41.0	0.0	57.0	0.0	0.0	0.0	45.0	0.0	0.0	0.0	85.0	0.0	0.0	85.0	0.0	40.0	34.0	20.0	0.0	65.0	0.0	0.0	0.0	0.0	0.0	13.0	50.0	0.0	0.0	65.0	71.0	55.0	0.0	37.0	60.0	0.0	0.0	84.0	0.0	23.0	0.0	40.0	0.0	93.0	0.0	0.0	98.0	0.0
56.0	0.0	33.0	0.0	16.0	0.0	58.0	0.0	0.0	1.0	0.0	0.0	87.0	82.0	0.0	0.0	0.0	0.0	98.0	0.0	0.0	50.0	0.0	0.0	0.0	0.0	60.0	0.0	0.0	21.0	39.0	0.0	77.0	54.0	33.0	0.0	0.0	47.0	0.0	0.0	83.0	0.0	0.0	0.0	14.0	50.0	0.0	24.0	0.0	0.0	7.0	0.0	44.0
0.0	28.0	72.0	0.0	0.0	34.0	0.0	21.0	39.0	0.0	81.0	0.0	0.0	0.0	48.0	0.0	0.0	0.0	86.0	10.0	31.0	0.0	0.0	53.0	0.0	93.0	47.0	0.0	0.0	0.0	18.0	14.0	0.0	0.0	0.0	6.0	14.0	0.0	32.0	3.0	0.0	64.0	46.0	0.0	48.0	27.0	20.0	0.0	91.0	19.0	0.0	45.0
81.0	0.0	40.0	17.0	13.0	0.0	20.0	0.0	0.0	100.0	0.0	0.0	0.0	41.0	83.0	0.0	0.0	61.0	0.0	14.0	0.0	44.0	92.0	86.0	8.0	0.0	62.0	0.0	68.0	39.0	50.0	0.0	0.0	70.0	0.0	21.0	0.0	0.0	0.0	0.0	0.0	0.0	100.0	13.0	85.0	0.0	0.0	95.0	46.0	39.0	0.0
74.0	63.0	26.0	0.0	0.0	35.0	0.0	87.0	0.0	55.0	0.0	0.0	0.0	0.0	85.0	32.0	0.0	0.0	0.0	31.0	19.0	34.0	96.0	0.0	0.0	96.0	0.0	0.0	0.0	0.0	0.0	25.0	86.0	0.0	23.0	0.0	0.0	95.0	0.0	5.0	0.0	84.0	12.0	47.0	49.0	68.0	67.0	0.0	0.0	31.0
74.0	75.0	78.0	0.0	24.0	17.0	0.0	23.0	94.0	0.0	0.0	0.0	0.0	0.0	0.0	0.0	48.0	80.0	97.0	0.0	85.0	17.0	0.0	0.0	0.0	0.0	0.0	0.0	0.0	0.0	92.0	0.0	7.0	0.0	26.0	2.0	0.0	50.0	0.0	0.0	31.0	99.0	72.0	0.0	0.0	85.0	0.0	91.0	98.0
64.0	0.0	73.0	0.0	22.0	0.0	67.0	12.0	0.0	91.0	48.0	41.0	6.0	68.0	42.0	0.0	0.0	68.0	0.0	27.0	38.0	0.0	58.0	0.0	63.0	0.0	94.0	47.0	90.0	0.0	0.0	0.0	30.0	0.0	0.0	28.0	1.0	56.0	0.0	9.0	21.0	0.0	21.0	0.0	70.0	70.0	99.0	0.0
47.0	42.0	0.0	0.0	0.0	0.0	47.0	29.0	72.0	24.0	87.0	15.0	66.0	0.0	7.0	0.0	25.0	74.0	0.0	0.0	0.0	0.0	0.0	0.0	0.0	49.0	0.0	92.0	0.0	64.0	0.0	45.0	0.0	27.0	0.0	0.0	36.0	0.0	99.0	0.0	41.0	86.0	21.0	0.0	64.0	0.0	60.0
75.0	23.0	9.0	74.0	0.0	20.0	9.0	0.0	0.0	96.0	31.0	89.0	19.0	89.0	0.0	0.0	58.0	8.0	38.0	0.0	88.0	0.0	26.0	0.0	0.0	98.0	0.0	0.0	0.0	0.0	14.0	0.0	16.0	0.0	88.0	0.0	0.0	0.0	0.0	92.0	0.0	95.0	95.0	0.0	0.0	17.0
0.0	87.0	0.0	57.0	53.0	0.0	70.0	79.0	33.0	0.0	54.0	27.0	2.0	6.0	99.0	3.0	0.0	40.0	0.0	78.0	0.0	47.0	54.0	0.0	0.0	73.0	27.0	0.0	0.0	0.0	0.0	0.0	0.0	0.0	0.0	79.0	65.0	11.0	4.0	70.0	0.0	0.0	9.0	22.0	0.0
0.0	69.0	0.0	0.0	0.0	83.0	54.0	0.0	0.0	10.0	0.0	98.0	0.0	29.0	78.0	0.0	0.0	48.0	6.0	0.0	0.0	4.0	0.0	50.0	0.0	95.0	0.0	93.0	0.0	0.0	7.0	0.0	0.0	0.0	0.0	1.0	0.0	0.0	51.0	0.0	0.0	96.0	0.0	90.0
86.0	0.0	66.0	0.0	0.0	0.0	0.0	43.0	40.0	60.0	0.0	0.0	0.0	63.0	0.0	0.0	0.0	38.0	0.0	26.0	45.0	74.0	78.0	85.0	0.0	18.0	0.0	63.0	38.0	0.0	22.0	32.0	98.0	52.0	58.0	99.0	0.0	0.0	0.0	0.0	9.0	0.0	80.0
73.0	0.0	0.0	0.0	44.0	0.0	80.0	0.0	0.0	1.0	0.0	84.0	0.0	21.0	27.0	0.0	41.0	0.0	77.0	0.0	43.0	54.0	49.0	33.0	35.0	14.0	23.0	20.0	72.0	5.0	0.0	0.0	0.0	0.0	0.0	51.0	80.0	0.0	98.0	0.0	24.0	40.0
90.0	0.0	1.0	0.0	68.0	0.0	0.0	0.0	0.0	64.0	0.0	65.0	0.0	40.0	0.0	33.0	0.0	0.0	0.0	0.0	0.0	16.0	0.0	90.0	0.0	85.0	0.0	0.0	86.0	25.0	61.0	45.0	74.0	0.0	0.0	8.0	0.0	12.0	14.0	4.0	75.0
0.0	0.0	0.0	0.0	12.0	19.0	44.0	0.0	0.0	0.0	0.0	0.0	17.0	39.0	0.0	46.0	0.0	0.0	0.0	0.0	0.0	0.0	0.0	0.0	92.0	0.0	79.0	99.0	75.0	0.0	72.0	0.0	0.0	41.0	0.0	0.0	79.0	0.0	0.0	18.0
0.0	15.0	54.0	43.0	78.0	0.0	87.0	86.0	11.0	91.0	73.0	3.0	62.0	66.0	58.0	81.0	0.0	25.0	14.0	0.0	0.0	86.0	0.0	46.0	0.0	0.0	99.0	0.0	0.0	0.0	0.0	26.0	32.0	0.0	66.0	0.0	43.0	0.0	53.0
1.0	16.0	37.0	75.0	0.0	0.0	93.0	66.0	67.0	18.0	55.0	27.0	0.0	0.0	86.0	40.0	0.0	94.0	92.0	0.0	0.0	67.0	69.0	44.0	0.0	66.0	0.0	92.0	0.0	0.0	95.0	89.0	0.0	67.0	0.0	70.0	0.0	59.0
0.0	8.0	6.0	0.0	43.0	0.0	0.0	0.0	18.0	58.0	25.0	0.0	78.0	0.0	52.0	0.0	18.0	0.0	0.0	53.0	58.0	54.0	0.0	0.0	0.0	0.0	59.0	8.0	0.0	40.0	47.0	0.0	26.0	98.0	49.0	0.0	25.0
98.0	73.0	0.0	0.0	0.0	0.0	97.0	21.0	0.0	92.0	19.0	83.0	41.0	60.0	0.0	76.0	0.0	6.0	0.0	0.0	4.0	91.0	38.0	41.0	0.0	35.0	15.0	27.0	0.0	0.0	0.0	0.0	0.0	86.0	0.0	0.0
78.0	0.0	0.0	83.0	91.0	0.0	5.0	29.0	54.0	0.0	38.0	80.0	0.0	70.0	78.0	89.0	93.0	0.0	7.0	0.0	0.0	6.0	91.0	0.0	0.0	0.0	0.0	0.0	0.0	80.0	0.0	46.0	56.0	72.0	50.0
67.0	0.0	0.0	2.0	59.0	51.0	0.0	0.0	22.0	65.0	0.0	0.0	98.0	36.0	84.0	2.0	0.0	0.0	0.0	3.0	0.0	31.0	41.0	0.0	0.0	5.0	0.0	0.0	46.0	12.0	0.0	0.0	0.0	0.0
95.0	36.0	44.0	70.0	10.0	70.0	0.0	0.0	25.0	78.0	83.0	70.0	77.0	0.0	72.0	89.0	0.0	0.0	2.0	0.0	59.0	0.0	39.0	0.0	0.0	99.0	45.0	96.0	0.0	0.0	0.0	39.0	0.0
82.0	56.0	0.0	0.0	0.0	0.0	64.0	24.0	0.0	76.0	14.0	0.0	0.0	0.0	0.0	0.0	55.0	21.0	57.0	0.0	48.0	78.0	0.0	6.0	0.0	0.0	0.0	0.0	0.0	0.0	0.0	29.0
0.0	35.0	70.0	0.0	86.0	0.0	43.0	39.0	0.0	68.0	42.0	6.0	7.0	98.0	95.0	83.0	54.0	0.0	0.0	0.0	77.0	22.0	17.0	4.0	0.0	36.0	10.0	61.0	80.0	71.0	0.0
0.0	0.0	0.0	44.0	0.0	42.0	100.0	54.0	99.0	86.0	0.0	32.0	51.0	48.0	0.0	53.0	9.0	99.0	55.0	23.0	0.0	0.0	13.0	0.0	0.0	0.0	76.0	0.0	0.0	0.0
0.0	69.0	64.0	37.0	29.0	0.0	26.0	0.0	0.0	0.0	58.0	68.0	99.0	92.0	0.0	0.0	0.0	0.0	85.0	0.0	0.0	51.0	0.0	0.0	41.0	0.0	16.0	75.0	71.0
0.0	0.0	81.0	0.0	0.0	0.0	4.0	25.0	23.0	0.0	0.0	0.0	39.0	0.0	0.0	100.0	0.0	97.0	36.0	0.0	24.0	0.0	90.0	0.0	6.0	10.0	0.0	63.0
34.0	48.0	0.0	0.0	0.0	99.0	95.0	54.0	0.0	0.0	0.0	94.0	0.0	0.0	45.0	9.0	53.0	18.0	0.0	0.0	0.0	0.0	57.0	0.0	10.0	66.0	0.0
6.0	0.0	0.0	0.0	0.0	0.0	25.0	18.0	0.0	0.0	52.0	0.0	0.0	49.0	0.0	0.0	64.0	0.0	0.0	0.0	69.0	0.0	46.0	0.0	92.0	0.0
0.0	0.0	93.0	0.0	61.0	71.0	47.0	0.0	100.0	73.0	0.0	0.0	0.0	57.0	94.0	54.0	0.0	30.0	21.0	0.0	0.0	22.0	0.0	60.0	0.0
0.0	0.0	61.0	77.0	17.0	69.0	46.0	0.0	0.0	80.0	19.0	0.0	0.0	0.0	0.0	78.0	0.0	0.0	100.0	94.0	0.0	73.0	0.0	96.0
9.0	0.0	0.0	55.0	54.0	0.0	0.0	0.0	0.0	0.0	0.0	32.0	21.0	0.0	15.0	75.0	0.0	67.0	0.0	0.0	16.0	0.0	63.0
68.0	13.0	71.0	59.0	0.0	62.0	43.0	10.0	0.0	0.0	36.0	75.0	20.0	3.0	88.0	0.0	0.0	76.0	100.0	0.0	98.0	0.0
0.0	0.0	0.0	0.0	42.0	41.0	1.0	33.0	70.0	0.0	92.0	0.0	0.0	67.0	4.0	31.0	0.0	0.0	24.0	0.0	0.0
52.0	0.0	0.0	41.0	0.0	65.0	3.0	0.0	91.0	75.0	0.0	0.0	79.0	90.0	0.0	19.0	0.0	0.0	41.0	17.0
85.0	0.0	0.0	0.0	83.0	0.0	0.0	88.0	0.0	46.0	0.0	0.0	84.0	47.0	35.0	12.0	0.0	98.0	0.0
2.0	0.0	14.0	82.0	0.0	12.0	84.0	48.0	24.0	99.0	0.0	60.0	0.0	9.0	81.0	0.0	0.0	60.0
0.0	0.0	0.0	85.0	0.0	34.0	74.0	51.0	0.0	0.0	23.0	72.0	76.0	5.0	0.0	0.0	89.0
39.0	0.0	87.0	0.0	67.0	66.0	14.0	77.0	76.0	32.0	0.0	20.0	52.0	93.0	0.0	0.0
0.0	88.0	0.0	0.0	0.0	0.0	68.0	0.0	79.0	0.0	77.0	51.0	96.0	31.0	0.0
0.0	69.0	97.0	79.0	0.0	57.0	10.0	0.0	0.0	5.0	0.0	0.0	0.0	38.0
4.0	0.0	46.0	85.0	0.0	13.0	0.0	0.0	0.0	51.0	0.0	68.0	0.0
69.0	0.0	82.0	0.0	46.0	0.0	0.0	84.0	3.0	47.0	32.0	0.0
70.0	0.0	28.0	0.0	0.0	0.0	84.0	0.0	84.0	79.0	0.0
23.0	0.0	0.0	61.0	68.0	20.0	0.0	32.0	0.0	44.0
0.0	0.0	75.0	68.0	0.0	0.0	80.0	0.0	0.0
12.0	0.0	82.0	39.0	0.0	0.0	0.0	0.0
0.0	83.0	0.0	0.0	0.0	0.0	0.0
90.0	0.0	0.0	12.0	0.0	99.0
0.0	56.0	14.0	0.0	77.0
0.0	8.0	0.0	0.0
10.0	0.0	0.0
0.0	89.0
0.0

44.0	34.0	8.0	27.0	23.0	14.0	3.0	23.0	28.0	43.0	28.0	11.0	37.0	1.0	2.0	27.0	12.0	28.0	12.0	12.0	12.0	27.0	21.0	45.0	47.0	27.0	31.0	46.0	13.0	40.0	43.0	40.0	15.0	13.0	23.0	20.0	46.0	19.0	42.0	48.0	41.0	8.0	34.0	42.0	30.0	49.0	10.0	18.0	12.0	17.0	3.0	27.0	21.0	23.0	49.0	14.0	45.0	23.0	5.0	47.0	7.0	9.0	2.0	9.0	39.0	22.0	6.0	29.0	2.0	46.0	47.0	2.0	43.0	7.0	47.0	29.0	19.0	19.0	13.0	34.0	46.0	47.0	43.0	26.0	33.0	31.0	25.0	44.0	34.0	44.0	9.0	2.0	40.0	40.0	27.0	13.0	40.0	4.0	5.0	23.0

204.8	204.8	204.8	204.8	204.8	204.8	204.8	204.8	204.8	204.8
