qmkp_100_75_3_003
100
3

94.0	82.0	62.0	0.0	36.0	86.0	80.0	35.0	0.0	76.0	81.0	0.0	0.0	0.0	15.0	0.0	0.0	58.0	0.0	67.0	99.0	90.0	6.0	80.0	81.0	8.0	52.0	68.0	82.0	86.0	26.0	17.0	68.0	50.0	24.0	36.0	27.0	25.0	85.0	36.0	24.0	26.0	93.0	54.0	27.0	43.0	86.0	26.0	80.0	45.0	97.0	37.0	29.0	43.0	90.0	0.0	78.0	41.0	49.0	0.0	89.0	71.0	67.0	0.0	16.0	0.0	61.0	68.0	88.0	2.0	43.0	47.0	0.0	0.0	83.0	0.0	0.0	1.0	0.0	41.0	88.0	67.0	76.0	38.0	84.0	56.0	65.0	45.0	5.0	0.0	88.0	0.0	0.0	74.0	0.0	0.0	54.0	100.0	100.0	43.0
99.0	0.0	51.0	0.0	30.0	3.0	43.0	0.0	0.0	13.0	41.0	50.0	69.0	88.0	83.0	35.0	94.0	89.0	68.0	23.0	0.0	93.0	87.0	81.0	88.0	0.0	40.0	0.0	96.0	79.0	66.0	0.0	17.0	14.0	34.0	95.0	0.0	0.0	0.0	50.0	25.0	0.0	100.0	0.0	25.0	31.0	67.0	69.0	12.0	0.0	80.0	4.0	66.0	9.0	0.0	19.0	84.0	81.0	26.0	80.0	39.0	6.0	58.0	35.0	91.0	79.0	35.0	66.0	0.0	44.0	46.0	36.0	2.0	33.0	0.0	46.0	16.0	50.0	54.0	79.0	5.0	92.0	17.0	94.0	21.0	0.0	16.0	68.0	29.0	29.0	10.0	0.0	74.0	46.0	0.0	39.0	48.0	13.0	69.0
0.0	60.0	80.0	41.0	20.0	55.0	0.0	0.0	37.0	0.0	51.0	0.0	91.0	16.0	47.0	45.0	78.0	30.0	93.0	0.0	74.0	35.0	52.0	26.0	0.0	37.0	99.0	62.0	0.0	0.0	0.0	62.0	38.0	21.0	0.0	81.0	0.0	8.0	0.0	61.0	0.0	71.0	0.0	61.0	22.0	83.0	98.0	0.0	0.0	4.0	21.0	57.0	25.0	41.0	0.0	73.0	9.0	18.0	12.0	79.0	0.0	0.0	0.0	25.0	0.0	40.0	18.0	0.0	0.0	10.0	0.0	0.0	0.0	64.0	0.0	13.0	95.0	71.0	0.0	59.0	24.0	6.0	0.0	50.0	0.0	82.0	76.0	0.0	63.0	34.0	41.0	73.0	0.0	23.0	64.0	31.0	42.0	0.0
23.0	93.0	52.0	0.0	33.0	36.0	97.0	87.0	59.0	0.0	0.0	31.0	0.0	53.0	59.0	0.0	44.0	10.0	78.0	0.0	38.0	0.0	0.0	0.0	29.0	67.0	50.0	33.0	0.0	8.0	53.0	60.0	50.0	100.0	0.0	30.0	0.0	69.0	92.0	0.0	80.0	54.0	80.0	39.0	0.0	70.0	0.0	79.0	10.0	51.0	0.0	32.0	5.0	0.0	35.0	30.0	90.0	20.0	42.0	52.0	37.0	10.0	99.0	28.0	0.0	11.0	0.0	5.0	15.0	74.0	90.0	51.0	14.0	68.0	98.0	0.0	0.0	25.0	57.0	18.0	73.0	88.0	4.0	8.0	40.0	74.0	30.0	52.0	83.0	43.0	0.0	0.0	0.0	70.0	8.0	67.0	58.0
31.0	24.0	19.0	49.0	44.0	90.0	49.0	29.0	0.0	60.0	32.0	90.0	0.0	3.0	26.0	0.0	29.0	56.0	0.0	0.0	0.0	19.0	94.0	26.0	13.0	66.0	0.0	62.0	36.0	0.0	0.0	86.0	13.0	12.0	10.0	81.0	57.0	0.0	0.0	0.0	88.0	68.0	58.0	60.0	55.0	93.0	5.0	78.0	76.0	19.0	50.0	69.0	0.0	55.0	58.0	72.0	97.0	0.0	0.0	55.0	11.0	0.0	99.0	90.0	95.0	18.0	46.0	24.0	53.0	77.0	92.0	36.0	0.0	12.0	81.0	76.0	0.0	36.0	33.0	46.0	0.0	42.0	0.0	0.0	14.0	35.0	80.0	0.0	52.0	41.0	43.0	31.0	98.0	26.0	53.0	0.0
60.0	0.0	93.0	22.0	89.0	53.0	45.0	6.0	35.0	59.0	44.0	26.0	8.0	75.0	0.0	0.0	0.0	0.0	37.0	90.0	0.0	0.0	100.0	82.0	68.0	54.0	0.0	22.0	0.0	15.0	80.0	0.0	0.0	38.0	1.0	4.0	21.0	19.0	14.0	77.0	35.0	32.0	86.0	85.0	89.0	53.0	43.0	10.0	7.0	0.0	0.0	57.0	0.0	38.0	45.0	27.0	95.0	0.0	71.0	14.0	0.0	21.0	0.0	69.0	0.0	57.0	0.0	72.0	38.0	49.0	98.0	55.0	0.0	43.0	0.0	70.0	1.0	0.0	72.0	0.0	14.0	29.0	84.0	99.0	92.0	0.0	27.0	0.0	0.0	40.0	82.0	10.0	0.0	0.0	17.0
0.0	0.0	91.0	44.0	0.0	39.0	39.0	1.0	0.0	35.0	41.0	7.0	80.0	41.0	1.0	0.0	0.0	94.0	34.0	0.0	0.0	15.0	87.0	36.0	77.0	23.0	0.0	0.0	87.0	0.0	81.0	26.0	98.0	0.0	96.0	45.0	0.0	0.0	71.0	0.0	77.0	37.0	40.0	54.0	0.0	0.0	0.0	72.0	25.0	0.0	37.0	0.0	0.0	0.0	0.0	4.0	72.0	0.0	67.0	65.0	0.0	0.0	0.0	0.0	15.0	19.0	28.0	53.0	10.0	62.0	86.0	26.0	12.0	70.0	0.0	0.0	0.0	100.0	15.0	61.0	0.0	0.0	54.0	42.0	12.0	80.0	43.0	62.0	11.0	95.0	13.0	94.0	77.0	16.0
56.0	56.0	21.0	87.0	31.0	0.0	52.0	37.0	64.0	80.0	4.0	68.0	71.0	0.0	9.0	70.0	1.0	66.0	28.0	0.0	31.0	0.0	0.0	9.0	47.0	69.0	0.0	83.0	41.0	0.0	41.0	29.0	77.0	64.0	97.0	95.0	18.0	63.0	0.0	0.0	99.0	0.0	16.0	32.0	98.0	74.0	58.0	29.0	3.0	6.0	37.0	82.0	74.0	66.0	0.0	61.0	35.0	0.0	0.0	0.0	9.0	60.0	97.0	50.0	22.0	67.0	13.0	3.0	30.0	28.0	20.0	78.0	49.0	48.0	81.0	0.0	53.0	0.0	38.0	36.0	0.0	84.0	0.0	18.0	72.0	75.0	53.0	98.0	62.0	31.0	31.0	88.0	6.0
47.0	20.0	2.0	32.0	23.0	99.0	69.0	0.0	8.0	8.0	0.0	90.0	2.0	26.0	84.0	86.0	55.0	26.0	0.0	7.0	77.0	88.0	87.0	7.0	46.0	13.0	64.0	0.0	92.0	67.0	81.0	52.0	50.0	0.0	0.0	65.0	0.0	41.0	76.0	63.0	2.0	10.0	97.0	12.0	35.0	6.0	68.0	10.0	12.0	97.0	15.0	88.0	32.0	0.0	7.0	92.0	31.0	0.0	0.0	26.0	0.0	0.0	52.0	0.0	23.0	86.0	88.0	0.0	71.0	40.0	94.0	100.0	5.0	4.0	56.0	71.0	11.0	0.0	65.0	86.0	90.0	17.0	19.0	54.0	19.0	48.0	67.0	37.0	0.0	24.0	35.0	11.0
62.0	0.0	27.0	9.0	91.0	18.0	27.0	0.0	86.0	71.0	28.0	0.0	0.0	90.0	57.0	30.0	29.0	86.0	70.0	0.0	0.0	62.0	74.0	5.0	8.0	99.0	36.0	77.0	64.0	0.0	63.0	0.0	5.0	71.0	0.0	41.0	79.0	43.0	71.0	0.0	20.0	28.0	91.0	95.0	88.0	0.0	37.0	33.0	12.0	16.0	81.0	59.0	70.0	38.0	6.0	45.0	43.0	54.0	87.0	59.0	0.0	27.0	22.0	0.0	1.0	0.0	44.0	0.0	99.0	27.0	97.0	39.0	47.0	0.0	80.0	39.0	77.0	78.0	34.0	0.0	42.0	1.0	0.0	0.0	0.0	0.0	0.0	66.0	71.0	11.0	49.0
0.0	23.0	21.0	53.0	4.0	71.0	0.0	38.0	72.0	3.0	0.0	0.0	87.0	32.0	61.0	17.0	0.0	87.0	0.0	0.0	0.0	59.0	79.0	21.0	22.0	44.0	20.0	43.0	0.0	44.0	0.0	74.0	51.0	38.0	0.0	24.0	12.0	43.0	32.0	83.0	0.0	0.0	34.0	26.0	20.0	43.0	73.0	71.0	40.0	12.0	14.0	69.0	0.0	49.0	68.0	94.0	0.0	0.0	0.0	0.0	80.0	36.0	67.0	0.0	59.0	0.0	37.0	24.0	0.0	0.0	100.0	99.0	50.0	0.0	76.0	73.0	11.0	30.0	34.0	19.0	93.0	9.0	0.0	30.0	0.0	93.0	63.0	20.0	0.0	66.0
81.0	25.0	12.0	66.0	40.0	65.0	51.0	95.0	0.0	42.0	0.0	0.0	2.0	92.0	79.0	61.0	79.0	32.0	77.0	44.0	53.0	46.0	26.0	96.0	52.0	86.0	5.0	36.0	19.0	53.0	49.0	78.0	8.0	12.0	17.0	2.0	18.0	0.0	87.0	0.0	0.0	13.0	64.0	45.0	83.0	9.0	42.0	16.0	46.0	84.0	2.0	46.0	11.0	0.0	66.0	0.0	61.0	0.0	72.0	44.0	0.0	57.0	20.0	67.0	0.0	65.0	0.0	0.0	71.0	21.0	29.0	59.0	7.0	87.0	0.0	1.0	81.0	0.0	40.0	86.0	73.0	74.0	0.0	84.0	56.0	46.0	62.0	0.0	76.0
17.0	0.0	0.0	88.0	0.0	7.0	0.0	0.0	51.0	96.0	100.0	0.0	39.0	74.0	60.0	42.0	64.0	4.0	57.0	39.0	45.0	54.0	82.0	0.0	10.0	64.0	37.0	2.0	0.0	33.0	95.0	0.0	0.0	19.0	0.0	11.0	0.0	5.0	0.0	9.0	47.0	46.0	6.0	30.0	71.0	32.0	18.0	73.0	77.0	0.0	93.0	53.0	68.0	94.0	92.0	62.0	83.0	96.0	23.0	46.0	0.0	20.0	74.0	34.0	0.0	0.0	35.0	67.0	93.0	13.0	44.0	69.0	61.0	34.0	0.0	0.0	64.0	0.0	39.0	43.0	75.0	87.0	0.0	42.0	30.0	0.0	59.0	74.0
48.0	89.0	0.0	0.0	0.0	10.0	33.0	57.0	93.0	45.0	52.0	4.0	0.0	43.0	55.0	34.0	0.0	1.0	54.0	54.0	91.0	0.0	48.0	0.0	99.0	0.0	0.0	39.0	93.0	0.0	70.0	0.0	59.0	25.0	73.0	0.0	14.0	40.0	72.0	71.0	31.0	85.0	12.0	91.0	82.0	39.0	82.0	10.0	11.0	45.0	97.0	68.0	0.0	0.0	71.0	0.0	71.0	37.0	35.0	82.0	52.0	0.0	77.0	35.0	61.0	9.0	0.0	75.0	88.0	89.0	6.0	0.0	9.0	37.0	6.0	56.0	52.0	9.0	62.0	60.0	74.0	89.0	58.0	35.0	34.0	0.0	74.0
0.0	48.0	13.0	36.0	81.0	96.0	95.0	29.0	35.0	16.0	97.0	0.0	0.0	22.0	79.0	0.0	53.0	0.0	0.0	48.0	77.0	67.0	0.0	84.0	0.0	13.0	10.0	80.0	31.0	64.0	0.0	11.0	11.0	60.0	45.0	0.0	0.0	65.0	35.0	41.0	8.0	17.0	21.0	1.0	0.0	18.0	36.0	0.0	0.0	99.0	7.0	35.0	42.0	21.0	10.0	0.0	87.0	0.0	68.0	75.0	52.0	95.0	9.0	4.0	65.0	78.0	43.0	15.0	69.0	11.0	0.0	85.0	33.0	75.0	0.0	10.0	87.0	44.0	26.0	64.0	68.0	64.0	55.0	45.0	39.0	94.0
46.0	45.0	39.0	25.0	0.0	28.0	18.0	63.0	64.0	55.0	0.0	0.0	3.0	0.0	23.0	40.0	91.0	13.0	24.0	0.0	0.0	73.0	0.0	44.0	41.0	90.0	64.0	23.0	56.0	0.0	70.0	25.0	16.0	46.0	0.0	63.0	0.0	45.0	2.0	40.0	0.0	73.0	0.0	0.0	0.0	98.0	0.0	35.0	0.0	54.0	0.0	97.0	0.0	2.0	52.0	50.0	64.0	22.0	19.0	83.0	54.0	35.0	31.0	34.0	43.0	30.0	0.0	48.0	0.0	14.0	0.0	34.0	95.0	0.0	41.0	72.0	74.0	20.0	56.0	0.0	51.0	0.0	0.0	18.0	39.0
45.0	53.0	0.0	63.0	35.0	100.0	0.0	0.0	47.0	19.0	27.0	0.0	57.0	73.0	93.0	76.0	55.0	49.0	64.0	14.0	50.0	92.0	1.0	62.0	0.0	9.0	73.0	61.0	68.0	98.0	0.0	0.0	81.0	46.0	0.0	0.0	72.0	0.0	89.0	0.0	78.0	74.0	57.0	0.0	83.0	15.0	24.0	72.0	0.0	45.0	14.0	79.0	3.0	65.0	79.0	32.0	51.0	64.0	84.0	79.0	68.0	73.0	0.0	51.0	96.0	77.0	69.0	72.0	100.0	95.0	0.0	7.0	18.0	12.0	25.0	68.0	6.0	3.0	35.0	54.0	65.0	85.0	76.0	61.0
92.0	33.0	0.0	35.0	25.0	81.0	37.0	48.0	57.0	86.0	51.0	0.0	47.0	75.0	85.0	1.0	12.0	90.0	0.0	49.0	0.0	97.0	81.0	11.0	90.0	0.0	0.0	0.0	27.0	29.0	0.0	90.0	0.0	34.0	44.0	49.0	51.0	97.0	60.0	22.0	9.0	31.0	51.0	0.0	55.0	89.0	12.0	92.0	6.0	34.0	29.0	10.0	18.0	43.0	68.0	82.0	90.0	26.0	35.0	11.0	22.0	9.0	25.0	0.0	82.0	56.0	90.0	84.0	0.0	86.0	84.0	62.0	29.0	0.0	8.0	82.0	49.0	93.0	17.0	48.0	85.0	94.0	23.0
5.0	98.0	35.0	59.0	41.0	4.0	91.0	55.0	0.0	39.0	18.0	0.0	40.0	14.0	0.0	84.0	16.0	0.0	8.0	2.0	29.0	1.0	97.0	64.0	39.0	32.0	14.0	90.0	0.0	0.0	11.0	8.0	26.0	60.0	0.0	54.0	57.0	37.0	0.0	82.0	0.0	9.0	31.0	73.0	94.0	87.0	0.0	74.0	63.0	17.0	0.0	0.0	100.0	51.0	0.0	54.0	0.0	15.0	0.0	65.0	81.0	0.0	95.0	60.0	55.0	8.0	8.0	80.0	3.0	34.0	0.0	36.0	16.0	87.0	0.0	38.0	17.0	84.0	10.0	39.0	0.0	92.0
32.0	44.0	82.0	52.0	63.0	42.0	27.0	72.0	97.0	87.0	51.0	0.0	56.0	81.0	24.0	100.0	71.0	70.0	77.0	61.0	32.0	82.0	46.0	0.0	82.0	55.0	48.0	85.0	0.0	89.0	0.0	59.0	0.0	0.0	88.0	70.0	94.0	0.0	22.0	95.0	27.0	93.0	76.0	0.0	0.0	40.0	21.0	37.0	0.0	36.0	12.0	0.0	35.0	92.0	58.0	42.0	75.0	45.0	39.0	0.0	0.0	17.0	83.0	56.0	75.0	98.0	33.0	0.0	33.0	0.0	0.0	0.0	38.0	0.0	27.0	50.0	36.0	58.0	55.0	24.0	0.0
32.0	57.0	55.0	56.0	76.0	29.0	70.0	1.0	85.0	59.0	30.0	24.0	66.0	90.0	6.0	0.0	77.0	0.0	0.0	51.0	0.0	85.0	5.0	66.0	96.0	16.0	0.0	1.0	35.0	97.0	38.0	0.0	64.0	0.0	13.0	45.0	0.0	67.0	61.0	15.0	83.0	0.0	52.0	34.0	51.0	97.0	51.0	44.0	0.0	97.0	7.0	73.0	62.0	0.0	26.0	40.0	0.0	11.0	15.0	41.0	0.0	0.0	76.0	10.0	40.0	92.0	75.0	0.0	0.0	51.0	34.0	41.0	52.0	0.0	0.0	25.0	28.0	72.0	79.0	0.0
0.0	1.0	0.0	94.0	61.0	50.0	20.0	0.0	83.0	36.0	0.0	3.0	46.0	50.0	31.0	31.0	42.0	25.0	22.0	0.0	66.0	73.0	97.0	73.0	2.0	9.0	70.0	42.0	0.0	97.0	87.0	100.0	100.0	99.0	0.0	5.0	97.0	4.0	0.0	43.0	80.0	85.0	35.0	0.0	100.0	4.0	81.0	0.0	99.0	0.0	27.0	28.0	0.0	9.0	0.0	54.0	25.0	0.0	0.0	40.0	8.0	7.0	20.0	9.0	98.0	50.0	20.0	0.0	41.0	35.0	31.0	5.0	63.0	0.0	97.0	76.0	26.0	16.0	3.0
0.0	13.0	42.0	74.0	89.0	0.0	0.0	36.0	93.0	50.0	35.0	91.0	19.0	16.0	0.0	52.0	0.0	0.0	0.0	58.0	83.0	40.0	8.0	93.0	0.0	68.0	30.0	0.0	76.0	12.0	64.0	38.0	78.0	21.0	71.0	39.0	0.0	76.0	53.0	64.0	19.0	14.0	33.0	92.0	80.0	0.0	0.0	69.0	45.0	38.0	89.0	85.0	97.0	34.0	85.0	18.0	48.0	0.0	0.0	56.0	8.0	16.0	24.0	41.0	6.0	56.0	66.0	0.0	19.0	6.0	87.0	63.0	0.0	68.0	32.0	74.0	78.0	80.0
5.0	99.0	0.0	36.0	54.0	68.0	0.0	2.0	18.0	0.0	0.0	33.0	11.0	55.0	0.0	93.0	26.0	71.0	17.0	85.0	0.0	0.0	0.0	55.0	34.0	30.0	28.0	69.0	32.0	68.0	35.0	6.0	42.0	29.0	0.0	60.0	0.0	21.0	72.0	69.0	52.0	0.0	38.0	65.0	93.0	8.0	0.0	11.0	0.0	52.0	8.0	99.0	0.0	41.0	6.0	0.0	0.0	5.0	0.0	0.0	57.0	98.0	0.0	23.0	26.0	8.0	0.0	22.0	0.0	0.0	0.0	89.0	0.0	14.0	22.0	84.0	82.0
0.0	19.0	54.0	42.0	31.0	98.0	0.0	44.0	51.0	77.0	0.0	59.0	9.0	45.0	31.0	55.0	18.0	98.0	79.0	9.0	8.0	0.0	98.0	75.0	39.0	17.0	38.0	59.0	12.0	0.0	40.0	10.0	66.0	0.0	13.0	71.0	67.0	0.0	0.0	0.0	31.0	0.0	67.0	76.0	68.0	45.0	14.0	0.0	0.0	0.0	0.0	0.0	78.0	72.0	69.0	44.0	38.0	62.0	65.0	63.0	13.0	74.0	0.0	77.0	0.0	55.0	13.0	78.0	83.0	47.0	1.0	71.0	86.0	84.0	84.0	95.0
32.0	48.0	90.0	0.0	38.0	31.0	0.0	94.0	80.0	34.0	91.0	9.0	82.0	78.0	3.0	11.0	51.0	21.0	0.0	2.0	39.0	39.0	75.0	85.0	89.0	0.0	0.0	96.0	79.0	82.0	21.0	41.0	35.0	0.0	34.0	27.0	92.0	59.0	85.0	23.0	32.0	60.0	91.0	81.0	76.0	97.0	93.0	49.0	84.0	64.0	81.0	97.0	39.0	3.0	80.0	25.0	38.0	100.0	72.0	40.0	26.0	21.0	83.0	0.0	19.0	23.0	100.0	82.0	34.0	58.0	0.0	0.0	77.0	72.0	68.0
0.0	45.0	42.0	33.0	44.0	44.0	3.0	69.0	68.0	45.0	49.0	9.0	0.0	86.0	6.0	55.0	57.0	88.0	41.0	77.0	91.0	36.0	61.0	0.0	80.0	0.0	0.0	58.0	12.0	4.0	85.0	81.0	3.0	49.0	95.0	6.0	86.0	7.0	13.0	51.0	12.0	47.0	84.0	10.0	19.0	29.0	8.0	26.0	59.0	23.0	60.0	35.0	75.0	21.0	0.0	43.0	14.0	18.0	88.0	93.0	0.0	0.0	0.0	64.0	34.0	0.0	52.0	5.0	0.0	2.0	0.0	0.0	23.0	0.0
0.0	27.0	44.0	0.0	67.0	31.0	0.0	1.0	4.0	0.0	0.0	3.0	27.0	28.0	0.0	70.0	0.0	51.0	56.0	59.0	0.0	44.0	3.0	67.0	18.0	0.0	53.0	92.0	59.0	40.0	58.0	96.0	55.0	0.0	91.0	50.0	99.0	35.0	77.0	95.0	79.0	26.0	53.0	72.0	12.0	5.0	53.0	64.0	0.0	56.0	99.0	73.0	75.0	0.0	58.0	66.0	0.0	0.0	15.0	98.0	30.0	72.0	16.0	81.0	21.0	87.0	6.0	77.0	0.0	56.0	0.0	7.0	56.0
18.0	57.0	89.0	0.0	96.0	0.0	69.0	56.0	0.0	72.0	0.0	73.0	35.0	0.0	0.0	0.0	55.0	0.0	55.0	79.0	14.0	0.0	98.0	100.0	64.0	0.0	66.0	90.0	0.0	29.0	87.0	0.0	85.0	3.0	9.0	83.0	16.0	0.0	58.0	7.0	24.0	0.0	88.0	20.0	3.0	52.0	91.0	52.0	17.0	41.0	0.0	64.0	25.0	99.0	0.0	63.0	55.0	72.0	30.0	54.0	32.0	0.0	21.0	19.0	0.0	4.0	40.0	54.0	81.0	76.0	73.0	0.0
0.0	58.0	0.0	75.0	59.0	14.0	47.0	0.0	74.0	0.0	35.0	36.0	23.0	0.0	14.0	59.0	93.0	53.0	17.0	20.0	7.0	0.0	35.0	29.0	0.0	99.0	24.0	14.0	33.0	99.0	0.0	0.0	0.0	64.0	20.0	78.0	32.0	76.0	30.0	40.0	47.0	90.0	0.0	99.0	82.0	0.0	37.0	100.0	0.0	30.0	46.0	67.0	0.0	87.0	46.0	44.0	43.0	18.0	23.0	36.0	50.0	59.0	19.0	80.0	59.0	0.0	24.0	6.0	72.0	94.0	0.0
10.0	43.0	43.0	31.0	76.0	70.0	45.0	0.0	44.0	66.0	32.0	44.0	0.0	69.0	61.0	82.0	0.0	0.0	13.0	30.0	28.0	0.0	91.0	7.0	0.0	0.0	54.0	88.0	35.0	53.0	72.0	63.0	16.0	0.0	65.0	93.0	0.0	29.0	29.0	49.0	19.0	84.0	41.0	81.0	5.0	82.0	16.0	99.0	0.0	0.0	2.0	94.0	44.0	95.0	49.0	30.0	36.0	0.0	31.0	2.0	0.0	94.0	7.0	63.0	47.0	13.0	52.0	100.0	0.0	0.0
8.0	0.0	0.0	88.0	44.0	16.0	0.0	48.0	96.0	38.0	20.0	41.0	0.0	18.0	51.0	91.0	36.0	9.0	44.0	0.0	72.0	20.0	0.0	95.0	0.0	44.0	5.0	40.0	0.0	96.0	13.0	0.0	0.0	83.0	72.0	11.0	22.0	47.0	82.0	98.0	0.0	0.0	87.0	10.0	10.0	94.0	0.0	0.0	34.0	54.0	45.0	78.0	72.0	0.0	10.0	0.0	0.0	27.0	8.0	0.0	6.0	0.0	91.0	53.0	48.0	35.0	80.0	91.0	24.0
90.0	47.0	0.0	25.0	0.0	65.0	0.0	0.0	38.0	6.0	25.0	50.0	51.0	74.0	8.0	43.0	49.0	77.0	97.0	23.0	56.0	5.0	62.0	2.0	0.0	85.0	95.0	12.0	74.0	23.0	32.0	71.0	9.0	0.0	45.0	56.0	82.0	0.0	0.0	0.0	65.0	23.0	93.0	12.0	0.0	52.0	84.0	90.0	71.0	69.0	41.0	83.0	0.0	47.0	0.0	0.0	11.0	70.0	100.0	23.0	15.0	0.0	50.0	0.0	0.0	8.0	18.0	44.0
73.0	75.0	0.0	10.0	73.0	33.0	0.0	0.0	39.0	45.0	0.0	0.0	20.0	46.0	55.0	32.0	75.0	0.0	85.0	14.0	0.0	96.0	11.0	9.0	0.0	0.0	18.0	17.0	21.0	60.0	47.0	0.0	9.0	69.0	84.0	61.0	41.0	35.0	2.0	87.0	64.0	42.0	52.0	34.0	4.0	6.0	57.0	0.0	0.0	55.0	0.0	97.0	88.0	22.0	0.0	0.0	0.0	0.0	100.0	43.0	45.0	77.0	58.0	4.0	0.0	71.0	25.0
71.0	2.0	0.0	24.0	7.0	37.0	0.0	88.0	42.0	49.0	0.0	0.0	0.0	82.0	22.0	13.0	10.0	44.0	90.0	17.0	80.0	52.0	11.0	91.0	7.0	98.0	7.0	34.0	78.0	61.0	0.0	0.0	0.0	15.0	0.0	0.0	0.0	0.0	39.0	95.0	0.0	59.0	0.0	0.0	62.0	14.0	0.0	88.0	83.0	89.0	82.0	64.0	35.0	11.0	43.0	0.0	32.0	48.0	39.0	32.0	50.0	100.0	96.0	72.0	32.0	0.0
0.0	7.0	66.0	0.0	10.0	27.0	72.0	58.0	0.0	16.0	0.0	30.0	0.0	11.0	0.0	72.0	52.0	76.0	0.0	0.0	57.0	12.0	72.0	78.0	0.0	3.0	12.0	0.0	0.0	75.0	0.0	67.0	0.0	57.0	0.0	0.0	41.0	52.0	34.0	0.0	33.0	62.0	37.0	38.0	39.0	14.0	89.0	34.0	38.0	83.0	79.0	82.0	0.0	52.0	82.0	9.0	75.0	84.0	0.0	80.0	93.0	26.0	0.0	0.0	3.0
97.0	97.0	36.0	53.0	72.0	18.0	0.0	0.0	94.0	13.0	72.0	0.0	0.0	65.0	0.0	0.0	0.0	23.0	0.0	67.0	0.0	52.0	16.0	18.0	17.0	92.0	0.0	0.0	28.0	0.0	26.0	4.0	63.0	59.0	66.0	0.0	82.0	0.0	58.0	46.0	15.0	39.0	0.0	0.0	63.0	12.0	29.0	64.0	19.0	77.0	55.0	37.0	65.0	46.0	17.0	0.0	0.0	93.0	0.0	42.0	0.0	70.0	0.0	6.0
84.0	65.0	0.0	0.0	43.0	54.0	0.0	53.0	57.0	0.0	27.0	0.0	90.0	0.0	0.0	25.0	0.0	55.0	63.0	0.0	39.0	64.0	0.0	75.0	10.0	17.0	82.0	92.0	4.0	0.0	0.0	42.0	41.0	41.0	10.0	48.0	44.0	45.0	79.0	7.0	33.0	92.0	19.0	0.0	0.0	0.0	83.0	93.0	0.0	0.0	99.0	97.0	66.0	77.0	0.0	36.0	24.0	25.0	0.0	48.0	91.0	77.0	0.0
0.0	27.0	34.0	0.0	50.0	64.0	0.0	0.0	99.0	71.0	37.0	92.0	20.0	56.0	38.0	0.0	36.0	95.0	30.0	67.0	99.0	58.0	27.0	0.0	38.0	80.0	0.0	54.0	24.0	98.0	69.0	0.0	0.0	59.0	25.0	63.0	57.0	0.0	97.0	13.0	40.0	0.0	25.0	45.0	53.0	8.0	22.0	0.0	8.0	96.0	0.0	0.0	77.0	11.0	40.0	60.0	74.0	0.0	31.0	0.0	0.0	63.0
59.0	97.0	72.0	12.0	0.0	0.0	79.0	0.0	9.0	16.0	74.0	0.0	50.0	95.0	22.0	78.0	28.0	81.0	0.0	52.0	44.0	79.0	0.0	7.0	0.0	84.0	78.0	34.0	0.0	0.0	12.0	49.0	97.0	69.0	0.0	53.0	86.0	79.0	77.0	19.0	0.0	86.0	46.0	0.0	78.0	7.0	0.0	39.0	5.0	69.0	100.0	0.0	92.0	72.0	99.0	66.0	100.0	91.0	21.0	45.0	36.0
0.0	26.0	55.0	4.0	0.0	0.0	33.0	76.0	30.0	62.0	14.0	80.0	72.0	0.0	0.0	31.0	2.0	10.0	0.0	70.0	0.0	80.0	23.0	9.0	63.0	31.0	36.0	79.0	0.0	72.0	59.0	27.0	9.0	61.0	51.0	0.0	14.0	0.0	17.0	39.0	0.0	29.0	60.0	0.0	33.0	57.0	27.0	37.0	0.0	15.0	49.0	48.0	0.0	58.0	14.0	90.0	100.0	78.0	29.0	65.0
76.0	82.0	60.0	100.0	6.0	83.0	86.0	26.0	0.0	20.0	11.0	0.0	0.0	36.0	5.0	53.0	32.0	2.0	3.0	40.0	0.0	10.0	0.0	0.0	1.0	0.0	11.0	39.0	46.0	83.0	0.0	0.0	0.0	66.0	77.0	46.0	0.0	40.0	82.0	6.0	8.0	0.0	0.0	48.0	32.0	36.0	97.0	65.0	0.0	49.0	0.0	0.0	22.0	19.0	80.0	29.0	54.0	7.0	76.0
12.0	11.0	19.0	14.0	0.0	26.0	25.0	10.0	72.0	91.0	61.0	88.0	2.0	67.0	8.0	26.0	0.0	5.0	94.0	59.0	0.0	29.0	0.0	98.0	7.0	29.0	18.0	2.0	0.0	26.0	8.0	85.0	56.0	14.0	5.0	68.0	86.0	42.0	49.0	41.0	0.0	51.0	39.0	85.0	40.0	0.0	7.0	0.0	35.0	79.0	94.0	88.0	1.0	88.0	0.0	68.0	0.0	0.0
10.0	65.0	82.0	66.0	38.0	0.0	0.0	68.0	96.0	95.0	0.0	34.0	0.0	73.0	4.0	3.0	87.0	46.0	0.0	0.0	1.0	28.0	26.0	54.0	0.0	94.0	52.0	0.0	0.0	73.0	28.0	0.0	22.0	48.0	64.0	66.0	0.0	51.0	0.0	74.0	0.0	0.0	0.0	0.0	42.0	60.0	0.0	0.0	89.0	0.0	99.0	66.0	47.0	0.0	67.0	95.0	0.0
0.0	94.0	37.0	40.0	8.0	91.0	37.0	79.0	13.0	72.0	27.0	98.0	70.0	5.0	59.0	0.0	9.0	62.0	8.0	0.0	0.0	55.0	1.0	0.0	30.0	66.0	30.0	0.0	0.0	32.0	0.0	69.0	68.0	20.0	68.0	31.0	91.0	0.0	18.0	0.0	0.0	100.0	38.0	17.0	45.0	70.0	64.0	54.0	18.0	10.0	0.0	0.0	0.0	97.0	0.0	17.0
80.0	31.0	0.0	0.0	15.0	0.0	42.0	0.0	32.0	46.0	21.0	10.0	0.0	30.0	0.0	44.0	83.0	97.0	64.0	58.0	9.0	80.0	19.0	37.0	98.0	57.0	12.0	0.0	82.0	0.0	68.0	43.0	0.0	11.0	91.0	0.0	76.0	44.0	91.0	0.0	0.0	40.0	0.0	49.0	0.0	27.0	99.0	20.0	0.0	18.0	78.0	10.0	55.0	0.0	0.0
88.0	51.0	42.0	88.0	46.0	94.0	43.0	79.0	0.0	0.0	8.0	3.0	38.0	0.0	52.0	42.0	77.0	15.0	27.0	93.0	40.0	0.0	50.0	67.0	83.0	32.0	73.0	93.0	71.0	0.0	100.0	64.0	33.0	90.0	63.0	0.0	24.0	0.0	0.0	53.0	9.0	85.0	68.0	90.0	3.0	63.0	7.0	67.0	0.0	40.0	0.0	0.0	0.0	0.0
0.0	82.0	6.0	79.0	0.0	0.0	51.0	0.0	34.0	48.0	37.0	3.0	0.0	59.0	1.0	77.0	0.0	20.0	11.0	97.0	0.0	0.0	0.0	36.0	68.0	13.0	0.0	0.0	31.0	24.0	49.0	0.0	0.0	21.0	54.0	0.0	36.0	0.0	2.0	81.0	0.0	0.0	81.0	25.0	73.0	44.0	68.0	34.0	32.0	0.0	83.0	91.0	27.0
0.0	12.0	62.0	24.0	0.0	57.0	12.0	95.0	0.0	94.0	33.0	0.0	0.0	60.0	0.0	78.0	98.0	0.0	32.0	6.0	70.0	66.0	43.0	11.0	77.0	57.0	0.0	90.0	0.0	87.0	67.0	19.0	22.0	29.0	45.0	48.0	5.0	0.0	52.0	62.0	4.0	18.0	69.0	0.0	94.0	62.0	13.0	60.0	39.0	11.0	42.0	40.0
72.0	87.0	56.0	81.0	42.0	6.0	74.0	0.0	0.0	43.0	48.0	88.0	20.0	31.0	0.0	96.0	0.0	90.0	60.0	23.0	0.0	44.0	50.0	0.0	20.0	0.0	13.0	0.0	37.0	0.0	95.0	0.0	41.0	0.0	87.0	26.0	29.0	2.0	0.0	18.0	0.0	57.0	0.0	0.0	46.0	72.0	33.0	79.0	97.0	75.0	79.0
90.0	14.0	18.0	92.0	53.0	93.0	36.0	98.0	10.0	47.0	53.0	0.0	0.0	95.0	0.0	42.0	0.0	77.0	58.0	26.0	88.0	0.0	63.0	30.0	54.0	66.0	46.0	67.0	74.0	21.0	38.0	0.0	19.0	63.0	81.0	0.0	0.0	58.0	43.0	0.0	0.0	41.0	0.0	43.0	91.0	99.0	12.0	26.0	0.0	76.0
59.0	0.0	51.0	0.0	44.0	48.0	0.0	0.0	84.0	26.0	25.0	22.0	71.0	67.0	3.0	60.0	9.0	85.0	70.0	0.0	0.0	49.0	0.0	9.0	0.0	60.0	15.0	0.0	2.0	96.0	75.0	83.0	82.0	91.0	61.0	40.0	0.0	86.0	35.0	47.0	5.0	38.0	97.0	77.0	0.0	8.0	71.0	1.0	79.0
56.0	80.0	0.0	39.0	0.0	7.0	11.0	50.0	0.0	38.0	38.0	76.0	12.0	91.0	26.0	77.0	13.0	60.0	59.0	0.0	3.0	50.0	17.0	23.0	53.0	0.0	64.0	89.0	63.0	0.0	0.0	83.0	0.0	65.0	0.0	90.0	32.0	67.0	54.0	85.0	0.0	63.0	0.0	78.0	32.0	75.0	68.0	19.0
0.0	0.0	100.0	0.0	49.0	100.0	0.0	71.0	0.0	42.0	67.0	54.0	50.0	0.0	90.0	0.0	0.0	0.0	0.0	38.0	91.0	73.0	74.0	78.0	0.0	96.0	0.0	22.0	47.0	67.0	34.0	1.0	9.0	87.0	38.0	84.0	47.0	0.0	58.0	19.0	64.0	42.0	17.0	3.0	5.0	38.0	3.0
91.0	54.0	82.0	22.0	0.0	83.0	0.0	32.0	0.0	49.0	98.0	76.0	54.0	57.0	86.0	40.0	94.0	30.0	16.0	0.0	61.0	0.0	42.0	47.0	55.0	11.0	96.0	11.0	42.0	88.0	22.0	0.0	60.0	49.0	8.0	0.0	85.0	0.0	90.0	78.0	55.0	0.0	11.0	0.0	0.0	24.0
91.0	30.0	0.0	56.0	36.0	51.0	59.0	18.0	90.0	16.0	0.0	48.0	60.0	68.0	84.0	28.0	0.0	78.0	82.0	25.0	0.0	72.0	86.0	0.0	65.0	55.0	0.0	85.0	0.0	45.0	11.0	43.0	24.0	7.0	60.0	94.0	93.0	0.0	66.0	45.0	0.0	55.0	7.0	0.0	22.0
66.0	92.0	38.0	83.0	54.0	28.0	100.0	100.0	97.0	59.0	93.0	32.0	67.0	4.0	19.0	75.0	0.0	0.0	11.0	100.0	40.0	0.0	0.0	78.0	51.0	0.0	75.0	0.0	0.0	23.0	86.0	3.0	57.0	86.0	28.0	91.0	14.0	36.0	25.0	42.0	0.0	93.0	13.0	40.0
44.0	20.0	68.0	49.0	68.0	47.0	59.0	0.0	93.0	0.0	0.0	99.0	38.0	56.0	89.0	60.0	50.0	0.0	48.0	56.0	66.0	82.0	42.0	61.0	53.0	91.0	43.0	7.0	86.0	1.0	39.0	50.0	31.0	30.0	39.0	41.0	96.0	53.0	86.0	73.0	29.0	72.0	93.0
0.0	86.0	14.0	46.0	15.0	56.0	67.0	72.0	56.0	66.0	55.0	28.0	32.0	56.0	89.0	0.0	5.0	15.0	10.0	33.0	88.0	19.0	13.0	0.0	52.0	0.0	71.0	27.0	97.0	5.0	71.0	35.0	0.0	9.0	0.0	49.0	0.0	34.0	3.0	63.0	25.0	70.0
8.0	0.0	0.0	90.0	41.0	68.0	98.0	20.0	6.0	77.0	0.0	71.0	0.0	62.0	0.0	4.0	0.0	0.0	11.0	47.0	23.0	32.0	98.0	41.0	53.0	56.0	80.0	62.0	75.0	61.0	0.0	88.0	76.0	64.0	59.0	12.0	6.0	71.0	75.0	71.0	61.0
0.0	8.0	20.0	68.0	74.0	45.0	69.0	0.0	67.0	31.0	53.0	37.0	74.0	76.0	97.0	60.0	60.0	32.0	79.0	2.0	49.0	0.0	77.0	72.0	47.0	8.0	21.0	0.0	60.0	88.0	9.0	72.0	38.0	61.0	34.0	68.0	0.0	0.0	13.0	0.0
10.0	0.0	41.0	32.0	4.0	28.0	85.0	91.0	0.0	0.0	24.0	98.0	12.0	38.0	45.0	2.0	20.0	42.0	13.0	6.0	48.0	86.0	0.0	9.0	65.0	68.0	0.0	23.0	0.0	89.0	39.0	58.0	0.0	96.0	0.0	33.0	0.0	6.0	8.0
35.0	45.0	0.0	41.0	38.0	39.0	64.0	60.0	0.0	2.0	52.0	95.0	92.0	0.0	0.0	87.0	0.0	25.0	0.0	53.0	0.0	95.0	0.0	92.0	26.0	79.0	69.0	0.0	0.0	36.0	98.0	50.0	82.0	18.0	45.0	65.0	90.0	78.0
0.0	89.0	27.0	95.0	40.0	26.0	2.0	64.0	14.0	42.0	63.0	99.0	11.0	7.0	59.0	0.0	49.0	95.0	35.0	64.0	44.0	53.0	67.0	31.0	51.0	19.0	6.0	0.0	0.0	86.0	27.0	48.0	0.0	71.0	13.0	55.0	29.0
0.0	96.0	65.0	76.0	43.0	0.0	0.0	3.0	62.0	0.0	63.0	0.0	0.0	83.0	82.0	85.0	29.0	78.0	22.0	5.0	26.0	62.0	1.0	0.0	0.0	5.0	42.0	0.0	0.0	50.0	58.0	84.0	0.0	25.0	96.0	4.0
0.0	35.0	9.0	12.0	0.0	76.0	28.0	70.0	27.0	38.0	66.0	0.0	15.0	25.0	39.0	85.0	57.0	27.0	0.0	11.0	35.0	0.0	49.0	12.0	0.0	54.0	94.0	39.0	44.0	0.0	0.0	45.0	92.0	40.0	16.0
0.0	92.0	40.0	0.0	0.0	0.0	58.0	0.0	70.0	79.0	1.0	53.0	5.0	40.0	50.0	88.0	61.0	90.0	0.0	72.0	45.0	91.0	85.0	96.0	84.0	18.0	27.0	0.0	0.0	0.0	63.0	17.0	0.0	28.0
25.0	27.0	100.0	30.0	52.0	7.0	43.0	76.0	0.0	0.0	24.0	79.0	67.0	48.0	14.0	87.0	0.0	87.0	11.0	55.0	61.0	49.0	64.0	40.0	5.0	56.0	66.0	34.0	89.0	37.0	97.0	75.0	38.0
32.0	0.0	49.0	65.0	1.0	54.0	0.0	54.0	0.0	67.0	0.0	0.0	18.0	15.0	30.0	0.0	38.0	65.0	37.0	80.0	47.0	31.0	81.0	16.0	38.0	88.0	81.0	10.0	0.0	59.0	29.0	57.0
0.0	0.0	83.0	39.0	0.0	0.0	4.0	9.0	69.0	0.0	45.0	0.0	82.0	55.0	28.0	0.0	50.0	31.0	11.0	89.0	0.0	90.0	60.0	20.0	24.0	4.0	19.0	61.0	79.0	58.0	0.0
20.0	0.0	0.0	0.0	5.0	57.0	45.0	62.0	99.0	0.0	32.0	86.0	19.0	41.0	0.0	51.0	12.0	85.0	25.0	0.0	0.0	0.0	68.0	0.0	87.0	95.0	13.0	45.0	76.0	63.0
24.0	0.0	11.0	0.0	44.0	7.0	74.0	54.0	0.0	13.0	81.0	55.0	100.0	0.0	0.0	0.0	2.0	82.0	40.0	48.0	65.0	45.0	0.0	39.0	33.0	1.0	95.0	23.0	0.0
81.0	51.0	55.0	75.0	80.0	0.0	13.0	0.0	53.0	81.0	43.0	56.0	64.0	21.0	42.0	89.0	54.0	0.0	62.0	10.0	0.0	79.0	0.0	18.0	2.0	33.0	25.0	0.0
62.0	54.0	0.0	0.0	0.0	26.0	11.0	0.0	82.0	42.0	72.0	100.0	0.0	0.0	0.0	68.0	0.0	25.0	17.0	0.0	94.0	58.0	89.0	58.0	0.0	14.0	64.0
66.0	0.0	7.0	21.0	49.0	68.0	19.0	0.0	12.0	59.0	0.0	85.0	28.0	37.0	0.0	27.0	31.0	3.0	4.0	69.0	72.0	49.0	39.0	47.0	82.0	25.0
84.0	58.0	0.0	98.0	87.0	89.0	26.0	74.0	41.0	6.0	67.0	18.0	70.0	0.0	57.0	80.0	14.0	33.0	7.0	0.0	19.0	64.0	45.0	4.0	39.0
0.0	14.0	83.0	3.0	31.0	95.0	35.0	24.0	0.0	54.0	52.0	100.0	0.0	97.0	98.0	0.0	64.0	63.0	16.0	0.0	51.0	16.0	93.0	42.0
25.0	49.0	97.0	54.0	38.0	0.0	25.0	0.0	90.0	16.0	63.0	64.0	0.0	24.0	33.0	71.0	72.0	38.0	96.0	8.0	44.0	88.0	86.0
0.0	0.0	2.0	83.0	94.0	61.0	87.0	1.0	0.0	36.0	0.0	0.0	78.0	0.0	54.0	33.0	18.0	16.0	57.0	40.0	0.0	0.0
6.0	16.0	72.0	22.0	29.0	40.0	57.0	98.0	0.0	64.0	79.0	57.0	1.0	41.0	22.0	7.0	0.0	83.0	85.0	0.0	38.0
67.0	0.0	0.0	71.0	26.0	12.0	20.0	10.0	33.0	15.0	14.0	68.0	92.0	76.0	0.0	25.0	0.0	68.0	76.0	0.0
0.0	14.0	43.0	47.0	56.0	48.0	52.0	84.0	0.0	38.0	18.0	0.0	0.0	0.0	19.0	0.0	64.0	60.0	0.0
0.0	24.0	23.0	85.0	22.0	0.0	8.0	57.0	0.0	63.0	0.0	0.0	97.0	99.0	0.0	57.0	0.0	86.0
92.0	0.0	0.0	0.0	35.0	62.0	0.0	72.0	83.0	75.0	0.0	38.0	13.0	58.0	59.0	66.0	38.0
13.0	2.0	56.0	0.0	43.0	34.0	17.0	6.0	34.0	22.0	3.0	44.0	4.0	33.0	56.0	0.0
0.0	60.0	12.0	96.0	0.0	36.0	33.0	63.0	39.0	87.0	72.0	89.0	41.0	5.0	49.0
89.0	88.0	44.0	52.0	46.0	0.0	78.0	61.0	11.0	44.0	39.0	90.0	0.0	77.0
0.0	65.0	20.0	17.0	44.0	74.0	82.0	11.0	45.0	35.0	80.0	25.0	52.0
65.0	100.0	0.0	11.0	0.0	96.0	8.0	3.0	97.0	84.0	15.0	84.0
0.0	7.0	0.0	33.0	0.0	0.0	99.0	88.0	0.0	79.0	54.0
43.0	98.0	6.0	0.0	18.0	70.0	0.0	0.0	86.0	0.0
0.0	82.0	37.0	13.0	27.0	11.0	0.0	0.0	33.0
98.0	79.0	86.0	90.0	0.0	55.0	3.0	0.0
14.0	98.0	0.0	0.0	35.0	62.0	65.0
98.0	76.0	0.0	96.0	29.0	30.0
0.0	70.0	25.0	75.0	83.0
76.0	69.0	77.0	56.0
79.0	89.0	97.0
90.0	69.0
0.0

40.0	40.0	50.0	22.0	40.0	40.0	11.0	15.0	9.0	3.0	7.0	30.0	29.0	15.0	3.0	38.0	50.0	26.0	19.0	43.0	25.0	47.0	38.0	8.0	19.0	18.0	35.0	6.0	2.0	24.0	22.0	44.0	35.0	41.0	18.0	9.0	30.0	42.0	50.0	14.0	35.0	34.0	40.0	7.0	34.0	18.0	48.0	14.0	31.0	10.0	10.0	25.0	7.0	29.0	28.0	23.0	18.0	6.0	14.0	31.0	22.0	49.0	21.0	8.0	33.0	20.0	20.0	19.0	49.0	30.0	42.0	29.0	37.0	44.0	21.0	5.0	37.0	11.0	47.0	47.0	23.0	21.0	5.0	10.0	30.0	30.0	43.0	26.0	34.0	46.0	2.0	15.0	35.0	4.0	26.0	23.0	27.0	29.0	12.0	23.0

686.4000000000001	686.4000000000001	686.4000000000001
