qmkp_100_75_5_010
100
5

0.0	0.0	17.0	19.0	38.0	77.0	19.0	0.0	6.0	83.0	30.0	68.0	55.0	90.0	86.0	0.0	1.0	0.0	26.0	60.0	0.0	0.0	8.0	91.0	0.0	89.0	99.0	59.0	1.0	0.0	0.0	76.0	40.0	35.0	55.0	0.0	61.0	0.0	1.0	0.0	17.0	48.0	58.0	45.0	0.0	39.0	5.0	0.0	0.0	14.0	75.0	81.0	32.0	80.0	72.0	16.0	0.0	100.0	52.0	0.0	65.0	42.0	3.0	98.0	93.0	33.0	0.0	76.0	68.0	0.0	52.0	92.0	79.0	68.0	30.0	11.0	0.0	40.0	0.0	86.0	0.0	8.0	0.0	74.0	70.0	15.0	68.0	61.0	46.0	0.0	35.0	70.0	0.0	0.0	27.0	71.0	8.0	14.0	1.0	50.0
35.0	15.0	34.0	44.0	86.0	55.0	43.0	37.0	0.0	0.0	0.0	58.0	61.0	79.0	10.0	70.0	98.0	80.0	0.0	0.0	5.0	37.0	57.0	0.0	0.0	56.0	18.0	29.0	0.0	69.0	66.0	39.0	39.0	15.0	30.0	85.0	0.0	55.0	97.0	22.0	57.0	48.0	0.0	0.0	94.0	33.0	16.0	80.0	68.0	30.0	19.0	0.0	77.0	28.0	75.0	0.0	53.0	49.0	52.0	83.0	0.0	0.0	32.0	76.0	15.0	23.0	66.0	68.0	35.0	80.0	87.0	94.0	0.0	0.0	1.0	88.0	84.0	46.0	92.0	35.0	0.0	41.0	71.0	40.0	21.0	0.0	0.0	33.0	37.0	77.0	91.0	0.0	44.0	83.0	5.0	3.0	92.0	91.0	7.0
0.0	84.0	100.0	0.0	11.0	18.0	8.0	0.0	45.0	81.0	72.0	49.0	14.0	0.0	10.0	0.0	49.0	31.0	99.0	29.0	65.0	0.0	64.0	70.0	32.0	72.0	36.0	79.0	44.0	82.0	49.0	35.0	18.0	11.0	20.0	6.0	45.0	93.0	46.0	0.0	0.0	20.0	15.0	82.0	63.0	81.0	74.0	80.0	0.0	30.0	80.0	0.0	0.0	0.0	38.0	58.0	0.0	94.0	0.0	77.0	4.0	85.0	16.0	0.0	0.0	92.0	10.0	62.0	53.0	26.0	0.0	17.0	34.0	43.0	8.0	23.0	64.0	97.0	39.0	1.0	38.0	77.0	58.0	64.0	46.0	0.0	52.0	60.0	1.0	54.0	18.0	44.0	0.0	78.0	77.0	0.0	72.0	0.0
87.0	78.0	80.0	83.0	0.0	30.0	85.0	0.0	97.0	0.0	61.0	0.0	75.0	0.0	0.0	47.0	54.0	0.0	0.0	0.0	56.0	0.0	98.0	34.0	48.0	0.0	4.0	0.0	23.0	88.0	43.0	61.0	26.0	66.0	95.0	15.0	0.0	32.0	22.0	40.0	31.0	6.0	32.0	0.0	16.0	78.0	14.0	0.0	65.0	89.0	0.0	20.0	83.0	97.0	0.0	0.0	20.0	73.0	14.0	8.0	0.0	0.0	15.0	12.0	26.0	0.0	75.0	13.0	18.0	42.0	65.0	30.0	0.0	0.0	35.0	74.0	45.0	0.0	22.0	21.0	52.0	90.0	35.0	3.0	57.0	80.0	30.0	67.0	0.0	61.0	1.0	64.0	0.0	0.0	38.0	49.0	0.0
64.0	61.0	9.0	44.0	86.0	0.0	0.0	0.0	43.0	0.0	0.0	0.0	58.0	4.0	24.0	64.0	0.0	77.0	13.0	4.0	51.0	64.0	4.0	100.0	69.0	0.0	10.0	26.0	0.0	91.0	100.0	22.0	47.0	42.0	47.0	0.0	0.0	92.0	5.0	71.0	63.0	16.0	51.0	1.0	0.0	45.0	54.0	35.0	45.0	99.0	48.0	95.0	0.0	70.0	75.0	0.0	7.0	32.0	0.0	0.0	0.0	11.0	54.0	69.0	76.0	0.0	24.0	36.0	99.0	22.0	92.0	31.0	0.0	99.0	88.0	56.0	58.0	0.0	58.0	8.0	17.0	61.0	41.0	98.0	0.0	77.0	0.0	33.0	39.0	48.0	0.0	7.0	11.0	89.0	68.0	44.0
63.0	0.0	0.0	49.0	76.0	0.0	9.0	6.0	51.0	64.0	20.0	39.0	82.0	26.0	0.0	0.0	73.0	0.0	41.0	85.0	0.0	0.0	75.0	48.0	63.0	40.0	64.0	13.0	53.0	55.0	0.0	24.0	15.0	60.0	0.0	69.0	0.0	0.0	7.0	77.0	73.0	47.0	25.0	19.0	2.0	68.0	0.0	62.0	70.0	0.0	52.0	99.0	2.0	51.0	84.0	0.0	0.0	50.0	45.0	59.0	26.0	5.0	72.0	0.0	64.0	33.0	0.0	44.0	0.0	5.0	86.0	57.0	0.0	82.0	0.0	3.0	75.0	0.0	29.0	98.0	96.0	71.0	4.0	14.0	80.0	0.0	83.0	0.0	0.0	0.0	40.0	0.0	0.0	26.0	37.0
84.0	29.0	11.0	99.0	55.0	56.0	7.0	16.0	0.0	0.0	4.0	0.0	0.0	72.0	44.0	0.0	16.0	8.0	50.0	21.0	24.0	14.0	70.0	69.0	63.0	98.0	100.0	0.0	55.0	42.0	0.0	97.0	67.0	0.0	0.0	90.0	0.0	0.0	28.0	58.0	9.0	32.0	21.0	48.0	83.0	40.0	72.0	98.0	7.0	72.0	29.0	29.0	57.0	100.0	10.0	4.0	22.0	0.0	0.0	0.0	53.0	46.0	64.0	51.0	95.0	50.0	73.0	31.0	13.0	18.0	47.0	75.0	55.0	0.0	62.0	7.0	71.0	0.0	4.0	67.0	0.0	4.0	0.0	0.0	90.0	0.0	83.0	65.0	0.0	13.0	25.0	52.0	22.0	0.0
0.0	3.0	17.0	0.0	72.0	0.0	16.0	0.0	0.0	36.0	24.0	0.0	86.0	68.0	52.0	71.0	12.0	24.0	0.0	91.0	97.0	55.0	0.0	0.0	8.0	0.0	0.0	31.0	75.0	57.0	94.0	0.0	65.0	32.0	30.0	65.0	96.0	81.0	28.0	0.0	53.0	59.0	34.0	0.0	45.0	44.0	38.0	28.0	81.0	92.0	74.0	57.0	56.0	0.0	67.0	46.0	65.0	10.0	21.0	46.0	50.0	59.0	63.0	0.0	75.0	98.0	80.0	100.0	80.0	90.0	15.0	41.0	95.0	59.0	0.0	88.0	57.0	0.0	10.0	86.0	0.0	61.0	96.0	0.0	26.0	36.0	12.0	29.0	49.0	62.0	0.0	33.0	0.0
10.0	62.0	43.0	94.0	42.0	0.0	0.0	20.0	78.0	27.0	0.0	80.0	2.0	59.0	79.0	58.0	0.0	28.0	21.0	84.0	0.0	0.0	59.0	19.0	0.0	83.0	34.0	89.0	78.0	0.0	75.0	74.0	46.0	54.0	67.0	76.0	0.0	10.0	61.0	94.0	0.0	80.0	0.0	71.0	55.0	74.0	54.0	34.0	0.0	4.0	34.0	80.0	60.0	91.0	0.0	75.0	0.0	0.0	47.0	43.0	43.0	26.0	0.0	42.0	99.0	91.0	71.0	88.0	80.0	52.0	87.0	34.0	60.0	12.0	49.0	63.0	0.0	0.0	0.0	6.0	24.0	62.0	22.0	0.0	74.0	33.0	75.0	96.0	96.0	5.0	31.0	8.0
7.0	0.0	60.0	53.0	50.0	72.0	39.0	41.0	12.0	95.0	90.0	50.0	0.0	14.0	0.0	71.0	22.0	29.0	91.0	58.0	95.0	0.0	16.0	63.0	83.0	96.0	81.0	90.0	59.0	0.0	59.0	51.0	67.0	27.0	57.0	0.0	8.0	24.0	0.0	0.0	55.0	87.0	79.0	5.0	0.0	52.0	0.0	36.0	88.0	33.0	0.0	0.0	97.0	75.0	22.0	0.0	0.0	44.0	44.0	98.0	21.0	93.0	59.0	20.0	84.0	28.0	53.0	50.0	87.0	42.0	86.0	84.0	31.0	0.0	59.0	5.0	0.0	96.0	0.0	0.0	13.0	16.0	0.0	0.0	2.0	93.0	0.0	0.0	0.0	90.0	42.0
21.0	0.0	0.0	2.0	8.0	80.0	5.0	97.0	12.0	11.0	0.0	9.0	45.0	0.0	0.0	11.0	0.0	96.0	100.0	99.0	0.0	30.0	19.0	27.0	27.0	0.0	35.0	21.0	92.0	48.0	71.0	21.0	40.0	46.0	0.0	29.0	54.0	64.0	98.0	0.0	95.0	23.0	100.0	40.0	87.0	34.0	69.0	80.0	0.0	30.0	0.0	37.0	46.0	19.0	23.0	10.0	88.0	8.0	0.0	99.0	75.0	44.0	94.0	92.0	23.0	75.0	25.0	54.0	0.0	61.0	12.0	86.0	59.0	0.0	97.0	16.0	54.0	36.0	9.0	14.0	96.0	22.0	37.0	0.0	0.0	18.0	43.0	76.0	83.0	0.0
0.0	59.0	87.0	21.0	34.0	36.0	27.0	8.0	26.0	0.0	80.0	31.0	73.0	36.0	94.0	72.0	0.0	37.0	0.0	81.0	0.0	0.0	47.0	12.0	14.0	97.0	56.0	0.0	9.0	0.0	11.0	50.0	21.0	67.0	50.0	34.0	27.0	67.0	28.0	88.0	75.0	0.0	96.0	0.0	98.0	91.0	89.0	11.0	44.0	51.0	45.0	66.0	11.0	82.0	91.0	29.0	50.0	31.0	48.0	18.0	19.0	31.0	0.0	0.0	82.0	82.0	81.0	84.0	71.0	0.0	80.0	10.0	33.0	36.0	80.0	88.0	69.0	93.0	0.0	0.0	88.0	0.0	0.0	15.0	95.0	0.0	38.0	78.0	39.0
0.0	0.0	0.0	63.0	75.0	30.0	48.0	61.0	52.0	36.0	82.0	5.0	81.0	0.0	11.0	0.0	0.0	91.0	66.0	91.0	16.0	28.0	28.0	0.0	67.0	10.0	40.0	85.0	26.0	2.0	31.0	0.0	4.0	5.0	60.0	30.0	96.0	42.0	27.0	50.0	5.0	68.0	0.0	89.0	29.0	96.0	37.0	14.0	20.0	59.0	23.0	36.0	100.0	66.0	49.0	12.0	91.0	0.0	4.0	79.0	70.0	0.0	89.0	88.0	20.0	42.0	0.0	53.0	54.0	55.0	0.0	37.0	94.0	95.0	27.0	11.0	67.0	57.0	84.0	49.0	80.0	0.0	39.0	9.0	10.0	0.0	44.0	0.0
39.0	77.0	0.0	17.0	94.0	10.0	17.0	31.0	0.0	0.0	0.0	11.0	23.0	51.0	51.0	45.0	47.0	43.0	0.0	28.0	3.0	0.0	0.0	97.0	60.0	60.0	13.0	49.0	50.0	9.0	43.0	56.0	57.0	67.0	25.0	14.0	87.0	7.0	20.0	43.0	0.0	0.0	45.0	6.0	0.0	0.0	80.0	79.0	0.0	3.0	75.0	17.0	0.0	57.0	38.0	55.0	12.0	65.0	96.0	0.0	53.0	70.0	0.0	14.0	82.0	87.0	1.0	69.0	54.0	0.0	61.0	0.0	9.0	100.0	0.0	37.0	32.0	87.0	0.0	0.0	18.0	59.0	27.0	0.0	19.0	1.0	49.0
50.0	0.0	42.0	34.0	81.0	0.0	0.0	16.0	96.0	36.0	0.0	0.0	35.0	44.0	0.0	51.0	12.0	0.0	2.0	82.0	0.0	0.0	37.0	0.0	25.0	38.0	89.0	0.0	61.0	72.0	81.0	0.0	7.0	0.0	0.0	82.0	0.0	77.0	54.0	0.0	7.0	24.0	30.0	47.0	100.0	0.0	0.0	53.0	13.0	70.0	58.0	0.0	11.0	99.0	19.0	76.0	72.0	5.0	0.0	32.0	99.0	91.0	0.0	70.0	0.0	0.0	99.0	85.0	0.0	51.0	86.0	11.0	12.0	0.0	4.0	16.0	0.0	86.0	74.0	60.0	58.0	54.0	0.0	55.0	35.0	82.0
0.0	50.0	2.0	16.0	41.0	0.0	83.0	50.0	0.0	53.0	0.0	13.0	86.0	13.0	0.0	89.0	72.0	91.0	0.0	22.0	15.0	50.0	74.0	0.0	53.0	26.0	22.0	38.0	77.0	44.0	0.0	8.0	15.0	7.0	92.0	5.0	12.0	19.0	0.0	70.0	0.0	0.0	45.0	92.0	55.0	0.0	11.0	4.0	34.0	5.0	12.0	44.0	0.0	71.0	11.0	89.0	95.0	24.0	0.0	95.0	27.0	0.0	0.0	14.0	62.0	61.0	0.0	0.0	6.0	31.0	4.0	0.0	93.0	1.0	61.0	13.0	45.0	73.0	0.0	0.0	42.0	37.0	11.0	18.0	73.0
64.0	0.0	15.0	0.0	64.0	39.0	39.0	74.0	0.0	0.0	0.0	41.0	42.0	0.0	0.0	93.0	0.0	10.0	0.0	42.0	44.0	17.0	9.0	2.0	0.0	63.0	47.0	72.0	59.0	37.0	0.0	13.0	0.0	0.0	29.0	65.0	81.0	2.0	0.0	15.0	38.0	63.0	44.0	8.0	27.0	78.0	30.0	48.0	10.0	97.0	0.0	87.0	12.0	44.0	31.0	26.0	8.0	77.0	0.0	0.0	90.0	44.0	0.0	71.0	0.0	7.0	51.0	62.0	51.0	31.0	81.0	85.0	0.0	51.0	10.0	41.0	74.0	95.0	41.0	49.0	0.0	22.0	0.0	6.0
50.0	66.0	0.0	79.0	64.0	47.0	0.0	0.0	0.0	36.0	0.0	60.0	85.0	63.0	36.0	61.0	48.0	2.0	13.0	0.0	41.0	81.0	93.0	29.0	35.0	74.0	45.0	0.0	93.0	0.0	73.0	75.0	15.0	28.0	92.0	3.0	36.0	37.0	0.0	81.0	15.0	54.0	39.0	62.0	89.0	18.0	36.0	0.0	34.0	5.0	76.0	34.0	58.0	58.0	69.0	0.0	88.0	66.0	47.0	0.0	88.0	0.0	46.0	45.0	0.0	19.0	31.0	0.0	82.0	0.0	59.0	62.0	65.0	62.0	41.0	0.0	0.0	88.0	97.0	69.0	73.0	71.0	52.0
61.0	12.0	0.0	0.0	0.0	95.0	24.0	41.0	47.0	0.0	0.0	19.0	45.0	51.0	0.0	0.0	22.0	14.0	43.0	10.0	0.0	21.0	59.0	72.0	40.0	0.0	97.0	72.0	93.0	53.0	31.0	0.0	3.0	82.0	7.0	25.0	88.0	43.0	51.0	73.0	35.0	94.0	0.0	80.0	0.0	0.0	0.0	95.0	0.0	0.0	15.0	16.0	96.0	0.0	56.0	29.0	94.0	29.0	21.0	19.0	25.0	10.0	73.0	44.0	0.0	67.0	19.0	24.0	53.0	0.0	16.0	22.0	0.0	0.0	14.0	0.0	0.0	44.0	62.0	26.0	23.0	59.0
0.0	74.0	0.0	0.0	87.0	98.0	11.0	55.0	0.0	79.0	36.0	36.0	0.0	71.0	60.0	0.0	72.0	88.0	78.0	14.0	82.0	40.0	0.0	59.0	78.0	80.0	78.0	0.0	65.0	53.0	3.0	4.0	0.0	45.0	63.0	95.0	87.0	61.0	0.0	82.0	100.0	0.0	58.0	19.0	80.0	0.0	21.0	80.0	83.0	0.0	93.0	0.0	100.0	0.0	33.0	5.0	0.0	76.0	15.0	84.0	0.0	57.0	0.0	0.0	90.0	93.0	0.0	11.0	64.0	38.0	0.0	92.0	0.0	91.0	0.0	23.0	77.0	23.0	0.0	27.0	33.0
0.0	77.0	8.0	25.0	64.0	22.0	33.0	0.0	94.0	89.0	23.0	0.0	87.0	86.0	30.0	0.0	92.0	25.0	70.0	0.0	100.0	0.0	96.0	27.0	0.0	18.0	56.0	30.0	25.0	54.0	51.0	41.0	0.0	66.0	89.0	19.0	91.0	7.0	56.0	32.0	96.0	45.0	69.0	63.0	12.0	42.0	1.0	90.0	41.0	21.0	84.0	98.0	59.0	0.0	0.0	95.0	0.0	0.0	6.0	32.0	0.0	0.0	91.0	53.0	100.0	80.0	0.0	73.0	78.0	54.0	71.0	81.0	97.0	88.0	22.0	0.0	0.0	79.0	67.0	95.0
15.0	39.0	0.0	0.0	88.0	0.0	77.0	69.0	11.0	49.0	36.0	10.0	90.0	0.0	72.0	50.0	61.0	89.0	22.0	22.0	0.0	55.0	40.0	48.0	51.0	9.0	0.0	47.0	85.0	84.0	21.0	0.0	0.0	0.0	0.0	91.0	0.0	39.0	0.0	59.0	99.0	80.0	17.0	20.0	0.0	9.0	10.0	63.0	76.0	0.0	12.0	4.0	0.0	81.0	76.0	44.0	57.0	97.0	34.0	89.0	60.0	42.0	94.0	10.0	69.0	80.0	67.0	32.0	48.0	99.0	40.0	84.0	70.0	56.0	2.0	0.0	47.0	0.0	70.0
15.0	7.0	93.0	15.0	98.0	37.0	99.0	38.0	32.0	27.0	25.0	0.0	2.0	43.0	89.0	2.0	16.0	48.0	0.0	0.0	0.0	0.0	44.0	72.0	46.0	13.0	0.0	32.0	40.0	0.0	11.0	0.0	58.0	70.0	0.0	0.0	18.0	81.0	0.0	54.0	28.0	6.0	0.0	0.0	25.0	100.0	0.0	0.0	70.0	58.0	56.0	43.0	8.0	83.0	14.0	90.0	58.0	0.0	26.0	57.0	89.0	92.0	49.0	39.0	63.0	89.0	92.0	29.0	86.0	16.0	61.0	0.0	50.0	88.0	15.0	48.0	35.0	29.0
18.0	0.0	23.0	60.0	50.0	33.0	0.0	44.0	0.0	77.0	79.0	56.0	0.0	27.0	22.0	54.0	55.0	0.0	0.0	75.0	99.0	8.0	67.0	95.0	0.0	0.0	64.0	62.0	7.0	86.0	68.0	97.0	0.0	80.0	17.0	80.0	46.0	45.0	18.0	78.0	40.0	24.0	0.0	0.0	87.0	14.0	52.0	88.0	9.0	81.0	62.0	0.0	75.0	27.0	26.0	57.0	80.0	90.0	0.0	88.0	37.0	76.0	0.0	33.0	60.0	27.0	26.0	26.0	13.0	26.0	0.0	6.0	33.0	89.0	67.0	67.0	1.0
74.0	78.0	41.0	0.0	0.0	65.0	80.0	21.0	0.0	0.0	78.0	70.0	81.0	52.0	60.0	78.0	98.0	4.0	62.0	32.0	0.0	0.0	7.0	0.0	0.0	9.0	64.0	0.0	72.0	16.0	0.0	91.0	0.0	10.0	7.0	0.0	0.0	0.0	38.0	84.0	46.0	45.0	49.0	0.0	76.0	79.0	64.0	0.0	0.0	8.0	32.0	0.0	0.0	91.0	4.0	22.0	0.0	80.0	87.0	23.0	41.0	89.0	41.0	0.0	41.0	54.0	0.0	0.0	41.0	0.0	0.0	16.0	0.0	63.0	75.0	14.0
76.0	65.0	92.0	74.0	26.0	0.0	78.0	9.0	0.0	0.0	21.0	34.0	78.0	13.0	4.0	23.0	60.0	58.0	61.0	0.0	99.0	9.0	77.0	42.0	59.0	68.0	10.0	85.0	35.0	0.0	72.0	86.0	15.0	53.0	99.0	65.0	66.0	26.0	0.0	6.0	75.0	11.0	41.0	50.0	77.0	63.0	78.0	91.0	13.0	32.0	0.0	20.0	13.0	45.0	22.0	34.0	0.0	90.0	0.0	0.0	51.0	94.0	100.0	26.0	1.0	0.0	91.0	0.0	28.0	42.0	34.0	0.0	0.0	94.0	7.0
49.0	16.0	92.0	57.0	0.0	0.0	87.0	77.0	66.0	19.0	0.0	64.0	98.0	0.0	15.0	0.0	17.0	11.0	6.0	0.0	26.0	69.0	0.0	77.0	62.0	91.0	29.0	64.0	81.0	51.0	0.0	26.0	0.0	0.0	92.0	0.0	56.0	5.0	0.0	0.0	16.0	0.0	81.0	37.0	64.0	54.0	0.0	0.0	0.0	55.0	0.0	16.0	0.0	19.0	44.0	49.0	85.0	46.0	44.0	0.0	0.0	33.0	21.0	75.0	0.0	53.0	72.0	16.0	0.0	83.0	1.0	62.0	0.0	0.0
0.0	39.0	51.0	60.0	34.0	33.0	3.0	88.0	28.0	26.0	0.0	55.0	100.0	70.0	80.0	97.0	0.0	34.0	0.0	31.0	44.0	0.0	1.0	68.0	55.0	0.0	57.0	0.0	98.0	22.0	0.0	0.0	55.0	24.0	84.0	78.0	66.0	62.0	29.0	14.0	49.0	46.0	56.0	70.0	91.0	74.0	22.0	98.0	0.0	8.0	100.0	33.0	57.0	71.0	27.0	0.0	65.0	23.0	0.0	56.0	0.0	0.0	58.0	72.0	3.0	52.0	15.0	0.0	100.0	96.0	0.0	33.0	0.0
82.0	51.0	0.0	0.0	96.0	0.0	29.0	0.0	93.0	0.0	0.0	16.0	0.0	91.0	0.0	0.0	91.0	50.0	26.0	0.0	0.0	47.0	74.0	36.0	41.0	32.0	60.0	38.0	53.0	0.0	68.0	99.0	17.0	83.0	32.0	87.0	82.0	80.0	0.0	0.0	0.0	12.0	0.0	46.0	69.0	24.0	97.0	0.0	72.0	72.0	0.0	0.0	0.0	65.0	69.0	83.0	62.0	83.0	14.0	0.0	78.0	12.0	0.0	53.0	0.0	0.0	0.0	25.0	78.0	96.0	75.0	79.0
0.0	69.0	0.0	86.0	0.0	24.0	76.0	58.0	0.0	42.0	75.0	22.0	79.0	100.0	91.0	89.0	0.0	23.0	89.0	0.0	54.0	0.0	0.0	3.0	0.0	0.0	0.0	71.0	35.0	35.0	63.0	83.0	54.0	6.0	54.0	48.0	95.0	0.0	77.0	0.0	0.0	38.0	91.0	0.0	14.0	17.0	13.0	14.0	0.0	6.0	0.0	82.0	9.0	94.0	0.0	67.0	68.0	83.0	72.0	45.0	50.0	69.0	77.0	0.0	4.0	0.0	25.0	31.0	5.0	41.0	35.0
11.0	93.0	2.0	62.0	0.0	0.0	100.0	97.0	61.0	29.0	38.0	77.0	17.0	44.0	0.0	52.0	33.0	0.0	78.0	9.0	95.0	0.0	92.0	36.0	9.0	52.0	65.0	7.0	85.0	26.0	33.0	69.0	98.0	76.0	47.0	17.0	85.0	84.0	53.0	0.0	0.0	10.0	60.0	48.0	91.0	23.0	0.0	32.0	96.0	38.0	44.0	81.0	57.0	86.0	91.0	0.0	53.0	83.0	0.0	0.0	0.0	61.0	78.0	39.0	0.0	0.0	9.0	89.0	0.0	100.0
59.0	90.0	39.0	22.0	0.0	0.0	99.0	55.0	0.0	52.0	0.0	0.0	30.0	19.0	56.0	87.0	61.0	30.0	0.0	0.0	62.0	0.0	23.0	82.0	49.0	2.0	93.0	67.0	31.0	95.0	0.0	25.0	82.0	91.0	96.0	37.0	61.0	4.0	84.0	86.0	44.0	28.0	31.0	82.0	0.0	97.0	36.0	0.0	36.0	53.0	0.0	43.0	0.0	61.0	78.0	57.0	71.0	0.0	0.0	8.0	0.0	10.0	30.0	4.0	19.0	92.0	54.0	1.0	65.0
21.0	85.0	25.0	88.0	2.0	89.0	0.0	0.0	13.0	70.0	11.0	4.0	26.0	4.0	74.0	0.0	14.0	88.0	82.0	67.0	0.0	86.0	32.0	83.0	86.0	11.0	86.0	0.0	34.0	81.0	97.0	11.0	64.0	83.0	0.0	0.0	0.0	61.0	57.0	0.0	79.0	12.0	0.0	90.0	13.0	30.0	79.0	14.0	57.0	32.0	61.0	75.0	6.0	59.0	64.0	0.0	59.0	61.0	26.0	0.0	0.0	58.0	26.0	56.0	0.0	100.0	90.0	46.0
3.0	28.0	50.0	45.0	28.0	32.0	0.0	15.0	0.0	45.0	17.0	0.0	7.0	0.0	0.0	77.0	15.0	87.0	60.0	0.0	19.0	64.0	11.0	74.0	49.0	100.0	0.0	60.0	49.0	0.0	0.0	66.0	50.0	87.0	6.0	42.0	56.0	16.0	0.0	41.0	59.0	84.0	88.0	85.0	99.0	0.0	78.0	0.0	95.0	90.0	54.0	90.0	0.0	9.0	0.0	31.0	0.0	94.0	0.0	0.0	0.0	6.0	36.0	57.0	45.0	62.0	49.0
17.0	29.0	96.0	0.0	41.0	32.0	47.0	40.0	41.0	37.0	8.0	0.0	84.0	43.0	7.0	57.0	20.0	0.0	76.0	49.0	35.0	91.0	77.0	14.0	4.0	94.0	18.0	14.0	22.0	5.0	39.0	74.0	24.0	41.0	56.0	89.0	16.0	79.0	77.0	0.0	3.0	0.0	20.0	20.0	0.0	33.0	25.0	1.0	40.0	62.0	0.0	97.0	15.0	0.0	31.0	61.0	98.0	44.0	81.0	9.0	0.0	0.0	81.0	59.0	87.0	58.0
57.0	7.0	0.0	76.0	0.0	43.0	61.0	79.0	27.0	44.0	53.0	0.0	19.0	50.0	94.0	98.0	66.0	98.0	0.0	18.0	60.0	67.0	14.0	2.0	12.0	44.0	41.0	96.0	0.0	3.0	43.0	85.0	75.0	0.0	89.0	91.0	36.0	97.0	0.0	74.0	68.0	85.0	77.0	17.0	0.0	84.0	3.0	63.0	77.0	43.0	9.0	0.0	18.0	15.0	68.0	7.0	0.0	0.0	78.0	4.0	29.0	8.0	0.0	0.0	83.0
63.0	74.0	70.0	46.0	85.0	28.0	58.0	52.0	54.0	21.0	48.0	12.0	60.0	0.0	85.0	45.0	63.0	3.0	0.0	89.0	0.0	26.0	34.0	49.0	21.0	92.0	97.0	79.0	0.0	41.0	0.0	39.0	0.0	63.0	0.0	20.0	61.0	25.0	37.0	0.0	21.0	0.0	50.0	0.0	19.0	23.0	50.0	64.0	44.0	86.0	100.0	12.0	21.0	30.0	47.0	0.0	49.0	51.0	11.0	72.0	0.0	38.0	57.0	0.0
4.0	58.0	91.0	85.0	0.0	74.0	0.0	0.0	0.0	21.0	12.0	29.0	26.0	21.0	36.0	0.0	32.0	26.0	4.0	72.0	69.0	0.0	71.0	39.0	0.0	96.0	26.0	0.0	0.0	100.0	90.0	0.0	98.0	0.0	47.0	23.0	75.0	90.0	0.0	89.0	0.0	0.0	89.0	39.0	68.0	59.0	49.0	24.0	97.0	0.0	0.0	54.0	48.0	18.0	0.0	12.0	94.0	0.0	12.0	0.0	60.0	18.0	19.0
8.0	88.0	0.0	25.0	96.0	63.0	16.0	1.0	96.0	64.0	99.0	0.0	63.0	8.0	38.0	50.0	23.0	29.0	22.0	0.0	86.0	23.0	67.0	23.0	64.0	15.0	87.0	32.0	92.0	31.0	42.0	53.0	5.0	0.0	58.0	85.0	57.0	0.0	95.0	51.0	0.0	0.0	61.0	27.0	29.0	92.0	17.0	0.0	57.0	0.0	0.0	74.0	46.0	0.0	84.0	69.0	56.0	23.0	82.0	0.0	34.0	3.0
56.0	54.0	0.0	93.0	62.0	88.0	16.0	3.0	46.0	0.0	0.0	0.0	37.0	0.0	96.0	0.0	0.0	0.0	18.0	30.0	0.0	96.0	18.0	0.0	0.0	10.0	36.0	7.0	73.0	27.0	0.0	0.0	12.0	79.0	91.0	99.0	77.0	98.0	61.0	64.0	0.0	0.0	0.0	26.0	93.0	45.0	52.0	36.0	37.0	5.0	0.0	0.0	11.0	57.0	86.0	0.0	35.0	46.0	27.0	39.0	0.0
97.0	0.0	71.0	0.0	0.0	0.0	50.0	93.0	0.0	0.0	0.0	6.0	0.0	0.0	87.0	0.0	67.0	35.0	11.0	12.0	2.0	51.0	0.0	18.0	1.0	4.0	20.0	59.0	63.0	0.0	57.0	3.0	0.0	26.0	0.0	24.0	77.0	0.0	35.0	0.0	73.0	0.0	0.0	93.0	80.0	75.0	0.0	92.0	0.0	34.0	54.0	15.0	42.0	68.0	10.0	0.0	71.0	44.0	79.0	15.0
58.0	77.0	0.0	0.0	99.0	11.0	10.0	51.0	37.0	0.0	3.0	24.0	29.0	0.0	23.0	78.0	7.0	49.0	32.0	0.0	0.0	58.0	23.0	0.0	10.0	29.0	28.0	33.0	0.0	14.0	19.0	5.0	82.0	0.0	70.0	72.0	13.0	51.0	16.0	0.0	0.0	50.0	71.0	24.0	0.0	0.0	67.0	0.0	91.0	0.0	0.0	0.0	11.0	96.0	73.0	90.0	61.0	41.0	0.0
0.0	0.0	0.0	28.0	0.0	69.0	0.0	0.0	38.0	66.0	0.0	89.0	13.0	56.0	92.0	27.0	0.0	29.0	69.0	14.0	35.0	0.0	3.0	0.0	0.0	97.0	31.0	88.0	20.0	31.0	58.0	46.0	38.0	79.0	0.0	77.0	64.0	0.0	0.0	0.0	72.0	4.0	79.0	65.0	81.0	62.0	0.0	5.0	55.0	81.0	28.0	84.0	71.0	69.0	61.0	0.0	0.0	57.0
71.0	0.0	59.0	0.0	0.0	0.0	51.0	42.0	0.0	67.0	0.0	17.0	90.0	0.0	35.0	49.0	11.0	7.0	72.0	1.0	78.0	0.0	0.0	70.0	34.0	0.0	97.0	18.0	58.0	83.0	77.0	24.0	99.0	100.0	55.0	11.0	30.0	43.0	0.0	13.0	76.0	80.0	0.0	95.0	82.0	18.0	34.0	26.0	0.0	20.0	17.0	3.0	9.0	0.0	31.0	0.0	31.0
0.0	63.0	0.0	29.0	43.0	86.0	33.0	52.0	52.0	35.0	28.0	78.0	71.0	18.0	11.0	53.0	10.0	36.0	0.0	15.0	44.0	37.0	87.0	10.0	0.0	55.0	0.0	20.0	35.0	0.0	98.0	85.0	0.0	0.0	58.0	81.0	7.0	9.0	30.0	41.0	34.0	0.0	42.0	100.0	90.0	37.0	91.0	99.0	90.0	19.0	0.0	92.0	0.0	87.0	67.0	59.0
24.0	0.0	45.0	0.0	15.0	47.0	42.0	0.0	0.0	87.0	0.0	1.0	25.0	62.0	90.0	14.0	95.0	0.0	14.0	68.0	13.0	24.0	1.0	0.0	52.0	0.0	89.0	41.0	78.0	75.0	81.0	0.0	71.0	75.0	99.0	0.0	0.0	82.0	35.0	0.0	0.0	35.0	62.0	0.0	0.0	76.0	92.0	0.0	66.0	0.0	0.0	49.0	89.0	0.0	5.0
1.0	0.0	0.0	69.0	69.0	24.0	7.0	0.0	0.0	11.0	95.0	54.0	0.0	5.0	0.0	57.0	64.0	0.0	0.0	42.0	32.0	0.0	78.0	0.0	93.0	64.0	76.0	29.0	0.0	0.0	44.0	0.0	0.0	15.0	10.0	69.0	0.0	92.0	9.0	0.0	3.0	51.0	85.0	0.0	9.0	25.0	81.0	37.0	21.0	20.0	0.0	100.0	0.0	81.0
75.0	69.0	64.0	81.0	32.0	68.0	0.0	26.0	0.0	17.0	0.0	86.0	54.0	0.0	9.0	2.0	2.0	0.0	100.0	0.0	0.0	65.0	0.0	73.0	4.0	28.0	0.0	33.0	92.0	0.0	56.0	0.0	4.0	65.0	74.0	75.0	23.0	21.0	0.0	7.0	0.0	0.0	8.0	92.0	0.0	11.0	100.0	17.0	56.0	0.0	10.0	7.0	79.0
37.0	0.0	96.0	92.0	0.0	0.0	0.0	21.0	5.0	0.0	37.0	28.0	36.0	38.0	95.0	45.0	75.0	24.0	20.0	22.0	98.0	52.0	28.0	95.0	78.0	88.0	33.0	0.0	88.0	0.0	72.0	2.0	44.0	99.0	91.0	8.0	95.0	45.0	0.0	60.0	50.0	35.0	75.0	0.0	64.0	0.0	0.0	0.0	0.0	77.0	71.0	0.0
84.0	89.0	39.0	0.0	23.0	61.0	0.0	60.0	0.0	21.0	1.0	0.0	71.0	0.0	40.0	0.0	0.0	40.0	0.0	0.0	41.0	70.0	25.0	23.0	36.0	8.0	0.0	100.0	80.0	0.0	0.0	99.0	7.0	0.0	0.0	10.0	0.0	0.0	41.0	19.0	31.0	0.0	21.0	80.0	24.0	44.0	0.0	87.0	89.0	0.0	59.0
0.0	8.0	31.0	31.0	0.0	91.0	11.0	33.0	62.0	0.0	0.0	92.0	87.0	53.0	25.0	24.0	16.0	49.0	40.0	14.0	0.0	60.0	48.0	90.0	0.0	0.0	55.0	3.0	0.0	94.0	76.0	0.0	0.0	64.0	80.0	0.0	92.0	32.0	62.0	67.0	26.0	58.0	17.0	41.0	68.0	54.0	7.0	9.0	49.0	5.0
0.0	69.0	0.0	0.0	35.0	52.0	94.0	51.0	60.0	0.0	0.0	84.0	35.0	1.0	62.0	43.0	97.0	0.0	0.0	76.0	78.0	67.0	41.0	48.0	22.0	39.0	23.0	19.0	16.0	70.0	96.0	0.0	63.0	53.0	7.0	0.0	12.0	7.0	95.0	0.0	0.0	63.0	25.0	61.0	88.0	90.0	4.0	0.0	0.0
77.0	91.0	16.0	7.0	11.0	75.0	15.0	0.0	3.0	51.0	4.0	27.0	0.0	77.0	79.0	49.0	74.0	92.0	0.0	39.0	11.0	12.0	28.0	0.0	66.0	19.0	0.0	62.0	0.0	10.0	80.0	30.0	0.0	0.0	16.0	2.0	65.0	0.0	1.0	7.0	0.0	14.0	0.0	23.0	57.0	24.0	47.0	84.0
71.0	11.0	0.0	10.0	67.0	0.0	42.0	33.0	5.0	91.0	83.0	45.0	87.0	0.0	92.0	38.0	64.0	0.0	0.0	22.0	51.0	75.0	18.0	75.0	63.0	89.0	0.0	99.0	75.0	77.0	32.0	0.0	27.0	71.0	24.0	0.0	50.0	0.0	17.0	32.0	74.0	51.0	0.0	11.0	67.0	5.0	62.0
71.0	65.0	0.0	76.0	75.0	55.0	0.0	58.0	62.0	87.0	1.0	69.0	98.0	10.0	82.0	84.0	63.0	0.0	60.0	52.0	53.0	35.0	15.0	58.0	36.0	44.0	75.0	36.0	0.0	34.0	84.0	62.0	45.0	97.0	42.0	32.0	97.0	0.0	13.0	31.0	30.0	0.0	0.0	4.0	44.0	0.0
64.0	0.0	12.0	0.0	50.0	29.0	6.0	47.0	31.0	82.0	56.0	38.0	30.0	97.0	60.0	31.0	0.0	85.0	24.0	20.0	63.0	0.0	79.0	33.0	64.0	35.0	4.0	60.0	40.0	35.0	34.0	0.0	83.0	0.0	99.0	38.0	57.0	30.0	12.0	0.0	24.0	0.0	96.0	92.0	66.0
0.0	2.0	0.0	35.0	98.0	0.0	57.0	0.0	7.0	0.0	63.0	0.0	57.0	32.0	94.0	0.0	7.0	70.0	0.0	99.0	31.0	88.0	14.0	0.0	0.0	0.0	66.0	90.0	10.0	0.0	0.0	78.0	55.0	99.0	39.0	65.0	25.0	53.0	66.0	95.0	70.0	22.0	74.0	0.0
31.0	80.0	58.0	40.0	15.0	11.0	48.0	14.0	27.0	13.0	3.0	12.0	0.0	29.0	19.0	45.0	88.0	1.0	97.0	23.0	0.0	0.0	10.0	0.0	6.0	5.0	41.0	56.0	25.0	0.0	0.0	75.0	81.0	66.0	7.0	69.0	59.0	73.0	0.0	7.0	51.0	6.0	0.0
0.0	0.0	70.0	25.0	92.0	14.0	41.0	0.0	0.0	36.0	60.0	0.0	38.0	0.0	9.0	21.0	100.0	0.0	89.0	0.0	0.0	14.0	28.0	51.0	91.0	84.0	29.0	91.0	65.0	70.0	75.0	87.0	71.0	0.0	14.0	0.0	31.0	17.0	0.0	75.0	44.0	38.0
24.0	0.0	10.0	47.0	0.0	0.0	85.0	18.0	53.0	0.0	58.0	0.0	11.0	60.0	61.0	16.0	99.0	95.0	34.0	42.0	6.0	0.0	50.0	0.0	43.0	44.0	60.0	0.0	33.0	99.0	0.0	0.0	21.0	36.0	97.0	24.0	72.0	0.0	0.0	0.0	0.0
100.0	0.0	66.0	37.0	48.0	0.0	81.0	30.0	0.0	78.0	0.0	32.0	0.0	0.0	0.0	0.0	58.0	35.0	0.0	90.0	43.0	43.0	0.0	0.0	22.0	51.0	71.0	20.0	91.0	100.0	0.0	15.0	5.0	16.0	88.0	0.0	13.0	59.0	0.0	22.0
41.0	43.0	89.0	13.0	85.0	40.0	0.0	95.0	4.0	0.0	59.0	71.0	74.0	44.0	63.0	17.0	6.0	0.0	16.0	96.0	50.0	0.0	38.0	0.0	21.0	77.0	34.0	77.0	0.0	44.0	0.0	0.0	62.0	0.0	0.0	36.0	16.0	27.0	20.0
58.0	35.0	0.0	51.0	24.0	18.0	36.0	41.0	0.0	0.0	15.0	1.0	37.0	26.0	65.0	15.0	0.0	76.0	51.0	31.0	20.0	0.0	93.0	0.0	29.0	0.0	96.0	97.0	12.0	43.0	0.0	54.0	93.0	83.0	48.0	18.0	0.0	72.0
0.0	97.0	58.0	52.0	1.0	94.0	0.0	4.0	52.0	34.0	98.0	23.0	0.0	0.0	0.0	0.0	53.0	62.0	28.0	86.0	0.0	90.0	85.0	90.0	35.0	14.0	0.0	94.0	0.0	4.0	94.0	100.0	0.0	20.0	0.0	77.0	73.0
29.0	81.0	2.0	0.0	7.0	95.0	99.0	0.0	0.0	91.0	94.0	0.0	40.0	92.0	20.0	0.0	32.0	87.0	68.0	15.0	70.0	2.0	0.0	0.0	78.0	50.0	60.0	90.0	12.0	39.0	25.0	31.0	30.0	0.0	59.0	74.0
23.0	18.0	87.0	25.0	0.0	97.0	1.0	76.0	80.0	0.0	0.0	0.0	38.0	0.0	48.0	0.0	0.0	78.0	1.0	0.0	47.0	0.0	87.0	39.0	52.0	0.0	8.0	0.0	100.0	10.0	3.0	49.0	0.0	29.0	0.0
11.0	83.0	28.0	50.0	95.0	94.0	0.0	0.0	71.0	78.0	10.0	0.0	17.0	64.0	100.0	0.0	33.0	0.0	41.0	91.0	54.0	89.0	44.0	24.0	0.0	0.0	79.0	0.0	0.0	30.0	10.0	54.0	0.0	0.0
0.0	26.0	73.0	97.0	59.0	64.0	0.0	10.0	0.0	35.0	59.0	10.0	68.0	34.0	79.0	30.0	95.0	55.0	73.0	45.0	0.0	12.0	0.0	0.0	39.0	16.0	54.0	0.0	89.0	77.0	0.0	96.0	55.0
9.0	74.0	0.0	48.0	42.0	49.0	37.0	81.0	0.0	0.0	0.0	0.0	16.0	0.0	45.0	94.0	81.0	34.0	19.0	0.0	30.0	22.0	98.0	29.0	30.0	31.0	21.0	37.0	0.0	62.0	52.0	29.0
99.0	0.0	0.0	0.0	83.0	81.0	0.0	0.0	28.0	40.0	7.0	89.0	90.0	67.0	0.0	76.0	0.0	24.0	43.0	0.0	19.0	0.0	24.0	59.0	58.0	47.0	80.0	0.0	60.0	77.0	0.0
76.0	37.0	29.0	30.0	80.0	83.0	95.0	62.0	0.0	0.0	0.0	0.0	90.0	78.0	26.0	7.0	0.0	39.0	100.0	0.0	46.0	0.0	81.0	0.0	37.0	63.0	84.0	0.0	45.0	15.0
84.0	18.0	0.0	0.0	99.0	62.0	0.0	36.0	46.0	12.0	4.0	87.0	73.0	90.0	58.0	1.0	46.0	5.0	81.0	0.0	31.0	22.0	0.0	0.0	47.0	0.0	20.0	26.0	65.0
34.0	89.0	24.0	0.0	16.0	0.0	0.0	0.0	28.0	93.0	1.0	58.0	0.0	62.0	32.0	43.0	3.0	21.0	88.0	82.0	67.0	6.0	13.0	27.0	74.0	0.0	0.0	95.0
0.0	55.0	93.0	8.0	10.0	40.0	0.0	79.0	47.0	98.0	74.0	75.0	0.0	70.0	82.0	24.0	0.0	19.0	0.0	0.0	89.0	0.0	0.0	29.0	61.0	8.0	94.0
0.0	0.0	27.0	46.0	89.0	21.0	68.0	71.0	13.0	70.0	0.0	89.0	33.0	34.0	39.0	70.0	48.0	34.0	64.0	68.0	13.0	42.0	77.0	0.0	86.0	10.0
75.0	0.0	86.0	0.0	52.0	31.0	26.0	78.0	0.0	73.0	0.0	0.0	0.0	49.0	0.0	0.0	0.0	0.0	0.0	82.0	20.0	99.0	81.0	41.0	78.0
4.0	28.0	19.0	74.0	0.0	15.0	83.0	0.0	36.0	0.0	0.0	43.0	2.0	56.0	21.0	56.0	58.0	0.0	35.0	52.0	0.0	99.0	0.0	46.0
40.0	98.0	36.0	16.0	0.0	51.0	37.0	0.0	34.0	0.0	46.0	48.0	70.0	50.0	65.0	4.0	21.0	36.0	97.0	53.0	54.0	3.0	87.0
30.0	11.0	20.0	27.0	91.0	69.0	0.0	65.0	14.0	0.0	0.0	0.0	66.0	54.0	53.0	23.0	87.0	63.0	89.0	30.0	86.0	0.0
13.0	0.0	15.0	0.0	54.0	0.0	53.0	0.0	64.0	62.0	49.0	8.0	0.0	0.0	0.0	68.0	13.0	0.0	0.0	22.0	14.0
25.0	50.0	51.0	0.0	53.0	0.0	32.0	2.0	0.0	43.0	66.0	72.0	46.0	18.0	20.0	41.0	63.0	84.0	64.0	94.0
44.0	67.0	17.0	0.0	30.0	55.0	0.0	32.0	22.0	0.0	0.0	25.0	59.0	0.0	66.0	51.0	76.0	88.0	3.0
0.0	59.0	69.0	48.0	0.0	14.0	0.0	0.0	20.0	56.0	0.0	46.0	50.0	63.0	68.0	89.0	0.0	54.0
71.0	42.0	82.0	14.0	0.0	42.0	18.0	0.0	29.0	20.0	12.0	7.0	0.0	16.0	46.0	63.0	0.0
0.0	61.0	55.0	22.0	68.0	3.0	20.0	0.0	6.0	26.0	0.0	2.0	0.0	35.0	0.0	73.0
46.0	0.0	56.0	5.0	3.0	100.0	58.0	46.0	80.0	81.0	30.0	84.0	0.0	17.0	3.0
32.0	83.0	49.0	0.0	31.0	67.0	96.0	92.0	33.0	79.0	0.0	84.0	100.0	92.0
9.0	27.0	19.0	0.0	0.0	46.0	86.0	81.0	30.0	97.0	90.0	0.0	22.0
43.0	98.0	33.0	30.0	39.0	37.0	59.0	8.0	0.0	0.0	74.0	79.0
0.0	57.0	51.0	83.0	71.0	0.0	41.0	95.0	0.0	87.0	60.0
74.0	31.0	86.0	27.0	0.0	11.0	15.0	0.0	29.0	0.0
68.0	56.0	0.0	0.0	69.0	61.0	86.0	24.0	25.0
14.0	22.0	0.0	30.0	12.0	31.0	0.0	88.0
84.0	24.0	25.0	18.0	56.0	0.0	0.0
0.0	0.0	31.0	30.0	0.0	13.0
0.0	100.0	14.0	0.0	66.0
78.0	0.0	88.0	0.0
0.0	7.0	54.0
0.0	52.0
59.0

17.0	29.0	23.0	32.0	9.0	16.0	17.0	45.0	27.0	21.0	37.0	3.0	45.0	7.0	22.0	31.0	17.0	41.0	33.0	26.0	11.0	10.0	12.0	47.0	46.0	35.0	8.0	33.0	3.0	46.0	6.0	32.0	32.0	32.0	18.0	36.0	39.0	49.0	26.0	37.0	47.0	20.0	46.0	20.0	35.0	23.0	33.0	23.0	43.0	9.0	2.0	21.0	6.0	31.0	4.0	36.0	3.0	37.0	35.0	26.0	18.0	29.0	27.0	19.0	46.0	46.0	38.0	41.0	43.0	11.0	39.0	4.0	45.0	46.0	1.0	17.0	9.0	5.0	45.0	20.0	32.0	3.0	11.0	48.0	16.0	23.0	7.0	26.0	34.0	4.0	48.0	4.0	5.0	24.0	3.0	47.0	10.0	46.0	16.0	33.0

407.2	407.2	407.2	407.2	407.2
