qmkp_100_75_3_006
100
3

52.0	78.0	0.0	84.0	7.0	97.0	92.0	82.0	73.0	30.0	52.0	5.0	31.0	26.0	0.0	25.0	99.0	83.0	68.0	39.0	66.0	58.0	0.0	39.0	99.0	52.0	20.0	0.0	0.0	0.0	0.0	25.0	11.0	83.0	39.0	0.0	41.0	10.0	17.0	2.0	50.0	71.0	82.0	68.0	0.0	0.0	27.0	68.0	0.0	67.0	3.0	83.0	0.0	56.0	0.0	0.0	77.0	13.0	82.0	86.0	22.0	91.0	82.0	72.0	36.0	63.0	47.0	47.0	37.0	0.0	67.0	0.0	74.0	0.0	53.0	20.0	68.0	99.0	57.0	0.0	51.0	84.0	46.0	80.0	26.0	27.0	25.0	89.0	22.0	70.0	48.0	64.0	55.0	30.0	89.0	0.0	87.0	17.0	10.0	0.0
48.0	90.0	88.0	17.0	50.0	95.0	80.0	92.0	53.0	6.0	33.0	94.0	52.0	74.0	11.0	99.0	1.0	51.0	56.0	91.0	61.0	60.0	0.0	77.0	75.0	18.0	59.0	42.0	23.0	51.0	0.0	14.0	27.0	98.0	89.0	69.0	12.0	100.0	46.0	10.0	93.0	9.0	31.0	66.0	2.0	67.0	52.0	72.0	96.0	61.0	0.0	38.0	12.0	10.0	69.0	0.0	0.0	79.0	43.0	0.0	71.0	0.0	100.0	87.0	80.0	0.0	0.0	92.0	0.0	13.0	86.0	23.0	28.0	35.0	49.0	72.0	34.0	0.0	58.0	18.0	88.0	0.0	0.0	31.0	85.0	70.0	91.0	28.0	25.0	100.0	7.0	0.0	14.0	0.0	31.0	88.0	69.0	83.0	0.0
73.0	3.0	5.0	15.0	11.0	18.0	0.0	0.0	0.0	1.0	0.0	63.0	79.0	62.0	98.0	74.0	61.0	60.0	59.0	42.0	0.0	27.0	90.0	38.0	7.0	73.0	55.0	0.0	41.0	44.0	27.0	0.0	38.0	29.0	38.0	73.0	55.0	47.0	24.0	26.0	68.0	54.0	0.0	0.0	40.0	22.0	57.0	0.0	0.0	11.0	76.0	11.0	0.0	0.0	22.0	23.0	0.0	92.0	67.0	57.0	56.0	76.0	74.0	22.0	11.0	89.0	72.0	46.0	30.0	69.0	4.0	0.0	9.0	97.0	43.0	27.0	84.0	22.0	97.0	25.0	74.0	14.0	0.0	0.0	96.0	32.0	0.0	9.0	68.0	13.0	14.0	92.0	0.0	4.0	0.0	94.0	63.0	2.0
0.0	0.0	6.0	26.0	59.0	30.0	19.0	18.0	4.0	90.0	83.0	0.0	81.0	41.0	3.0	34.0	0.0	52.0	0.0	0.0	0.0	0.0	0.0	81.0	0.0	46.0	60.0	38.0	0.0	72.0	85.0	42.0	39.0	0.0	0.0	8.0	84.0	0.0	44.0	44.0	4.0	37.0	0.0	46.0	64.0	97.0	28.0	15.0	10.0	81.0	39.0	0.0	0.0	0.0	32.0	0.0	0.0	78.0	38.0	27.0	58.0	0.0	58.0	42.0	0.0	50.0	95.0	0.0	26.0	4.0	69.0	0.0	8.0	36.0	78.0	82.0	88.0	66.0	0.0	79.0	46.0	23.0	25.0	8.0	25.0	90.0	56.0	13.0	70.0	27.0	24.0	0.0	40.0	35.0	7.0	10.0	0.0
18.0	53.0	18.0	44.0	0.0	0.0	64.0	51.0	66.0	74.0	10.0	55.0	0.0	60.0	3.0	30.0	0.0	83.0	57.0	74.0	0.0	60.0	46.0	68.0	46.0	13.0	84.0	0.0	47.0	73.0	9.0	0.0	57.0	0.0	30.0	94.0	73.0	0.0	51.0	79.0	35.0	0.0	0.0	39.0	65.0	0.0	96.0	53.0	8.0	62.0	88.0	43.0	0.0	22.0	3.0	0.0	6.0	78.0	44.0	14.0	0.0	37.0	0.0	50.0	42.0	0.0	41.0	0.0	0.0	21.0	0.0	57.0	18.0	14.0	0.0	95.0	48.0	0.0	17.0	0.0	0.0	13.0	97.0	30.0	0.0	54.0	0.0	90.0	88.0	10.0	0.0	15.0	61.0	34.0	38.0	35.0
0.0	25.0	0.0	75.0	60.0	41.0	27.0	96.0	0.0	38.0	44.0	58.0	18.0	86.0	0.0	69.0	23.0	0.0	16.0	71.0	19.0	18.0	2.0	75.0	21.0	0.0	33.0	0.0	76.0	0.0	0.0	34.0	0.0	46.0	100.0	26.0	49.0	71.0	0.0	22.0	0.0	81.0	31.0	80.0	47.0	56.0	34.0	38.0	27.0	0.0	36.0	100.0	99.0	0.0	41.0	0.0	3.0	81.0	39.0	78.0	34.0	0.0	4.0	0.0	76.0	68.0	0.0	0.0	31.0	83.0	63.0	0.0	87.0	38.0	60.0	0.0	0.0	29.0	60.0	45.0	0.0	23.0	41.0	27.0	80.0	27.0	82.0	1.0	78.0	0.0	36.0	50.0	63.0	41.0	52.0
58.0	1.0	65.0	0.0	65.0	58.0	12.0	28.0	89.0	6.0	97.0	6.0	8.0	43.0	81.0	2.0	27.0	62.0	85.0	63.0	15.0	27.0	0.0	21.0	5.0	92.0	93.0	22.0	0.0	63.0	24.0	92.0	0.0	92.0	36.0	45.0	47.0	9.0	0.0	63.0	59.0	0.0	52.0	66.0	85.0	88.0	0.0	10.0	0.0	0.0	0.0	59.0	51.0	54.0	68.0	31.0	67.0	20.0	18.0	74.0	0.0	3.0	21.0	23.0	94.0	48.0	96.0	53.0	36.0	4.0	68.0	0.0	0.0	2.0	17.0	88.0	0.0	11.0	16.0	53.0	20.0	87.0	9.0	0.0	87.0	97.0	0.0	0.0	21.0	70.0	47.0	9.0	0.0	57.0
20.0	35.0	61.0	44.0	23.0	0.0	68.0	0.0	92.0	53.0	78.0	24.0	94.0	0.0	33.0	0.0	72.0	47.0	87.0	65.0	80.0	67.0	0.0	88.0	10.0	6.0	92.0	54.0	9.0	0.0	45.0	80.0	0.0	5.0	7.0	57.0	10.0	91.0	54.0	24.0	0.0	79.0	53.0	16.0	0.0	0.0	0.0	15.0	0.0	4.0	50.0	99.0	77.0	20.0	70.0	9.0	79.0	80.0	54.0	0.0	80.0	16.0	66.0	78.0	92.0	81.0	1.0	0.0	59.0	58.0	95.0	0.0	31.0	85.0	77.0	12.0	64.0	33.0	79.0	62.0	41.0	39.0	67.0	0.0	0.0	66.0	18.0	80.0	94.0	46.0	0.0	90.0	82.0
53.0	82.0	38.0	12.0	45.0	0.0	29.0	26.0	73.0	59.0	0.0	0.0	68.0	0.0	76.0	0.0	39.0	92.0	86.0	0.0	18.0	36.0	42.0	29.0	29.0	64.0	27.0	0.0	63.0	0.0	78.0	81.0	0.0	0.0	80.0	93.0	0.0	0.0	0.0	41.0	88.0	4.0	6.0	0.0	14.0	97.0	20.0	22.0	38.0	36.0	26.0	73.0	0.0	81.0	0.0	0.0	0.0	62.0	0.0	15.0	38.0	39.0	0.0	44.0	0.0	57.0	39.0	0.0	86.0	41.0	64.0	9.0	91.0	0.0	29.0	96.0	68.0	79.0	2.0	47.0	32.0	58.0	23.0	50.0	0.0	28.0	81.0	45.0	27.0	80.0	10.0	58.0
0.0	3.0	96.0	96.0	85.0	0.0	43.0	91.0	40.0	33.0	27.0	32.0	9.0	88.0	47.0	15.0	90.0	0.0	0.0	0.0	0.0	25.0	79.0	65.0	44.0	5.0	0.0	49.0	2.0	0.0	7.0	63.0	94.0	0.0	0.0	0.0	24.0	80.0	48.0	49.0	36.0	0.0	70.0	64.0	72.0	70.0	0.0	81.0	82.0	99.0	88.0	83.0	56.0	0.0	33.0	3.0	44.0	0.0	11.0	32.0	28.0	32.0	35.0	3.0	66.0	57.0	14.0	20.0	61.0	14.0	25.0	27.0	38.0	95.0	95.0	41.0	0.0	0.0	61.0	0.0	17.0	78.0	0.0	0.0	78.0	100.0	31.0	55.0	56.0	31.0	0.0
64.0	40.0	0.0	7.0	6.0	74.0	81.0	52.0	0.0	15.0	47.0	86.0	90.0	0.0	0.0	0.0	97.0	18.0	24.0	70.0	0.0	0.0	0.0	79.0	0.0	30.0	92.0	11.0	0.0	29.0	63.0	0.0	85.0	0.0	21.0	0.0	0.0	78.0	65.0	43.0	1.0	22.0	79.0	56.0	38.0	58.0	99.0	0.0	0.0	36.0	0.0	29.0	89.0	69.0	4.0	42.0	27.0	65.0	0.0	89.0	0.0	0.0	25.0	0.0	22.0	93.0	98.0	77.0	73.0	5.0	37.0	0.0	4.0	66.0	8.0	97.0	0.0	67.0	4.0	0.0	0.0	97.0	0.0	0.0	46.0	76.0	0.0	78.0	56.0	97.0
0.0	0.0	0.0	98.0	89.0	0.0	6.0	0.0	60.0	35.0	87.0	51.0	1.0	19.0	0.0	84.0	42.0	55.0	91.0	0.0	93.0	37.0	74.0	0.0	9.0	99.0	76.0	39.0	68.0	75.0	0.0	63.0	51.0	53.0	0.0	0.0	99.0	85.0	0.0	79.0	64.0	13.0	44.0	0.0	12.0	0.0	0.0	9.0	0.0	11.0	91.0	32.0	0.0	6.0	43.0	43.0	7.0	68.0	0.0	69.0	28.0	67.0	0.0	85.0	8.0	79.0	0.0	0.0	3.0	17.0	0.0	0.0	0.0	38.0	25.0	0.0	0.0	93.0	96.0	3.0	28.0	68.0	0.0	86.0	63.0	11.0	78.0	84.0	84.0
0.0	33.0	19.0	76.0	73.0	27.0	0.0	53.0	86.0	10.0	0.0	24.0	0.0	67.0	0.0	0.0	0.0	72.0	55.0	8.0	95.0	48.0	48.0	87.0	50.0	57.0	0.0	51.0	0.0	45.0	0.0	19.0	28.0	80.0	62.0	5.0	72.0	72.0	72.0	24.0	97.0	0.0	18.0	69.0	49.0	0.0	86.0	79.0	83.0	93.0	15.0	2.0	2.0	0.0	94.0	94.0	41.0	0.0	0.0	0.0	63.0	16.0	0.0	15.0	40.0	94.0	0.0	85.0	43.0	28.0	0.0	22.0	93.0	89.0	5.0	0.0	52.0	37.0	2.0	0.0	31.0	85.0	34.0	0.0	0.0	89.0	66.0	24.0
83.0	11.0	15.0	73.0	0.0	82.0	0.0	29.0	49.0	84.0	67.0	0.0	34.0	0.0	94.0	10.0	45.0	21.0	39.0	0.0	46.0	0.0	83.0	32.0	98.0	0.0	0.0	20.0	0.0	3.0	79.0	7.0	0.0	22.0	21.0	53.0	17.0	100.0	0.0	93.0	96.0	17.0	0.0	0.0	46.0	0.0	12.0	38.0	0.0	0.0	16.0	0.0	82.0	56.0	0.0	36.0	36.0	97.0	11.0	93.0	93.0	45.0	52.0	0.0	0.0	37.0	60.0	41.0	35.0	0.0	33.0	0.0	0.0	0.0	40.0	97.0	100.0	0.0	1.0	32.0	0.0	84.0	38.0	76.0	90.0	67.0	70.0
72.0	55.0	82.0	0.0	53.0	10.0	85.0	23.0	13.0	20.0	11.0	87.0	0.0	94.0	90.0	91.0	0.0	74.0	62.0	66.0	61.0	9.0	51.0	0.0	71.0	90.0	0.0	0.0	44.0	37.0	67.0	53.0	35.0	1.0	59.0	0.0	78.0	87.0	79.0	36.0	82.0	0.0	25.0	66.0	28.0	13.0	0.0	63.0	99.0	87.0	22.0	0.0	0.0	40.0	0.0	0.0	90.0	91.0	0.0	56.0	0.0	90.0	64.0	76.0	37.0	46.0	0.0	2.0	53.0	0.0	18.0	48.0	33.0	64.0	14.0	26.0	8.0	17.0	0.0	1.0	6.0	69.0	0.0	85.0	32.0	0.0
22.0	43.0	66.0	58.0	43.0	0.0	58.0	56.0	12.0	30.0	91.0	19.0	0.0	45.0	15.0	59.0	15.0	14.0	42.0	8.0	31.0	68.0	100.0	59.0	0.0	0.0	28.0	81.0	99.0	64.0	41.0	0.0	35.0	70.0	62.0	0.0	100.0	58.0	0.0	95.0	68.0	0.0	97.0	38.0	32.0	100.0	25.0	88.0	100.0	81.0	42.0	77.0	11.0	0.0	0.0	23.0	19.0	82.0	90.0	0.0	15.0	27.0	68.0	5.0	0.0	96.0	0.0	35.0	14.0	37.0	50.0	59.0	72.0	93.0	0.0	90.0	53.0	9.0	45.0	0.0	87.0	69.0	84.0	78.0	93.0
72.0	48.0	81.0	20.0	81.0	90.0	29.0	0.0	0.0	19.0	8.0	0.0	0.0	23.0	3.0	0.0	66.0	40.0	48.0	20.0	0.0	0.0	15.0	2.0	13.0	64.0	99.0	0.0	0.0	20.0	0.0	32.0	0.0	38.0	0.0	30.0	55.0	4.0	5.0	15.0	0.0	11.0	72.0	98.0	0.0	54.0	85.0	0.0	52.0	29.0	0.0	31.0	33.0	35.0	12.0	48.0	51.0	62.0	1.0	28.0	7.0	6.0	94.0	73.0	48.0	95.0	0.0	15.0	23.0	0.0	21.0	84.0	0.0	0.0	12.0	62.0	3.0	37.0	83.0	72.0	28.0	43.0	59.0	9.0
58.0	23.0	0.0	44.0	84.0	83.0	60.0	97.0	96.0	36.0	39.0	0.0	77.0	35.0	2.0	0.0	8.0	4.0	25.0	16.0	0.0	0.0	64.0	62.0	23.0	7.0	65.0	0.0	48.0	0.0	0.0	0.0	0.0	5.0	39.0	28.0	86.0	62.0	94.0	0.0	56.0	0.0	57.0	24.0	72.0	62.0	48.0	15.0	2.0	41.0	37.0	0.0	0.0	0.0	0.0	45.0	99.0	100.0	32.0	44.0	28.0	4.0	0.0	94.0	0.0	91.0	30.0	13.0	0.0	25.0	70.0	35.0	97.0	8.0	67.0	22.0	6.0	0.0	57.0	0.0	68.0	66.0	81.0
17.0	82.0	0.0	81.0	0.0	0.0	68.0	57.0	0.0	0.0	73.0	0.0	49.0	0.0	0.0	90.0	84.0	59.0	0.0	56.0	99.0	0.0	51.0	88.0	78.0	56.0	79.0	88.0	50.0	0.0	34.0	0.0	84.0	0.0	0.0	25.0	0.0	63.0	24.0	77.0	88.0	22.0	49.0	17.0	86.0	88.0	32.0	0.0	0.0	0.0	47.0	56.0	10.0	81.0	73.0	91.0	0.0	0.0	3.0	89.0	97.0	0.0	0.0	0.0	38.0	6.0	11.0	0.0	41.0	83.0	0.0	0.0	32.0	66.0	0.0	88.0	58.0	61.0	90.0	95.0	0.0	0.0
41.0	97.0	43.0	45.0	7.0	27.0	0.0	37.0	58.0	0.0	0.0	88.0	0.0	0.0	75.0	33.0	92.0	35.0	0.0	46.0	7.0	83.0	0.0	11.0	50.0	12.0	51.0	91.0	59.0	3.0	14.0	28.0	97.0	0.0	18.0	19.0	0.0	55.0	77.0	24.0	38.0	100.0	98.0	0.0	0.0	58.0	64.0	0.0	0.0	27.0	75.0	58.0	0.0	6.0	0.0	31.0	13.0	34.0	98.0	21.0	2.0	33.0	51.0	48.0	0.0	37.0	0.0	59.0	18.0	12.0	0.0	0.0	65.0	100.0	65.0	47.0	42.0	3.0	48.0	27.0	38.0
100.0	27.0	69.0	47.0	89.0	70.0	37.0	0.0	0.0	73.0	37.0	0.0	89.0	51.0	0.0	37.0	0.0	94.0	0.0	14.0	37.0	0.0	44.0	67.0	9.0	79.0	49.0	0.0	29.0	37.0	36.0	68.0	29.0	90.0	58.0	8.0	8.0	98.0	52.0	45.0	33.0	0.0	5.0	30.0	10.0	0.0	85.0	12.0	2.0	0.0	16.0	35.0	59.0	0.0	0.0	58.0	0.0	64.0	29.0	0.0	39.0	19.0	0.0	37.0	68.0	67.0	38.0	73.0	0.0	0.0	54.0	35.0	0.0	81.0	3.0	25.0	0.0	0.0	34.0	51.0
37.0	74.0	22.0	0.0	5.0	52.0	10.0	39.0	37.0	88.0	52.0	0.0	72.0	35.0	88.0	0.0	0.0	9.0	81.0	25.0	24.0	0.0	87.0	6.0	30.0	80.0	0.0	0.0	83.0	90.0	47.0	83.0	90.0	8.0	0.0	32.0	29.0	35.0	13.0	6.0	0.0	95.0	0.0	0.0	0.0	29.0	65.0	0.0	41.0	54.0	2.0	0.0	34.0	0.0	0.0	78.0	49.0	76.0	0.0	54.0	81.0	5.0	0.0	32.0	0.0	32.0	92.0	57.0	56.0	48.0	0.0	0.0	7.0	87.0	69.0	20.0	0.0	44.0	82.0
77.0	0.0	74.0	87.0	73.0	87.0	19.0	0.0	27.0	93.0	38.0	12.0	65.0	12.0	83.0	24.0	65.0	52.0	49.0	19.0	25.0	3.0	17.0	59.0	0.0	49.0	50.0	21.0	0.0	0.0	78.0	82.0	66.0	12.0	0.0	0.0	55.0	0.0	86.0	22.0	57.0	19.0	43.0	31.0	87.0	100.0	81.0	14.0	34.0	45.0	0.0	26.0	9.0	92.0	2.0	98.0	0.0	44.0	97.0	80.0	0.0	7.0	27.0	0.0	25.0	16.0	98.0	15.0	28.0	36.0	74.0	0.0	55.0	92.0	10.0	95.0	34.0	64.0
84.0	44.0	0.0	0.0	39.0	51.0	51.0	22.0	79.0	60.0	16.0	5.0	23.0	76.0	48.0	90.0	0.0	0.0	24.0	43.0	0.0	17.0	76.0	44.0	0.0	86.0	43.0	0.0	0.0	24.0	15.0	0.0	25.0	70.0	67.0	51.0	0.0	6.0	71.0	100.0	94.0	0.0	71.0	87.0	27.0	27.0	89.0	0.0	81.0	71.0	46.0	17.0	0.0	20.0	41.0	77.0	0.0	18.0	0.0	56.0	0.0	52.0	0.0	0.0	56.0	99.0	79.0	3.0	53.0	0.0	59.0	0.0	50.0	0.0	84.0	0.0	1.0
0.0	92.0	30.0	90.0	3.0	0.0	0.0	48.0	98.0	85.0	5.0	76.0	71.0	77.0	0.0	7.0	58.0	48.0	50.0	39.0	29.0	0.0	18.0	24.0	98.0	0.0	0.0	0.0	68.0	33.0	0.0	49.0	73.0	74.0	27.0	16.0	0.0	34.0	0.0	5.0	71.0	6.0	0.0	31.0	76.0	0.0	61.0	0.0	40.0	56.0	24.0	0.0	15.0	12.0	0.0	63.0	69.0	6.0	0.0	0.0	61.0	85.0	22.0	86.0	60.0	9.0	28.0	0.0	48.0	6.0	54.0	15.0	30.0	35.0	0.0	7.0
88.0	18.0	5.0	14.0	11.0	0.0	18.0	29.0	8.0	21.0	83.0	22.0	21.0	12.0	34.0	3.0	73.0	29.0	0.0	16.0	13.0	5.0	10.0	21.0	87.0	19.0	66.0	37.0	45.0	92.0	44.0	0.0	70.0	53.0	84.0	41.0	37.0	21.0	33.0	31.0	1.0	79.0	0.0	56.0	0.0	0.0	31.0	66.0	66.0	41.0	72.0	95.0	44.0	70.0	35.0	52.0	21.0	0.0	36.0	49.0	95.0	82.0	47.0	26.0	1.0	39.0	0.0	0.0	16.0	32.0	0.0	7.0	0.0	83.0	73.0
17.0	0.0	0.0	48.0	31.0	83.0	6.0	40.0	76.0	93.0	54.0	66.0	92.0	0.0	0.0	5.0	64.0	12.0	81.0	0.0	19.0	44.0	15.0	0.0	96.0	9.0	93.0	15.0	69.0	49.0	89.0	47.0	0.0	0.0	28.0	0.0	90.0	4.0	43.0	0.0	47.0	68.0	25.0	53.0	0.0	49.0	58.0	72.0	32.0	45.0	0.0	29.0	52.0	0.0	57.0	100.0	90.0	25.0	0.0	66.0	98.0	0.0	23.0	85.0	85.0	89.0	81.0	59.0	53.0	0.0	44.0	0.0	7.0	24.0
61.0	61.0	0.0	92.0	0.0	59.0	95.0	39.0	49.0	68.0	82.0	77.0	86.0	89.0	0.0	1.0	3.0	15.0	0.0	50.0	21.0	1.0	85.0	0.0	0.0	41.0	42.0	0.0	0.0	26.0	64.0	40.0	63.0	13.0	0.0	80.0	28.0	21.0	47.0	88.0	0.0	88.0	82.0	55.0	0.0	70.0	93.0	0.0	69.0	0.0	0.0	59.0	44.0	84.0	28.0	54.0	75.0	68.0	53.0	61.0	0.0	37.0	13.0	54.0	16.0	30.0	84.0	94.0	92.0	13.0	45.0	63.0	84.0
53.0	0.0	0.0	17.0	65.0	0.0	3.0	26.0	17.0	83.0	69.0	0.0	0.0	67.0	0.0	0.0	81.0	94.0	5.0	31.0	40.0	75.0	26.0	23.0	10.0	0.0	96.0	35.0	68.0	92.0	69.0	18.0	91.0	28.0	82.0	30.0	45.0	95.0	71.0	0.0	63.0	0.0	17.0	0.0	25.0	80.0	0.0	0.0	34.0	56.0	86.0	95.0	37.0	68.0	24.0	64.0	51.0	0.0	34.0	1.0	0.0	64.0	0.0	8.0	51.0	99.0	58.0	37.0	55.0	6.0	0.0	41.0
64.0	99.0	67.0	98.0	0.0	6.0	27.0	14.0	0.0	68.0	17.0	99.0	72.0	0.0	0.0	74.0	18.0	97.0	83.0	20.0	5.0	85.0	0.0	100.0	0.0	29.0	0.0	44.0	87.0	96.0	4.0	27.0	81.0	71.0	4.0	94.0	0.0	65.0	0.0	0.0	75.0	91.0	32.0	29.0	10.0	73.0	57.0	0.0	3.0	84.0	0.0	27.0	80.0	38.0	82.0	83.0	0.0	85.0	0.0	83.0	0.0	0.0	0.0	53.0	0.0	87.0	83.0	17.0	39.0	37.0	0.0
12.0	0.0	25.0	0.0	0.0	0.0	0.0	0.0	0.0	80.0	26.0	0.0	83.0	72.0	0.0	0.0	85.0	56.0	18.0	37.0	56.0	0.0	0.0	5.0	0.0	55.0	8.0	88.0	68.0	25.0	13.0	25.0	87.0	12.0	95.0	10.0	51.0	0.0	0.0	0.0	0.0	26.0	51.0	87.0	78.0	22.0	9.0	45.0	60.0	78.0	42.0	36.0	33.0	44.0	29.0	1.0	0.0	0.0	100.0	28.0	67.0	75.0	8.0	40.0	98.0	59.0	98.0	7.0	45.0	69.0
0.0	18.0	0.0	24.0	18.0	77.0	0.0	25.0	64.0	56.0	34.0	35.0	46.0	0.0	84.0	45.0	47.0	29.0	16.0	0.0	66.0	84.0	17.0	27.0	98.0	0.0	58.0	46.0	20.0	0.0	0.0	31.0	99.0	68.0	78.0	95.0	55.0	85.0	55.0	95.0	0.0	0.0	52.0	58.0	94.0	0.0	49.0	94.0	0.0	100.0	89.0	31.0	0.0	76.0	37.0	33.0	88.0	96.0	94.0	0.0	43.0	88.0	72.0	89.0	96.0	94.0	33.0	89.0	49.0
27.0	54.0	9.0	71.0	13.0	60.0	100.0	43.0	0.0	76.0	98.0	30.0	72.0	0.0	16.0	46.0	70.0	0.0	0.0	79.0	6.0	69.0	24.0	83.0	5.0	59.0	0.0	15.0	21.0	21.0	73.0	17.0	18.0	0.0	18.0	85.0	47.0	0.0	0.0	66.0	0.0	18.0	87.0	88.0	0.0	76.0	80.0	40.0	26.0	29.0	0.0	96.0	83.0	55.0	11.0	7.0	48.0	82.0	75.0	48.0	46.0	0.0	0.0	64.0	35.0	56.0	0.0	63.0
77.0	64.0	98.0	34.0	34.0	27.0	0.0	27.0	9.0	59.0	0.0	71.0	52.0	58.0	15.0	40.0	63.0	25.0	0.0	21.0	79.0	5.0	40.0	0.0	66.0	50.0	60.0	1.0	0.0	99.0	47.0	0.0	0.0	0.0	41.0	44.0	0.0	10.0	17.0	8.0	0.0	0.0	0.0	86.0	77.0	40.0	20.0	41.0	16.0	0.0	0.0	70.0	0.0	19.0	46.0	54.0	84.0	74.0	54.0	33.0	88.0	83.0	51.0	0.0	42.0	59.0	0.0
23.0	0.0	0.0	8.0	64.0	58.0	13.0	93.0	6.0	68.0	0.0	19.0	81.0	0.0	39.0	55.0	96.0	68.0	48.0	0.0	38.0	12.0	58.0	52.0	70.0	0.0	46.0	74.0	45.0	26.0	0.0	98.0	64.0	0.0	66.0	9.0	0.0	38.0	0.0	0.0	84.0	0.0	47.0	63.0	59.0	87.0	24.0	60.0	1.0	0.0	1.0	0.0	0.0	77.0	0.0	12.0	98.0	63.0	43.0	0.0	0.0	13.0	42.0	1.0	92.0	57.0
0.0	5.0	53.0	10.0	17.0	11.0	29.0	22.0	0.0	46.0	84.0	96.0	0.0	72.0	36.0	8.0	60.0	70.0	77.0	75.0	0.0	0.0	70.0	41.0	11.0	67.0	6.0	96.0	99.0	29.0	57.0	66.0	0.0	98.0	58.0	56.0	45.0	75.0	33.0	0.0	16.0	0.0	0.0	0.0	50.0	94.0	0.0	77.0	63.0	65.0	31.0	0.0	22.0	57.0	78.0	0.0	76.0	42.0	69.0	59.0	10.0	90.0	0.0	0.0	76.0
41.0	1.0	13.0	84.0	94.0	70.0	0.0	73.0	26.0	63.0	0.0	39.0	63.0	83.0	55.0	5.0	78.0	85.0	14.0	85.0	57.0	56.0	31.0	82.0	41.0	79.0	19.0	0.0	0.0	0.0	68.0	5.0	0.0	20.0	83.0	32.0	93.0	13.0	0.0	91.0	49.0	0.0	40.0	8.0	32.0	27.0	30.0	75.0	1.0	5.0	0.0	57.0	0.0	82.0	0.0	100.0	0.0	13.0	39.0	58.0	0.0	59.0	33.0	0.0
77.0	19.0	50.0	70.0	58.0	0.0	9.0	83.0	80.0	1.0	11.0	38.0	4.0	21.0	29.0	35.0	17.0	49.0	47.0	58.0	0.0	44.0	22.0	0.0	26.0	36.0	77.0	70.0	83.0	72.0	100.0	0.0	82.0	24.0	0.0	0.0	10.0	16.0	0.0	94.0	10.0	0.0	0.0	12.0	16.0	79.0	41.0	47.0	75.0	0.0	97.0	73.0	0.0	0.0	10.0	83.0	0.0	88.0	58.0	5.0	85.0	56.0	52.0
38.0	0.0	31.0	87.0	3.0	0.0	0.0	74.0	17.0	9.0	61.0	0.0	86.0	21.0	67.0	45.0	71.0	68.0	0.0	82.0	0.0	48.0	0.0	0.0	92.0	29.0	5.0	65.0	0.0	69.0	67.0	82.0	58.0	28.0	50.0	66.0	20.0	88.0	0.0	72.0	14.0	0.0	93.0	0.0	64.0	59.0	0.0	91.0	32.0	78.0	48.0	8.0	46.0	89.0	56.0	0.0	99.0	0.0	5.0	19.0	60.0	63.0
86.0	2.0	0.0	100.0	90.0	56.0	97.0	0.0	0.0	59.0	80.0	33.0	0.0	0.0	42.0	0.0	18.0	74.0	61.0	0.0	0.0	35.0	38.0	50.0	71.0	89.0	12.0	91.0	82.0	0.0	4.0	0.0	71.0	42.0	72.0	74.0	36.0	37.0	0.0	24.0	25.0	50.0	0.0	43.0	91.0	99.0	38.0	34.0	5.0	0.0	41.0	0.0	5.0	27.0	39.0	19.0	69.0	53.0	96.0	47.0	34.0
97.0	38.0	65.0	0.0	51.0	97.0	60.0	98.0	5.0	91.0	82.0	45.0	76.0	0.0	0.0	58.0	87.0	32.0	39.0	7.0	5.0	7.0	0.0	0.0	24.0	30.0	74.0	51.0	85.0	21.0	0.0	52.0	55.0	79.0	28.0	47.0	83.0	70.0	83.0	0.0	19.0	27.0	0.0	0.0	22.0	45.0	93.0	57.0	42.0	82.0	57.0	0.0	28.0	69.0	34.0	0.0	0.0	76.0	15.0	97.0
27.0	68.0	40.0	0.0	0.0	63.0	37.0	0.0	69.0	33.0	1.0	0.0	39.0	57.0	29.0	64.0	0.0	40.0	32.0	4.0	0.0	0.0	73.0	0.0	24.0	31.0	27.0	45.0	11.0	45.0	97.0	0.0	36.0	25.0	0.0	87.0	5.0	13.0	0.0	89.0	0.0	91.0	38.0	90.0	0.0	75.0	0.0	98.0	41.0	1.0	88.0	80.0	0.0	26.0	63.0	67.0	0.0	80.0	61.0
20.0	6.0	13.0	39.0	6.0	14.0	71.0	24.0	84.0	92.0	18.0	88.0	73.0	14.0	84.0	0.0	0.0	67.0	0.0	86.0	52.0	69.0	4.0	3.0	61.0	0.0	24.0	18.0	25.0	0.0	64.0	12.0	23.0	10.0	28.0	0.0	1.0	43.0	61.0	90.0	73.0	16.0	92.0	10.0	54.0	0.0	40.0	71.0	94.0	0.0	0.0	0.0	99.0	0.0	67.0	27.0	50.0	79.0
60.0	6.0	0.0	93.0	6.0	60.0	45.0	76.0	30.0	5.0	4.0	54.0	56.0	40.0	47.0	47.0	69.0	37.0	0.0	85.0	58.0	0.0	98.0	86.0	12.0	10.0	10.0	14.0	96.0	0.0	24.0	70.0	39.0	37.0	0.0	68.0	0.0	0.0	36.0	0.0	48.0	77.0	65.0	65.0	68.0	12.0	24.0	5.0	22.0	33.0	9.0	20.0	39.0	70.0	0.0	0.0	0.0
50.0	33.0	0.0	61.0	0.0	67.0	88.0	37.0	80.0	7.0	100.0	81.0	100.0	50.0	39.0	87.0	0.0	55.0	96.0	50.0	0.0	28.0	92.0	0.0	40.0	0.0	45.0	72.0	0.0	65.0	12.0	67.0	67.0	31.0	53.0	0.0	81.0	39.0	30.0	97.0	44.0	31.0	84.0	12.0	89.0	52.0	10.0	0.0	0.0	83.0	13.0	0.0	68.0	68.0	100.0	100.0
0.0	49.0	55.0	90.0	50.0	92.0	43.0	70.0	77.0	85.0	81.0	55.0	42.0	0.0	5.0	61.0	94.0	0.0	4.0	100.0	98.0	57.0	31.0	36.0	0.0	94.0	8.0	67.0	30.0	97.0	0.0	32.0	0.0	62.0	10.0	0.0	5.0	15.0	84.0	38.0	0.0	82.0	29.0	16.0	1.0	1.0	0.0	58.0	0.0	78.0	44.0	74.0	0.0	14.0	0.0
52.0	76.0	0.0	27.0	71.0	47.0	0.0	93.0	0.0	52.0	12.0	0.0	35.0	74.0	0.0	1.0	63.0	0.0	0.0	17.0	65.0	83.0	7.0	0.0	76.0	52.0	0.0	0.0	83.0	17.0	0.0	8.0	34.0	74.0	6.0	0.0	75.0	35.0	31.0	0.0	75.0	61.0	0.0	78.0	56.0	8.0	94.0	97.0	0.0	90.0	0.0	7.0	0.0	91.0
0.0	0.0	60.0	17.0	81.0	28.0	48.0	97.0	12.0	53.0	0.0	61.0	13.0	71.0	44.0	0.0	26.0	0.0	43.0	20.0	33.0	17.0	0.0	68.0	43.0	57.0	0.0	26.0	73.0	0.0	0.0	0.0	0.0	17.0	27.0	12.0	0.0	3.0	0.0	0.0	97.0	5.0	0.0	0.0	88.0	23.0	0.0	31.0	21.0	0.0	0.0	29.0	12.0
35.0	67.0	19.0	3.0	55.0	0.0	0.0	38.0	7.0	0.0	0.0	15.0	0.0	0.0	84.0	0.0	0.0	59.0	69.0	0.0	87.0	67.0	0.0	12.0	43.0	25.0	84.0	60.0	0.0	98.0	0.0	34.0	73.0	0.0	69.0	91.0	15.0	9.0	13.0	100.0	0.0	99.0	4.0	53.0	100.0	94.0	80.0	6.0	97.0	0.0	1.0	0.0
21.0	10.0	12.0	56.0	10.0	46.0	18.0	93.0	75.0	86.0	91.0	18.0	0.0	7.0	72.0	87.0	49.0	28.0	14.0	68.0	26.0	0.0	92.0	50.0	89.0	0.0	95.0	95.0	0.0	67.0	0.0	0.0	47.0	84.0	96.0	93.0	92.0	97.0	0.0	4.0	99.0	0.0	13.0	48.0	0.0	0.0	97.0	0.0	76.0	26.0	3.0
5.0	76.0	15.0	0.0	0.0	23.0	83.0	44.0	24.0	36.0	47.0	0.0	0.0	22.0	0.0	26.0	25.0	8.0	91.0	0.0	43.0	8.0	78.0	53.0	87.0	81.0	56.0	8.0	91.0	0.0	84.0	79.0	50.0	18.0	12.0	0.0	5.0	38.0	66.0	10.0	4.0	0.0	33.0	29.0	0.0	0.0	64.0	100.0	50.0	67.0
100.0	0.0	84.0	11.0	0.0	35.0	8.0	0.0	88.0	12.0	15.0	11.0	0.0	0.0	0.0	22.0	19.0	23.0	0.0	28.0	54.0	45.0	88.0	0.0	19.0	0.0	57.0	0.0	0.0	3.0	0.0	25.0	41.0	80.0	88.0	4.0	4.0	0.0	93.0	62.0	21.0	45.0	59.0	0.0	85.0	56.0	17.0	45.0	82.0
0.0	69.0	0.0	83.0	78.0	0.0	68.0	0.0	13.0	0.0	12.0	55.0	92.0	0.0	76.0	0.0	22.0	36.0	19.0	83.0	48.0	58.0	85.0	0.0	0.0	0.0	70.0	0.0	94.0	76.0	76.0	10.0	0.0	77.0	73.0	71.0	97.0	8.0	65.0	35.0	44.0	50.0	0.0	71.0	0.0	27.0	100.0	0.0
83.0	15.0	0.0	24.0	0.0	58.0	94.0	27.0	73.0	35.0	0.0	83.0	27.0	3.0	49.0	14.0	54.0	20.0	0.0	72.0	89.0	0.0	98.0	92.0	88.0	21.0	47.0	60.0	24.0	75.0	0.0	51.0	64.0	0.0	83.0	13.0	15.0	66.0	74.0	0.0	34.0	67.0	78.0	65.0	5.0	0.0	0.0
0.0	32.0	27.0	43.0	41.0	40.0	0.0	92.0	0.0	38.0	24.0	9.0	0.0	0.0	35.0	21.0	69.0	0.0	0.0	77.0	81.0	39.0	30.0	59.0	80.0	23.0	61.0	29.0	0.0	7.0	93.0	77.0	52.0	70.0	24.0	49.0	32.0	0.0	91.0	27.0	83.0	38.0	93.0	2.0	74.0	2.0
10.0	58.0	20.0	0.0	69.0	0.0	18.0	74.0	95.0	96.0	33.0	44.0	66.0	84.0	56.0	60.0	51.0	96.0	70.0	2.0	59.0	7.0	69.0	46.0	89.0	65.0	18.0	46.0	0.0	3.0	0.0	31.0	58.0	97.0	13.0	15.0	32.0	16.0	0.0	73.0	76.0	22.0	0.0	0.0	9.0
0.0	70.0	88.0	39.0	100.0	0.0	93.0	0.0	81.0	0.0	97.0	16.0	17.0	66.0	99.0	28.0	5.0	38.0	0.0	0.0	81.0	73.0	14.0	56.0	0.0	0.0	0.0	71.0	8.0	0.0	0.0	76.0	11.0	44.0	82.0	26.0	16.0	0.0	0.0	0.0	3.0	73.0	45.0	89.0
48.0	51.0	69.0	4.0	83.0	98.0	25.0	25.0	33.0	0.0	94.0	33.0	97.0	0.0	90.0	21.0	72.0	0.0	0.0	0.0	0.0	34.0	69.0	15.0	80.0	0.0	86.0	0.0	0.0	14.0	0.0	5.0	56.0	67.0	19.0	81.0	95.0	0.0	0.0	46.0	71.0	100.0	83.0
45.0	77.0	57.0	11.0	90.0	41.0	48.0	8.0	0.0	76.0	0.0	0.0	17.0	0.0	53.0	0.0	62.0	0.0	46.0	94.0	8.0	48.0	64.0	82.0	24.0	27.0	15.0	82.0	0.0	11.0	0.0	9.0	2.0	0.0	35.0	100.0	25.0	16.0	3.0	0.0	41.0	47.0
47.0	0.0	0.0	3.0	0.0	85.0	2.0	0.0	93.0	53.0	56.0	0.0	0.0	16.0	16.0	0.0	82.0	0.0	34.0	48.0	0.0	46.0	0.0	0.0	0.0	0.0	23.0	0.0	31.0	16.0	12.0	0.0	21.0	0.0	58.0	53.0	26.0	37.0	0.0	0.0	0.0
0.0	89.0	83.0	0.0	0.0	91.0	46.0	12.0	1.0	98.0	0.0	0.0	90.0	96.0	97.0	19.0	91.0	52.0	0.0	40.0	26.0	36.0	73.0	96.0	50.0	0.0	37.0	0.0	68.0	0.0	39.0	22.0	0.0	74.0	90.0	63.0	97.0	99.0	25.0	0.0
24.0	0.0	97.0	37.0	41.0	5.0	26.0	63.0	0.0	0.0	18.0	39.0	21.0	38.0	46.0	47.0	26.0	7.0	33.0	37.0	8.0	66.0	94.0	0.0	58.0	33.0	79.0	2.0	12.0	76.0	44.0	0.0	70.0	23.0	36.0	0.0	25.0	5.0	55.0
33.0	2.0	40.0	10.0	99.0	0.0	61.0	89.0	0.0	27.0	11.0	77.0	44.0	51.0	27.0	0.0	21.0	66.0	0.0	50.0	70.0	52.0	85.0	83.0	6.0	90.0	0.0	7.0	50.0	94.0	0.0	85.0	82.0	18.0	96.0	58.0	15.0	63.0
64.0	99.0	1.0	21.0	2.0	26.0	0.0	27.0	0.0	90.0	67.0	30.0	73.0	0.0	56.0	65.0	17.0	0.0	90.0	0.0	0.0	0.0	89.0	46.0	94.0	65.0	95.0	72.0	9.0	91.0	57.0	87.0	0.0	55.0	46.0	53.0	24.0
100.0	23.0	68.0	0.0	0.0	5.0	21.0	5.0	26.0	40.0	8.0	60.0	48.0	15.0	52.0	69.0	61.0	89.0	77.0	36.0	44.0	62.0	92.0	59.0	18.0	0.0	55.0	87.0	38.0	100.0	52.0	0.0	4.0	45.0	15.0	82.0
22.0	70.0	60.0	63.0	19.0	18.0	89.0	58.0	0.0	100.0	29.0	11.0	36.0	28.0	25.0	72.0	55.0	28.0	0.0	34.0	26.0	46.0	0.0	16.0	0.0	86.0	71.0	60.0	85.0	43.0	21.0	4.0	88.0	26.0	0.0
0.0	4.0	4.0	11.0	25.0	9.0	98.0	53.0	36.0	41.0	20.0	57.0	60.0	83.0	37.0	51.0	0.0	0.0	0.0	0.0	0.0	0.0	1.0	0.0	52.0	18.0	15.0	32.0	0.0	0.0	0.0	31.0	41.0	43.0
16.0	30.0	0.0	0.0	26.0	55.0	24.0	0.0	44.0	0.0	1.0	3.0	79.0	31.0	37.0	22.0	26.0	0.0	46.0	82.0	2.0	56.0	98.0	100.0	0.0	26.0	93.0	21.0	2.0	0.0	71.0	37.0	1.0
0.0	0.0	1.0	58.0	66.0	20.0	25.0	22.0	91.0	69.0	7.0	82.0	55.0	28.0	24.0	63.0	0.0	16.0	0.0	0.0	0.0	0.0	16.0	68.0	15.0	60.0	67.0	7.0	10.0	30.0	0.0	87.0
71.0	39.0	0.0	41.0	30.0	80.0	70.0	94.0	60.0	52.0	0.0	99.0	85.0	48.0	71.0	55.0	0.0	12.0	62.0	52.0	45.0	82.0	28.0	0.0	0.0	3.0	47.0	0.0	57.0	41.0	0.0
17.0	28.0	0.0	0.0	0.0	0.0	5.0	51.0	97.0	54.0	54.0	0.0	12.0	81.0	35.0	0.0	0.0	29.0	50.0	0.0	22.0	19.0	0.0	0.0	7.0	0.0	0.0	23.0	0.0	45.0
7.0	95.0	0.0	87.0	72.0	28.0	47.0	1.0	84.0	60.0	0.0	50.0	72.0	9.0	64.0	72.0	76.0	58.0	26.0	85.0	56.0	34.0	0.0	0.0	39.0	81.0	91.0	97.0	86.0
22.0	48.0	77.0	0.0	20.0	0.0	49.0	61.0	64.0	61.0	0.0	85.0	35.0	0.0	63.0	100.0	16.0	0.0	28.0	36.0	61.0	12.0	68.0	23.0	49.0	49.0	12.0	0.0
88.0	0.0	0.0	62.0	39.0	2.0	93.0	75.0	48.0	0.0	0.0	0.0	69.0	14.0	43.0	5.0	24.0	25.0	75.0	3.0	3.0	0.0	0.0	23.0	92.0	0.0	28.0
0.0	38.0	0.0	66.0	21.0	0.0	38.0	0.0	0.0	51.0	0.0	90.0	39.0	25.0	69.0	44.0	0.0	0.0	0.0	75.0	39.0	99.0	0.0	34.0	23.0	76.0
0.0	11.0	66.0	43.0	55.0	10.0	99.0	9.0	49.0	37.0	88.0	0.0	8.0	90.0	77.0	89.0	37.0	0.0	6.0	23.0	67.0	34.0	51.0	99.0	28.0
16.0	82.0	4.0	57.0	65.0	95.0	69.0	80.0	0.0	53.0	21.0	22.0	1.0	46.0	78.0	0.0	62.0	33.0	11.0	30.0	58.0	13.0	0.0	20.0
24.0	0.0	25.0	44.0	21.0	0.0	52.0	0.0	43.0	27.0	14.0	0.0	46.0	95.0	0.0	0.0	0.0	17.0	0.0	65.0	68.0	6.0	16.0
0.0	74.0	0.0	9.0	0.0	0.0	24.0	80.0	79.0	0.0	0.0	89.0	13.0	84.0	94.0	33.0	0.0	6.0	0.0	52.0	93.0	95.0
80.0	49.0	0.0	94.0	72.0	0.0	0.0	57.0	82.0	0.0	15.0	93.0	26.0	40.0	6.0	0.0	30.0	0.0	11.0	72.0	76.0
55.0	1.0	47.0	40.0	0.0	31.0	44.0	53.0	11.0	20.0	66.0	58.0	38.0	68.0	72.0	46.0	83.0	39.0	18.0	26.0
37.0	0.0	4.0	33.0	10.0	71.0	61.0	0.0	97.0	7.0	0.0	19.0	77.0	6.0	27.0	56.0	61.0	1.0	56.0
45.0	0.0	42.0	50.0	0.0	0.0	0.0	0.0	0.0	18.0	0.0	6.0	12.0	83.0	93.0	0.0	89.0	0.0
10.0	15.0	25.0	97.0	8.0	0.0	0.0	25.0	45.0	64.0	0.0	0.0	23.0	99.0	53.0	92.0	75.0
0.0	60.0	0.0	15.0	90.0	44.0	0.0	12.0	45.0	53.0	0.0	0.0	21.0	99.0	0.0	47.0
7.0	0.0	36.0	39.0	39.0	79.0	91.0	0.0	82.0	9.0	0.0	20.0	0.0	32.0	51.0
73.0	46.0	75.0	0.0	3.0	20.0	65.0	43.0	46.0	62.0	0.0	81.0	23.0	66.0
32.0	0.0	2.0	69.0	0.0	0.0	73.0	0.0	100.0	26.0	0.0	0.0	2.0
27.0	52.0	33.0	0.0	0.0	40.0	99.0	1.0	58.0	17.0	0.0	0.0
77.0	0.0	88.0	48.0	88.0	6.0	24.0	40.0	11.0	38.0	99.0
8.0	0.0	25.0	20.0	0.0	98.0	9.0	6.0	0.0	95.0
87.0	77.0	54.0	53.0	0.0	13.0	0.0	84.0	37.0
100.0	89.0	50.0	0.0	71.0	6.0	55.0	25.0
13.0	99.0	19.0	71.0	0.0	86.0	31.0
93.0	96.0	0.0	66.0	97.0	82.0
69.0	74.0	89.0	0.0	87.0
75.0	0.0	90.0	46.0
0.0	14.0	0.0
84.0	0.0
0.0

40.0	3.0	7.0	50.0	48.0	13.0	43.0	10.0	1.0	48.0	31.0	2.0	44.0	46.0	8.0	27.0	29.0	46.0	3.0	28.0	11.0	37.0	37.0	28.0	46.0	14.0	33.0	49.0	18.0	28.0	11.0	50.0	36.0	21.0	31.0	29.0	49.0	18.0	50.0	25.0	2.0	40.0	20.0	15.0	13.0	37.0	11.0	21.0	48.0	22.0	12.0	39.0	26.0	6.0	5.0	16.0	8.0	15.0	49.0	13.0	37.0	34.0	5.0	45.0	16.0	50.0	5.0	49.0	32.0	9.0	22.0	49.0	36.0	19.0	44.0	19.0	49.0	15.0	20.0	8.0	2.0	30.0	46.0	50.0	7.0	1.0	4.0	6.0	48.0	25.0	9.0	44.0	33.0	28.0	32.0	27.0	38.0	10.0	16.0	14.0

693.0666666666667	693.0666666666667	693.0666666666667
