qmkp_200_50_10_005
200
10

66.0	0.0	29.0	92.0	0.0	0.0	83.0	0.0	79.0	0.0	56.0	0.0	79.0	0.0	0.0	0.0	35.0	24.0	0.0	2.0	0.0	77.0	0.0	13.0	5.0	78.0	64.0	0.0	0.0	55.0	0.0	58.0	92.0	0.0	96.0	0.0	45.0	0.0	0.0	0.0	61.0	15.0	43.0	0.0	0.0	6.0	50.0	75.0	0.0	0.0	0.0	0.0	0.0	58.0	17.0	57.0	0.0	82.0	65.0	0.0	0.0	0.0	4.0	0.0	0.0	74.0	0.0	0.0	19.0	0.0	32.0	92.0	0.0	75.0	0.0	11.0	38.0	28.0	100.0	0.0	73.0	29.0	0.0	16.0	0.0	17.0	69.0	68.0	0.0	71.0	44.0	8.0	11.0	87.0	40.0	0.0	38.0	83.0	0.0	0.0	5.0	0.0	78.0	0.0	0.0	0.0	0.0	12.0	0.0	53.0	0.0	0.0	42.0	5.0	58.0	0.0	0.0	5.0	0.0	41.0	0.0	60.0	59.0	0.0	69.0	11.0	0.0	0.0	77.0	15.0	40.0	47.0	9.0	59.0	0.0	0.0	61.0	62.0	0.0	0.0	36.0	0.0	54.0	66.0	0.0	16.0	0.0	64.0	0.0	93.0	0.0	97.0	0.0	82.0	68.0	66.0	0.0	0.0	28.0	0.0	50.0	69.0	0.0	0.0	2.0	57.0	0.0	0.0	99.0	90.0	45.0	0.0	0.0	0.0	83.0	0.0	0.0	0.0	3.0	65.0	95.0	44.0	87.0	0.0	17.0	0.0	0.0	0.0	0.0	0.0	65.0	42.0	7.0	0.0	0.0	70.0	68.0	0.0	0.0	56.0
0.0	0.0	0.0	41.0	34.0	0.0	0.0	41.0	0.0	0.0	4.0	0.0	94.0	9.0	0.0	0.0	0.0	0.0	62.0	50.0	0.0	9.0	0.0	0.0	18.0	0.0	2.0	75.0	87.0	0.0	59.0	0.0	0.0	27.0	23.0	0.0	0.0	49.0	2.0	43.0	0.0	0.0	13.0	40.0	73.0	87.0	0.0	33.0	89.0	0.0	0.0	0.0	0.0	0.0	0.0	42.0	0.0	100.0	0.0	28.0	12.0	23.0	0.0	0.0	21.0	0.0	0.0	0.0	8.0	38.0	34.0	26.0	0.0	0.0	38.0	31.0	0.0	99.0	81.0	14.0	48.0	17.0	0.0	6.0	57.0	0.0	92.0	15.0	13.0	0.0	0.0	88.0	48.0	59.0	0.0	48.0	0.0	75.0	84.0	78.0	0.0	0.0	16.0	82.0	0.0	77.0	84.0	0.0	0.0	0.0	0.0	94.0	0.0	0.0	92.0	0.0	0.0	58.0	37.0	0.0	88.0	30.0	0.0	72.0	0.0	0.0	83.0	0.0	54.0	84.0	0.0	0.0	85.0	73.0	12.0	36.0	56.0	50.0	10.0	31.0	83.0	88.0	0.0	0.0	58.0	0.0	35.0	82.0	0.0	0.0	30.0	0.0	0.0	64.0	32.0	95.0	0.0	0.0	0.0	17.0	0.0	0.0	86.0	0.0	31.0	0.0	15.0	0.0	0.0	88.0	0.0	45.0	90.0	0.0	51.0	0.0	0.0	0.0	22.0	63.0	0.0	0.0	66.0	71.0	0.0	0.0	71.0	24.0	0.0	0.0	0.0	65.0	29.0	76.0	83.0	0.0	5.0	0.0	86.0
10.0	37.0	14.0	27.0	75.0	0.0	0.0	0.0	0.0	0.0	0.0	0.0	0.0	0.0	85.0	0.0	0.0	32.0	0.0	0.0	0.0	12.0	0.0	0.0	41.0	22.0	9.0	83.0	0.0	0.0	29.0	0.0	0.0	0.0	0.0	0.0	70.0	69.0	17.0	0.0	14.0	0.0	0.0	0.0	82.0	66.0	71.0	15.0	0.0	0.0	54.0	39.0	87.0	25.0	0.0	48.0	0.0	8.0	5.0	96.0	17.0	29.0	71.0	0.0	0.0	75.0	24.0	0.0	0.0	56.0	0.0	0.0	74.0	0.0	99.0	0.0	98.0	0.0	57.0	45.0	20.0	0.0	85.0	22.0	0.0	0.0	0.0	0.0	0.0	0.0	19.0	15.0	76.0	0.0	42.0	3.0	64.0	54.0	60.0	7.0	56.0	0.0	10.0	93.0	0.0	36.0	16.0	14.0	0.0	0.0	17.0	56.0	66.0	0.0	96.0	0.0	0.0	75.0	0.0	34.0	6.0	2.0	0.0	65.0	0.0	52.0	0.0	0.0	56.0	0.0	24.0	0.0	0.0	28.0	0.0	0.0	33.0	53.0	60.0	75.0	0.0	52.0	0.0	0.0	70.0	67.0	73.0	34.0	26.0	46.0	0.0	0.0	62.0	18.0	29.0	78.0	3.0	0.0	23.0	11.0	67.0	0.0	0.0	0.0	34.0	0.0	0.0	0.0	0.0	91.0	0.0	64.0	0.0	0.0	36.0	0.0	68.0	0.0	0.0	66.0	0.0	96.0	0.0	94.0	46.0	0.0	37.0	0.0	0.0	0.0	48.0	0.0	81.0	2.0	0.0	0.0	70.0	82.0
0.0	3.0	0.0	0.0	0.0	5.0	0.0	0.0	77.0	23.0	42.0	89.0	0.0	0.0	63.0	72.0	0.0	72.0	7.0	31.0	0.0	13.0	3.0	39.0	0.0	27.0	4.0	70.0	0.0	0.0	0.0	100.0	0.0	0.0	91.0	90.0	17.0	43.0	95.0	0.0	48.0	23.0	19.0	0.0	91.0	35.0	15.0	98.0	77.0	0.0	0.0	0.0	20.0	0.0	0.0	0.0	93.0	35.0	9.0	0.0	0.0	39.0	0.0	79.0	28.0	0.0	76.0	0.0	68.0	52.0	12.0	0.0	0.0	31.0	87.0	69.0	0.0	30.0	98.0	60.0	4.0	51.0	0.0	13.0	0.0	0.0	0.0	0.0	0.0	0.0	0.0	0.0	89.0	66.0	73.0	0.0	8.0	0.0	71.0	0.0	86.0	75.0	46.0	0.0	91.0	0.0	9.0	63.0	0.0	68.0	0.0	0.0	0.0	78.0	0.0	63.0	97.0	0.0	0.0	13.0	0.0	23.0	9.0	14.0	81.0	0.0	0.0	6.0	96.0	99.0	0.0	78.0	0.0	0.0	22.0	0.0	67.0	55.0	0.0	0.0	33.0	0.0	25.0	0.0	0.0	0.0	5.0	0.0	0.0	0.0	33.0	0.0	86.0	0.0	97.0	0.0	0.0	0.0	31.0	0.0	58.0	33.0	85.0	47.0	0.0	0.0	84.0	0.0	52.0	0.0	44.0	0.0	72.0	0.0	0.0	0.0	0.0	3.0	0.0	0.0	58.0	56.0	6.0	100.0	0.0	0.0	0.0	0.0	0.0	0.0	0.0	32.0	63.0	0.0	0.0	40.0	0.0
25.0	65.0	52.0	99.0	96.0	0.0	0.0	0.0	54.0	85.0	16.0	39.0	0.0	0.0	22.0	0.0	0.0	8.0	21.0	0.0	2.0	96.0	0.0	0.0	82.0	0.0	0.0	0.0	0.0	98.0	16.0	0.0	76.0	0.0	0.0	5.0	0.0	0.0	0.0	48.0	18.0	71.0	0.0	75.0	100.0	56.0	0.0	54.0	10.0	27.0	0.0	53.0	0.0	19.0	42.0	64.0	1.0	0.0	95.0	0.0	0.0	11.0	0.0	28.0	0.0	0.0	85.0	14.0	0.0	63.0	100.0	0.0	84.0	0.0	68.0	5.0	0.0	51.0	0.0	0.0	0.0	0.0	0.0	25.0	0.0	2.0	1.0	0.0	0.0	52.0	0.0	45.0	11.0	0.0	0.0	0.0	0.0	0.0	40.0	0.0	17.0	40.0	39.0	0.0	27.0	66.0	0.0	0.0	23.0	99.0	0.0	0.0	0.0	0.0	0.0	0.0	0.0	0.0	76.0	0.0	55.0	0.0	0.0	0.0	0.0	37.0	0.0	0.0	0.0	17.0	0.0	0.0	13.0	66.0	73.0	3.0	0.0	94.0	0.0	20.0	72.0	98.0	0.0	35.0	92.0	0.0	79.0	0.0	76.0	0.0	0.0	100.0	45.0	24.0	0.0	0.0	0.0	61.0	0.0	33.0	0.0	42.0	45.0	0.0	6.0	0.0	0.0	0.0	0.0	12.0	0.0	0.0	65.0	0.0	93.0	5.0	0.0	89.0	0.0	2.0	80.0	26.0	11.0	0.0	0.0	0.0	22.0	0.0	0.0	21.0	0.0	23.0	0.0	26.0	89.0	0.0
71.0	93.0	0.0	66.0	0.0	97.0	59.0	0.0	0.0	58.0	0.0	0.0	96.0	0.0	0.0	0.0	0.0	51.0	9.0	28.0	0.0	0.0	68.0	0.0	0.0	0.0	0.0	22.0	31.0	96.0	0.0	0.0	50.0	0.0	20.0	0.0	78.0	0.0	57.0	0.0	0.0	0.0	0.0	95.0	0.0	0.0	36.0	0.0	0.0	0.0	69.0	0.0	57.0	0.0	90.0	0.0	0.0	0.0	79.0	0.0	84.0	87.0	75.0	62.0	0.0	0.0	23.0	75.0	0.0	0.0	0.0	0.0	0.0	10.0	17.0	0.0	46.0	0.0	80.0	0.0	13.0	62.0	99.0	0.0	59.0	0.0	0.0	0.0	0.0	0.0	0.0	2.0	0.0	0.0	0.0	0.0	0.0	0.0	0.0	0.0	55.0	0.0	0.0	0.0	0.0	88.0	98.0	0.0	0.0	0.0	83.0	0.0	0.0	0.0	0.0	0.0	0.0	0.0	52.0	96.0	51.0	0.0	51.0	13.0	5.0	0.0	77.0	0.0	7.0	82.0	93.0	0.0	0.0	68.0	0.0	20.0	53.0	31.0	64.0	0.0	57.0	52.0	0.0	74.0	93.0	0.0	0.0	0.0	0.0	53.0	0.0	64.0	60.0	0.0	0.0	0.0	0.0	0.0	0.0	63.0	0.0	0.0	0.0	0.0	0.0	93.0	0.0	0.0	22.0	21.0	0.0	22.0	0.0	0.0	0.0	0.0	0.0	73.0	7.0	0.0	0.0	0.0	51.0	0.0	0.0	0.0	73.0	96.0	0.0	62.0	0.0	9.0	0.0	36.0	43.0
0.0	52.0	58.0	81.0	0.0	0.0	0.0	0.0	0.0	21.0	0.0	0.0	16.0	57.0	0.0	0.0	31.0	0.0	50.0	35.0	72.0	81.0	0.0	0.0	0.0	0.0	0.0	0.0	43.0	97.0	0.0	97.0	60.0	54.0	84.0	10.0	52.0	0.0	16.0	0.0	0.0	66.0	72.0	0.0	85.0	0.0	64.0	35.0	39.0	46.0	0.0	0.0	0.0	68.0	0.0	0.0	0.0	0.0	35.0	8.0	83.0	0.0	0.0	10.0	0.0	45.0	98.0	0.0	0.0	96.0	51.0	4.0	51.0	0.0	0.0	0.0	57.0	0.0	78.0	0.0	0.0	96.0	0.0	19.0	0.0	0.0	0.0	0.0	73.0	72.0	0.0	0.0	13.0	0.0	0.0	22.0	70.0	60.0	0.0	44.0	0.0	88.0	96.0	79.0	85.0	60.0	0.0	48.0	0.0	1.0	0.0	0.0	0.0	0.0	54.0	0.0	58.0	9.0	0.0	0.0	32.0	36.0	26.0	0.0	73.0	0.0	0.0	0.0	33.0	0.0	27.0	49.0	66.0	72.0	69.0	0.0	0.0	0.0	12.0	42.0	58.0	35.0	0.0	98.0	0.0	0.0	0.0	0.0	32.0	0.0	72.0	44.0	66.0	64.0	0.0	3.0	23.0	0.0	40.0	81.0	0.0	21.0	0.0	37.0	12.0	24.0	0.0	0.0	32.0	0.0	0.0	0.0	56.0	32.0	16.0	78.0	0.0	7.0	34.0	10.0	46.0	66.0	0.0	96.0	0.0	76.0	37.0	0.0	0.0	28.0	6.0	16.0	56.0	14.0
40.0	0.0	0.0	0.0	0.0	49.0	0.0	92.0	71.0	44.0	0.0	29.0	37.0	72.0	0.0	0.0	0.0	0.0	96.0	84.0	40.0	24.0	13.0	0.0	48.0	73.0	84.0	62.0	0.0	9.0	0.0	17.0	20.0	97.0	97.0	48.0	0.0	94.0	0.0	19.0	64.0	0.0	17.0	92.0	0.0	69.0	69.0	17.0	0.0	0.0	93.0	0.0	0.0	87.0	17.0	85.0	0.0	0.0	40.0	28.0	33.0	34.0	0.0	73.0	0.0	0.0	0.0	0.0	0.0	53.0	0.0	0.0	0.0	0.0	0.0	0.0	0.0	0.0	0.0	14.0	72.0	25.0	0.0	0.0	74.0	33.0	94.0	4.0	0.0	0.0	71.0	72.0	50.0	0.0	0.0	6.0	0.0	0.0	0.0	0.0	0.0	0.0	97.0	3.0	3.0	20.0	94.0	0.0	0.0	20.0	0.0	77.0	0.0	29.0	0.0	0.0	0.0	34.0	95.0	0.0	0.0	0.0	0.0	0.0	0.0	0.0	0.0	0.0	0.0	0.0	82.0	35.0	98.0	89.0	0.0	0.0	28.0	68.0	0.0	0.0	0.0	0.0	0.0	0.0	0.0	73.0	86.0	0.0	0.0	73.0	0.0	21.0	0.0	91.0	7.0	54.0	2.0	52.0	0.0	0.0	41.0	0.0	24.0	21.0	94.0	0.0	0.0	0.0	0.0	0.0	21.0	0.0	0.0	0.0	0.0	0.0	0.0	7.0	49.0	0.0	49.0	0.0	67.0	0.0	33.0	0.0	22.0	4.0	0.0	0.0	6.0	23.0	0.0
6.0	0.0	0.0	99.0	15.0	0.0	8.0	0.0	30.0	34.0	82.0	0.0	82.0	39.0	0.0	33.0	0.0	0.0	84.0	79.0	27.0	0.0	16.0	7.0	0.0	0.0	5.0	66.0	0.0	0.0	0.0	39.0	80.0	0.0	36.0	2.0	41.0	0.0	92.0	1.0	0.0	0.0	0.0	92.0	44.0	26.0	0.0	72.0	0.0	0.0	0.0	40.0	9.0	0.0	7.0	83.0	0.0	58.0	77.0	0.0	79.0	0.0	0.0	0.0	0.0	52.0	1.0	31.0	0.0	0.0	0.0	0.0	67.0	0.0	95.0	14.0	66.0	65.0	0.0	0.0	44.0	77.0	55.0	63.0	58.0	47.0	0.0	58.0	0.0	0.0	59.0	0.0	47.0	0.0	72.0	27.0	48.0	0.0	0.0	48.0	53.0	24.0	0.0	0.0	76.0	0.0	0.0	95.0	0.0	0.0	1.0	0.0	0.0	0.0	8.0	0.0	43.0	0.0	18.0	0.0	0.0	57.0	87.0	45.0	0.0	0.0	80.0	91.0	0.0	29.0	47.0	75.0	80.0	0.0	0.0	81.0	62.0	0.0	0.0	0.0	61.0	0.0	96.0	0.0	0.0	4.0	0.0	0.0	95.0	3.0	0.0	0.0	6.0	75.0	92.0	0.0	1.0	83.0	0.0	93.0	0.0	89.0	90.0	0.0	0.0	35.0	43.0	0.0	7.0	0.0	37.0	41.0	0.0	13.0	0.0	24.0	12.0	52.0	0.0	0.0	0.0	72.0	65.0	21.0	0.0	0.0	57.0	0.0	0.0	59.0	49.0	0.0
0.0	0.0	0.0	2.0	0.0	0.0	0.0	0.0	76.0	0.0	17.0	65.0	97.0	0.0	70.0	0.0	9.0	0.0	12.0	73.0	0.0	48.0	47.0	0.0	55.0	60.0	0.0	0.0	0.0	7.0	0.0	0.0	0.0	11.0	36.0	41.0	0.0	43.0	0.0	0.0	4.0	55.0	0.0	48.0	14.0	41.0	90.0	0.0	79.0	33.0	68.0	0.0	0.0	91.0	0.0	0.0	0.0	47.0	28.0	0.0	0.0	44.0	54.0	0.0	79.0	0.0	0.0	0.0	0.0	0.0	0.0	0.0	75.0	47.0	65.0	0.0	93.0	16.0	75.0	51.0	0.0	100.0	67.0	26.0	0.0	95.0	0.0	92.0	0.0	0.0	0.0	0.0	0.0	12.0	19.0	94.0	62.0	54.0	64.0	2.0	0.0	0.0	94.0	0.0	56.0	40.0	24.0	49.0	62.0	0.0	50.0	0.0	0.0	0.0	0.0	16.0	0.0	2.0	9.0	83.0	0.0	0.0	85.0	55.0	39.0	0.0	23.0	18.0	0.0	91.0	67.0	0.0	0.0	0.0	46.0	94.0	0.0	0.0	93.0	21.0	65.0	94.0	82.0	20.0	0.0	0.0	0.0	0.0	0.0	74.0	0.0	0.0	57.0	75.0	0.0	7.0	0.0	0.0	7.0	23.0	7.0	1.0	0.0	0.0	37.0	0.0	0.0	55.0	0.0	50.0	0.0	0.0	0.0	0.0	0.0	82.0	99.0	0.0	37.0	72.0	52.0	0.0	58.0	0.0	36.0	65.0	60.0	0.0	46.0	0.0	0.0
46.0	0.0	0.0	82.0	32.0	0.0	61.0	67.0	0.0	55.0	15.0	45.0	52.0	0.0	0.0	0.0	26.0	0.0	0.0	0.0	11.0	0.0	0.0	89.0	74.0	18.0	47.0	34.0	0.0	24.0	0.0	63.0	47.0	0.0	62.0	0.0	0.0	0.0	86.0	0.0	0.0	0.0	0.0	0.0	0.0	0.0	89.0	46.0	0.0	37.0	16.0	0.0	0.0	0.0	35.0	0.0	2.0	0.0	0.0	0.0	0.0	57.0	9.0	0.0	74.0	0.0	9.0	95.0	93.0	63.0	0.0	0.0	83.0	10.0	23.0	0.0	6.0	0.0	0.0	0.0	37.0	68.0	22.0	73.0	0.0	0.0	28.0	0.0	0.0	0.0	0.0	0.0	0.0	0.0	29.0	0.0	86.0	29.0	0.0	7.0	0.0	26.0	73.0	68.0	0.0	0.0	83.0	100.0	19.0	0.0	4.0	0.0	0.0	22.0	0.0	0.0	0.0	0.0	50.0	10.0	46.0	0.0	95.0	74.0	0.0	0.0	0.0	31.0	34.0	16.0	88.0	56.0	96.0	31.0	0.0	14.0	0.0	0.0	80.0	93.0	34.0	95.0	0.0	0.0	0.0	0.0	69.0	0.0	79.0	0.0	0.0	0.0	0.0	0.0	0.0	0.0	23.0	0.0	0.0	0.0	0.0	41.0	77.0	0.0	0.0	0.0	0.0	0.0	46.0	41.0	0.0	0.0	0.0	91.0	0.0	87.0	0.0	91.0	0.0	73.0	0.0	0.0	0.0	0.0	83.0	0.0	0.0	22.0	38.0	0.0
86.0	0.0	0.0	0.0	0.0	0.0	0.0	0.0	0.0	0.0	82.0	32.0	0.0	0.0	34.0	0.0	28.0	0.0	0.0	92.0	29.0	0.0	11.0	39.0	17.0	0.0	86.0	76.0	0.0	100.0	34.0	0.0	0.0	0.0	0.0	24.0	37.0	4.0	6.0	34.0	84.0	90.0	0.0	65.0	0.0	0.0	48.0	0.0	97.0	0.0	90.0	82.0	4.0	0.0	0.0	0.0	99.0	100.0	0.0	0.0	0.0	0.0	97.0	76.0	1.0	0.0	81.0	0.0	44.0	0.0	0.0	0.0	0.0	46.0	0.0	0.0	67.0	87.0	22.0	0.0	7.0	15.0	0.0	74.0	0.0	64.0	0.0	56.0	34.0	35.0	0.0	0.0	0.0	0.0	25.0	0.0	0.0	0.0	0.0	0.0	9.0	0.0	30.0	54.0	45.0	0.0	13.0	0.0	0.0	25.0	0.0	35.0	94.0	5.0	0.0	0.0	59.0	0.0	73.0	0.0	0.0	78.0	0.0	17.0	0.0	0.0	0.0	67.0	0.0	0.0	0.0	0.0	0.0	82.0	0.0	0.0	0.0	13.0	6.0	19.0	62.0	0.0	32.0	53.0	0.0	0.0	63.0	0.0	51.0	0.0	0.0	45.0	65.0	0.0	56.0	39.0	87.0	6.0	0.0	1.0	22.0	0.0	56.0	58.0	60.0	0.0	0.0	0.0	53.0	0.0	52.0	0.0	0.0	81.0	0.0	0.0	0.0	86.0	0.0	0.0	0.0	100.0	28.0	0.0	0.0	0.0	0.0	55.0	62.0
84.0	0.0	91.0	0.0	26.0	0.0	20.0	0.0	21.0	0.0	0.0	0.0	0.0	90.0	83.0	0.0	73.0	73.0	20.0	68.0	71.0	88.0	1.0	53.0	62.0	40.0	0.0	0.0	0.0	0.0	4.0	0.0	0.0	0.0	7.0	0.0	96.0	0.0	77.0	97.0	0.0	0.0	0.0	8.0	12.0	0.0	0.0	98.0	1.0	0.0	0.0	0.0	24.0	0.0	16.0	22.0	68.0	100.0	87.0	0.0	0.0	55.0	81.0	0.0	30.0	0.0	81.0	11.0	0.0	89.0	51.0	42.0	0.0	47.0	0.0	0.0	30.0	13.0	0.0	0.0	40.0	0.0	49.0	86.0	0.0	24.0	29.0	87.0	6.0	0.0	27.0	0.0	5.0	4.0	0.0	4.0	0.0	0.0	0.0	0.0	60.0	0.0	77.0	30.0	76.0	0.0	0.0	0.0	100.0	0.0	89.0	15.0	0.0	12.0	17.0	80.0	39.0	0.0	0.0	8.0	40.0	0.0	5.0	66.0	0.0	7.0	40.0	58.0	42.0	0.0	38.0	28.0	0.0	85.0	0.0	66.0	0.0	37.0	66.0	0.0	94.0	67.0	58.0	79.0	0.0	32.0	0.0	0.0	60.0	0.0	14.0	34.0	0.0	82.0	35.0	94.0	43.0	76.0	96.0	58.0	81.0	10.0	0.0	49.0	0.0	42.0	86.0	73.0	0.0	92.0	0.0	46.0	92.0	69.0	0.0	73.0	19.0	56.0	45.0	0.0	25.0	45.0	30.0	0.0	44.0	28.0	86.0	0.0
0.0	0.0	0.0	89.0	0.0	38.0	0.0	0.0	0.0	97.0	15.0	62.0	95.0	0.0	52.0	0.0	41.0	0.0	8.0	0.0	11.0	100.0	0.0	70.0	74.0	0.0	0.0	90.0	0.0	0.0	78.0	0.0	0.0	64.0	76.0	0.0	18.0	0.0	45.0	23.0	0.0	0.0	0.0	0.0	79.0	57.0	47.0	0.0	40.0	0.0	30.0	0.0	0.0	29.0	60.0	0.0	32.0	0.0	0.0	80.0	86.0	34.0	55.0	88.0	0.0	51.0	0.0	0.0	0.0	0.0	32.0	0.0	0.0	0.0	34.0	0.0	0.0	72.0	6.0	0.0	78.0	51.0	96.0	0.0	98.0	94.0	67.0	0.0	0.0	21.0	0.0	58.0	0.0	36.0	0.0	0.0	59.0	0.0	0.0	89.0	0.0	33.0	0.0	51.0	39.0	0.0	11.0	76.0	73.0	0.0	85.0	25.0	0.0	89.0	20.0	35.0	0.0	73.0	0.0	0.0	72.0	0.0	37.0	77.0	73.0	0.0	0.0	100.0	0.0	21.0	29.0	86.0	0.0	0.0	0.0	31.0	0.0	48.0	47.0	0.0	0.0	25.0	0.0	0.0	0.0	50.0	27.0	0.0	80.0	86.0	0.0	14.0	66.0	96.0	0.0	0.0	33.0	30.0	0.0	0.0	0.0	0.0	39.0	0.0	21.0	74.0	0.0	41.0	47.0	76.0	32.0	29.0	0.0	0.0	74.0	0.0	0.0	0.0	34.0	0.0	0.0	79.0	0.0	0.0	0.0	0.0	0.0
48.0	58.0	0.0	0.0	73.0	62.0	67.0	15.0	52.0	93.0	76.0	94.0	36.0	0.0	95.0	0.0	0.0	61.0	0.0	44.0	0.0	55.0	20.0	57.0	57.0	0.0	0.0	12.0	59.0	56.0	0.0	13.0	40.0	0.0	51.0	0.0	0.0	94.0	0.0	0.0	72.0	0.0	26.0	62.0	34.0	0.0	0.0	72.0	2.0	0.0	70.0	0.0	0.0	0.0	0.0	86.0	41.0	0.0	0.0	16.0	17.0	0.0	0.0	55.0	0.0	0.0	0.0	0.0	50.0	0.0	0.0	0.0	94.0	0.0	0.0	4.0	0.0	0.0	0.0	0.0	80.0	0.0	62.0	70.0	45.0	90.0	88.0	0.0	36.0	0.0	40.0	41.0	33.0	83.0	38.0	39.0	41.0	0.0	93.0	0.0	18.0	81.0	0.0	0.0	22.0	19.0	0.0	0.0	0.0	0.0	63.0	94.0	53.0	100.0	0.0	31.0	78.0	83.0	78.0	71.0	44.0	0.0	0.0	0.0	0.0	0.0	0.0	14.0	33.0	0.0	47.0	24.0	0.0	85.0	79.0	63.0	0.0	8.0	72.0	0.0	82.0	59.0	14.0	100.0	39.0	9.0	0.0	23.0	24.0	0.0	11.0	36.0	0.0	0.0	35.0	0.0	91.0	0.0	0.0	0.0	0.0	70.0	0.0	67.0	73.0	30.0	0.0	1.0	0.0	0.0	0.0	88.0	0.0	79.0	0.0	0.0	50.0	14.0	22.0	94.0	0.0	75.0	0.0	68.0	0.0	25.0
59.0	0.0	71.0	53.0	39.0	64.0	10.0	0.0	0.0	84.0	4.0	71.0	100.0	0.0	0.0	48.0	0.0	0.0	0.0	55.0	0.0	78.0	0.0	0.0	73.0	0.0	53.0	16.0	0.0	3.0	51.0	0.0	57.0	0.0	95.0	68.0	0.0	0.0	20.0	0.0	45.0	0.0	0.0	28.0	0.0	0.0	86.0	0.0	97.0	55.0	98.0	0.0	0.0	0.0	0.0	0.0	55.0	0.0	0.0	52.0	77.0	0.0	0.0	0.0	22.0	96.0	0.0	34.0	27.0	72.0	0.0	0.0	0.0	83.0	0.0	0.0	6.0	48.0	55.0	0.0	99.0	63.0	27.0	5.0	81.0	0.0	0.0	0.0	87.0	0.0	0.0	0.0	56.0	0.0	37.0	60.0	19.0	69.0	0.0	33.0	0.0	0.0	93.0	0.0	0.0	0.0	62.0	0.0	0.0	42.0	60.0	86.0	0.0	0.0	0.0	11.0	0.0	0.0	0.0	45.0	0.0	82.0	72.0	0.0	0.0	73.0	0.0	0.0	51.0	6.0	0.0	0.0	0.0	0.0	62.0	42.0	0.0	67.0	97.0	0.0	59.0	89.0	16.0	14.0	62.0	0.0	25.0	12.0	0.0	0.0	0.0	0.0	0.0	38.0	0.0	19.0	0.0	98.0	0.0	10.0	0.0	2.0	84.0	0.0	0.0	59.0	61.0	0.0	0.0	73.0	0.0	0.0	48.0	24.0	0.0	0.0	0.0	0.0	0.0	0.0	0.0	0.0	88.0	0.0	0.0
0.0	4.0	0.0	0.0	0.0	0.0	91.0	45.0	0.0	0.0	0.0	51.0	97.0	70.0	0.0	83.0	16.0	84.0	49.0	27.0	0.0	94.0	94.0	67.0	0.0	84.0	21.0	0.0	0.0	0.0	72.0	0.0	30.0	0.0	0.0	0.0	44.0	0.0	0.0	0.0	0.0	54.0	25.0	4.0	0.0	0.0	0.0	68.0	0.0	0.0	0.0	0.0	0.0	0.0	0.0	0.0	0.0	88.0	0.0	9.0	38.0	0.0	68.0	36.0	0.0	1.0	0.0	0.0	38.0	0.0	0.0	72.0	0.0	0.0	0.0	89.0	0.0	93.0	62.0	0.0	35.0	0.0	0.0	75.0	0.0	0.0	0.0	0.0	0.0	85.0	0.0	99.0	0.0	0.0	0.0	32.0	0.0	0.0	0.0	0.0	0.0	0.0	0.0	0.0	0.0	0.0	52.0	0.0	0.0	54.0	0.0	98.0	0.0	7.0	100.0	0.0	0.0	75.0	0.0	62.0	12.0	25.0	0.0	86.0	91.0	51.0	0.0	73.0	1.0	23.0	0.0	0.0	71.0	0.0	0.0	61.0	0.0	69.0	50.0	0.0	0.0	0.0	0.0	0.0	53.0	0.0	96.0	42.0	58.0	55.0	0.0	18.0	0.0	98.0	0.0	55.0	0.0	0.0	63.0	44.0	0.0	83.0	0.0	0.0	96.0	0.0	36.0	61.0	6.0	0.0	45.0	0.0	29.0	0.0	0.0	4.0	88.0	57.0	14.0	77.0	40.0	0.0	0.0	0.0
22.0	98.0	0.0	5.0	44.0	0.0	0.0	20.0	0.0	0.0	85.0	0.0	0.0	99.0	28.0	47.0	28.0	0.0	0.0	0.0	0.0	18.0	0.0	0.0	0.0	0.0	47.0	41.0	65.0	0.0	0.0	68.0	20.0	43.0	89.0	7.0	0.0	7.0	0.0	64.0	52.0	0.0	0.0	48.0	0.0	0.0	0.0	82.0	0.0	4.0	31.0	0.0	0.0	32.0	0.0	93.0	17.0	37.0	0.0	0.0	0.0	0.0	68.0	62.0	0.0	31.0	96.0	11.0	0.0	47.0	0.0	0.0	0.0	16.0	6.0	0.0	3.0	33.0	0.0	78.0	0.0	65.0	88.0	52.0	41.0	0.0	0.0	81.0	81.0	0.0	87.0	64.0	0.0	0.0	0.0	10.0	23.0	59.0	0.0	38.0	29.0	55.0	57.0	0.0	77.0	34.0	88.0	15.0	38.0	0.0	45.0	37.0	36.0	71.0	0.0	17.0	70.0	90.0	60.0	39.0	0.0	0.0	0.0	25.0	71.0	0.0	0.0	76.0	0.0	3.0	0.0	35.0	46.0	0.0	94.0	0.0	13.0	0.0	20.0	0.0	0.0	0.0	0.0	90.0	55.0	0.0	0.0	0.0	0.0	25.0	86.0	0.0	65.0	0.0	36.0	72.0	20.0	0.0	77.0	90.0	0.0	0.0	82.0	77.0	29.0	0.0	64.0	0.0	0.0	60.0	48.0	0.0	66.0	65.0	0.0	0.0	0.0	0.0	92.0	72.0	0.0	84.0	0.0
0.0	0.0	25.0	43.0	0.0	47.0	72.0	41.0	11.0	39.0	2.0	13.0	93.0	0.0	0.0	0.0	84.0	0.0	97.0	3.0	0.0	0.0	0.0	0.0	0.0	92.0	0.0	0.0	49.0	0.0	0.0	0.0	43.0	0.0	0.0	0.0	20.0	74.0	0.0	0.0	35.0	17.0	70.0	76.0	0.0	0.0	50.0	35.0	0.0	81.0	4.0	0.0	20.0	70.0	0.0	0.0	0.0	2.0	47.0	86.0	0.0	0.0	32.0	45.0	0.0	25.0	42.0	0.0	0.0	0.0	76.0	62.0	0.0	0.0	18.0	8.0	0.0	54.0	0.0	63.0	0.0	55.0	98.0	46.0	0.0	50.0	0.0	0.0	87.0	0.0	0.0	54.0	0.0	48.0	0.0	0.0	29.0	79.0	0.0	55.0	0.0	0.0	0.0	28.0	0.0	23.0	32.0	43.0	0.0	73.0	26.0	0.0	43.0	78.0	48.0	56.0	0.0	0.0	79.0	76.0	0.0	13.0	70.0	8.0	0.0	65.0	22.0	21.0	0.0	0.0	91.0	0.0	61.0	41.0	14.0	2.0	90.0	0.0	64.0	71.0	0.0	0.0	0.0	61.0	0.0	65.0	100.0	0.0	0.0	11.0	80.0	0.0	0.0	0.0	0.0	38.0	3.0	39.0	0.0	25.0	62.0	0.0	43.0	0.0	0.0	46.0	0.0	11.0	0.0	13.0	50.0	0.0	32.0	0.0	40.0	0.0	94.0	35.0	96.0	65.0	92.0	75.0
1.0	99.0	38.0	33.0	0.0	71.0	91.0	88.0	20.0	96.0	0.0	0.0	0.0	47.0	0.0	0.0	0.0	71.0	4.0	60.0	0.0	0.0	42.0	15.0	0.0	0.0	0.0	45.0	33.0	0.0	0.0	0.0	0.0	0.0	0.0	38.0	21.0	0.0	73.0	0.0	38.0	44.0	0.0	34.0	0.0	0.0	0.0	1.0	45.0	35.0	96.0	0.0	0.0	0.0	0.0	0.0	55.0	0.0	0.0	0.0	0.0	92.0	0.0	78.0	0.0	0.0	0.0	0.0	38.0	7.0	35.0	31.0	19.0	86.0	0.0	0.0	89.0	0.0	61.0	0.0	73.0	37.0	85.0	58.0	0.0	1.0	0.0	0.0	73.0	0.0	20.0	64.0	0.0	0.0	0.0	0.0	6.0	89.0	0.0	27.0	0.0	23.0	89.0	0.0	60.0	91.0	0.0	73.0	21.0	0.0	0.0	30.0	0.0	0.0	0.0	0.0	0.0	53.0	0.0	27.0	66.0	0.0	39.0	0.0	12.0	13.0	14.0	0.0	0.0	40.0	87.0	37.0	0.0	36.0	0.0	0.0	0.0	0.0	100.0	34.0	79.0	54.0	0.0	0.0	0.0	93.0	0.0	96.0	0.0	86.0	71.0	26.0	0.0	0.0	59.0	0.0	21.0	0.0	0.0	95.0	78.0	76.0	39.0	0.0	22.0	79.0	44.0	79.0	0.0	0.0	8.0	84.0	61.0	0.0	0.0	86.0	0.0	56.0	0.0	56.0	0.0
95.0	0.0	43.0	79.0	0.0	35.0	0.0	49.0	16.0	33.0	54.0	0.0	66.0	42.0	98.0	0.0	0.0	69.0	0.0	0.0	21.0	59.0	0.0	94.0	0.0	87.0	0.0	26.0	90.0	0.0	69.0	0.0	22.0	85.0	48.0	58.0	24.0	66.0	62.0	0.0	97.0	88.0	0.0	0.0	0.0	0.0	74.0	0.0	0.0	0.0	0.0	0.0	4.0	0.0	87.0	0.0	0.0	21.0	0.0	0.0	0.0	58.0	0.0	0.0	0.0	0.0	0.0	92.0	0.0	96.0	94.0	0.0	18.0	29.0	0.0	0.0	0.0	0.0	36.0	52.0	62.0	88.0	48.0	57.0	0.0	48.0	0.0	19.0	0.0	48.0	39.0	42.0	9.0	85.0	0.0	44.0	0.0	0.0	0.0	46.0	95.0	0.0	8.0	56.0	31.0	100.0	0.0	0.0	0.0	0.0	60.0	6.0	0.0	77.0	18.0	0.0	0.0	0.0	0.0	0.0	30.0	26.0	0.0	52.0	48.0	0.0	0.0	65.0	0.0	0.0	50.0	79.0	0.0	88.0	10.0	40.0	27.0	85.0	24.0	0.0	7.0	51.0	91.0	64.0	0.0	6.0	98.0	51.0	0.0	84.0	73.0	0.0	0.0	39.0	0.0	98.0	21.0	56.0	0.0	0.0	0.0	65.0	0.0	0.0	80.0	0.0	89.0	0.0	0.0	0.0	0.0	0.0	7.0	0.0	0.0	51.0	0.0	26.0	58.0	14.0
0.0	0.0	0.0	0.0	76.0	0.0	69.0	38.0	25.0	0.0	0.0	26.0	0.0	92.0	0.0	23.0	18.0	70.0	71.0	79.0	0.0	0.0	90.0	0.0	0.0	0.0	0.0	0.0	56.0	0.0	97.0	0.0	44.0	26.0	0.0	0.0	0.0	56.0	0.0	99.0	82.0	76.0	83.0	22.0	4.0	0.0	0.0	53.0	7.0	0.0	69.0	0.0	13.0	0.0	0.0	0.0	68.0	0.0	0.0	0.0	30.0	0.0	58.0	51.0	0.0	90.0	32.0	93.0	0.0	30.0	25.0	0.0	17.0	32.0	32.0	45.0	0.0	83.0	86.0	45.0	88.0	35.0	0.0	1.0	54.0	0.0	69.0	0.0	0.0	0.0	75.0	0.0	4.0	96.0	95.0	0.0	13.0	12.0	0.0	0.0	0.0	0.0	0.0	0.0	0.0	0.0	0.0	0.0	0.0	0.0	26.0	67.0	0.0	46.0	35.0	100.0	54.0	0.0	0.0	99.0	0.0	0.0	0.0	51.0	0.0	0.0	98.0	0.0	63.0	94.0	75.0	0.0	0.0	29.0	13.0	54.0	89.0	81.0	0.0	0.0	96.0	44.0	0.0	0.0	0.0	57.0	0.0	0.0	9.0	0.0	0.0	0.0	5.0	68.0	77.0	3.0	98.0	83.0	4.0	0.0	0.0	0.0	0.0	58.0	0.0	0.0	0.0	0.0	11.0	0.0	24.0	0.0	49.0	0.0	0.0	0.0	0.0	0.0	47.0
0.0	0.0	0.0	0.0	0.0	66.0	0.0	22.0	0.0	0.0	100.0	0.0	0.0	0.0	0.0	7.0	34.0	0.0	0.0	72.0	60.0	0.0	89.0	0.0	35.0	62.0	2.0	91.0	0.0	0.0	0.0	0.0	2.0	40.0	0.0	97.0	20.0	31.0	33.0	42.0	5.0	91.0	0.0	48.0	0.0	0.0	0.0	99.0	0.0	24.0	0.0	32.0	48.0	23.0	0.0	80.0	0.0	0.0	76.0	85.0	0.0	0.0	49.0	0.0	61.0	57.0	0.0	70.0	46.0	20.0	0.0	0.0	90.0	0.0	0.0	41.0	0.0	0.0	46.0	0.0	0.0	3.0	0.0	0.0	0.0	0.0	0.0	0.0	38.0	0.0	7.0	0.0	0.0	58.0	0.0	0.0	24.0	40.0	0.0	44.0	0.0	0.0	0.0	63.0	38.0	0.0	85.0	0.0	0.0	0.0	0.0	7.0	0.0	35.0	0.0	36.0	0.0	0.0	0.0	0.0	91.0	79.0	61.0	0.0	0.0	95.0	0.0	0.0	0.0	0.0	0.0	0.0	14.0	0.0	0.0	45.0	0.0	0.0	0.0	75.0	0.0	90.0	27.0	0.0	0.0	55.0	60.0	12.0	73.0	0.0	0.0	50.0	38.0	0.0	6.0	0.0	2.0	35.0	0.0	12.0	0.0	58.0	0.0	0.0	99.0	11.0	88.0	38.0	51.0	0.0	0.0	0.0	0.0	0.0	45.0	0.0	0.0	38.0
0.0	0.0	0.0	67.0	30.0	0.0	0.0	52.0	0.0	0.0	77.0	9.0	0.0	0.0	0.0	18.0	0.0	0.0	60.0	64.0	0.0	0.0	0.0	0.0	54.0	10.0	0.0	0.0	0.0	0.0	0.0	11.0	65.0	0.0	70.0	0.0	66.0	0.0	20.0	0.0	0.0	0.0	16.0	0.0	0.0	0.0	81.0	0.0	31.0	38.0	0.0	56.0	90.0	98.0	81.0	26.0	0.0	61.0	84.0	0.0	63.0	0.0	50.0	0.0	0.0	0.0	54.0	78.0	61.0	0.0	0.0	0.0	21.0	0.0	11.0	80.0	73.0	56.0	65.0	93.0	0.0	46.0	0.0	25.0	42.0	0.0	0.0	47.0	29.0	58.0	70.0	0.0	0.0	0.0	90.0	76.0	5.0	12.0	0.0	0.0	69.0	0.0	42.0	0.0	0.0	0.0	71.0	29.0	100.0	0.0	0.0	0.0	7.0	17.0	90.0	0.0	0.0	43.0	76.0	0.0	0.0	14.0	0.0	0.0	100.0	89.0	0.0	0.0	0.0	0.0	0.0	86.0	0.0	86.0	22.0	14.0	0.0	55.0	0.0	75.0	17.0	0.0	0.0	50.0	0.0	32.0	29.0	0.0	75.0	0.0	0.0	71.0	46.0	0.0	0.0	34.0	6.0	0.0	0.0	0.0	0.0	0.0	0.0	63.0	15.0	0.0	71.0	0.0	0.0	0.0	55.0	0.0	24.0	38.0	0.0	0.0	6.0
0.0	0.0	99.0	0.0	0.0	92.0	0.0	37.0	0.0	0.0	56.0	52.0	19.0	0.0	0.0	0.0	50.0	0.0	52.0	0.0	57.0	85.0	22.0	0.0	0.0	0.0	0.0	0.0	0.0	0.0	0.0	3.0	93.0	63.0	0.0	6.0	9.0	70.0	0.0	0.0	0.0	0.0	90.0	0.0	36.0	0.0	22.0	0.0	27.0	0.0	96.0	36.0	91.0	0.0	78.0	0.0	29.0	98.0	0.0	5.0	72.0	9.0	0.0	73.0	0.0	0.0	16.0	44.0	51.0	0.0	0.0	98.0	59.0	31.0	0.0	87.0	35.0	0.0	83.0	0.0	21.0	0.0	0.0	29.0	62.0	26.0	72.0	0.0	0.0	0.0	35.0	74.0	0.0	0.0	88.0	65.0	11.0	100.0	0.0	0.0	0.0	19.0	68.0	0.0	24.0	0.0	54.0	26.0	0.0	42.0	18.0	74.0	10.0	61.0	56.0	0.0	54.0	0.0	0.0	82.0	0.0	39.0	0.0	94.0	70.0	0.0	0.0	0.0	0.0	2.0	89.0	0.0	0.0	82.0	0.0	0.0	14.0	0.0	17.0	0.0	0.0	0.0	27.0	0.0	0.0	88.0	0.0	0.0	8.0	52.0	0.0	0.0	31.0	0.0	69.0	68.0	0.0	0.0	75.0	32.0	75.0	0.0	69.0	23.0	88.0	0.0	0.0	0.0	1.0	0.0	32.0	0.0	0.0	0.0	0.0	30.0
15.0	97.0	0.0	0.0	9.0	0.0	72.0	0.0	94.0	74.0	0.0	0.0	9.0	68.0	90.0	0.0	43.0	51.0	89.0	0.0	0.0	0.0	0.0	0.0	0.0	43.0	0.0	0.0	0.0	11.0	0.0	0.0	64.0	0.0	0.0	53.0	57.0	85.0	84.0	11.0	88.0	39.0	9.0	0.0	0.0	0.0	46.0	3.0	11.0	56.0	19.0	66.0	10.0	0.0	35.0	0.0	0.0	49.0	73.0	65.0	0.0	11.0	0.0	0.0	0.0	0.0	0.0	0.0	0.0	8.0	13.0	0.0	88.0	0.0	27.0	0.0	0.0	0.0	0.0	0.0	0.0	56.0	85.0	0.0	47.0	0.0	0.0	32.0	0.0	15.0	58.0	0.0	0.0	91.0	32.0	0.0	47.0	96.0	46.0	0.0	0.0	0.0	0.0	21.0	75.0	0.0	58.0	64.0	96.0	33.0	0.0	0.0	0.0	93.0	0.0	0.0	0.0	8.0	87.0	38.0	0.0	0.0	19.0	86.0	0.0	5.0	68.0	0.0	48.0	72.0	0.0	65.0	9.0	0.0	76.0	0.0	0.0	48.0	0.0	41.0	81.0	81.0	44.0	87.0	68.0	0.0	35.0	0.0	0.0	0.0	0.0	82.0	82.0	0.0	12.0	0.0	0.0	0.0	0.0	0.0	47.0	59.0	41.0	0.0	26.0	12.0	60.0	0.0	7.0	58.0	18.0	0.0	95.0	0.0	0.0
0.0	0.0	0.0	2.0	71.0	28.0	0.0	0.0	0.0	0.0	86.0	0.0	46.0	42.0	77.0	0.0	0.0	0.0	0.0	0.0	26.0	91.0	0.0	0.0	94.0	0.0	0.0	20.0	0.0	39.0	82.0	21.0	0.0	30.0	0.0	100.0	40.0	0.0	0.0	15.0	99.0	22.0	0.0	0.0	96.0	87.0	0.0	76.0	94.0	0.0	0.0	18.0	0.0	68.0	23.0	0.0	18.0	0.0	0.0	0.0	39.0	0.0	0.0	0.0	0.0	38.0	0.0	28.0	78.0	0.0	93.0	97.0	4.0	10.0	46.0	0.0	0.0	0.0	95.0	33.0	0.0	0.0	39.0	0.0	71.0	94.0	0.0	0.0	0.0	0.0	0.0	69.0	0.0	0.0	36.0	0.0	68.0	0.0	0.0	94.0	0.0	70.0	10.0	20.0	0.0	85.0	0.0	0.0	0.0	35.0	14.0	64.0	0.0	0.0	0.0	70.0	85.0	35.0	0.0	0.0	0.0	70.0	0.0	80.0	0.0	35.0	35.0	96.0	0.0	0.0	34.0	0.0	0.0	0.0	0.0	0.0	16.0	0.0	9.0	0.0	0.0	0.0	82.0	0.0	6.0	0.0	0.0	65.0	5.0	0.0	11.0	0.0	56.0	38.0	81.0	0.0	0.0	93.0	47.0	0.0	0.0	0.0	0.0	9.0	0.0	5.0	16.0	0.0	0.0	0.0	0.0	0.0	0.0	0.0
0.0	0.0	0.0	89.0	66.0	81.0	93.0	16.0	98.0	0.0	5.0	0.0	0.0	74.0	25.0	0.0	1.0	22.0	5.0	0.0	79.0	13.0	84.0	24.0	55.0	50.0	7.0	1.0	0.0	54.0	0.0	34.0	0.0	27.0	0.0	0.0	0.0	0.0	52.0	57.0	0.0	82.0	50.0	50.0	0.0	0.0	64.0	0.0	0.0	0.0	0.0	0.0	2.0	1.0	14.0	0.0	95.0	87.0	0.0	20.0	68.0	0.0	0.0	19.0	13.0	60.0	39.0	91.0	9.0	69.0	0.0	74.0	0.0	21.0	0.0	0.0	96.0	20.0	40.0	0.0	22.0	1.0	18.0	0.0	0.0	0.0	0.0	19.0	0.0	0.0	63.0	0.0	13.0	0.0	91.0	0.0	0.0	0.0	0.0	0.0	83.0	53.0	84.0	0.0	79.0	0.0	72.0	0.0	83.0	1.0	0.0	0.0	100.0	16.0	1.0	21.0	63.0	0.0	0.0	0.0	0.0	85.0	0.0	0.0	0.0	0.0	0.0	66.0	0.0	22.0	97.0	0.0	28.0	91.0	0.0	0.0	0.0	0.0	17.0	0.0	0.0	0.0	0.0	0.0	4.0	21.0	0.0	0.0	0.0	0.0	60.0	0.0	62.0	0.0	0.0	0.0	60.0	100.0	0.0	0.0	0.0	15.0	93.0	0.0	0.0	0.0	0.0	6.0	19.0	2.0	7.0	13.0	0.0
74.0	23.0	97.0	0.0	95.0	0.0	0.0	0.0	0.0	48.0	0.0	0.0	70.0	0.0	0.0	62.0	0.0	0.0	53.0	52.0	31.0	21.0	73.0	16.0	55.0	77.0	0.0	0.0	0.0	0.0	0.0	9.0	50.0	23.0	3.0	70.0	0.0	0.0	75.0	58.0	0.0	0.0	87.0	76.0	23.0	0.0	24.0	0.0	3.0	0.0	0.0	0.0	3.0	0.0	0.0	0.0	0.0	0.0	0.0	0.0	15.0	51.0	50.0	0.0	67.0	43.0	1.0	50.0	94.0	0.0	0.0	70.0	0.0	0.0	0.0	94.0	70.0	0.0	0.0	0.0	0.0	0.0	13.0	0.0	0.0	0.0	7.0	59.0	0.0	0.0	4.0	0.0	91.0	56.0	94.0	0.0	0.0	47.0	7.0	89.0	0.0	0.0	0.0	0.0	65.0	89.0	0.0	0.0	62.0	0.0	61.0	0.0	95.0	99.0	0.0	29.0	0.0	72.0	38.0	0.0	47.0	0.0	58.0	54.0	26.0	0.0	44.0	0.0	75.0	0.0	53.0	0.0	0.0	4.0	0.0	0.0	0.0	0.0	59.0	17.0	52.0	0.0	58.0	69.0	0.0	0.0	74.0	0.0	91.0	0.0	0.0	0.0	43.0	0.0	1.0	30.0	0.0	66.0	0.0	79.0	61.0	0.0	18.0	0.0	0.0	0.0	0.0	0.0	0.0	100.0	70.0	0.0
20.0	26.0	0.0	60.0	0.0	0.0	0.0	0.0	42.0	0.0	65.0	60.0	0.0	0.0	0.0	0.0	93.0	0.0	0.0	0.0	0.0	0.0	99.0	0.0	96.0	86.0	0.0	0.0	2.0	0.0	85.0	84.0	13.0	0.0	0.0	46.0	30.0	59.0	30.0	72.0	87.0	35.0	0.0	0.0	59.0	28.0	73.0	0.0	90.0	0.0	0.0	0.0	0.0	0.0	94.0	10.0	0.0	0.0	24.0	0.0	35.0	0.0	45.0	0.0	46.0	19.0	48.0	0.0	0.0	0.0	0.0	0.0	0.0	96.0	0.0	0.0	90.0	36.0	11.0	0.0	0.0	0.0	0.0	0.0	0.0	34.0	77.0	0.0	0.0	25.0	0.0	81.0	0.0	0.0	0.0	0.0	34.0	58.0	0.0	54.0	24.0	0.0	23.0	0.0	81.0	18.0	0.0	28.0	0.0	28.0	0.0	37.0	0.0	0.0	0.0	24.0	47.0	40.0	96.0	33.0	0.0	0.0	0.0	9.0	77.0	73.0	35.0	0.0	0.0	73.0	69.0	58.0	0.0	8.0	8.0	39.0	88.0	49.0	0.0	74.0	0.0	67.0	0.0	94.0	0.0	0.0	29.0	0.0	43.0	61.0	0.0	94.0	57.0	0.0	8.0	0.0	59.0	0.0	0.0	0.0	0.0	16.0	0.0	93.0	0.0	0.0	0.0	0.0	44.0	0.0	0.0
0.0	43.0	0.0	74.0	73.0	0.0	0.0	15.0	0.0	16.0	74.0	100.0	0.0	0.0	0.0	0.0	15.0	16.0	57.0	0.0	0.0	52.0	77.0	0.0	0.0	0.0	0.0	0.0	76.0	11.0	13.0	0.0	0.0	0.0	0.0	0.0	74.0	0.0	0.0	89.0	0.0	0.0	85.0	58.0	35.0	0.0	52.0	71.0	22.0	0.0	56.0	0.0	0.0	0.0	0.0	0.0	0.0	0.0	0.0	0.0	86.0	7.0	61.0	0.0	0.0	36.0	44.0	71.0	99.0	0.0	0.0	0.0	0.0	95.0	23.0	0.0	0.0	19.0	0.0	0.0	0.0	0.0	0.0	0.0	0.0	0.0	0.0	0.0	0.0	0.0	0.0	0.0	0.0	27.0	83.0	94.0	71.0	72.0	0.0	31.0	0.0	0.0	0.0	0.0	0.0	0.0	0.0	0.0	60.0	0.0	74.0	0.0	80.0	3.0	0.0	0.0	0.0	54.0	60.0	73.0	89.0	90.0	48.0	0.0	20.0	7.0	0.0	85.0	72.0	89.0	0.0	0.0	0.0	0.0	0.0	0.0	64.0	14.0	0.0	0.0	56.0	65.0	0.0	0.0	44.0	0.0	42.0	73.0	0.0	24.0	0.0	0.0	0.0	31.0	0.0	40.0	0.0	89.0	0.0	0.0	0.0	1.0	0.0	17.0	0.0	76.0	0.0	0.0	51.0	0.0
0.0	10.0	0.0	97.0	46.0	25.0	47.0	29.0	59.0	0.0	0.0	0.0	0.0	0.0	41.0	0.0	0.0	35.0	0.0	82.0	0.0	49.0	35.0	0.0	0.0	40.0	82.0	28.0	0.0	0.0	0.0	94.0	99.0	17.0	0.0	0.0	9.0	0.0	84.0	56.0	0.0	22.0	0.0	83.0	26.0	0.0	100.0	0.0	0.0	0.0	0.0	0.0	50.0	25.0	0.0	4.0	0.0	18.0	74.0	72.0	36.0	0.0	0.0	0.0	0.0	0.0	0.0	0.0	0.0	93.0	0.0	0.0	0.0	0.0	82.0	6.0	0.0	0.0	0.0	11.0	10.0	7.0	0.0	0.0	100.0	9.0	78.0	80.0	0.0	14.0	25.0	54.0	98.0	0.0	0.0	0.0	2.0	0.0	58.0	33.0	0.0	0.0	58.0	77.0	58.0	0.0	0.0	10.0	86.0	0.0	0.0	3.0	1.0	3.0	49.0	0.0	62.0	0.0	49.0	0.0	38.0	0.0	38.0	0.0	48.0	0.0	91.0	81.0	0.0	0.0	0.0	0.0	0.0	83.0	0.0	0.0	61.0	98.0	88.0	0.0	84.0	89.0	60.0	82.0	0.0	90.0	0.0	0.0	0.0	9.0	0.0	0.0	0.0	63.0	0.0	0.0	0.0	83.0	0.0	0.0	53.0	0.0	92.0	0.0	94.0	0.0	97.0	0.0	21.0
81.0	90.0	0.0	0.0	40.0	57.0	0.0	75.0	8.0	0.0	0.0	100.0	0.0	79.0	50.0	66.0	0.0	0.0	0.0	0.0	98.0	97.0	0.0	0.0	2.0	45.0	26.0	0.0	0.0	0.0	54.0	81.0	0.0	56.0	0.0	0.0	52.0	0.0	11.0	100.0	0.0	0.0	0.0	0.0	100.0	0.0	0.0	9.0	67.0	95.0	21.0	0.0	0.0	0.0	39.0	61.0	6.0	45.0	32.0	68.0	0.0	0.0	0.0	0.0	0.0	5.0	0.0	0.0	62.0	0.0	88.0	75.0	40.0	61.0	60.0	15.0	0.0	0.0	33.0	68.0	26.0	91.0	45.0	0.0	0.0	87.0	0.0	0.0	0.0	38.0	34.0	43.0	88.0	39.0	0.0	0.0	0.0	73.0	10.0	88.0	0.0	0.0	90.0	26.0	49.0	0.0	66.0	75.0	0.0	50.0	0.0	0.0	47.0	0.0	40.0	0.0	83.0	0.0	5.0	0.0	0.0	0.0	0.0	0.0	0.0	10.0	93.0	0.0	42.0	14.0	0.0	52.0	0.0	0.0	0.0	0.0	0.0	0.0	18.0	0.0	22.0	0.0	0.0	0.0	91.0	90.0	0.0	12.0	95.0	16.0	0.0	88.0	17.0	0.0	0.0	23.0	48.0	88.0	14.0	64.0	9.0	0.0	0.0	90.0	90.0	77.0	0.0	0.0
54.0	0.0	69.0	18.0	0.0	0.0	74.0	0.0	92.0	38.0	31.0	0.0	73.0	23.0	42.0	8.0	0.0	0.0	64.0	0.0	3.0	32.0	98.0	97.0	22.0	4.0	0.0	72.0	0.0	89.0	85.0	0.0	0.0	0.0	68.0	0.0	0.0	78.0	96.0	5.0	0.0	0.0	89.0	0.0	0.0	0.0	0.0	93.0	70.0	37.0	46.0	53.0	74.0	67.0	0.0	88.0	68.0	86.0	0.0	0.0	49.0	0.0	49.0	0.0	54.0	0.0	80.0	81.0	59.0	0.0	41.0	93.0	0.0	0.0	56.0	76.0	0.0	0.0	0.0	68.0	36.0	13.0	60.0	0.0	72.0	0.0	73.0	95.0	87.0	69.0	0.0	46.0	0.0	58.0	37.0	0.0	70.0	0.0	6.0	0.0	72.0	0.0	13.0	0.0	45.0	32.0	0.0	96.0	62.0	0.0	0.0	0.0	100.0	0.0	0.0	66.0	0.0	81.0	0.0	0.0	71.0	2.0	0.0	0.0	0.0	82.0	0.0	70.0	13.0	84.0	8.0	0.0	81.0	0.0	0.0	23.0	18.0	11.0	0.0	17.0	0.0	0.0	0.0	1.0	76.0	0.0	0.0	57.0	93.0	0.0	0.0	0.0	0.0	6.0	79.0	55.0	2.0	0.0	11.0	0.0	96.0	22.0	50.0	0.0	7.0	55.0	67.0
86.0	47.0	0.0	0.0	25.0	0.0	70.0	0.0	3.0	0.0	20.0	58.0	18.0	40.0	0.0	0.0	0.0	35.0	82.0	97.0	0.0	0.0	0.0	63.0	100.0	0.0	0.0	0.0	0.0	0.0	35.0	98.0	23.0	0.0	0.0	72.0	61.0	0.0	90.0	6.0	79.0	0.0	22.0	49.0	0.0	65.0	63.0	22.0	0.0	0.0	99.0	0.0	0.0	0.0	94.0	86.0	0.0	0.0	82.0	0.0	0.0	0.0	0.0	0.0	73.0	0.0	5.0	0.0	29.0	31.0	0.0	94.0	39.0	0.0	23.0	15.0	68.0	0.0	0.0	0.0	22.0	0.0	0.0	0.0	22.0	0.0	0.0	67.0	0.0	84.0	90.0	0.0	0.0	17.0	7.0	0.0	0.0	68.0	0.0	0.0	11.0	76.0	0.0	46.0	0.0	46.0	23.0	0.0	20.0	0.0	0.0	0.0	0.0	0.0	0.0	29.0	81.0	0.0	5.0	47.0	14.0	0.0	0.0	0.0	0.0	0.0	0.0	90.0	0.0	66.0	74.0	0.0	0.0	0.0	99.0	40.0	0.0	53.0	60.0	0.0	0.0	55.0	61.0	71.0	0.0	0.0	0.0	72.0	8.0	0.0	0.0	0.0	71.0	26.0	53.0	50.0	0.0	0.0	0.0	0.0	96.0	0.0	0.0	41.0	0.0	67.0
96.0	83.0	57.0	58.0	0.0	0.0	6.0	0.0	0.0	52.0	0.0	40.0	0.0	0.0	0.0	0.0	2.0	0.0	0.0	0.0	58.0	61.0	0.0	0.0	0.0	63.0	11.0	71.0	5.0	92.0	78.0	0.0	0.0	92.0	63.0	22.0	3.0	92.0	92.0	0.0	65.0	0.0	19.0	0.0	0.0	0.0	34.0	0.0	0.0	0.0	72.0	0.0	0.0	0.0	0.0	0.0	0.0	0.0	12.0	41.0	38.0	11.0	12.0	95.0	38.0	75.0	0.0	0.0	0.0	28.0	2.0	96.0	0.0	0.0	95.0	57.0	1.0	0.0	0.0	95.0	0.0	1.0	0.0	0.0	0.0	0.0	37.0	0.0	19.0	67.0	0.0	0.0	33.0	0.0	0.0	0.0	48.0	67.0	0.0	5.0	96.0	65.0	61.0	0.0	0.0	0.0	5.0	0.0	3.0	0.0	26.0	1.0	54.0	0.0	31.0	0.0	49.0	55.0	91.0	95.0	2.0	0.0	27.0	0.0	58.0	0.0	95.0	61.0	58.0	97.0	0.0	84.0	32.0	0.0	52.0	0.0	0.0	95.0	81.0	37.0	49.0	14.0	0.0	0.0	23.0	0.0	0.0	87.0	0.0	21.0	0.0	0.0	0.0	38.0	0.0	42.0	0.0	52.0	0.0	39.0	21.0	77.0	72.0	0.0	0.0
0.0	0.0	0.0	99.0	86.0	0.0	0.0	0.0	73.0	41.0	12.0	45.0	35.0	43.0	8.0	0.0	58.0	96.0	83.0	0.0	0.0	0.0	0.0	0.0	5.0	93.0	0.0	0.0	49.0	0.0	96.0	1.0	83.0	0.0	54.0	0.0	0.0	97.0	45.0	0.0	69.0	54.0	0.0	0.0	0.0	0.0	0.0	0.0	52.0	38.0	0.0	16.0	0.0	14.0	0.0	0.0	0.0	0.0	25.0	65.0	0.0	0.0	84.0	76.0	0.0	0.0	52.0	0.0	0.0	31.0	0.0	0.0	0.0	0.0	39.0	35.0	0.0	86.0	41.0	58.0	47.0	16.0	0.0	4.0	74.0	0.0	0.0	0.0	12.0	0.0	0.0	0.0	0.0	0.0	0.0	16.0	0.0	0.0	2.0	100.0	0.0	0.0	0.0	10.0	0.0	41.0	0.0	42.0	27.0	0.0	0.0	0.0	31.0	57.0	0.0	0.0	0.0	0.0	0.0	0.0	76.0	77.0	53.0	0.0	33.0	15.0	46.0	0.0	91.0	0.0	57.0	2.0	0.0	0.0	62.0	0.0	0.0	92.0	29.0	42.0	0.0	87.0	74.0	27.0	46.0	50.0	0.0	0.0	86.0	0.0	12.0	13.0	0.0	44.0	23.0	24.0	87.0	50.0	44.0	57.0	29.0	91.0	7.0	99.0
82.0	0.0	2.0	46.0	0.0	86.0	30.0	0.0	84.0	0.0	0.0	85.0	0.0	0.0	0.0	0.0	0.0	26.0	92.0	0.0	0.0	0.0	0.0	0.0	60.0	62.0	0.0	0.0	47.0	58.0	55.0	9.0	63.0	42.0	52.0	0.0	0.0	91.0	0.0	0.0	0.0	0.0	0.0	38.0	0.0	0.0	0.0	0.0	16.0	43.0	68.0	0.0	0.0	0.0	16.0	3.0	86.0	0.0	100.0	0.0	0.0	0.0	0.0	0.0	0.0	91.0	0.0	34.0	0.0	7.0	0.0	0.0	0.0	23.0	43.0	0.0	70.0	0.0	7.0	39.0	0.0	0.0	0.0	70.0	0.0	6.0	23.0	0.0	0.0	62.0	24.0	50.0	10.0	46.0	9.0	0.0	52.0	58.0	54.0	0.0	57.0	78.0	30.0	11.0	94.0	37.0	0.0	0.0	0.0	70.0	0.0	9.0	8.0	26.0	0.0	46.0	0.0	0.0	96.0	10.0	41.0	0.0	0.0	99.0	0.0	0.0	0.0	17.0	69.0	0.0	0.0	0.0	0.0	50.0	0.0	79.0	66.0	0.0	82.0	75.0	32.0	0.0	21.0	4.0	74.0	76.0	21.0	0.0	0.0	0.0	0.0	16.0	57.0	85.0	95.0	28.0	87.0	0.0	60.0	87.0	0.0	0.0	0.0
54.0	94.0	0.0	0.0	85.0	0.0	0.0	0.0	43.0	0.0	0.0	30.0	0.0	94.0	0.0	53.0	0.0	0.0	0.0	54.0	17.0	55.0	0.0	3.0	76.0	0.0	0.0	10.0	0.0	0.0	0.0	0.0	85.0	0.0	0.0	0.0	80.0	0.0	40.0	0.0	0.0	0.0	0.0	0.0	58.0	63.0	13.0	42.0	91.0	0.0	4.0	40.0	28.0	10.0	52.0	1.0	35.0	37.0	15.0	9.0	57.0	0.0	0.0	0.0	0.0	0.0	20.0	52.0	1.0	0.0	0.0	27.0	0.0	0.0	45.0	0.0	0.0	73.0	85.0	0.0	0.0	0.0	0.0	0.0	0.0	0.0	0.0	80.0	27.0	25.0	0.0	0.0	0.0	71.0	97.0	74.0	0.0	48.0	62.0	0.0	0.0	3.0	0.0	0.0	0.0	68.0	0.0	78.0	0.0	50.0	82.0	30.0	0.0	0.0	0.0	0.0	0.0	44.0	0.0	0.0	0.0	40.0	0.0	6.0	26.0	20.0	98.0	0.0	0.0	0.0	0.0	0.0	0.0	0.0	0.0	0.0	67.0	0.0	0.0	35.0	50.0	25.0	98.0	87.0	20.0	71.0	0.0	34.0	90.0	0.0	53.0	11.0	30.0	81.0	7.0	11.0	0.0	56.0	0.0	0.0	11.0	64.0
0.0	1.0	0.0	94.0	0.0	10.0	33.0	91.0	0.0	0.0	0.0	84.0	62.0	44.0	67.0	35.0	0.0	15.0	0.0	0.0	0.0	97.0	0.0	0.0	0.0	0.0	75.0	14.0	67.0	0.0	0.0	0.0	0.0	21.0	0.0	14.0	23.0	0.0	0.0	89.0	0.0	3.0	15.0	0.0	27.0	0.0	0.0	0.0	4.0	38.0	0.0	87.0	18.0	17.0	24.0	54.0	73.0	50.0	0.0	0.0	78.0	27.0	73.0	75.0	0.0	44.0	0.0	0.0	0.0	10.0	0.0	45.0	0.0	0.0	0.0	0.0	80.0	0.0	26.0	88.0	69.0	0.0	40.0	5.0	96.0	0.0	0.0	0.0	0.0	0.0	42.0	0.0	0.0	0.0	85.0	77.0	0.0	0.0	31.0	88.0	12.0	0.0	0.0	0.0	53.0	0.0	0.0	0.0	0.0	53.0	75.0	0.0	68.0	77.0	0.0	0.0	0.0	0.0	33.0	73.0	0.0	0.0	78.0	61.0	0.0	28.0	48.0	19.0	0.0	0.0	29.0	0.0	0.0	76.0	0.0	0.0	63.0	88.0	51.0	0.0	0.0	0.0	76.0	5.0	75.0	0.0	63.0	0.0	63.0	86.0	0.0	43.0	0.0	0.0	0.0	0.0	0.0	0.0	52.0	92.0	72.0
0.0	13.0	0.0	0.0	0.0	70.0	33.0	0.0	0.0	79.0	0.0	20.0	28.0	0.0	33.0	0.0	0.0	0.0	0.0	0.0	43.0	0.0	0.0	0.0	76.0	39.0	32.0	0.0	0.0	0.0	72.0	71.0	35.0	0.0	0.0	2.0	0.0	0.0	65.0	57.0	97.0	73.0	0.0	82.0	0.0	84.0	0.0	22.0	0.0	19.0	0.0	0.0	25.0	0.0	0.0	23.0	36.0	16.0	56.0	38.0	0.0	67.0	0.0	7.0	74.0	55.0	0.0	0.0	0.0	55.0	0.0	0.0	16.0	5.0	54.0	20.0	62.0	0.0	25.0	37.0	0.0	0.0	0.0	0.0	45.0	0.0	18.0	75.0	0.0	0.0	94.0	0.0	0.0	61.0	5.0	41.0	41.0	0.0	0.0	0.0	83.0	0.0	0.0	0.0	78.0	0.0	0.0	7.0	63.0	0.0	0.0	6.0	0.0	0.0	45.0	0.0	92.0	0.0	0.0	9.0	29.0	0.0	0.0	49.0	56.0	0.0	93.0	61.0	48.0	0.0	0.0	0.0	21.0	40.0	19.0	0.0	45.0	39.0	72.0	74.0	0.0	0.0	0.0	0.0	0.0	0.0	60.0	0.0	31.0	30.0	0.0	59.0	0.0	0.0	0.0	58.0	0.0	73.0	0.0	0.0
37.0	0.0	0.0	0.0	0.0	47.0	0.0	0.0	0.0	59.0	12.0	0.0	0.0	23.0	0.0	55.0	100.0	96.0	87.0	0.0	0.0	0.0	51.0	0.0	14.0	0.0	0.0	93.0	52.0	0.0	92.0	0.0	0.0	88.0	0.0	0.0	0.0	51.0	11.0	0.0	0.0	0.0	0.0	11.0	78.0	94.0	0.0	57.0	0.0	47.0	43.0	86.0	86.0	0.0	0.0	0.0	49.0	100.0	0.0	35.0	0.0	0.0	38.0	22.0	94.0	0.0	64.0	77.0	0.0	55.0	0.0	0.0	0.0	0.0	0.0	21.0	99.0	0.0	0.0	39.0	56.0	11.0	0.0	0.0	86.0	93.0	60.0	0.0	84.0	0.0	65.0	0.0	21.0	43.0	82.0	68.0	0.0	87.0	0.0	91.0	0.0	76.0	0.0	52.0	0.0	0.0	0.0	0.0	91.0	0.0	45.0	0.0	95.0	34.0	0.0	57.0	87.0	50.0	0.0	97.0	10.0	0.0	55.0	86.0	0.0	32.0	0.0	94.0	0.0	94.0	0.0	0.0	0.0	28.0	0.0	0.0	16.0	12.0	45.0	0.0	78.0	0.0	38.0	0.0	0.0	0.0	38.0	50.0	90.0	0.0	0.0	0.0	88.0	64.0	0.0	74.0	67.0	0.0	0.0
0.0	0.0	0.0	0.0	92.0	0.0	18.0	0.0	0.0	42.0	0.0	79.0	0.0	0.0	98.0	0.0	25.0	0.0	5.0	0.0	12.0	90.0	0.0	0.0	49.0	55.0	45.0	0.0	22.0	0.0	57.0	0.0	20.0	0.0	0.0	0.0	24.0	57.0	4.0	7.0	82.0	0.0	58.0	33.0	93.0	54.0	38.0	16.0	44.0	0.0	68.0	46.0	36.0	58.0	0.0	16.0	32.0	9.0	0.0	45.0	87.0	0.0	0.0	84.0	56.0	0.0	80.0	74.0	4.0	44.0	0.0	9.0	23.0	39.0	42.0	71.0	7.0	0.0	14.0	95.0	65.0	0.0	0.0	83.0	0.0	0.0	26.0	75.0	0.0	0.0	77.0	76.0	13.0	15.0	0.0	0.0	0.0	6.0	58.0	0.0	0.0	0.0	0.0	47.0	98.0	77.0	45.0	0.0	79.0	0.0	0.0	46.0	0.0	2.0	39.0	83.0	0.0	67.0	0.0	1.0	0.0	0.0	42.0	0.0	0.0	37.0	56.0	0.0	2.0	26.0	26.0	54.0	57.0	79.0	40.0	83.0	33.0	81.0	0.0	0.0	58.0	0.0	0.0	78.0	0.0	79.0	74.0	31.0	0.0	0.0	0.0	0.0	69.0	0.0	96.0	83.0	3.0	75.0
92.0	0.0	0.0	0.0	81.0	87.0	0.0	0.0	47.0	59.0	53.0	40.0	0.0	76.0	0.0	0.0	0.0	0.0	0.0	0.0	52.0	0.0	94.0	88.0	39.0	0.0	90.0	21.0	0.0	0.0	0.0	77.0	42.0	75.0	0.0	90.0	0.0	5.0	68.0	0.0	10.0	0.0	0.0	17.0	0.0	0.0	0.0	0.0	0.0	0.0	2.0	59.0	0.0	21.0	85.0	0.0	0.0	87.0	0.0	87.0	0.0	97.0	0.0	52.0	0.0	82.0	100.0	32.0	0.0	58.0	0.0	42.0	71.0	92.0	0.0	78.0	0.0	62.0	76.0	44.0	0.0	0.0	0.0	0.0	0.0	59.0	0.0	0.0	90.0	1.0	1.0	0.0	0.0	78.0	85.0	63.0	0.0	0.0	0.0	48.0	98.0	0.0	91.0	51.0	0.0	0.0	51.0	0.0	0.0	0.0	0.0	71.0	1.0	0.0	0.0	75.0	0.0	60.0	0.0	0.0	0.0	0.0	89.0	0.0	13.0	0.0	0.0	0.0	32.0	0.0	27.0	75.0	0.0	0.0	0.0	61.0	0.0	35.0	0.0	0.0	76.0	0.0	0.0	15.0	61.0	0.0	91.0	32.0	52.0	3.0	0.0	10.0	97.0	0.0	0.0	100.0	54.0
71.0	98.0	0.0	82.0	0.0	48.0	0.0	0.0	71.0	60.0	0.0	0.0	82.0	0.0	86.0	0.0	0.0	60.0	0.0	0.0	0.0	1.0	97.0	65.0	87.0	38.0	68.0	0.0	98.0	48.0	0.0	36.0	0.0	0.0	44.0	31.0	0.0	28.0	0.0	16.0	0.0	23.0	15.0	77.0	0.0	0.0	0.0	15.0	17.0	0.0	0.0	78.0	0.0	0.0	3.0	32.0	0.0	84.0	0.0	0.0	9.0	0.0	0.0	0.0	46.0	25.0	9.0	96.0	0.0	68.0	0.0	94.0	0.0	0.0	88.0	0.0	3.0	0.0	34.0	16.0	0.0	13.0	0.0	0.0	71.0	96.0	0.0	0.0	92.0	0.0	21.0	28.0	42.0	0.0	0.0	74.0	78.0	24.0	20.0	0.0	0.0	0.0	0.0	0.0	14.0	94.0	0.0	40.0	8.0	0.0	33.0	87.0	36.0	0.0	53.0	0.0	0.0	0.0	95.0	71.0	48.0	0.0	32.0	0.0	0.0	53.0	51.0	0.0	56.0	0.0	0.0	0.0	79.0	0.0	0.0	0.0	33.0	21.0	0.0	0.0	63.0	0.0	34.0	27.0	22.0	27.0	96.0	52.0	77.0	13.0	69.0	0.0	1.0	63.0	39.0	0.0
2.0	0.0	50.0	0.0	29.0	0.0	43.0	0.0	0.0	66.0	47.0	45.0	48.0	0.0	11.0	54.0	0.0	0.0	0.0	95.0	0.0	85.0	3.0	0.0	0.0	0.0	0.0	50.0	0.0	20.0	0.0	0.0	0.0	0.0	0.0	40.0	77.0	0.0	64.0	63.0	0.0	0.0	0.0	0.0	0.0	85.0	0.0	31.0	0.0	0.0	0.0	0.0	32.0	0.0	0.0	0.0	38.0	61.0	0.0	0.0	98.0	64.0	0.0	0.0	35.0	47.0	0.0	78.0	45.0	2.0	0.0	17.0	41.0	36.0	0.0	26.0	0.0	97.0	0.0	19.0	0.0	43.0	0.0	0.0	81.0	0.0	20.0	97.0	97.0	0.0	0.0	0.0	8.0	53.0	0.0	0.0	0.0	93.0	0.0	76.0	0.0	29.0	0.0	0.0	35.0	0.0	0.0	0.0	0.0	31.0	0.0	0.0	10.0	42.0	95.0	97.0	0.0	0.0	0.0	0.0	66.0	84.0	3.0	0.0	60.0	0.0	0.0	0.0	0.0	0.0	0.0	0.0	6.0	91.0	8.0	0.0	0.0	20.0	85.0	37.0	0.0	5.0	0.0	31.0	74.0	15.0	0.0	88.0	0.0	93.0	61.0	0.0	0.0	0.0	42.0
76.0	0.0	0.0	15.0	0.0	37.0	0.0	90.0	0.0	0.0	0.0	34.0	40.0	0.0	93.0	82.0	0.0	29.0	27.0	0.0	12.0	0.0	32.0	4.0	0.0	0.0	34.0	81.0	0.0	0.0	0.0	0.0	60.0	0.0	86.0	0.0	90.0	79.0	15.0	0.0	0.0	0.0	2.0	0.0	0.0	0.0	45.0	0.0	76.0	0.0	0.0	0.0	0.0	91.0	55.0	66.0	0.0	63.0	0.0	0.0	45.0	10.0	9.0	44.0	0.0	0.0	85.0	38.0	0.0	0.0	0.0	1.0	0.0	48.0	0.0	75.0	62.0	0.0	0.0	0.0	73.0	67.0	64.0	99.0	0.0	0.0	0.0	0.0	0.0	63.0	0.0	2.0	0.0	0.0	24.0	0.0	32.0	89.0	12.0	0.0	0.0	25.0	23.0	0.0	0.0	0.0	57.0	66.0	0.0	90.0	42.0	18.0	0.0	52.0	72.0	24.0	0.0	15.0	0.0	92.0	0.0	30.0	0.0	61.0	22.0	0.0	0.0	0.0	0.0	0.0	91.0	64.0	69.0	0.0	15.0	0.0	32.0	0.0	0.0	0.0	0.0	76.0	0.0	95.0	37.0	53.0	55.0	0.0	0.0	73.0	14.0	31.0	0.0	49.0
0.0	94.0	80.0	0.0	66.0	62.0	0.0	46.0	10.0	44.0	0.0	52.0	80.0	55.0	81.0	51.0	59.0	0.0	63.0	0.0	0.0	89.0	0.0	78.0	46.0	45.0	0.0	78.0	38.0	0.0	14.0	57.0	53.0	0.0	18.0	0.0	18.0	0.0	55.0	40.0	43.0	0.0	0.0	0.0	0.0	88.0	0.0	75.0	47.0	0.0	59.0	70.0	0.0	49.0	75.0	0.0	0.0	15.0	0.0	41.0	1.0	73.0	0.0	0.0	0.0	0.0	0.0	0.0	0.0	0.0	0.0	8.0	0.0	0.0	48.0	94.0	2.0	0.0	0.0	71.0	26.0	0.0	86.0	0.0	50.0	51.0	0.0	0.0	0.0	0.0	0.0	0.0	98.0	87.0	0.0	83.0	10.0	42.0	0.0	0.0	0.0	15.0	3.0	0.0	74.0	0.0	90.0	6.0	0.0	0.0	16.0	0.0	0.0	0.0	10.0	89.0	0.0	0.0	0.0	40.0	44.0	45.0	94.0	0.0	37.0	0.0	98.0	52.0	53.0	0.0	0.0	0.0	53.0	0.0	0.0	4.0	55.0	0.0	43.0	73.0	0.0	47.0	35.0	0.0	0.0	0.0	32.0	31.0	0.0	0.0	0.0	50.0	0.0
0.0	13.0	0.0	52.0	0.0	5.0	78.0	40.0	0.0	0.0	21.0	3.0	0.0	0.0	93.0	0.0	57.0	0.0	34.0	0.0	0.0	48.0	71.0	17.0	0.0	0.0	0.0	0.0	0.0	0.0	0.0	0.0	0.0	0.0	58.0	0.0	66.0	0.0	0.0	85.0	0.0	0.0	0.0	5.0	0.0	0.0	0.0	0.0	45.0	47.0	0.0	61.0	90.0	30.0	0.0	6.0	36.0	34.0	77.0	0.0	0.0	81.0	3.0	8.0	82.0	0.0	0.0	7.0	0.0	60.0	0.0	0.0	0.0	0.0	40.0	69.0	0.0	9.0	83.0	0.0	22.0	0.0	0.0	0.0	73.0	29.0	96.0	0.0	0.0	29.0	0.0	50.0	0.0	27.0	71.0	13.0	0.0	1.0	100.0	0.0	0.0	93.0	0.0	11.0	50.0	0.0	15.0	65.0	34.0	0.0	90.0	0.0	0.0	14.0	55.0	0.0	0.0	0.0	40.0	58.0	0.0	0.0	0.0	0.0	19.0	0.0	0.0	73.0	0.0	0.0	38.0	0.0	0.0	0.0	0.0	89.0	0.0	79.0	0.0	65.0	1.0	50.0	0.0	0.0	40.0	0.0	18.0	0.0	0.0	35.0	0.0	0.0
0.0	47.0	0.0	0.0	0.0	0.0	13.0	12.0	0.0	0.0	46.0	11.0	0.0	0.0	0.0	78.0	0.0	0.0	74.0	0.0	0.0	55.0	0.0	85.0	0.0	0.0	0.0	100.0	28.0	9.0	37.0	30.0	0.0	0.0	21.0	28.0	41.0	71.0	41.0	0.0	0.0	0.0	0.0	58.0	25.0	0.0	0.0	10.0	21.0	4.0	3.0	0.0	0.0	7.0	21.0	34.0	82.0	0.0	0.0	62.0	0.0	69.0	0.0	27.0	0.0	39.0	2.0	78.0	19.0	41.0	33.0	0.0	0.0	0.0	0.0	22.0	0.0	0.0	5.0	0.0	81.0	57.0	90.0	99.0	0.0	0.0	45.0	0.0	47.0	46.0	30.0	42.0	0.0	10.0	0.0	87.0	0.0	0.0	58.0	0.0	0.0	30.0	0.0	86.0	0.0	45.0	77.0	0.0	91.0	0.0	0.0	5.0	47.0	0.0	0.0	5.0	0.0	0.0	0.0	0.0	0.0	0.0	47.0	20.0	26.0	39.0	63.0	44.0	43.0	0.0	0.0	9.0	0.0	92.0	36.0	0.0	0.0	0.0	0.0	44.0	54.0	67.0	0.0	43.0	0.0	29.0	0.0	0.0	0.0	0.0	0.0
35.0	73.0	37.0	0.0	0.0	0.0	15.0	36.0	0.0	0.0	0.0	98.0	28.0	0.0	96.0	0.0	0.0	0.0	90.0	0.0	6.0	3.0	64.0	0.0	0.0	0.0	91.0	24.0	96.0	0.0	0.0	0.0	6.0	0.0	83.0	0.0	9.0	0.0	40.0	0.0	0.0	47.0	0.0	63.0	94.0	80.0	46.0	53.0	55.0	0.0	57.0	60.0	0.0	32.0	0.0	95.0	0.0	0.0	10.0	55.0	0.0	34.0	12.0	0.0	95.0	0.0	0.0	0.0	0.0	17.0	0.0	0.0	53.0	90.0	17.0	0.0	0.0	11.0	70.0	0.0	0.0	81.0	42.0	56.0	56.0	10.0	0.0	0.0	93.0	31.0	64.0	0.0	13.0	4.0	11.0	0.0	16.0	57.0	0.0	29.0	0.0	0.0	0.0	0.0	0.0	0.0	0.0	86.0	0.0	0.0	0.0	0.0	80.0	0.0	65.0	0.0	0.0	0.0	60.0	0.0	17.0	0.0	0.0	37.0	81.0	0.0	0.0	0.0	0.0	0.0	92.0	16.0	0.0	99.0	0.0	0.0	0.0	0.0	0.0	41.0	30.0	75.0	9.0	44.0	69.0	68.0	0.0	92.0	39.0	55.0
3.0	90.0	0.0	21.0	0.0	0.0	14.0	0.0	68.0	0.0	0.0	28.0	0.0	90.0	46.0	0.0	28.0	0.0	47.0	49.0	1.0	3.0	9.0	56.0	0.0	0.0	0.0	21.0	27.0	0.0	35.0	14.0	0.0	0.0	4.0	38.0	64.0	92.0	17.0	57.0	0.0	95.0	0.0	9.0	89.0	0.0	0.0	0.0	0.0	0.0	0.0	0.0	44.0	0.0	54.0	90.0	18.0	52.0	60.0	0.0	0.0	0.0	73.0	0.0	0.0	0.0	4.0	0.0	0.0	0.0	0.0	0.0	0.0	16.0	0.0	0.0	8.0	29.0	14.0	94.0	0.0	53.0	60.0	65.0	71.0	0.0	0.0	0.0	37.0	5.0	0.0	0.0	65.0	77.0	0.0	0.0	0.0	0.0	0.0	11.0	0.0	33.0	0.0	11.0	0.0	0.0	0.0	95.0	0.0	87.0	0.0	6.0	0.0	0.0	95.0	0.0	50.0	83.0	11.0	95.0	0.0	0.0	0.0	0.0	0.0	28.0	0.0	0.0	68.0	33.0	29.0	64.0	83.0	4.0	0.0	38.0	0.0	36.0	17.0	0.0	0.0	0.0	21.0	0.0	62.0	57.0	0.0	0.0	0.0
0.0	23.0	0.0	0.0	0.0	14.0	79.0	55.0	86.0	0.0	88.0	0.0	49.0	4.0	0.0	0.0	85.0	0.0	0.0	2.0	0.0	31.0	0.0	0.0	0.0	84.0	0.0	0.0	97.0	44.0	0.0	46.0	0.0	97.0	54.0	19.0	6.0	0.0	29.0	0.0	76.0	0.0	65.0	0.0	88.0	94.0	10.0	34.0	90.0	84.0	14.0	48.0	0.0	0.0	0.0	0.0	0.0	0.0	0.0	22.0	0.0	0.0	0.0	82.0	0.0	4.0	0.0	0.0	0.0	0.0	0.0	0.0	0.0	0.0	59.0	0.0	0.0	40.0	0.0	0.0	21.0	94.0	0.0	0.0	0.0	0.0	0.0	39.0	76.0	19.0	0.0	90.0	0.0	13.0	0.0	83.0	33.0	34.0	32.0	79.0	72.0	46.0	0.0	78.0	0.0	0.0	49.0	9.0	0.0	22.0	0.0	8.0	0.0	0.0	68.0	94.0	0.0	0.0	28.0	24.0	0.0	0.0	30.0	0.0	0.0	90.0	0.0	86.0	0.0	42.0	0.0	29.0	0.0	90.0	0.0	60.0	0.0	96.0	8.0	0.0	30.0	0.0	0.0	96.0	0.0	0.0	0.0	33.0
0.0	6.0	0.0	93.0	0.0	65.0	0.0	33.0	42.0	0.0	0.0	0.0	81.0	0.0	13.0	0.0	91.0	0.0	10.0	2.0	91.0	0.0	90.0	11.0	61.0	46.0	0.0	12.0	0.0	0.0	88.0	0.0	72.0	0.0	82.0	98.0	0.0	10.0	0.0	65.0	66.0	86.0	0.0	65.0	0.0	8.0	26.0	32.0	61.0	0.0	42.0	0.0	13.0	27.0	0.0	26.0	0.0	0.0	0.0	76.0	3.0	0.0	73.0	48.0	0.0	0.0	0.0	8.0	88.0	0.0	12.0	0.0	24.0	78.0	75.0	0.0	0.0	0.0	5.0	83.0	50.0	80.0	0.0	27.0	86.0	0.0	10.0	0.0	99.0	18.0	11.0	77.0	0.0	22.0	8.0	52.0	0.0	44.0	33.0	0.0	59.0	0.0	89.0	0.0	0.0	74.0	56.0	0.0	64.0	43.0	0.0	0.0	0.0	0.0	0.0	0.0	69.0	62.0	0.0	7.0	72.0	59.0	28.0	0.0	34.0	0.0	0.0	0.0	0.0	0.0	62.0	91.0	0.0	62.0	45.0	12.0	0.0	79.0	81.0	0.0	24.0	0.0	96.0	31.0	0.0	0.0	58.0
10.0	0.0	0.0	0.0	0.0	36.0	77.0	0.0	0.0	0.0	3.0	29.0	0.0	0.0	0.0	25.0	69.0	0.0	98.0	0.0	7.0	0.0	0.0	79.0	68.0	0.0	0.0	70.0	15.0	0.0	28.0	0.0	0.0	60.0	0.0	0.0	0.0	0.0	0.0	0.0	0.0	45.0	90.0	0.0	0.0	5.0	47.0	0.0	82.0	0.0	0.0	0.0	10.0	0.0	94.0	0.0	69.0	3.0	0.0	4.0	0.0	36.0	0.0	50.0	0.0	0.0	0.0	0.0	4.0	82.0	41.0	13.0	0.0	0.0	0.0	78.0	0.0	59.0	0.0	0.0	0.0	49.0	71.0	53.0	0.0	0.0	15.0	84.0	0.0	0.0	25.0	58.0	0.0	0.0	21.0	92.0	0.0	48.0	9.0	24.0	85.0	0.0	64.0	0.0	0.0	75.0	7.0	64.0	0.0	97.0	99.0	97.0	82.0	67.0	0.0	0.0	96.0	0.0	0.0	40.0	83.0	56.0	71.0	0.0	55.0	0.0	0.0	66.0	0.0	0.0	0.0	27.0	48.0	24.0	95.0	38.0	0.0	0.0	60.0	0.0	95.0	0.0	12.0	20.0	21.0	0.0
0.0	95.0	0.0	0.0	0.0	38.0	18.0	0.0	46.0	0.0	0.0	55.0	98.0	51.0	46.0	33.0	83.0	89.0	0.0	0.0	86.0	0.0	0.0	0.0	0.0	0.0	0.0	0.0	7.0	99.0	0.0	0.0	60.0	28.0	26.0	0.0	0.0	97.0	97.0	56.0	0.0	67.0	0.0	0.0	6.0	0.0	15.0	0.0	0.0	77.0	0.0	92.0	0.0	0.0	44.0	0.0	57.0	0.0	0.0	51.0	0.0	45.0	78.0	2.0	0.0	89.0	0.0	86.0	0.0	0.0	0.0	57.0	62.0	0.0	0.0	0.0	0.0	49.0	0.0	0.0	0.0	55.0	94.0	0.0	3.0	16.0	0.0	25.0	0.0	0.0	0.0	0.0	0.0	0.0	0.0	75.0	61.0	18.0	6.0	0.0	0.0	36.0	0.0	0.0	28.0	0.0	0.0	0.0	0.0	8.0	0.0	0.0	0.0	43.0	41.0	34.0	0.0	0.0	75.0	17.0	27.0	0.0	0.0	0.0	43.0	0.0	2.0	30.0	0.0	62.0	81.0	0.0	100.0	24.0	0.0	0.0	58.0	0.0	41.0	52.0	0.0	77.0	51.0	29.0	70.0
94.0	0.0	15.0	2.0	0.0	11.0	0.0	0.0	0.0	0.0	49.0	0.0	0.0	0.0	0.0	0.0	98.0	0.0	52.0	5.0	31.0	9.0	0.0	61.0	0.0	84.0	69.0	12.0	51.0	25.0	86.0	29.0	0.0	0.0	0.0	0.0	62.0	0.0	97.0	0.0	0.0	2.0	33.0	59.0	24.0	57.0	71.0	89.0	0.0	0.0	22.0	33.0	0.0	0.0	63.0	70.0	0.0	0.0	0.0	0.0	0.0	61.0	80.0	81.0	11.0	59.0	0.0	0.0	99.0	31.0	80.0	0.0	0.0	36.0	80.0	88.0	66.0	1.0	0.0	16.0	0.0	45.0	0.0	8.0	0.0	15.0	0.0	0.0	0.0	0.0	0.0	61.0	46.0	26.0	0.0	90.0	0.0	69.0	0.0	0.0	0.0	0.0	9.0	0.0	100.0	0.0	97.0	0.0	78.0	21.0	20.0	20.0	0.0	0.0	55.0	28.0	61.0	0.0	0.0	89.0	0.0	0.0	66.0	0.0	27.0	0.0	17.0	93.0	57.0	0.0	79.0	91.0	0.0	50.0	0.0	7.0	13.0	0.0	91.0	0.0	0.0	0.0	91.0	0.0
9.0	72.0	0.0	51.0	0.0	59.0	27.0	0.0	0.0	0.0	94.0	0.0	93.0	80.0	50.0	0.0	50.0	0.0	33.0	0.0	0.0	0.0	16.0	81.0	55.0	66.0	19.0	0.0	46.0	80.0	27.0	0.0	22.0	0.0	0.0	0.0	10.0	0.0	91.0	88.0	20.0	0.0	0.0	0.0	0.0	31.0	91.0	39.0	0.0	0.0	44.0	0.0	9.0	79.0	0.0	0.0	4.0	0.0	0.0	26.0	0.0	0.0	0.0	0.0	57.0	0.0	49.0	0.0	16.0	46.0	22.0	67.0	96.0	26.0	33.0	72.0	0.0	0.0	94.0	0.0	0.0	82.0	9.0	100.0	28.0	0.0	0.0	34.0	11.0	69.0	8.0	90.0	0.0	68.0	0.0	0.0	0.0	0.0	0.0	0.0	74.0	0.0	41.0	95.0	82.0	0.0	26.0	76.0	0.0	0.0	0.0	5.0	89.0	96.0	0.0	87.0	71.0	0.0	0.0	0.0	55.0	0.0	96.0	0.0	24.0	41.0	45.0	0.0	0.0	0.0	62.0	0.0	0.0	75.0	0.0	0.0	0.0	0.0	0.0	38.0	0.0	0.0	41.0
0.0	0.0	0.0	30.0	0.0	0.0	0.0	95.0	0.0	0.0	66.0	30.0	0.0	25.0	95.0	0.0	27.0	93.0	0.0	0.0	0.0	58.0	75.0	0.0	75.0	78.0	85.0	30.0	40.0	44.0	47.0	0.0	0.0	0.0	0.0	66.0	4.0	54.0	75.0	0.0	0.0	58.0	58.0	21.0	17.0	0.0	10.0	71.0	0.0	0.0	0.0	62.0	0.0	0.0	64.0	12.0	69.0	0.0	91.0	0.0	7.0	45.0	25.0	0.0	0.0	18.0	78.0	7.0	0.0	78.0	65.0	93.0	0.0	0.0	0.0	64.0	91.0	0.0	18.0	30.0	96.0	82.0	91.0	0.0	10.0	0.0	0.0	0.0	0.0	38.0	64.0	0.0	0.0	0.0	0.0	68.0	0.0	62.0	68.0	0.0	38.0	0.0	0.0	16.0	0.0	0.0	48.0	64.0	0.0	0.0	0.0	95.0	0.0	0.0	28.0	69.0	39.0	0.0	0.0	64.0	23.0	57.0	0.0	2.0	0.0	48.0	0.0	51.0	63.0	66.0	23.0	0.0	96.0	0.0	97.0	79.0	13.0	0.0	0.0	4.0	64.0	57.0
18.0	65.0	88.0	95.0	58.0	0.0	1.0	29.0	39.0	0.0	0.0	0.0	0.0	0.0	26.0	0.0	37.0	75.0	76.0	3.0	0.0	0.0	0.0	86.0	0.0	0.0	0.0	97.0	0.0	0.0	0.0	0.0	0.0	3.0	0.0	0.0	84.0	0.0	80.0	28.0	0.0	4.0	0.0	38.0	0.0	7.0	16.0	64.0	25.0	0.0	0.0	83.0	0.0	75.0	25.0	0.0	0.0	0.0	0.0	0.0	0.0	27.0	0.0	0.0	0.0	0.0	0.0	19.0	0.0	38.0	0.0	0.0	96.0	66.0	18.0	99.0	90.0	76.0	63.0	0.0	45.0	0.0	69.0	0.0	20.0	0.0	20.0	0.0	44.0	0.0	25.0	0.0	70.0	85.0	0.0	47.0	61.0	0.0	0.0	0.0	0.0	0.0	23.0	0.0	31.0	40.0	0.0	92.0	72.0	0.0	0.0	48.0	31.0	0.0	0.0	0.0	0.0	0.0	11.0	31.0	0.0	34.0	96.0	0.0	77.0	0.0	38.0	88.0	0.0	28.0	0.0	0.0	0.0	59.0	47.0	23.0	0.0	0.0	68.0	76.0	0.0
65.0	90.0	60.0	0.0	72.0	0.0	0.0	0.0	29.0	16.0	73.0	0.0	0.0	0.0	0.0	25.0	70.0	65.0	0.0	0.0	57.0	56.0	57.0	61.0	0.0	82.0	0.0	0.0	0.0	7.0	27.0	21.0	66.0	92.0	68.0	0.0	96.0	0.0	0.0	65.0	72.0	0.0	0.0	0.0	89.0	0.0	0.0	0.0	13.0	0.0	26.0	0.0	0.0	0.0	90.0	50.0	0.0	0.0	0.0	0.0	64.0	0.0	54.0	0.0	0.0	0.0	0.0	0.0	0.0	84.0	0.0	4.0	0.0	0.0	18.0	0.0	0.0	94.0	0.0	0.0	0.0	0.0	0.0	100.0	0.0	91.0	12.0	88.0	15.0	0.0	0.0	0.0	4.0	83.0	17.0	23.0	0.0	30.0	0.0	0.0	0.0	46.0	0.0	0.0	0.0	0.0	28.0	0.0	0.0	62.0	26.0	28.0	43.0	81.0	18.0	0.0	57.0	0.0	0.0	0.0	0.0	0.0	0.0	0.0	31.0	82.0	0.0	38.0	0.0	0.0	0.0	0.0	0.0	93.0	69.0	0.0	52.0	55.0	0.0	54.0
22.0	0.0	16.0	0.0	0.0	0.0	0.0	0.0	97.0	0.0	0.0	8.0	0.0	84.0	0.0	78.0	9.0	29.0	1.0	72.0	34.0	64.0	0.0	0.0	0.0	2.0	0.0	74.0	67.0	57.0	0.0	20.0	0.0	0.0	0.0	0.0	82.0	0.0	0.0	35.0	100.0	0.0	0.0	32.0	25.0	66.0	54.0	45.0	0.0	0.0	90.0	53.0	17.0	99.0	25.0	0.0	35.0	0.0	36.0	53.0	46.0	87.0	0.0	76.0	89.0	0.0	51.0	0.0	62.0	13.0	95.0	0.0	26.0	0.0	0.0	42.0	1.0	90.0	0.0	95.0	0.0	53.0	0.0	0.0	13.0	0.0	16.0	0.0	95.0	0.0	0.0	84.0	76.0	0.0	78.0	1.0	67.0	30.0	0.0	0.0	46.0	37.0	0.0	0.0	81.0	26.0	0.0	57.0	59.0	48.0	76.0	78.0	36.0	2.0	0.0	45.0	0.0	0.0	99.0	51.0	0.0	82.0	6.0	0.0	96.0	91.0	0.0	16.0	95.0	21.0	37.0	0.0	17.0	51.0	18.0	62.0	0.0	35.0	74.0
0.0	48.0	40.0	98.0	0.0	37.0	99.0	38.0	79.0	0.0	0.0	27.0	0.0	0.0	0.0	34.0	0.0	0.0	0.0	16.0	0.0	65.0	8.0	35.0	0.0	0.0	90.0	0.0	72.0	0.0	0.0	0.0	16.0	0.0	73.0	98.0	0.0	22.0	0.0	55.0	0.0	0.0	0.0	0.0	100.0	70.0	0.0	0.0	94.0	0.0	0.0	87.0	0.0	83.0	0.0	0.0	83.0	0.0	67.0	46.0	0.0	0.0	54.0	81.0	77.0	0.0	0.0	41.0	0.0	0.0	24.0	0.0	0.0	0.0	0.0	85.0	0.0	0.0	0.0	51.0	0.0	0.0	0.0	25.0	0.0	0.0	38.0	0.0	81.0	44.0	49.0	0.0	94.0	0.0	0.0	0.0	0.0	48.0	42.0	0.0	7.0	0.0	0.0	0.0	47.0	0.0	0.0	0.0	0.0	28.0	0.0	0.0	0.0	30.0	77.0	83.0	0.0	52.0	0.0	65.0	22.0	78.0	78.0	0.0	0.0	0.0	81.0	91.0	100.0	99.0	77.0	62.0	28.0	0.0	0.0	0.0	0.0	83.0
16.0	78.0	73.0	21.0	0.0	100.0	53.0	63.0	42.0	94.0	13.0	82.0	0.0	0.0	19.0	93.0	54.0	30.0	25.0	58.0	11.0	32.0	0.0	80.0	0.0	68.0	52.0	0.0	0.0	0.0	16.0	0.0	24.0	0.0	0.0	0.0	60.0	0.0	48.0	93.0	22.0	0.0	56.0	0.0	28.0	84.0	65.0	17.0	0.0	0.0	0.0	0.0	3.0	25.0	99.0	0.0	36.0	72.0	0.0	0.0	0.0	19.0	0.0	0.0	15.0	0.0	61.0	54.0	0.0	2.0	0.0	0.0	0.0	0.0	82.0	25.0	96.0	51.0	0.0	68.0	0.0	0.0	0.0	91.0	38.0	22.0	51.0	0.0	98.0	82.0	18.0	0.0	0.0	13.0	0.0	63.0	0.0	53.0	0.0	0.0	61.0	0.0	0.0	0.0	0.0	44.0	0.0	0.0	72.0	33.0	0.0	57.0	0.0	0.0	63.0	41.0	89.0	0.0	6.0	26.0	38.0	0.0	0.0	0.0	0.0	33.0	0.0	1.0	0.0	99.0	0.0	12.0	0.0	0.0	100.0	22.0	0.0
0.0	0.0	100.0	0.0	59.0	52.0	0.0	0.0	0.0	0.0	26.0	0.0	0.0	46.0	15.0	0.0	0.0	0.0	0.0	0.0	94.0	66.0	7.0	0.0	49.0	0.0	0.0	35.0	61.0	0.0	0.0	29.0	58.0	0.0	10.0	0.0	0.0	96.0	0.0	0.0	0.0	46.0	40.0	0.0	0.0	77.0	0.0	0.0	97.0	33.0	65.0	0.0	0.0	0.0	0.0	0.0	0.0	95.0	0.0	98.0	28.0	46.0	6.0	0.0	22.0	0.0	0.0	33.0	74.0	17.0	69.0	67.0	0.0	0.0	88.0	0.0	95.0	0.0	0.0	47.0	3.0	2.0	0.0	0.0	21.0	0.0	85.0	0.0	47.0	0.0	0.0	0.0	79.0	0.0	0.0	89.0	87.0	99.0	0.0	0.0	0.0	0.0	0.0	13.0	0.0	0.0	14.0	7.0	0.0	0.0	0.0	0.0	8.0	0.0	85.0	0.0	0.0	0.0	46.0	0.0	0.0	14.0	0.0	0.0	0.0	0.0	22.0	0.0	0.0	0.0	0.0	95.0	0.0	0.0	0.0	28.0
0.0	95.0	67.0	17.0	20.0	64.0	0.0	10.0	60.0	22.0	49.0	0.0	0.0	5.0	93.0	0.0	20.0	17.0	72.0	51.0	30.0	0.0	38.0	0.0	27.0	0.0	0.0	3.0	0.0	0.0	84.0	0.0	0.0	93.0	0.0	0.0	0.0	14.0	0.0	6.0	0.0	7.0	34.0	0.0	12.0	67.0	0.0	0.0	0.0	0.0	0.0	91.0	78.0	0.0	46.0	0.0	66.0	0.0	83.0	38.0	0.0	70.0	0.0	67.0	70.0	0.0	71.0	72.0	0.0	0.0	68.0	54.0	88.0	64.0	91.0	0.0	89.0	41.0	50.0	0.0	76.0	53.0	0.0	26.0	84.0	12.0	0.0	0.0	37.0	50.0	5.0	0.0	0.0	13.0	16.0	44.0	0.0	0.0	87.0	0.0	3.0	0.0	65.0	0.0	41.0	47.0	1.0	0.0	0.0	8.0	61.0	0.0	7.0	0.0	0.0	82.0	0.0	0.0	0.0	0.0	0.0	41.0	73.0	0.0	46.0	0.0	0.0	0.0	0.0	32.0	79.0	0.0	0.0	0.0	0.0
47.0	0.0	18.0	0.0	86.0	26.0	80.0	0.0	0.0	0.0	5.0	72.0	0.0	45.0	83.0	41.0	0.0	0.0	64.0	96.0	99.0	48.0	24.0	0.0	0.0	0.0	44.0	0.0	43.0	49.0	0.0	0.0	0.0	0.0	0.0	84.0	6.0	0.0	44.0	95.0	29.0	55.0	83.0	88.0	0.0	0.0	13.0	0.0	0.0	0.0	0.0	0.0	0.0	86.0	0.0	97.0	0.0	42.0	5.0	0.0	0.0	74.0	0.0	0.0	0.0	0.0	0.0	0.0	1.0	0.0	0.0	0.0	0.0	0.0	58.0	0.0	40.0	0.0	0.0	0.0	63.0	0.0	86.0	70.0	16.0	55.0	91.0	0.0	48.0	0.0	0.0	14.0	0.0	0.0	0.0	26.0	40.0	0.0	0.0	65.0	89.0	29.0	0.0	82.0	89.0	80.0	43.0	76.0	0.0	0.0	58.0	0.0	3.0	72.0	74.0	58.0	0.0	32.0	0.0	0.0	0.0	0.0	0.0	93.0	0.0	0.0	0.0	16.0	63.0	0.0	50.0	0.0	0.0	68.0
23.0	0.0	86.0	0.0	0.0	39.0	0.0	3.0	0.0	67.0	24.0	21.0	8.0	70.0	48.0	41.0	0.0	0.0	32.0	1.0	19.0	65.0	0.0	0.0	0.0	28.0	58.0	40.0	14.0	0.0	0.0	97.0	2.0	0.0	0.0	36.0	90.0	75.0	0.0	0.0	0.0	0.0	0.0	67.0	0.0	0.0	95.0	19.0	39.0	0.0	37.0	0.0	0.0	96.0	14.0	4.0	23.0	24.0	17.0	67.0	0.0	71.0	67.0	80.0	92.0	0.0	4.0	66.0	6.0	96.0	0.0	69.0	46.0	0.0	29.0	46.0	0.0	0.0	0.0	0.0	0.0	0.0	15.0	97.0	66.0	0.0	18.0	3.0	0.0	95.0	0.0	66.0	20.0	0.0	9.0	0.0	0.0	0.0	79.0	0.0	0.0	0.0	0.0	0.0	18.0	0.0	0.0	0.0	92.0	69.0	0.0	17.0	13.0	32.0	0.0	0.0	87.0	84.0	0.0	49.0	3.0	0.0	74.0	66.0	83.0	0.0	97.0	0.0	0.0	98.0	100.0	0.0	0.0
78.0	0.0	0.0	0.0	0.0	0.0	7.0	0.0	0.0	40.0	0.0	0.0	73.0	28.0	59.0	0.0	7.0	68.0	0.0	0.0	0.0	0.0	31.0	88.0	0.0	66.0	44.0	0.0	60.0	64.0	48.0	57.0	77.0	0.0	7.0	0.0	0.0	0.0	81.0	0.0	77.0	0.0	0.0	0.0	0.0	32.0	21.0	0.0	87.0	0.0	46.0	0.0	0.0	0.0	0.0	0.0	38.0	45.0	43.0	0.0	0.0	0.0	78.0	0.0	97.0	0.0	18.0	0.0	49.0	89.0	0.0	31.0	0.0	15.0	56.0	0.0	0.0	0.0	0.0	69.0	0.0	0.0	16.0	0.0	0.0	0.0	0.0	16.0	87.0	0.0	27.0	0.0	0.0	0.0	0.0	14.0	72.0	93.0	0.0	93.0	0.0	0.0	0.0	0.0	23.0	0.0	93.0	19.0	32.0	54.0	0.0	7.0	22.0	0.0	47.0	0.0	0.0	23.0	22.0	57.0	0.0	7.0	0.0	0.0	0.0	0.0	0.0	0.0	0.0	99.0	58.0	38.0
0.0	0.0	0.0	61.0	99.0	85.0	0.0	52.0	87.0	0.0	58.0	0.0	65.0	0.0	7.0	0.0	38.0	0.0	51.0	41.0	13.0	0.0	0.0	0.0	0.0	62.0	0.0	85.0	38.0	79.0	0.0	46.0	0.0	84.0	48.0	0.0	0.0	0.0	45.0	0.0	82.0	0.0	0.0	0.0	0.0	19.0	0.0	43.0	81.0	4.0	0.0	81.0	0.0	0.0	28.0	98.0	6.0	0.0	99.0	85.0	65.0	71.0	0.0	40.0	14.0	19.0	14.0	30.0	59.0	39.0	90.0	0.0	0.0	2.0	0.0	0.0	0.0	16.0	0.0	19.0	0.0	0.0	0.0	10.0	0.0	0.0	12.0	0.0	0.0	90.0	0.0	0.0	9.0	0.0	48.0	72.0	0.0	0.0	45.0	0.0	73.0	58.0	51.0	0.0	0.0	7.0	0.0	32.0	0.0	45.0	70.0	0.0	0.0	29.0	80.0	49.0	0.0	0.0	0.0	0.0	96.0	0.0	37.0	99.0	94.0	0.0	0.0	0.0	0.0	2.0	31.0
0.0	0.0	59.0	71.0	62.0	0.0	0.0	0.0	0.0	0.0	35.0	0.0	0.0	16.0	83.0	17.0	3.0	58.0	0.0	95.0	56.0	63.0	0.0	0.0	0.0	0.0	97.0	0.0	86.0	36.0	0.0	0.0	0.0	62.0	80.0	39.0	65.0	0.0	59.0	0.0	0.0	0.0	63.0	35.0	31.0	21.0	0.0	0.0	18.0	0.0	0.0	38.0	0.0	0.0	0.0	0.0	22.0	36.0	54.0	0.0	69.0	37.0	0.0	0.0	0.0	16.0	0.0	60.0	63.0	8.0	0.0	0.0	93.0	0.0	0.0	0.0	0.0	0.0	30.0	0.0	0.0	0.0	9.0	13.0	74.0	8.0	0.0	0.0	0.0	0.0	11.0	0.0	23.0	0.0	0.0	47.0	56.0	0.0	0.0	0.0	39.0	84.0	0.0	0.0	85.0	70.0	52.0	73.0	0.0	0.0	0.0	0.0	36.0	0.0	0.0	0.0	60.0	0.0	0.0	27.0	0.0	74.0	84.0	41.0	0.0	0.0	20.0	0.0	86.0	18.0
46.0	48.0	76.0	0.0	36.0	0.0	0.0	0.0	80.0	0.0	0.0	0.0	70.0	0.0	11.0	53.0	33.0	2.0	18.0	74.0	38.0	0.0	0.0	3.0	0.0	51.0	86.0	20.0	73.0	0.0	58.0	5.0	86.0	7.0	0.0	93.0	92.0	0.0	0.0	0.0	30.0	0.0	0.0	0.0	0.0	81.0	35.0	0.0	44.0	0.0	0.0	0.0	0.0	36.0	0.0	54.0	0.0	0.0	0.0	55.0	0.0	43.0	44.0	90.0	0.0	25.0	0.0	19.0	22.0	0.0	99.0	0.0	87.0	94.0	0.0	0.0	29.0	0.0	0.0	41.0	0.0	4.0	0.0	5.0	0.0	42.0	0.0	80.0	0.0	69.0	0.0	0.0	64.0	51.0	0.0	0.0	85.0	33.0	0.0	86.0	92.0	0.0	29.0	0.0	38.0	99.0	0.0	0.0	0.0	60.0	52.0	14.0	0.0	0.0	0.0	12.0	9.0	36.0	0.0	89.0	90.0	79.0	51.0	82.0	74.0	0.0	0.0	0.0	55.0
0.0	0.0	39.0	0.0	50.0	65.0	46.0	5.0	0.0	21.0	9.0	53.0	0.0	0.0	45.0	0.0	0.0	7.0	27.0	0.0	17.0	0.0	60.0	0.0	95.0	13.0	0.0	0.0	63.0	0.0	82.0	14.0	2.0	0.0	84.0	0.0	60.0	56.0	0.0	65.0	4.0	0.0	0.0	72.0	0.0	0.0	0.0	86.0	86.0	78.0	0.0	47.0	0.0	0.0	0.0	68.0	0.0	87.0	15.0	57.0	0.0	41.0	64.0	0.0	0.0	0.0	53.0	0.0	40.0	37.0	88.0	0.0	0.0	0.0	91.0	0.0	0.0	0.0	0.0	0.0	2.0	0.0	0.0	0.0	30.0	0.0	55.0	0.0	17.0	63.0	0.0	10.0	0.0	0.0	0.0	96.0	0.0	90.0	0.0	31.0	0.0	4.0	0.0	0.0	73.0	28.0	85.0	0.0	0.0	9.0	80.0	95.0	11.0	0.0	0.0	7.0	47.0	76.0	0.0	0.0	43.0	0.0	0.0	53.0	0.0	0.0	25.0	0.0
56.0	7.0	67.0	39.0	0.0	41.0	0.0	15.0	42.0	0.0	0.0	100.0	0.0	0.0	45.0	85.0	0.0	0.0	0.0	25.0	0.0	47.0	0.0	0.0	17.0	34.0	0.0	0.0	0.0	38.0	76.0	0.0	50.0	0.0	73.0	0.0	0.0	44.0	8.0	43.0	61.0	0.0	21.0	44.0	31.0	69.0	0.0	8.0	74.0	62.0	0.0	0.0	0.0	0.0	0.0	0.0	0.0	0.0	23.0	50.0	0.0	85.0	85.0	22.0	68.0	0.0	0.0	0.0	65.0	0.0	0.0	0.0	28.0	80.0	0.0	68.0	73.0	0.0	0.0	93.0	47.0	34.0	0.0	45.0	26.0	50.0	21.0	37.0	71.0	0.0	0.0	0.0	9.0	0.0	0.0	15.0	87.0	0.0	39.0	0.0	12.0	0.0	0.0	76.0	0.0	0.0	0.0	21.0	87.0	0.0	0.0	17.0	0.0	86.0	0.0	20.0	0.0	0.0	0.0	0.0	0.0	91.0	80.0	72.0	21.0	0.0	0.0
15.0	0.0	0.0	57.0	98.0	0.0	0.0	18.0	0.0	0.0	0.0	0.0	0.0	99.0	82.0	75.0	0.0	0.0	16.0	0.0	0.0	0.0	0.0	0.0	0.0	0.0	74.0	0.0	26.0	84.0	0.0	0.0	44.0	40.0	57.0	7.0	8.0	0.0	0.0	0.0	0.0	0.0	96.0	0.0	0.0	0.0	0.0	78.0	0.0	0.0	87.0	83.0	34.0	0.0	0.0	0.0	27.0	67.0	0.0	0.0	29.0	48.0	79.0	0.0	0.0	5.0	0.0	33.0	0.0	0.0	0.0	0.0	58.0	97.0	0.0	16.0	0.0	0.0	0.0	45.0	0.0	38.0	90.0	43.0	27.0	0.0	68.0	0.0	95.0	94.0	0.0	0.0	56.0	59.0	85.0	45.0	0.0	0.0	0.0	4.0	0.0	18.0	0.0	0.0	4.0	93.0	0.0	0.0	79.0	0.0	26.0	53.0	25.0	0.0	0.0	0.0	12.0	0.0	0.0	0.0	0.0	52.0	0.0	0.0	20.0	79.0
0.0	0.0	65.0	64.0	97.0	0.0	90.0	0.0	0.0	0.0	40.0	54.0	88.0	0.0	22.0	93.0	0.0	90.0	17.0	0.0	46.0	0.0	48.0	0.0	82.0	0.0	81.0	83.0	84.0	0.0	0.0	0.0	0.0	0.0	45.0	14.0	0.0	12.0	0.0	80.0	37.0	0.0	0.0	0.0	55.0	0.0	77.0	0.0	0.0	28.0	71.0	0.0	64.0	0.0	0.0	19.0	94.0	0.0	90.0	0.0	12.0	0.0	47.0	95.0	0.0	34.0	32.0	0.0	0.0	0.0	79.0	94.0	72.0	85.0	17.0	0.0	75.0	0.0	0.0	76.0	27.0	0.0	49.0	0.0	0.0	0.0	0.0	69.0	75.0	59.0	0.0	0.0	0.0	0.0	0.0	64.0	94.0	0.0	0.0	83.0	19.0	28.0	42.0	44.0	0.0	0.0	74.0	27.0	43.0	0.0	0.0	0.0	61.0	13.0	28.0	0.0	0.0	0.0	0.0	65.0	0.0	0.0	15.0	48.0	51.0
0.0	30.0	0.0	0.0	0.0	0.0	7.0	4.0	83.0	0.0	0.0	0.0	68.0	0.0	50.0	0.0	44.0	55.0	0.0	4.0	94.0	0.0	56.0	0.0	0.0	0.0	0.0	77.0	36.0	58.0	75.0	87.0	60.0	30.0	0.0	7.0	0.0	0.0	96.0	7.0	37.0	83.0	77.0	0.0	38.0	0.0	0.0	47.0	0.0	0.0	0.0	0.0	98.0	33.0	29.0	57.0	5.0	4.0	0.0	0.0	18.0	79.0	91.0	10.0	57.0	55.0	0.0	0.0	83.0	3.0	75.0	0.0	29.0	43.0	0.0	82.0	87.0	0.0	96.0	0.0	62.0	0.0	0.0	0.0	32.0	4.0	51.0	0.0	0.0	0.0	0.0	0.0	76.0	0.0	25.0	0.0	0.0	0.0	0.0	39.0	0.0	58.0	64.0	0.0	3.0	35.0	93.0	0.0	40.0	0.0	0.0	0.0	89.0	62.0	59.0	38.0	0.0	94.0	0.0	0.0	0.0	19.0	0.0	0.0
43.0	87.0	0.0	0.0	0.0	0.0	85.0	23.0	0.0	70.0	0.0	0.0	62.0	0.0	0.0	65.0	91.0	32.0	37.0	58.0	0.0	0.0	53.0	0.0	0.0	0.0	0.0	0.0	92.0	0.0	53.0	0.0	0.0	0.0	59.0	0.0	85.0	0.0	40.0	0.0	18.0	0.0	0.0	0.0	0.0	0.0	13.0	57.0	28.0	0.0	0.0	0.0	14.0	76.0	0.0	0.0	8.0	0.0	0.0	4.0	0.0	9.0	0.0	59.0	99.0	100.0	0.0	0.0	99.0	0.0	60.0	0.0	0.0	52.0	0.0	47.0	0.0	0.0	48.0	8.0	0.0	19.0	0.0	76.0	0.0	28.0	0.0	0.0	0.0	28.0	0.0	46.0	69.0	0.0	19.0	0.0	55.0	0.0	31.0	0.0	98.0	0.0	0.0	88.0	0.0	80.0	87.0	0.0	0.0	0.0	65.0	0.0	39.0	0.0	0.0	66.0	0.0	0.0	98.0	80.0	16.0	0.0	39.0
0.0	0.0	75.0	1.0	41.0	0.0	0.0	67.0	76.0	0.0	0.0	0.0	16.0	31.0	33.0	0.0	0.0	38.0	0.0	35.0	66.0	98.0	48.0	0.0	50.0	15.0	0.0	0.0	90.0	61.0	0.0	41.0	0.0	84.0	74.0	0.0	0.0	0.0	21.0	33.0	0.0	12.0	0.0	0.0	0.0	63.0	0.0	68.0	48.0	0.0	93.0	56.0	0.0	88.0	42.0	0.0	0.0	60.0	0.0	0.0	42.0	0.0	5.0	47.0	41.0	0.0	0.0	0.0	47.0	57.0	0.0	0.0	0.0	91.0	0.0	0.0	67.0	0.0	0.0	0.0	48.0	4.0	21.0	14.0	0.0	31.0	0.0	0.0	0.0	0.0	100.0	99.0	0.0	86.0	96.0	0.0	77.0	0.0	0.0	0.0	63.0	58.0	0.0	0.0	10.0	0.0	0.0	48.0	61.0	0.0	0.0	0.0	0.0	19.0	0.0	0.0	0.0	0.0	32.0	78.0	90.0	0.0
84.0	17.0	0.0	0.0	18.0	88.0	19.0	0.0	68.0	37.0	0.0	0.0	36.0	0.0	0.0	26.0	0.0	0.0	0.0	0.0	0.0	0.0	0.0	49.0	0.0	99.0	11.0	0.0	0.0	0.0	27.0	0.0	51.0	14.0	45.0	0.0	0.0	0.0	13.0	78.0	82.0	44.0	0.0	89.0	0.0	35.0	0.0	0.0	0.0	0.0	0.0	77.0	0.0	11.0	41.0	81.0	0.0	87.0	43.0	0.0	0.0	32.0	71.0	0.0	0.0	27.0	15.0	0.0	59.0	41.0	93.0	0.0	15.0	0.0	0.0	68.0	0.0	0.0	0.0	65.0	0.0	85.0	38.0	19.0	61.0	23.0	12.0	6.0	72.0	0.0	0.0	0.0	20.0	0.0	0.0	0.0	0.0	0.0	0.0	0.0	57.0	0.0	0.0	0.0	24.0	0.0	44.0	0.0	0.0	60.0	8.0	9.0	0.0	0.0	63.0	16.0	0.0	35.0	0.0	0.0	2.0
0.0	50.0	91.0	95.0	0.0	0.0	0.0	0.0	43.0	85.0	0.0	45.0	0.0	0.0	52.0	20.0	5.0	12.0	0.0	0.0	10.0	40.0	85.0	6.0	0.0	0.0	0.0	17.0	0.0	19.0	98.0	0.0	0.0	0.0	29.0	83.0	81.0	29.0	44.0	18.0	0.0	30.0	73.0	0.0	0.0	91.0	71.0	47.0	0.0	0.0	0.0	0.0	48.0	0.0	48.0	3.0	0.0	0.0	69.0	34.0	0.0	4.0	0.0	12.0	21.0	75.0	76.0	0.0	0.0	0.0	75.0	0.0	58.0	0.0	0.0	41.0	6.0	0.0	38.0	54.0	0.0	60.0	71.0	0.0	2.0	0.0	0.0	0.0	92.0	99.0	80.0	10.0	39.0	0.0	99.0	29.0	100.0	0.0	0.0	0.0	95.0	0.0	0.0	74.0	0.0	0.0	0.0	42.0	0.0	99.0	75.0	0.0	97.0	0.0	0.0	0.0	0.0	67.0	0.0	97.0
0.0	35.0	0.0	0.0	0.0	26.0	0.0	32.0	72.0	66.0	0.0	54.0	0.0	76.0	0.0	0.0	0.0	36.0	17.0	0.0	0.0	0.0	32.0	0.0	0.0	0.0	0.0	0.0	0.0	0.0	0.0	0.0	0.0	0.0	5.0	0.0	0.0	0.0	0.0	0.0	58.0	0.0	0.0	0.0	91.0	0.0	0.0	0.0	65.0	34.0	27.0	0.0	10.0	0.0	0.0	0.0	0.0	74.0	0.0	0.0	0.0	0.0	0.0	85.0	24.0	0.0	0.0	0.0	0.0	93.0	88.0	0.0	0.0	20.0	28.0	0.0	0.0	39.0	77.0	0.0	0.0	8.0	59.0	0.0	5.0	0.0	0.0	39.0	0.0	0.0	0.0	0.0	80.0	0.0	54.0	0.0	0.0	0.0	0.0	0.0	0.0	0.0	97.0	0.0	13.0	0.0	60.0	0.0	0.0	0.0	9.0	0.0	2.0	0.0	53.0	51.0	0.0	0.0	39.0
0.0	12.0	0.0	0.0	0.0	46.0	0.0	9.0	0.0	57.0	36.0	1.0	62.0	47.0	0.0	0.0	28.0	0.0	34.0	0.0	0.0	0.0	0.0	0.0	0.0	0.0	0.0	0.0	0.0	0.0	25.0	0.0	45.0	80.0	37.0	10.0	48.0	0.0	0.0	83.0	16.0	0.0	0.0	0.0	0.0	0.0	0.0	50.0	0.0	0.0	52.0	0.0	86.0	83.0	0.0	79.0	13.0	0.0	0.0	0.0	0.0	0.0	63.0	70.0	25.0	0.0	0.0	0.0	0.0	33.0	71.0	0.0	0.0	0.0	0.0	0.0	69.0	39.0	54.0	0.0	0.0	0.0	0.0	0.0	0.0	34.0	2.0	1.0	2.0	50.0	74.0	21.0	29.0	84.0	0.0	28.0	85.0	0.0	76.0	0.0	0.0	66.0	27.0	6.0	7.0	0.0	0.0	0.0	0.0	0.0	0.0	0.0	68.0	0.0	73.0	0.0	43.0	0.0
21.0	0.0	5.0	0.0	87.0	25.0	0.0	0.0	0.0	46.0	84.0	20.0	35.0	13.0	2.0	71.0	7.0	60.0	0.0	38.0	0.0	38.0	40.0	66.0	1.0	34.0	43.0	60.0	50.0	0.0	0.0	76.0	11.0	8.0	0.0	43.0	80.0	0.0	94.0	87.0	22.0	0.0	69.0	0.0	85.0	73.0	2.0	0.0	0.0	0.0	54.0	0.0	23.0	0.0	16.0	0.0	0.0	0.0	0.0	0.0	0.0	66.0	48.0	95.0	0.0	87.0	14.0	74.0	99.0	0.0	25.0	79.0	14.0	0.0	0.0	35.0	45.0	0.0	70.0	10.0	32.0	0.0	86.0	0.0	0.0	0.0	0.0	74.0	4.0	13.0	0.0	53.0	39.0	0.0	0.0	0.0	0.0	0.0	0.0	46.0	89.0	59.0	0.0	97.0	0.0	0.0	0.0	25.0	0.0	0.0	0.0	34.0	0.0	0.0	11.0	0.0	0.0
28.0	0.0	0.0	0.0	23.0	11.0	19.0	92.0	0.0	93.0	0.0	0.0	0.0	0.0	0.0	0.0	97.0	0.0	0.0	68.0	0.0	0.0	66.0	24.0	0.0	74.0	87.0	0.0	84.0	3.0	71.0	0.0	74.0	0.0	0.0	0.0	16.0	96.0	0.0	57.0	0.0	0.0	0.0	0.0	0.0	0.0	77.0	0.0	0.0	69.0	0.0	0.0	0.0	95.0	60.0	0.0	5.0	39.0	0.0	0.0	31.0	0.0	23.0	0.0	0.0	0.0	41.0	86.0	80.0	35.0	0.0	0.0	0.0	0.0	63.0	0.0	0.0	0.0	0.0	70.0	34.0	93.0	97.0	88.0	0.0	73.0	97.0	82.0	0.0	0.0	0.0	0.0	0.0	0.0	0.0	0.0	38.0	0.0	0.0	85.0	50.0	0.0	0.0	0.0	97.0	77.0	100.0	0.0	0.0	0.0	0.0	0.0	0.0	18.0	0.0	0.0
23.0	0.0	88.0	0.0	0.0	0.0	0.0	62.0	0.0	0.0	0.0	66.0	91.0	81.0	22.0	0.0	66.0	0.0	10.0	0.0	36.0	0.0	50.0	0.0	0.0	0.0	0.0	0.0	0.0	44.0	34.0	0.0	0.0	0.0	40.0	65.0	0.0	29.0	0.0	60.0	57.0	0.0	39.0	26.0	73.0	0.0	100.0	0.0	0.0	0.0	0.0	37.0	54.0	0.0	61.0	34.0	62.0	57.0	0.0	0.0	0.0	0.0	0.0	5.0	48.0	35.0	0.0	37.0	0.0	0.0	11.0	55.0	74.0	23.0	36.0	0.0	89.0	0.0	55.0	0.0	34.0	0.0	0.0	0.0	57.0	52.0	80.0	0.0	67.0	21.0	0.0	0.0	93.0	58.0	16.0	84.0	30.0	90.0	49.0	0.0	0.0	43.0	78.0	0.0	0.0	95.0	0.0	0.0	81.0	0.0	0.0	0.0	0.0	0.0	93.0
0.0	69.0	28.0	76.0	1.0	0.0	84.0	0.0	0.0	0.0	100.0	24.0	0.0	5.0	0.0	61.0	0.0	89.0	62.0	10.0	0.0	81.0	56.0	0.0	13.0	0.0	0.0	54.0	96.0	92.0	65.0	74.0	0.0	18.0	0.0	39.0	51.0	0.0	0.0	24.0	0.0	0.0	0.0	74.0	0.0	56.0	39.0	74.0	75.0	68.0	12.0	39.0	0.0	0.0	0.0	0.0	68.0	13.0	26.0	46.0	71.0	72.0	62.0	78.0	0.0	0.0	46.0	20.0	66.0	14.0	30.0	59.0	0.0	0.0	24.0	0.0	0.0	60.0	0.0	0.0	80.0	0.0	0.0	0.0	0.0	22.0	39.0	0.0	29.0	46.0	0.0	0.0	0.0	0.0	0.0	96.0	6.0	0.0	42.0	30.0	87.0	45.0	0.0	45.0	0.0	0.0	47.0	0.0	0.0	0.0	0.0	15.0	82.0	0.0
82.0	0.0	90.0	0.0	36.0	61.0	0.0	0.0	0.0	0.0	25.0	0.0	0.0	0.0	0.0	59.0	0.0	99.0	0.0	0.0	98.0	91.0	1.0	56.0	0.0	0.0	27.0	0.0	0.0	0.0	0.0	0.0	0.0	77.0	12.0	64.0	0.0	32.0	0.0	0.0	0.0	0.0	0.0	92.0	0.0	90.0	14.0	5.0	0.0	0.0	0.0	0.0	0.0	0.0	53.0	0.0	2.0	22.0	0.0	0.0	0.0	0.0	0.0	0.0	0.0	68.0	0.0	0.0	53.0	0.0	91.0	52.0	0.0	0.0	3.0	29.0	0.0	23.0	0.0	43.0	0.0	2.0	0.0	0.0	0.0	0.0	23.0	0.0	20.0	61.0	73.0	39.0	0.0	0.0	100.0	36.0	0.0	0.0	95.0	0.0	0.0	27.0	0.0	49.0	0.0	0.0	93.0	51.0	84.0	52.0	91.0	0.0	68.0
72.0	68.0	0.0	0.0	0.0	82.0	0.0	0.0	7.0	23.0	0.0	0.0	39.0	0.0	34.0	0.0	96.0	99.0	63.0	60.0	0.0	0.0	24.0	0.0	88.0	100.0	87.0	33.0	0.0	39.0	0.0	0.0	50.0	0.0	32.0	56.0	0.0	0.0	0.0	0.0	93.0	34.0	30.0	14.0	0.0	0.0	75.0	50.0	0.0	0.0	43.0	61.0	0.0	66.0	0.0	0.0	11.0	0.0	0.0	0.0	0.0	9.0	0.0	59.0	66.0	0.0	0.0	80.0	65.0	22.0	23.0	66.0	94.0	50.0	87.0	0.0	58.0	0.0	0.0	33.0	0.0	73.0	97.0	81.0	0.0	0.0	93.0	32.0	74.0	0.0	64.0	24.0	72.0	90.0	0.0	0.0	34.0	64.0	0.0	0.0	0.0	37.0	0.0	57.0	0.0	0.0	0.0	77.0	0.0	0.0	59.0	0.0
0.0	0.0	99.0	0.0	38.0	55.0	0.0	9.0	0.0	0.0	0.0	30.0	0.0	56.0	34.0	0.0	75.0	85.0	48.0	15.0	87.0	0.0	4.0	0.0	63.0	3.0	70.0	41.0	0.0	0.0	0.0	0.0	90.0	0.0	61.0	0.0	18.0	23.0	73.0	86.0	0.0	0.0	0.0	0.0	63.0	34.0	23.0	36.0	0.0	22.0	28.0	80.0	0.0	0.0	49.0	0.0	0.0	0.0	0.0	0.0	23.0	65.0	0.0	0.0	0.0	0.0	2.0	0.0	8.0	0.0	67.0	0.0	46.0	29.0	0.0	94.0	0.0	0.0	0.0	33.0	4.0	0.0	58.0	0.0	6.0	86.0	0.0	0.0	86.0	87.0	0.0	0.0	40.0	81.0	0.0	24.0	0.0	0.0	0.0	33.0	95.0	0.0	87.0	0.0	0.0	96.0	15.0	0.0	40.0	0.0	34.0
0.0	4.0	0.0	0.0	0.0	81.0	89.0	0.0	0.0	0.0	0.0	49.0	15.0	86.0	0.0	52.0	0.0	52.0	25.0	0.0	0.0	0.0	0.0	0.0	0.0	69.0	0.0	74.0	95.0	0.0	46.0	0.0	0.0	76.0	47.0	13.0	0.0	33.0	69.0	0.0	86.0	0.0	0.0	22.0	13.0	50.0	0.0	0.0	45.0	94.0	0.0	5.0	35.0	87.0	67.0	0.0	47.0	20.0	0.0	25.0	59.0	41.0	0.0	74.0	0.0	0.0	3.0	0.0	94.0	20.0	0.0	0.0	0.0	72.0	8.0	0.0	0.0	0.0	51.0	0.0	14.0	11.0	78.0	0.0	60.0	53.0	32.0	47.0	0.0	0.0	32.0	0.0	13.0	37.0	38.0	0.0	93.0	0.0	0.0	0.0	89.0	77.0	32.0	0.0	0.0	0.0	51.0	0.0	20.0	20.0
0.0	94.0	0.0	0.0	0.0	0.0	0.0	49.0	0.0	0.0	0.0	61.0	31.0	28.0	0.0	7.0	0.0	0.0	25.0	23.0	26.0	0.0	0.0	0.0	59.0	76.0	75.0	0.0	74.0	13.0	0.0	54.0	41.0	0.0	87.0	0.0	0.0	0.0	0.0	88.0	0.0	53.0	0.0	0.0	37.0	0.0	28.0	0.0	0.0	57.0	0.0	29.0	36.0	0.0	0.0	100.0	0.0	0.0	0.0	16.0	57.0	26.0	13.0	0.0	0.0	0.0	98.0	0.0	0.0	0.0	56.0	63.0	96.0	35.0	81.0	29.0	84.0	0.0	77.0	0.0	16.0	0.0	0.0	0.0	0.0	0.0	0.0	37.0	63.0	0.0	45.0	2.0	65.0	34.0	0.0	0.0	0.0	22.0	0.0	0.0	61.0	90.0	62.0	91.0	0.0	54.0	0.0	79.0	0.0
89.0	56.0	0.0	0.0	46.0	0.0	0.0	0.0	0.0	0.0	0.0	0.0	96.0	29.0	0.0	50.0	39.0	85.0	0.0	0.0	0.0	70.0	0.0	25.0	0.0	72.0	5.0	0.0	0.0	0.0	37.0	68.0	59.0	59.0	0.0	0.0	0.0	2.0	0.0	87.0	0.0	24.0	0.0	65.0	0.0	0.0	0.0	31.0	0.0	57.0	32.0	27.0	83.0	28.0	0.0	0.0	0.0	3.0	81.0	27.0	0.0	0.0	84.0	0.0	9.0	0.0	29.0	0.0	41.0	33.0	0.0	0.0	0.0	0.0	56.0	0.0	0.0	81.0	98.0	19.0	0.0	0.0	0.0	0.0	26.0	0.0	48.0	0.0	0.0	0.0	44.0	0.0	0.0	0.0	37.0	82.0	39.0	0.0	0.0	0.0	0.0	6.0	27.0	0.0	46.0	0.0	0.0	83.0
0.0	0.0	29.0	53.0	93.0	99.0	88.0	21.0	0.0	0.0	0.0	58.0	29.0	71.0	54.0	78.0	0.0	68.0	0.0	54.0	74.0	0.0	86.0	0.0	43.0	32.0	0.0	0.0	0.0	0.0	36.0	0.0	17.0	1.0	0.0	0.0	0.0	0.0	0.0	0.0	0.0	0.0	39.0	0.0	97.0	0.0	0.0	0.0	39.0	39.0	76.0	53.0	0.0	27.0	43.0	67.0	0.0	0.0	0.0	81.0	0.0	0.0	27.0	0.0	0.0	27.0	72.0	0.0	0.0	62.0	0.0	0.0	18.0	0.0	0.0	0.0	28.0	20.0	0.0	0.0	0.0	4.0	70.0	0.0	56.0	0.0	0.0	0.0	0.0	34.0	0.0	0.0	64.0	44.0	0.0	0.0	0.0	81.0	53.0	0.0	42.0	0.0	71.0	46.0	0.0	60.0	1.0
72.0	53.0	84.0	93.0	29.0	25.0	0.0	0.0	0.0	0.0	69.0	0.0	0.0	1.0	0.0	0.0	95.0	79.0	0.0	0.0	0.0	0.0	0.0	0.0	70.0	41.0	0.0	34.0	0.0	39.0	45.0	0.0	61.0	0.0	0.0	0.0	31.0	0.0	0.0	22.0	38.0	0.0	0.0	33.0	0.0	81.0	69.0	0.0	89.0	0.0	0.0	0.0	21.0	97.0	92.0	77.0	81.0	15.0	0.0	83.0	0.0	0.0	0.0	45.0	72.0	10.0	29.0	0.0	0.0	65.0	0.0	0.0	0.0	0.0	0.0	0.0	47.0	0.0	0.0	0.0	34.0	0.0	36.0	6.0	61.0	23.0	21.0	75.0	82.0	47.0	0.0	13.0	0.0	20.0	18.0	94.0	0.0	0.0	7.0	85.0	52.0	0.0	97.0	0.0	0.0	0.0
91.0	1.0	0.0	6.0	0.0	0.0	0.0	0.0	80.0	94.0	65.0	0.0	0.0	0.0	0.0	0.0	84.0	0.0	24.0	8.0	0.0	0.0	0.0	0.0	25.0	47.0	55.0	0.0	0.0	0.0	82.0	0.0	0.0	27.0	7.0	0.0	81.0	24.0	0.0	47.0	31.0	75.0	0.0	71.0	88.0	0.0	73.0	18.0	0.0	0.0	44.0	0.0	0.0	46.0	42.0	0.0	0.0	0.0	29.0	0.0	0.0	8.0	0.0	0.0	31.0	0.0	0.0	60.0	0.0	0.0	42.0	76.0	0.0	0.0	0.0	48.0	33.0	43.0	0.0	29.0	0.0	51.0	0.0	0.0	47.0	0.0	3.0	25.0	63.0	0.0	0.0	0.0	0.0	0.0	60.0	74.0	21.0	50.0	0.0	0.0	86.0	0.0	39.0	0.0	0.0
0.0	0.0	0.0	51.0	0.0	0.0	0.0	26.0	47.0	2.0	26.0	0.0	10.0	33.0	95.0	96.0	0.0	0.0	0.0	48.0	0.0	78.0	0.0	0.0	47.0	0.0	14.0	0.0	0.0	100.0	0.0	0.0	55.0	1.0	27.0	42.0	66.0	0.0	0.0	0.0	0.0	0.0	93.0	0.0	0.0	0.0	0.0	8.0	68.0	0.0	7.0	0.0	0.0	98.0	61.0	0.0	0.0	0.0	99.0	94.0	0.0	11.0	0.0	27.0	11.0	0.0	21.0	0.0	0.0	8.0	31.0	0.0	0.0	57.0	0.0	0.0	17.0	71.0	0.0	0.0	0.0	0.0	0.0	0.0	0.0	27.0	83.0	0.0	47.0	0.0	38.0	60.0	0.0	96.0	77.0	0.0	83.0	0.0	59.0	0.0	0.0	40.0	92.0	0.0
0.0	27.0	0.0	0.0	7.0	7.0	0.0	100.0	68.0	62.0	61.0	0.0	50.0	0.0	0.0	0.0	10.0	67.0	0.0	85.0	0.0	0.0	22.0	0.0	0.0	94.0	0.0	0.0	53.0	0.0	0.0	1.0	0.0	0.0	77.0	0.0	0.0	0.0	0.0	31.0	25.0	74.0	0.0	0.0	0.0	0.0	10.0	28.0	85.0	83.0	78.0	0.0	98.0	39.0	0.0	0.0	0.0	18.0	0.0	0.0	0.0	0.0	0.0	67.0	85.0	2.0	79.0	67.0	22.0	0.0	94.0	98.0	0.0	0.0	24.0	0.0	0.0	0.0	0.0	53.0	76.0	0.0	78.0	0.0	100.0	99.0	0.0	89.0	78.0	0.0	0.0	48.0	0.0	0.0	42.0	0.0	0.0	73.0	65.0	53.0	48.0	0.0	37.0
34.0	73.0	0.0	0.0	0.0	96.0	0.0	6.0	0.0	0.0	0.0	59.0	0.0	0.0	0.0	0.0	91.0	0.0	0.0	0.0	51.0	60.0	39.0	0.0	0.0	96.0	0.0	0.0	0.0	24.0	36.0	0.0	43.0	0.0	16.0	76.0	0.0	92.0	43.0	55.0	0.0	42.0	0.0	77.0	27.0	44.0	82.0	0.0	62.0	52.0	0.0	5.0	0.0	0.0	0.0	0.0	53.0	39.0	79.0	0.0	44.0	0.0	0.0	35.0	70.0	0.0	0.0	0.0	0.0	0.0	0.0	95.0	45.0	0.0	24.0	49.0	51.0	58.0	0.0	82.0	0.0	0.0	0.0	92.0	41.0	13.0	0.0	95.0	40.0	0.0	42.0	0.0	0.0	97.0	0.0	0.0	0.0	0.0	21.0	10.0	90.0	0.0
0.0	0.0	98.0	41.0	85.0	0.0	77.0	0.0	0.0	0.0	87.0	0.0	12.0	0.0	0.0	59.0	20.0	0.0	0.0	0.0	0.0	0.0	0.0	0.0	0.0	45.0	0.0	64.0	41.0	63.0	0.0	12.0	49.0	42.0	0.0	22.0	97.0	2.0	0.0	62.0	0.0	0.0	45.0	0.0	14.0	0.0	0.0	32.0	27.0	0.0	0.0	0.0	25.0	0.0	0.0	12.0	0.0	0.0	0.0	47.0	0.0	0.0	86.0	97.0	0.0	43.0	36.0	68.0	0.0	30.0	90.0	0.0	38.0	76.0	0.0	88.0	60.0	59.0	8.0	0.0	24.0	0.0	12.0	69.0	0.0	0.0	0.0	0.0	0.0	0.0	0.0	0.0	0.0	0.0	28.0	99.0	61.0	9.0	0.0	77.0	19.0
66.0	30.0	40.0	42.0	26.0	0.0	2.0	60.0	65.0	45.0	86.0	64.0	0.0	0.0	0.0	48.0	0.0	0.0	53.0	0.0	0.0	46.0	0.0	97.0	93.0	0.0	0.0	5.0	0.0	0.0	0.0	72.0	13.0	0.0	58.0	0.0	39.0	0.0	0.0	0.0	0.0	0.0	72.0	90.0	95.0	89.0	0.0	0.0	25.0	0.0	0.0	95.0	74.0	0.0	84.0	56.0	12.0	11.0	87.0	0.0	58.0	42.0	89.0	0.0	0.0	86.0	0.0	0.0	99.0	37.0	77.0	0.0	0.0	60.0	54.0	0.0	94.0	0.0	80.0	10.0	0.0	0.0	0.0	0.0	0.0	0.0	0.0	51.0	0.0	98.0	0.0	0.0	0.0	0.0	0.0	0.0	0.0	67.0	96.0	0.0
0.0	0.0	0.0	0.0	26.0	0.0	85.0	85.0	92.0	0.0	0.0	0.0	0.0	82.0	54.0	84.0	61.0	0.0	0.0	97.0	0.0	0.0	0.0	0.0	0.0	89.0	0.0	39.0	0.0	0.0	55.0	0.0	55.0	59.0	18.0	21.0	0.0	19.0	88.0	0.0	32.0	0.0	0.0	0.0	78.0	0.0	21.0	90.0	8.0	69.0	0.0	15.0	0.0	90.0	19.0	0.0	0.0	16.0	65.0	0.0	36.0	68.0	0.0	85.0	69.0	0.0	31.0	0.0	0.0	0.0	47.0	24.0	0.0	0.0	0.0	13.0	0.0	98.0	97.0	0.0	89.0	25.0	68.0	68.0	0.0	0.0	29.0	0.0	0.0	100.0	40.0	42.0	0.0	34.0	96.0	66.0	0.0	0.0	0.0
0.0	0.0	0.0	0.0	0.0	43.0	7.0	0.0	14.0	60.0	73.0	63.0	0.0	0.0	0.0	96.0	53.0	70.0	30.0	0.0	0.0	79.0	0.0	0.0	0.0	99.0	0.0	92.0	0.0	100.0	17.0	0.0	0.0	0.0	0.0	92.0	0.0	43.0	0.0	96.0	0.0	0.0	0.0	13.0	0.0	0.0	0.0	11.0	0.0	0.0	0.0	31.0	0.0	0.0	5.0	0.0	0.0	0.0	0.0	0.0	0.0	27.0	0.0	0.0	51.0	71.0	76.0	47.0	0.0	0.0	0.0	16.0	88.0	17.0	0.0	0.0	0.0	0.0	91.0	0.0	91.0	0.0	0.0	54.0	0.0	0.0	31.0	87.0	0.0	56.0	0.0	0.0	0.0	0.0	0.0	0.0	0.0	8.0
24.0	0.0	0.0	28.0	0.0	10.0	0.0	0.0	69.0	88.0	59.0	0.0	0.0	0.0	0.0	0.0	73.0	76.0	76.0	72.0	61.0	0.0	0.0	98.0	96.0	95.0	0.0	0.0	0.0	53.0	0.0	0.0	71.0	0.0	75.0	0.0	86.0	15.0	29.0	59.0	0.0	0.0	7.0	0.0	30.0	0.0	27.0	99.0	30.0	0.0	4.0	0.0	14.0	0.0	0.0	0.0	25.0	61.0	0.0	0.0	38.0	0.0	0.0	0.0	0.0	3.0	71.0	0.0	76.0	66.0	0.0	0.0	64.0	0.0	40.0	0.0	2.0	0.0	0.0	34.0	0.0	14.0	0.0	18.0	0.0	81.0	33.0	53.0	0.0	79.0	0.0	32.0	0.0	10.0	14.0	0.0	0.0
0.0	0.0	0.0	0.0	95.0	56.0	97.0	14.0	0.0	54.0	75.0	82.0	11.0	0.0	1.0	0.0	54.0	79.0	0.0	0.0	0.0	5.0	87.0	32.0	91.0	0.0	12.0	17.0	0.0	59.0	0.0	24.0	7.0	47.0	75.0	29.0	0.0	89.0	0.0	0.0	83.0	0.0	0.0	0.0	0.0	98.0	0.0	58.0	0.0	0.0	59.0	0.0	0.0	69.0	0.0	37.0	0.0	0.0	10.0	25.0	0.0	79.0	8.0	0.0	0.0	30.0	100.0	43.0	56.0	0.0	91.0	0.0	16.0	89.0	0.0	0.0	0.0	0.0	0.0	35.0	100.0	12.0	0.0	0.0	0.0	26.0	0.0	68.0	0.0	0.0	0.0	0.0	0.0	39.0	0.0	17.0
63.0	0.0	84.0	0.0	26.0	0.0	0.0	50.0	0.0	70.0	0.0	0.0	0.0	4.0	29.0	23.0	0.0	42.0	0.0	48.0	57.0	38.0	0.0	97.0	68.0	13.0	0.0	0.0	42.0	0.0	0.0	0.0	29.0	0.0	0.0	93.0	0.0	0.0	0.0	0.0	85.0	0.0	0.0	0.0	5.0	0.0	25.0	9.0	0.0	21.0	0.0	0.0	0.0	69.0	84.0	51.0	0.0	80.0	72.0	62.0	63.0	0.0	97.0	0.0	7.0	0.0	0.0	0.0	25.0	15.0	0.0	78.0	0.0	0.0	2.0	0.0	0.0	99.0	0.0	13.0	20.0	32.0	0.0	0.0	0.0	88.0	0.0	30.0	0.0	0.0	55.0	0.0	0.0	53.0	82.0
0.0	54.0	0.0	14.0	0.0	0.0	0.0	5.0	0.0	23.0	6.0	26.0	0.0	22.0	14.0	0.0	0.0	0.0	61.0	0.0	0.0	0.0	0.0	0.0	33.0	0.0	17.0	0.0	0.0	11.0	0.0	58.0	30.0	27.0	0.0	75.0	0.0	96.0	43.0	0.0	0.0	4.0	33.0	37.0	4.0	0.0	43.0	0.0	49.0	78.0	0.0	0.0	0.0	95.0	28.0	0.0	85.0	0.0	10.0	0.0	65.0	29.0	65.0	0.0	47.0	0.0	51.0	21.0	46.0	0.0	88.0	7.0	80.0	40.0	40.0	0.0	0.0	0.0	0.0	46.0	96.0	9.0	51.0	50.0	0.0	47.0	27.0	61.0	59.0	0.0	21.0	0.0	0.0	0.0
19.0	94.0	0.0	0.0	0.0	0.0	23.0	30.0	0.0	0.0	0.0	48.0	0.0	0.0	0.0	25.0	72.0	99.0	0.0	0.0	0.0	93.0	0.0	0.0	0.0	0.0	20.0	84.0	0.0	0.0	0.0	0.0	4.0	16.0	0.0	9.0	0.0	48.0	29.0	0.0	0.0	66.0	71.0	13.0	0.0	0.0	0.0	0.0	20.0	17.0	0.0	0.0	0.0	0.0	0.0	15.0	87.0	0.0	93.0	49.0	86.0	0.0	75.0	0.0	51.0	0.0	70.0	0.0	19.0	51.0	41.0	44.0	0.0	0.0	0.0	32.0	44.0	0.0	0.0	60.0	38.0	0.0	0.0	0.0	32.0	36.0	0.0	0.0	0.0	0.0	0.0	0.0	0.0
83.0	0.0	0.0	0.0	59.0	0.0	0.0	68.0	76.0	0.0	0.0	0.0	0.0	0.0	26.0	0.0	37.0	0.0	2.0	0.0	81.0	12.0	49.0	47.0	98.0	2.0	3.0	0.0	38.0	0.0	23.0	77.0	3.0	70.0	0.0	32.0	10.0	0.0	43.0	37.0	75.0	0.0	0.0	61.0	88.0	0.0	51.0	38.0	11.0	0.0	13.0	24.0	0.0	7.0	63.0	0.0	0.0	0.0	21.0	0.0	0.0	71.0	0.0	84.0	75.0	81.0	37.0	0.0	0.0	96.0	6.0	0.0	0.0	91.0	0.0	42.0	0.0	0.0	0.0	86.0	67.0	92.0	27.0	0.0	84.0	66.0	41.0	61.0	0.0	97.0	0.0	0.0
0.0	21.0	0.0	88.0	0.0	0.0	0.0	2.0	91.0	54.0	0.0	86.0	0.0	0.0	23.0	64.0	74.0	71.0	0.0	9.0	0.0	0.0	28.0	47.0	0.0	90.0	57.0	85.0	0.0	72.0	25.0	57.0	2.0	0.0	16.0	28.0	0.0	0.0	83.0	0.0	0.0	21.0	0.0	51.0	48.0	0.0	40.0	69.0	0.0	21.0	35.0	31.0	65.0	0.0	0.0	57.0	78.0	0.0	68.0	73.0	4.0	8.0	85.0	0.0	0.0	0.0	18.0	0.0	80.0	100.0	0.0	0.0	0.0	0.0	0.0	43.0	0.0	68.0	0.0	30.0	37.0	34.0	87.0	22.0	20.0	0.0	37.0	54.0	3.0	35.0	73.0
28.0	0.0	0.0	54.0	0.0	0.0	0.0	0.0	34.0	38.0	0.0	0.0	33.0	20.0	0.0	0.0	80.0	100.0	50.0	54.0	8.0	28.0	77.0	0.0	0.0	19.0	11.0	0.0	11.0	0.0	30.0	0.0	59.0	38.0	14.0	29.0	92.0	27.0	39.0	0.0	0.0	86.0	68.0	34.0	0.0	62.0	0.0	94.0	0.0	0.0	47.0	67.0	0.0	54.0	0.0	98.0	69.0	5.0	9.0	75.0	6.0	51.0	76.0	80.0	87.0	0.0	93.0	0.0	5.0	0.0	0.0	46.0	0.0	98.0	93.0	87.0	0.0	80.0	0.0	0.0	0.0	35.0	88.0	0.0	0.0	79.0	0.0	13.0	78.0	89.0
46.0	0.0	99.0	37.0	0.0	0.0	0.0	31.0	0.0	11.0	0.0	41.0	0.0	21.0	0.0	0.0	46.0	0.0	0.0	0.0	0.0	5.0	0.0	63.0	11.0	64.0	0.0	0.0	0.0	0.0	85.0	0.0	0.0	50.0	42.0	58.0	0.0	0.0	65.0	32.0	0.0	0.0	0.0	71.0	24.0	16.0	4.0	14.0	50.0	30.0	0.0	0.0	47.0	24.0	87.0	33.0	19.0	80.0	0.0	0.0	0.0	0.0	54.0	61.0	0.0	92.0	22.0	93.0	0.0	49.0	68.0	94.0	92.0	0.0	14.0	79.0	0.0	50.0	0.0	0.0	0.0	8.0	0.0	11.0	0.0	0.0	0.0	85.0	69.0
0.0	0.0	12.0	0.0	0.0	5.0	0.0	0.0	0.0	5.0	0.0	0.0	0.0	26.0	0.0	99.0	0.0	35.0	23.0	0.0	94.0	38.0	88.0	0.0	2.0	0.0	66.0	70.0	0.0	92.0	81.0	13.0	66.0	0.0	48.0	18.0	75.0	0.0	23.0	20.0	0.0	0.0	0.0	19.0	0.0	0.0	0.0	72.0	98.0	82.0	0.0	58.0	24.0	67.0	83.0	34.0	5.0	12.0	31.0	0.0	27.0	0.0	33.0	0.0	79.0	0.0	84.0	67.0	0.0	0.0	16.0	55.0	0.0	0.0	57.0	0.0	0.0	70.0	60.0	0.0	0.0	0.0	8.0	0.0	0.0	56.0	66.0	0.0
0.0	21.0	0.0	36.0	0.0	33.0	0.0	0.0	43.0	82.0	0.0	57.0	0.0	74.0	21.0	42.0	90.0	64.0	0.0	0.0	44.0	97.0	0.0	0.0	0.0	0.0	34.0	0.0	0.0	0.0	68.0	76.0	0.0	0.0	0.0	14.0	0.0	80.0	18.0	0.0	58.0	60.0	0.0	69.0	0.0	48.0	68.0	69.0	51.0	0.0	11.0	0.0	70.0	0.0	37.0	0.0	31.0	0.0	33.0	0.0	0.0	96.0	23.0	0.0	0.0	0.0	0.0	0.0	0.0	90.0	0.0	58.0	0.0	47.0	33.0	0.0	0.0	0.0	0.0	66.0	0.0	0.0	0.0	20.0	76.0	17.0	38.0
69.0	0.0	0.0	35.0	44.0	81.0	62.0	0.0	0.0	0.0	0.0	0.0	30.0	48.0	100.0	92.0	0.0	97.0	15.0	63.0	0.0	0.0	0.0	0.0	0.0	0.0	36.0	48.0	89.0	49.0	0.0	55.0	51.0	0.0	77.0	0.0	0.0	4.0	63.0	0.0	29.0	97.0	0.0	45.0	40.0	4.0	97.0	96.0	0.0	0.0	77.0	19.0	44.0	0.0	5.0	32.0	62.0	96.0	98.0	0.0	12.0	79.0	0.0	25.0	0.0	0.0	78.0	83.0	26.0	35.0	0.0	96.0	0.0	0.0	71.0	5.0	0.0	0.0	35.0	87.0	0.0	98.0	42.0	88.0	0.0	0.0
46.0	0.0	80.0	47.0	0.0	7.0	0.0	18.0	3.0	34.0	0.0	62.0	62.0	0.0	59.0	0.0	0.0	72.0	0.0	77.0	75.0	0.0	24.0	0.0	0.0	40.0	14.0	0.0	29.0	0.0	89.0	0.0	17.0	0.0	86.0	0.0	0.0	23.0	0.0	0.0	0.0	0.0	0.0	0.0	0.0	33.0	88.0	9.0	0.0	56.0	37.0	0.0	0.0	0.0	0.0	73.0	10.0	84.0	0.0	0.0	71.0	0.0	1.0	3.0	0.0	0.0	22.0	0.0	0.0	81.0	30.0	0.0	0.0	0.0	7.0	5.0	94.0	21.0	35.0	0.0	17.0	0.0	0.0	12.0	95.0
0.0	0.0	0.0	0.0	0.0	0.0	0.0	0.0	91.0	60.0	37.0	11.0	0.0	38.0	32.0	45.0	76.0	0.0	0.0	0.0	0.0	23.0	69.0	0.0	75.0	27.0	0.0	82.0	54.0	74.0	49.0	0.0	11.0	0.0	24.0	26.0	46.0	0.0	62.0	17.0	0.0	96.0	0.0	0.0	14.0	0.0	97.0	0.0	92.0	60.0	0.0	90.0	76.0	99.0	0.0	0.0	0.0	0.0	24.0	3.0	71.0	0.0	71.0	0.0	0.0	0.0	16.0	0.0	6.0	81.0	78.0	0.0	33.0	45.0	20.0	0.0	0.0	0.0	84.0	0.0	0.0	51.0	0.0	0.0
48.0	66.0	66.0	88.0	0.0	0.0	0.0	60.0	61.0	67.0	53.0	0.0	7.0	35.0	31.0	96.0	0.0	59.0	0.0	0.0	0.0	69.0	66.0	71.0	49.0	0.0	0.0	32.0	83.0	5.0	0.0	57.0	0.0	85.0	49.0	0.0	16.0	0.0	0.0	0.0	0.0	0.0	0.0	65.0	0.0	56.0	24.0	0.0	97.0	34.0	0.0	0.0	0.0	42.0	0.0	42.0	0.0	0.0	0.0	77.0	0.0	0.0	0.0	7.0	84.0	0.0	0.0	99.0	0.0	92.0	0.0	96.0	69.0	98.0	60.0	0.0	0.0	0.0	0.0	0.0	40.0	0.0	65.0
65.0	0.0	59.0	0.0	80.0	12.0	68.0	0.0	6.0	0.0	0.0	24.0	24.0	48.0	0.0	0.0	58.0	86.0	94.0	0.0	7.0	75.0	0.0	52.0	0.0	0.0	0.0	0.0	58.0	0.0	39.0	0.0	86.0	29.0	0.0	57.0	84.0	25.0	0.0	0.0	4.0	95.0	0.0	0.0	0.0	7.0	0.0	77.0	0.0	87.0	0.0	31.0	63.0	96.0	0.0	79.0	0.0	39.0	0.0	0.0	44.0	33.0	0.0	0.0	0.0	66.0	0.0	5.0	94.0	27.0	0.0	57.0	0.0	2.0	72.0	50.0	32.0	12.0	67.0	0.0	58.0	0.0
0.0	63.0	0.0	7.0	0.0	63.0	42.0	0.0	17.0	29.0	0.0	0.0	58.0	42.0	0.0	0.0	57.0	0.0	43.0	100.0	14.0	1.0	75.0	0.0	0.0	0.0	0.0	0.0	0.0	6.0	95.0	0.0	0.0	0.0	0.0	28.0	80.0	0.0	86.0	36.0	0.0	30.0	96.0	65.0	0.0	0.0	0.0	0.0	0.0	0.0	92.0	36.0	85.0	0.0	25.0	0.0	72.0	0.0	0.0	42.0	0.0	96.0	38.0	92.0	77.0	0.0	0.0	0.0	0.0	43.0	0.0	0.0	0.0	10.0	36.0	0.0	0.0	0.0	0.0	61.0	0.0
81.0	41.0	13.0	0.0	0.0	0.0	8.0	0.0	0.0	48.0	25.0	85.0	29.0	19.0	0.0	0.0	0.0	92.0	0.0	0.0	0.0	77.0	89.0	33.0	95.0	32.0	0.0	0.0	43.0	41.0	30.0	59.0	0.0	0.0	0.0	0.0	44.0	57.0	46.0	0.0	0.0	3.0	93.0	53.0	0.0	0.0	14.0	39.0	3.0	0.0	0.0	37.0	0.0	30.0	0.0	0.0	0.0	0.0	0.0	0.0	0.0	0.0	6.0	52.0	18.0	0.0	26.0	0.0	0.0	0.0	0.0	0.0	0.0	0.0	0.0	0.0	0.0	0.0	0.0	0.0
89.0	0.0	61.0	0.0	0.0	0.0	89.0	0.0	0.0	55.0	11.0	0.0	36.0	0.0	0.0	4.0	76.0	72.0	0.0	46.0	0.0	0.0	76.0	0.0	87.0	80.0	0.0	76.0	0.0	44.0	18.0	70.0	0.0	0.0	0.0	62.0	0.0	51.0	14.0	52.0	66.0	5.0	0.0	0.0	9.0	0.0	19.0	0.0	0.0	3.0	50.0	0.0	0.0	0.0	0.0	94.0	0.0	72.0	0.0	35.0	81.0	0.0	0.0	0.0	0.0	0.0	30.0	86.0	0.0	0.0	0.0	28.0	0.0	0.0	0.0	0.0	0.0	84.0	34.0
23.0	33.0	57.0	0.0	63.0	0.0	66.0	0.0	79.0	81.0	0.0	0.0	0.0	0.0	89.0	99.0	49.0	0.0	20.0	80.0	88.0	0.0	32.0	0.0	0.0	0.0	86.0	0.0	77.0	0.0	0.0	0.0	0.0	30.0	0.0	62.0	0.0	47.0	32.0	58.0	75.0	0.0	0.0	0.0	0.0	27.0	78.0	0.0	0.0	0.0	0.0	79.0	0.0	16.0	58.0	10.0	27.0	0.0	90.0	0.0	54.0	72.0	55.0	97.0	61.0	85.0	0.0	0.0	0.0	0.0	0.0	0.0	17.0	5.0	0.0	82.0	25.0	5.0
0.0	16.0	22.0	0.0	1.0	16.0	0.0	0.0	0.0	0.0	8.0	65.0	0.0	65.0	0.0	100.0	0.0	0.0	89.0	0.0	0.0	61.0	0.0	9.0	50.0	31.0	27.0	0.0	46.0	96.0	0.0	0.0	95.0	95.0	0.0	0.0	0.0	0.0	29.0	22.0	32.0	0.0	53.0	0.0	76.0	0.0	0.0	0.0	0.0	0.0	27.0	0.0	0.0	0.0	28.0	34.0	32.0	0.0	49.0	0.0	0.0	51.0	0.0	0.0	0.0	100.0	0.0	0.0	35.0	0.0	0.0	42.0	0.0	5.0	0.0	53.0	0.0
79.0	0.0	44.0	0.0	53.0	0.0	97.0	84.0	8.0	70.0	0.0	0.0	0.0	48.0	0.0	58.0	85.0	0.0	12.0	30.0	0.0	85.0	46.0	0.0	0.0	0.0	0.0	26.0	32.0	0.0	16.0	14.0	0.0	0.0	7.0	92.0	0.0	0.0	0.0	87.0	3.0	0.0	26.0	15.0	0.0	50.0	26.0	50.0	78.0	97.0	2.0	0.0	0.0	0.0	66.0	0.0	2.0	2.0	74.0	0.0	0.0	0.0	94.0	0.0	65.0	54.0	0.0	0.0	0.0	91.0	28.0	64.0	0.0	79.0	0.0	0.0
16.0	0.0	0.0	23.0	0.0	0.0	55.0	69.0	62.0	67.0	0.0	0.0	0.0	0.0	68.0	0.0	80.0	1.0	24.0	0.0	77.0	0.0	0.0	0.0	0.0	84.0	80.0	48.0	0.0	0.0	24.0	21.0	95.0	85.0	0.0	95.0	49.0	49.0	0.0	39.0	29.0	0.0	35.0	59.0	1.0	54.0	51.0	0.0	0.0	0.0	5.0	31.0	65.0	0.0	65.0	0.0	98.0	0.0	0.0	0.0	59.0	49.0	0.0	23.0	95.0	0.0	0.0	66.0	93.0	79.0	39.0	0.0	0.0	0.0	0.0
0.0	0.0	0.0	0.0	92.0	0.0	27.0	86.0	0.0	76.0	5.0	0.0	87.0	25.0	0.0	95.0	0.0	95.0	21.0	0.0	30.0	0.0	0.0	51.0	0.0	0.0	1.0	0.0	10.0	0.0	0.0	0.0	7.0	22.0	0.0	0.0	0.0	30.0	73.0	0.0	0.0	0.0	0.0	52.0	54.0	11.0	45.0	0.0	0.0	0.0	28.0	0.0	92.0	0.0	0.0	68.0	99.0	90.0	92.0	0.0	88.0	0.0	16.0	26.0	0.0	46.0	0.0	55.0	0.0	0.0	0.0	55.0	62.0	0.0
0.0	36.0	8.0	0.0	0.0	0.0	42.0	0.0	0.0	0.0	0.0	58.0	0.0	91.0	0.0	0.0	0.0	17.0	0.0	0.0	11.0	0.0	0.0	73.0	0.0	66.0	36.0	0.0	0.0	0.0	93.0	0.0	19.0	0.0	100.0	11.0	40.0	0.0	0.0	57.0	0.0	55.0	50.0	36.0	0.0	0.0	0.0	3.0	0.0	0.0	39.0	0.0	38.0	67.0	46.0	0.0	24.0	17.0	0.0	86.0	0.0	42.0	0.0	51.0	0.0	82.0	0.0	0.0	0.0	57.0	0.0	0.0	0.0
0.0	43.0	0.0	0.0	87.0	62.0	38.0	0.0	19.0	43.0	49.0	33.0	0.0	0.0	8.0	0.0	66.0	42.0	0.0	42.0	0.0	44.0	68.0	56.0	97.0	87.0	0.0	23.0	74.0	0.0	0.0	0.0	0.0	4.0	0.0	47.0	39.0	0.0	0.0	97.0	0.0	64.0	0.0	0.0	0.0	76.0	0.0	6.0	0.0	0.0	0.0	95.0	13.0	68.0	74.0	87.0	0.0	31.0	7.0	0.0	0.0	41.0	31.0	0.0	0.0	22.0	25.0	0.0	0.0	8.0	58.0	19.0
0.0	75.0	0.0	44.0	0.0	45.0	0.0	23.0	64.0	15.0	21.0	0.0	0.0	77.0	0.0	10.0	83.0	63.0	37.0	42.0	0.0	4.0	36.0	0.0	22.0	0.0	0.0	66.0	0.0	47.0	62.0	0.0	0.0	0.0	90.0	90.0	13.0	0.0	44.0	72.0	0.0	37.0	75.0	18.0	0.0	0.0	27.0	21.0	0.0	0.0	37.0	0.0	0.0	0.0	0.0	14.0	0.0	0.0	70.0	0.0	21.0	0.0	41.0	0.0	0.0	45.0	0.0	84.0	67.0	7.0	16.0
0.0	8.0	0.0	65.0	0.0	0.0	0.0	6.0	0.0	0.0	26.0	0.0	46.0	0.0	0.0	0.0	17.0	98.0	0.0	0.0	48.0	6.0	0.0	57.0	0.0	0.0	0.0	0.0	16.0	0.0	40.0	100.0	32.0	88.0	79.0	57.0	0.0	51.0	0.0	85.0	35.0	85.0	4.0	0.0	81.0	0.0	0.0	73.0	21.0	25.0	56.0	45.0	25.0	0.0	0.0	15.0	11.0	53.0	0.0	80.0	0.0	24.0	0.0	30.0	0.0	0.0	0.0	69.0	0.0	0.0
90.0	0.0	84.0	0.0	0.0	0.0	0.0	0.0	0.0	94.0	0.0	51.0	0.0	0.0	0.0	96.0	0.0	29.0	15.0	71.0	0.0	0.0	76.0	34.0	24.0	17.0	0.0	1.0	0.0	0.0	0.0	51.0	0.0	0.0	53.0	51.0	0.0	33.0	0.0	54.0	82.0	0.0	0.0	0.0	86.0	0.0	20.0	0.0	56.0	38.0	0.0	0.0	15.0	0.0	36.0	17.0	5.0	0.0	49.0	75.0	0.0	34.0	0.0	0.0	0.0	0.0	3.0	90.0	0.0
0.0	0.0	83.0	49.0	91.0	0.0	15.0	52.0	74.0	53.0	75.0	84.0	41.0	56.0	0.0	0.0	0.0	8.0	49.0	0.0	0.0	19.0	15.0	0.0	0.0	46.0	17.0	0.0	0.0	25.0	0.0	0.0	65.0	0.0	76.0	0.0	49.0	65.0	50.0	0.0	5.0	68.0	81.0	0.0	98.0	0.0	88.0	0.0	25.0	10.0	0.0	95.0	0.0	93.0	0.0	49.0	0.0	0.0	43.0	0.0	42.0	2.0	0.0	0.0	0.0	47.0	2.0	34.0
38.0	83.0	41.0	0.0	56.0	0.0	0.0	2.0	28.0	0.0	58.0	0.0	0.0	0.0	0.0	79.0	43.0	0.0	0.0	0.0	4.0	0.0	37.0	0.0	0.0	0.0	21.0	21.0	92.0	0.0	80.0	70.0	0.0	0.0	0.0	0.0	63.0	0.0	68.0	0.0	0.0	0.0	28.0	47.0	0.0	0.0	67.0	78.0	0.0	0.0	0.0	0.0	0.0	0.0	68.0	0.0	0.0	0.0	0.0	99.0	29.0	90.0	0.0	0.0	75.0	0.0	59.0
0.0	0.0	0.0	72.0	8.0	9.0	81.0	0.0	96.0	0.0	0.0	0.0	53.0	97.0	62.0	14.0	0.0	0.0	0.0	15.0	73.0	13.0	0.0	0.0	0.0	90.0	64.0	0.0	41.0	49.0	0.0	61.0	17.0	50.0	0.0	0.0	30.0	0.0	85.0	0.0	0.0	0.0	0.0	18.0	73.0	45.0	0.0	17.0	89.0	83.0	0.0	21.0	0.0	31.0	0.0	0.0	57.0	0.0	0.0	69.0	0.0	0.0	98.0	100.0	0.0	0.0
9.0	87.0	99.0	36.0	62.0	91.0	0.0	0.0	0.0	0.0	0.0	10.0	0.0	0.0	0.0	86.0	97.0	0.0	0.0	27.0	0.0	24.0	0.0	89.0	0.0	70.0	0.0	25.0	0.0	0.0	0.0	66.0	0.0	0.0	42.0	0.0	0.0	0.0	28.0	0.0	0.0	74.0	0.0	0.0	13.0	41.0	0.0	59.0	0.0	0.0	18.0	0.0	0.0	0.0	0.0	0.0	0.0	23.0	39.0	0.0	0.0	50.0	0.0	0.0	0.0
71.0	0.0	0.0	0.0	0.0	38.0	21.0	0.0	66.0	0.0	26.0	0.0	60.0	0.0	91.0	0.0	7.0	83.0	87.0	94.0	0.0	84.0	89.0	64.0	0.0	0.0	66.0	43.0	4.0	0.0	35.0	0.0	0.0	68.0	19.0	14.0	0.0	71.0	0.0	0.0	0.0	34.0	26.0	7.0	0.0	94.0	0.0	0.0	0.0	0.0	0.0	0.0	0.0	0.0	0.0	0.0	63.0	34.0	71.0	51.0	21.0	30.0	0.0	0.0
36.0	77.0	0.0	37.0	0.0	87.0	70.0	0.0	50.0	83.0	9.0	0.0	24.0	62.0	27.0	14.0	0.0	0.0	69.0	38.0	68.0	51.0	68.0	0.0	0.0	0.0	43.0	0.0	61.0	53.0	0.0	44.0	44.0	0.0	0.0	0.0	68.0	12.0	69.0	47.0	6.0	100.0	78.0	0.0	85.0	0.0	0.0	62.0	76.0	19.0	7.0	7.0	0.0	42.0	1.0	33.0	0.0	93.0	45.0	0.0	0.0	15.0	34.0
47.0	0.0	83.0	0.0	3.0	0.0	95.0	86.0	0.0	0.0	0.0	77.0	58.0	16.0	0.0	0.0	0.0	0.0	98.0	0.0	37.0	0.0	0.0	0.0	0.0	0.0	0.0	8.0	82.0	80.0	69.0	20.0	13.0	66.0	0.0	0.0	0.0	73.0	4.0	22.0	53.0	0.0	27.0	0.0	0.0	0.0	0.0	4.0	0.0	22.0	81.0	0.0	0.0	0.0	0.0	57.0	40.0	0.0	0.0	94.0	89.0	83.0
33.0	0.0	76.0	0.0	0.0	90.0	0.0	64.0	54.0	0.0	89.0	0.0	58.0	17.0	13.0	59.0	0.0	0.0	64.0	0.0	0.0	79.0	0.0	46.0	39.0	0.0	0.0	0.0	0.0	0.0	59.0	22.0	0.0	28.0	46.0	0.0	66.0	0.0	0.0	0.0	0.0	73.0	0.0	0.0	83.0	17.0	0.0	96.0	52.0	0.0	16.0	0.0	66.0	87.0	92.0	0.0	0.0	65.0	40.0	69.0	90.0
0.0	42.0	0.0	76.0	0.0	0.0	0.0	41.0	100.0	17.0	44.0	0.0	0.0	0.0	0.0	7.0	0.0	0.0	6.0	0.0	0.0	0.0	0.0	0.0	84.0	0.0	66.0	0.0	77.0	66.0	0.0	52.0	0.0	97.0	0.0	0.0	0.0	0.0	56.0	75.0	27.0	0.0	0.0	83.0	17.0	46.0	0.0	68.0	88.0	0.0	0.0	0.0	94.0	15.0	7.0	66.0	0.0	4.0	60.0	16.0
0.0	0.0	100.0	88.0	0.0	12.0	94.0	0.0	81.0	0.0	79.0	75.0	0.0	0.0	0.0	81.0	0.0	0.0	0.0	0.0	0.0	0.0	0.0	13.0	86.0	85.0	77.0	13.0	21.0	40.0	0.0	8.0	46.0	68.0	0.0	2.0	52.0	0.0	35.0	83.0	0.0	0.0	45.0	42.0	22.0	35.0	0.0	40.0	27.0	22.0	0.0	0.0	22.0	9.0	13.0	0.0	88.0	55.0	0.0
17.0	0.0	0.0	0.0	70.0	90.0	0.0	13.0	61.0	0.0	0.0	0.0	94.0	22.0	0.0	75.0	0.0	0.0	0.0	52.0	0.0	0.0	90.0	0.0	0.0	0.0	0.0	40.0	12.0	0.0	0.0	25.0	97.0	0.0	0.0	57.0	0.0	0.0	0.0	99.0	0.0	0.0	0.0	0.0	0.0	15.0	74.0	13.0	94.0	32.0	77.0	0.0	0.0	0.0	98.0	39.0	0.0	0.0
46.0	20.0	27.0	0.0	0.0	0.0	17.0	72.0	0.0	47.0	8.0	62.0	55.0	82.0	75.0	0.0	36.0	65.0	0.0	0.0	0.0	11.0	87.0	9.0	19.0	15.0	0.0	0.0	0.0	0.0	79.0	7.0	34.0	0.0	0.0	22.0	0.0	0.0	0.0	23.0	97.0	30.0	0.0	0.0	0.0	84.0	0.0	0.0	80.0	40.0	0.0	0.0	0.0	0.0	43.0	27.0	0.0
11.0	83.0	0.0	49.0	28.0	0.0	88.0	0.0	0.0	0.0	0.0	0.0	62.0	51.0	88.0	0.0	0.0	0.0	0.0	64.0	0.0	29.0	0.0	0.0	12.0	0.0	0.0	67.0	6.0	57.0	34.0	48.0	74.0	0.0	0.0	76.0	0.0	30.0	0.0	73.0	0.0	0.0	0.0	44.0	45.0	76.0	0.0	13.0	39.0	30.0	0.0	38.0	0.0	50.0	0.0	89.0
0.0	0.0	0.0	0.0	0.0	0.0	0.0	0.0	84.0	33.0	0.0	82.0	66.0	42.0	32.0	0.0	46.0	0.0	42.0	0.0	47.0	0.0	0.0	0.0	28.0	67.0	0.0	0.0	0.0	0.0	0.0	38.0	5.0	45.0	0.0	15.0	0.0	48.0	0.0	0.0	0.0	0.0	0.0	26.0	0.0	0.0	0.0	76.0	82.0	10.0	0.0	40.0	0.0	0.0	0.0
75.0	0.0	0.0	31.0	10.0	0.0	0.0	94.0	86.0	12.0	0.0	0.0	74.0	0.0	83.0	0.0	4.0	0.0	12.0	0.0	29.0	64.0	0.0	0.0	16.0	70.0	90.0	99.0	20.0	14.0	0.0	0.0	79.0	65.0	0.0	0.0	0.0	92.0	51.0	0.0	19.0	0.0	0.0	47.0	0.0	18.0	52.0	0.0	0.0	98.0	93.0	2.0	59.0	0.0
0.0	0.0	28.0	38.0	83.0	0.0	16.0	0.0	0.0	70.0	55.0	42.0	0.0	0.0	36.0	67.0	6.0	0.0	0.0	0.0	0.0	0.0	0.0	0.0	88.0	6.0	21.0	65.0	39.0	0.0	0.0	0.0	55.0	0.0	15.0	88.0	0.0	46.0	51.0	0.0	0.0	0.0	58.0	0.0	18.0	45.0	78.0	87.0	41.0	0.0	31.0	13.0	65.0
0.0	57.0	38.0	67.0	0.0	30.0	0.0	0.0	0.0	0.0	4.0	13.0	64.0	58.0	0.0	0.0	93.0	60.0	89.0	95.0	7.0	0.0	0.0	0.0	0.0	0.0	45.0	0.0	71.0	99.0	70.0	0.0	67.0	0.0	0.0	76.0	17.0	0.0	12.0	28.0	0.0	49.0	0.0	76.0	0.0	0.0	14.0	98.0	85.0	19.0	43.0	0.0
0.0	66.0	87.0	0.0	54.0	93.0	80.0	48.0	14.0	0.0	15.0	75.0	0.0	89.0	42.0	0.0	73.0	44.0	0.0	62.0	0.0	0.0	0.0	52.0	93.0	78.0	0.0	25.0	83.0	49.0	53.0	0.0	43.0	0.0	95.0	0.0	32.0	0.0	0.0	7.0	0.0	12.0	95.0	0.0	0.0	0.0	0.0	34.0	48.0	0.0	0.0
22.0	0.0	7.0	55.0	0.0	61.0	58.0	55.0	96.0	75.0	0.0	0.0	13.0	100.0	60.0	0.0	0.0	80.0	0.0	0.0	0.0	80.0	52.0	91.0	0.0	0.0	0.0	0.0	67.0	54.0	89.0	0.0	0.0	39.0	87.0	0.0	76.0	0.0	0.0	0.0	78.0	0.0	0.0	17.0	0.0	12.0	32.0	0.0	0.0	45.0
82.0	13.0	0.0	0.0	2.0	79.0	19.0	15.0	10.0	75.0	60.0	0.0	4.0	22.0	56.0	0.0	60.0	96.0	80.0	63.0	3.0	36.0	0.0	0.0	27.0	89.0	86.0	47.0	0.0	87.0	0.0	6.0	0.0	0.0	39.0	88.0	46.0	0.0	84.0	0.0	84.0	0.0	0.0	93.0	27.0	0.0	65.0	12.0	0.0
93.0	41.0	82.0	0.0	98.0	0.0	0.0	24.0	0.0	0.0	55.0	17.0	75.0	0.0	0.0	0.0	0.0	0.0	83.0	0.0	0.0	0.0	0.0	11.0	0.0	15.0	100.0	0.0	0.0	91.0	0.0	0.0	27.0	97.0	0.0	15.0	54.0	35.0	0.0	4.0	0.0	0.0	15.0	0.0	0.0	99.0	1.0	0.0
0.0	0.0	0.0	0.0	3.0	0.0	0.0	0.0	81.0	0.0	13.0	21.0	0.0	83.0	0.0	0.0	0.0	12.0	8.0	7.0	55.0	0.0	0.0	0.0	40.0	0.0	0.0	0.0	67.0	0.0	0.0	0.0	0.0	78.0	0.0	76.0	45.0	31.0	0.0	86.0	28.0	0.0	8.0	0.0	0.0	100.0	6.0
0.0	0.0	49.0	40.0	47.0	0.0	16.0	0.0	0.0	81.0	39.0	94.0	0.0	0.0	59.0	0.0	0.0	20.0	60.0	0.0	0.0	0.0	0.0	74.0	52.0	0.0	0.0	0.0	62.0	0.0	0.0	0.0	85.0	88.0	8.0	0.0	0.0	0.0	70.0	0.0	0.0	75.0	18.0	83.0	97.0	0.0
53.0	91.0	0.0	0.0	48.0	0.0	9.0	0.0	0.0	0.0	0.0	19.0	83.0	27.0	0.0	0.0	10.0	0.0	0.0	99.0	0.0	0.0	14.0	93.0	0.0	71.0	0.0	0.0	70.0	0.0	0.0	0.0	0.0	0.0	2.0	0.0	57.0	0.0	80.0	0.0	90.0	0.0	78.0	43.0	88.0
0.0	0.0	19.0	84.0	56.0	23.0	39.0	0.0	19.0	0.0	66.0	0.0	50.0	0.0	0.0	0.0	0.0	80.0	0.0	0.0	97.0	61.0	73.0	36.0	77.0	58.0	55.0	45.0	33.0	0.0	0.0	47.0	96.0	0.0	75.0	0.0	0.0	54.0	12.0	14.0	74.0	0.0	0.0	99.0
0.0	32.0	0.0	0.0	13.0	0.0	99.0	6.0	15.0	18.0	0.0	45.0	95.0	15.0	22.0	78.0	69.0	34.0	0.0	45.0	12.0	0.0	91.0	94.0	68.0	0.0	0.0	0.0	0.0	39.0	36.0	50.0	42.0	0.0	0.0	0.0	14.0	28.0	0.0	59.0	82.0	0.0	0.0
0.0	0.0	0.0	75.0	0.0	47.0	47.0	0.0	98.0	0.0	40.0	0.0	28.0	0.0	0.0	0.0	17.0	0.0	90.0	0.0	82.0	34.0	29.0	80.0	55.0	47.0	0.0	14.0	0.0	52.0	19.0	0.0	79.0	0.0	25.0	0.0	0.0	57.0	0.0	84.0	8.0	33.0
0.0	78.0	0.0	38.0	0.0	0.0	81.0	0.0	9.0	7.0	0.0	0.0	0.0	64.0	34.0	16.0	23.0	0.0	0.0	0.0	32.0	79.0	70.0	0.0	90.0	92.0	0.0	12.0	94.0	37.0	78.0	0.0	62.0	42.0	0.0	64.0	46.0	0.0	63.0	18.0	0.0
33.0	71.0	6.0	14.0	61.0	70.0	53.0	31.0	0.0	37.0	0.0	0.0	67.0	7.0	0.0	85.0	0.0	0.0	0.0	0.0	0.0	47.0	0.0	0.0	27.0	46.0	62.0	52.0	43.0	85.0	0.0	31.0	1.0	0.0	68.0	93.0	52.0	0.0	64.0	0.0
0.0	96.0	0.0	0.0	0.0	45.0	88.0	21.0	0.0	85.0	0.0	1.0	17.0	58.0	0.0	0.0	0.0	0.0	39.0	33.0	49.0	0.0	0.0	0.0	40.0	45.0	13.0	0.0	71.0	0.0	75.0	32.0	57.0	89.0	15.0	0.0	22.0	69.0	25.0
0.0	0.0	0.0	0.0	0.0	86.0	0.0	12.0	91.0	0.0	0.0	0.0	29.0	0.0	42.0	0.0	54.0	0.0	0.0	0.0	0.0	0.0	0.0	39.0	0.0	0.0	0.0	0.0	0.0	27.0	73.0	91.0	23.0	0.0	57.0	19.0	61.0	32.0
60.0	21.0	0.0	100.0	0.0	79.0	89.0	52.0	0.0	0.0	84.0	71.0	0.0	6.0	10.0	17.0	16.0	95.0	17.0	24.0	97.0	0.0	57.0	0.0	87.0	46.0	96.0	56.0	0.0	68.0	0.0	0.0	79.0	11.0	16.0	37.0	0.0
0.0	0.0	0.0	0.0	0.0	30.0	0.0	0.0	0.0	0.0	0.0	0.0	0.0	0.0	1.0	100.0	4.0	0.0	0.0	0.0	59.0	0.0	82.0	0.0	38.0	0.0	0.0	0.0	76.0	0.0	73.0	93.0	0.0	73.0	0.0	0.0
0.0	0.0	0.0	32.0	69.0	0.0	99.0	0.0	23.0	0.0	0.0	1.0	0.0	44.0	28.0	94.0	0.0	0.0	0.0	0.0	0.0	0.0	89.0	0.0	90.0	0.0	0.0	0.0	0.0	0.0	0.0	44.0	44.0	29.0	73.0
10.0	86.0	0.0	0.0	0.0	0.0	100.0	35.0	95.0	0.0	81.0	0.0	5.0	0.0	0.0	36.0	97.0	0.0	81.0	0.0	90.0	21.0	0.0	10.0	0.0	12.0	0.0	99.0	0.0	0.0	0.0	0.0	66.0	89.0
17.0	0.0	27.0	47.0	9.0	0.0	0.0	14.0	25.0	0.0	0.0	0.0	0.0	0.0	0.0	0.0	7.0	0.0	27.0	8.0	0.0	1.0	31.0	0.0	66.0	0.0	16.0	0.0	37.0	48.0	0.0	17.0	0.0
0.0	0.0	0.0	57.0	19.0	55.0	0.0	53.0	0.0	80.0	0.0	90.0	0.0	60.0	36.0	16.0	0.0	91.0	21.0	32.0	0.0	0.0	0.0	0.0	0.0	0.0	18.0	64.0	70.0	56.0	28.0	0.0
0.0	0.0	0.0	0.0	97.0	43.0	77.0	0.0	0.0	71.0	98.0	0.0	6.0	0.0	78.0	0.0	77.0	0.0	0.0	0.0	13.0	0.0	0.0	29.0	32.0	39.0	52.0	93.0	0.0	0.0	4.0
0.0	0.0	0.0	68.0	0.0	0.0	64.0	0.0	1.0	0.0	20.0	0.0	42.0	37.0	0.0	0.0	72.0	0.0	0.0	0.0	23.0	3.0	16.0	63.0	0.0	0.0	48.0	93.0	0.0	0.0
83.0	0.0	80.0	29.0	85.0	93.0	0.0	67.0	74.0	39.0	72.0	18.0	90.0	0.0	0.0	0.0	0.0	0.0	0.0	0.0	0.0	48.0	0.0	61.0	0.0	0.0	43.0	80.0	24.0
68.0	88.0	93.0	28.0	15.0	16.0	86.0	88.0	0.0	0.0	0.0	0.0	0.0	19.0	0.0	0.0	0.0	75.0	47.0	64.0	0.0	0.0	0.0	0.0	0.0	0.0	0.0	92.0
17.0	0.0	0.0	75.0	0.0	35.0	95.0	0.0	0.0	0.0	38.0	46.0	55.0	81.0	0.0	0.0	0.0	50.0	24.0	0.0	17.0	11.0	19.0	29.0	31.0	0.0	0.0
4.0	80.0	0.0	0.0	60.0	0.0	27.0	72.0	98.0	56.0	0.0	0.0	0.0	0.0	0.0	0.0	0.0	6.0	57.0	40.0	0.0	60.0	0.0	0.0	80.0	0.0
0.0	89.0	37.0	28.0	96.0	0.0	0.0	0.0	60.0	0.0	0.0	0.0	52.0	0.0	45.0	0.0	2.0	0.0	76.0	38.0	0.0	53.0	0.0	17.0	67.0
98.0	97.0	90.0	0.0	27.0	24.0	0.0	45.0	0.0	85.0	62.0	29.0	46.0	0.0	0.0	0.0	0.0	12.0	16.0	0.0	33.0	0.0	0.0	0.0
63.0	9.0	8.0	0.0	0.0	23.0	49.0	0.0	50.0	26.0	0.0	0.0	0.0	11.0	0.0	2.0	0.0	83.0	71.0	0.0	21.0	0.0	0.0
0.0	0.0	68.0	0.0	66.0	0.0	54.0	0.0	0.0	0.0	0.0	63.0	36.0	0.0	19.0	0.0	0.0	0.0	88.0	0.0	50.0	16.0
0.0	43.0	73.0	3.0	0.0	84.0	0.0	22.0	11.0	0.0	0.0	48.0	0.0	0.0	84.0	20.0	27.0	0.0	61.0	29.0	0.0
44.0	73.0	90.0	0.0	38.0	0.0	0.0	0.0	0.0	64.0	0.0	43.0	47.0	23.0	0.0	83.0	0.0	0.0	30.0	0.0
0.0	0.0	0.0	0.0	0.0	0.0	0.0	64.0	0.0	22.0	86.0	4.0	0.0	41.0	0.0	8.0	24.0	37.0	0.0
0.0	56.0	0.0	0.0	0.0	0.0	37.0	0.0	0.0	59.0	59.0	48.0	0.0	0.0	0.0	50.0	0.0	0.0
0.0	42.0	67.0	0.0	0.0	0.0	27.0	0.0	0.0	0.0	27.0	83.0	0.0	0.0	35.0	87.0	0.0
0.0	0.0	98.0	0.0	78.0	0.0	0.0	0.0	0.0	0.0	0.0	0.0	84.0	0.0	0.0	29.0
0.0	77.0	43.0	21.0	0.0	84.0	0.0	23.0	0.0	0.0	62.0	40.0	0.0	93.0	4.0
38.0	0.0	0.0	49.0	0.0	77.0	46.0	47.0	93.0	0.0	76.0	0.0	4.0	0.0
0.0	0.0	84.0	74.0	0.0	0.0	0.0	33.0	53.0	0.0	56.0	0.0	57.0
62.0	0.0	87.0	79.0	72.0	64.0	74.0	15.0	66.0	0.0	0.0	0.0
86.0	0.0	54.0	0.0	76.0	0.0	14.0	0.0	26.0	19.0	10.0
0.0	72.0	0.0	0.0	0.0	99.0	89.0	0.0	0.0	94.0
59.0	0.0	0.0	0.0	64.0	100.0	100.0	0.0	0.0
0.0	29.0	0.0	0.0	46.0	0.0	90.0	13.0
0.0	51.0	34.0	58.0	56.0	0.0	41.0
0.0	62.0	0.0	0.0	0.0	0.0
0.0	0.0	0.0	21.0	0.0
0.0	2.0	50.0	81.0
0.0	1.0	0.0
0.0	38.0
0.0

48.0	25.0	5.0	13.0	48.0	49.0	22.0	21.0	39.0	4.0	37.0	34.0	32.0	27.0	45.0	14.0	18.0	7.0	7.0	38.0	10.0	48.0	43.0	38.0	29.0	10.0	38.0	15.0	20.0	22.0	13.0	32.0	39.0	47.0	30.0	45.0	28.0	13.0	39.0	49.0	34.0	40.0	2.0	47.0	30.0	6.0	23.0	44.0	2.0	28.0	33.0	18.0	32.0	4.0	30.0	13.0	30.0	45.0	29.0	24.0	11.0	11.0	3.0	40.0	13.0	32.0	28.0	34.0	7.0	27.0	30.0	1.0	1.0	7.0	36.0	42.0	42.0	4.0	32.0	46.0	39.0	5.0	38.0	45.0	16.0	32.0	25.0	18.0	25.0	13.0	23.0	34.0	46.0	6.0	8.0	35.0	47.0	49.0	21.0	25.0	45.0	18.0	15.0	45.0	28.0	31.0	7.0	13.0	23.0	33.0	42.0	24.0	31.0	6.0	43.0	44.0	5.0	7.0	44.0	10.0	1.0	43.0	36.0	3.0	32.0	34.0	3.0	21.0	23.0	26.0	31.0	4.0	9.0	42.0	15.0	19.0	44.0	46.0	37.0	15.0	49.0	4.0	45.0	5.0	19.0	24.0	12.0	43.0	50.0	32.0	21.0	44.0	21.0	31.0	35.0	12.0	4.0	19.0	16.0	17.0	38.0	4.0	46.0	42.0	27.0	20.0	48.0	48.0	4.0	20.0	10.0	40.0	22.0	41.0	27.0	24.0	3.0	14.0	18.0	26.0	30.0	47.0	19.0	3.0	6.0	32.0	4.0	47.0	43.0	1.0	40.0	19.0	6.0	39.0	9.0	23.0	5.0	18.0	41.0	36.0

411.44000000000005	411.44000000000005	411.44000000000005	411.44000000000005	411.44000000000005	411.44000000000005	411.44000000000005	411.44000000000005	411.44000000000005	411.44000000000005
