qmkp_100_75_10_007
100
10

0.0	4.0	15.0	88.0	63.0	65.0	32.0	2.0	60.0	0.0	78.0	20.0	19.0	0.0	26.0	73.0	56.0	0.0	74.0	46.0	57.0	14.0	96.0	54.0	0.0	2.0	0.0	2.0	18.0	34.0	37.0	84.0	0.0	81.0	91.0	23.0	74.0	5.0	4.0	62.0	87.0	0.0	73.0	90.0	0.0	52.0	0.0	0.0	75.0	19.0	83.0	75.0	0.0	71.0	0.0	0.0	26.0	64.0	0.0	5.0	20.0	3.0	9.0	51.0	0.0	9.0	93.0	99.0	34.0	0.0	79.0	14.0	70.0	80.0	97.0	0.0	51.0	0.0	99.0	52.0	0.0	38.0	40.0	47.0	29.0	55.0	80.0	0.0	66.0	84.0	0.0	74.0	76.0	68.0	26.0	0.0	0.0	5.0	88.0	45.0
31.0	0.0	67.0	0.0	71.0	6.0	74.0	44.0	65.0	0.0	13.0	1.0	97.0	74.0	41.0	98.0	50.0	69.0	0.0	0.0	7.0	0.0	39.0	81.0	19.0	0.0	0.0	91.0	0.0	64.0	81.0	89.0	61.0	33.0	0.0	0.0	8.0	0.0	99.0	5.0	93.0	0.0	57.0	79.0	84.0	6.0	0.0	0.0	10.0	43.0	59.0	76.0	88.0	0.0	12.0	0.0	70.0	83.0	40.0	0.0	0.0	0.0	89.0	45.0	85.0	0.0	2.0	0.0	0.0	74.0	68.0	88.0	90.0	22.0	37.0	0.0	23.0	100.0	5.0	5.0	98.0	8.0	0.0	29.0	0.0	0.0	50.0	28.0	0.0	29.0	47.0	0.0	0.0	7.0	38.0	58.0	79.0	98.0	87.0
34.0	83.0	37.0	12.0	0.0	78.0	69.0	68.0	83.0	95.0	48.0	83.0	4.0	81.0	16.0	0.0	0.0	47.0	0.0	35.0	44.0	0.0	7.0	28.0	12.0	0.0	0.0	0.0	47.0	14.0	37.0	83.0	40.0	100.0	49.0	0.0	81.0	97.0	42.0	85.0	8.0	40.0	100.0	0.0	0.0	0.0	0.0	72.0	0.0	13.0	7.0	93.0	37.0	17.0	0.0	55.0	17.0	7.0	0.0	2.0	59.0	23.0	47.0	0.0	100.0	51.0	72.0	0.0	47.0	56.0	92.0	86.0	0.0	29.0	0.0	0.0	0.0	93.0	1.0	100.0	91.0	0.0	84.0	49.0	2.0	82.0	26.0	90.0	78.0	74.0	27.0	25.0	47.0	40.0	0.0	38.0	0.0	4.0
58.0	0.0	5.0	20.0	62.0	18.0	19.0	44.0	0.0	56.0	36.0	0.0	86.0	0.0	8.0	6.0	91.0	8.0	0.0	79.0	97.0	11.0	73.0	0.0	27.0	0.0	44.0	60.0	50.0	4.0	15.0	54.0	100.0	0.0	35.0	31.0	44.0	0.0	0.0	80.0	43.0	31.0	54.0	17.0	21.0	44.0	66.0	75.0	0.0	30.0	28.0	0.0	22.0	56.0	0.0	63.0	19.0	68.0	33.0	70.0	16.0	10.0	23.0	17.0	52.0	54.0	5.0	70.0	52.0	48.0	83.0	16.0	36.0	0.0	87.0	0.0	54.0	83.0	0.0	0.0	65.0	62.0	1.0	31.0	0.0	93.0	2.0	90.0	5.0	64.0	0.0	0.0	73.0	50.0	7.0	9.0	1.0
0.0	58.0	0.0	49.0	7.0	83.0	14.0	2.0	0.0	70.0	44.0	53.0	90.0	0.0	63.0	89.0	46.0	69.0	55.0	31.0	11.0	28.0	0.0	0.0	29.0	21.0	86.0	66.0	9.0	73.0	0.0	77.0	88.0	23.0	0.0	14.0	82.0	33.0	0.0	37.0	39.0	26.0	86.0	23.0	28.0	70.0	0.0	34.0	30.0	60.0	70.0	41.0	12.0	10.0	49.0	32.0	77.0	20.0	0.0	52.0	0.0	7.0	92.0	15.0	39.0	21.0	90.0	5.0	70.0	92.0	96.0	0.0	17.0	3.0	0.0	31.0	48.0	56.0	95.0	0.0	0.0	77.0	0.0	0.0	0.0	54.0	0.0	74.0	29.0	75.0	38.0	0.0	0.0	85.0	62.0	0.0
3.0	22.0	50.0	25.0	72.0	70.0	100.0	6.0	74.0	49.0	82.0	81.0	0.0	44.0	65.0	60.0	91.0	58.0	0.0	12.0	4.0	86.0	66.0	22.0	29.0	94.0	96.0	41.0	23.0	0.0	63.0	56.0	40.0	47.0	28.0	23.0	44.0	0.0	89.0	23.0	46.0	83.0	50.0	27.0	71.0	0.0	15.0	0.0	40.0	88.0	74.0	5.0	6.0	42.0	52.0	9.0	24.0	77.0	96.0	1.0	81.0	1.0	52.0	0.0	40.0	89.0	77.0	70.0	30.0	23.0	14.0	0.0	5.0	96.0	37.0	28.0	42.0	0.0	0.0	7.0	73.0	5.0	37.0	0.0	50.0	0.0	68.0	76.0	20.0	73.0	0.0	86.0	15.0	0.0	14.0
7.0	49.0	40.0	72.0	71.0	50.0	0.0	72.0	21.0	34.0	0.0	27.0	59.0	89.0	20.0	22.0	24.0	50.0	66.0	0.0	76.0	0.0	19.0	100.0	93.0	0.0	25.0	2.0	27.0	47.0	52.0	91.0	46.0	47.0	0.0	26.0	0.0	54.0	100.0	16.0	10.0	37.0	94.0	95.0	0.0	0.0	67.0	9.0	36.0	77.0	97.0	0.0	76.0	31.0	0.0	90.0	28.0	50.0	68.0	70.0	10.0	21.0	43.0	33.0	20.0	65.0	49.0	84.0	0.0	29.0	4.0	65.0	12.0	46.0	38.0	44.0	36.0	19.0	0.0	89.0	60.0	29.0	0.0	59.0	32.0	0.0	0.0	1.0	0.0	39.0	33.0	0.0	0.0	13.0
80.0	78.0	59.0	78.0	52.0	64.0	35.0	10.0	23.0	0.0	29.0	64.0	12.0	0.0	75.0	23.0	56.0	68.0	6.0	84.0	66.0	0.0	0.0	75.0	0.0	83.0	34.0	79.0	50.0	51.0	84.0	98.0	27.0	90.0	67.0	18.0	54.0	49.0	19.0	79.0	0.0	49.0	75.0	0.0	47.0	62.0	72.0	40.0	31.0	0.0	26.0	0.0	0.0	72.0	17.0	10.0	31.0	58.0	67.0	90.0	82.0	14.0	39.0	0.0	26.0	26.0	0.0	0.0	0.0	0.0	14.0	98.0	44.0	36.0	0.0	22.0	89.0	66.0	77.0	67.0	0.0	63.0	2.0	0.0	25.0	68.0	0.0	39.0	53.0	62.0	7.0	25.0	26.0
63.0	23.0	79.0	0.0	0.0	21.0	0.0	44.0	10.0	0.0	0.0	8.0	88.0	56.0	43.0	15.0	57.0	49.0	31.0	60.0	0.0	42.0	87.0	41.0	0.0	0.0	24.0	0.0	57.0	0.0	2.0	32.0	47.0	56.0	28.0	24.0	0.0	12.0	14.0	40.0	0.0	69.0	86.0	0.0	64.0	97.0	0.0	0.0	88.0	54.0	64.0	40.0	0.0	12.0	47.0	0.0	100.0	5.0	87.0	91.0	75.0	50.0	49.0	26.0	0.0	99.0	39.0	28.0	94.0	0.0	0.0	0.0	0.0	0.0	0.0	0.0	0.0	0.0	91.0	27.0	0.0	56.0	0.0	56.0	100.0	0.0	52.0	11.0	71.0	0.0	0.0	29.0
65.0	62.0	46.0	0.0	12.0	0.0	0.0	16.0	0.0	0.0	53.0	52.0	0.0	42.0	97.0	0.0	0.0	52.0	98.0	13.0	0.0	0.0	54.0	18.0	45.0	96.0	96.0	0.0	93.0	72.0	0.0	0.0	0.0	17.0	51.0	55.0	79.0	86.0	2.0	0.0	28.0	0.0	35.0	0.0	72.0	4.0	16.0	0.0	47.0	46.0	40.0	81.0	12.0	36.0	1.0	95.0	59.0	75.0	12.0	44.0	77.0	32.0	24.0	72.0	40.0	0.0	67.0	53.0	32.0	0.0	22.0	97.0	40.0	2.0	81.0	8.0	64.0	39.0	34.0	85.0	47.0	0.0	0.0	0.0	71.0	34.0	77.0	99.0	26.0	11.0	33.0
50.0	2.0	63.0	0.0	0.0	66.0	90.0	47.0	22.0	57.0	48.0	43.0	10.0	0.0	51.0	48.0	3.0	64.0	0.0	86.0	0.0	0.0	88.0	46.0	49.0	68.0	33.0	74.0	79.0	0.0	50.0	99.0	43.0	59.0	0.0	50.0	0.0	8.0	96.0	0.0	74.0	90.0	9.0	20.0	31.0	85.0	0.0	66.0	43.0	0.0	60.0	96.0	30.0	0.0	0.0	18.0	36.0	21.0	15.0	0.0	59.0	9.0	74.0	0.0	71.0	8.0	43.0	97.0	3.0	35.0	71.0	95.0	75.0	0.0	41.0	81.0	49.0	67.0	83.0	0.0	19.0	46.0	30.0	0.0	20.0	14.0	100.0	78.0	17.0	0.0
21.0	90.0	0.0	0.0	37.0	0.0	0.0	64.0	70.0	20.0	88.0	96.0	99.0	0.0	6.0	32.0	78.0	0.0	0.0	90.0	12.0	99.0	100.0	49.0	65.0	0.0	42.0	31.0	74.0	0.0	0.0	98.0	0.0	81.0	19.0	1.0	43.0	92.0	98.0	0.0	56.0	0.0	58.0	67.0	90.0	59.0	0.0	85.0	2.0	61.0	18.0	61.0	65.0	0.0	30.0	56.0	0.0	30.0	47.0	28.0	91.0	85.0	86.0	0.0	89.0	32.0	16.0	0.0	0.0	7.0	88.0	75.0	64.0	22.0	90.0	96.0	41.0	32.0	3.0	74.0	0.0	0.0	6.0	4.0	85.0	69.0	87.0	71.0	90.0
18.0	89.0	62.0	6.0	87.0	75.0	0.0	0.0	78.0	52.0	41.0	22.0	25.0	96.0	55.0	61.0	20.0	68.0	0.0	1.0	52.0	95.0	42.0	22.0	0.0	0.0	0.0	0.0	55.0	33.0	46.0	92.0	28.0	0.0	0.0	0.0	35.0	20.0	98.0	48.0	15.0	85.0	76.0	1.0	92.0	36.0	51.0	0.0	95.0	79.0	29.0	75.0	0.0	0.0	0.0	0.0	0.0	39.0	0.0	62.0	79.0	15.0	98.0	89.0	0.0	0.0	81.0	41.0	17.0	66.0	0.0	10.0	26.0	0.0	31.0	0.0	72.0	5.0	71.0	71.0	99.0	50.0	92.0	47.0	95.0	21.0	22.0	0.0
64.0	40.0	77.0	16.0	0.0	53.0	43.0	0.0	59.0	64.0	31.0	0.0	0.0	33.0	26.0	74.0	85.0	72.0	89.0	0.0	0.0	45.0	83.0	0.0	0.0	16.0	16.0	0.0	21.0	11.0	68.0	0.0	15.0	0.0	68.0	31.0	0.0	83.0	19.0	13.0	77.0	38.0	83.0	71.0	0.0	67.0	42.0	0.0	52.0	48.0	28.0	66.0	53.0	88.0	94.0	25.0	18.0	43.0	65.0	67.0	19.0	0.0	10.0	0.0	4.0	85.0	60.0	92.0	94.0	0.0	29.0	43.0	76.0	76.0	48.0	78.0	64.0	97.0	36.0	0.0	24.0	99.0	51.0	65.0	100.0	0.0	0.0
27.0	0.0	24.0	21.0	0.0	19.0	28.0	4.0	35.0	25.0	8.0	92.0	8.0	17.0	85.0	17.0	91.0	0.0	89.0	0.0	7.0	0.0	0.0	0.0	5.0	10.0	42.0	94.0	0.0	91.0	44.0	0.0	57.0	0.0	25.0	0.0	0.0	87.0	61.0	90.0	0.0	84.0	0.0	8.0	0.0	56.0	32.0	27.0	67.0	0.0	83.0	56.0	16.0	10.0	35.0	0.0	40.0	49.0	62.0	50.0	41.0	92.0	3.0	48.0	51.0	74.0	32.0	61.0	70.0	14.0	0.0	0.0	0.0	50.0	0.0	46.0	44.0	0.0	39.0	74.0	94.0	0.0	51.0	57.0	82.0	38.0
0.0	0.0	71.0	0.0	23.0	1.0	0.0	93.0	89.0	0.0	23.0	0.0	31.0	61.0	81.0	0.0	97.0	85.0	84.0	22.0	10.0	0.0	64.0	90.0	6.0	48.0	44.0	92.0	17.0	0.0	58.0	54.0	13.0	30.0	0.0	5.0	28.0	77.0	27.0	69.0	0.0	11.0	90.0	41.0	87.0	0.0	0.0	99.0	10.0	72.0	48.0	72.0	77.0	73.0	11.0	0.0	0.0	70.0	18.0	0.0	20.0	32.0	70.0	0.0	43.0	98.0	53.0	100.0	45.0	0.0	64.0	56.0	97.0	76.0	0.0	69.0	0.0	0.0	65.0	50.0	0.0	38.0	37.0	73.0	33.0
16.0	84.0	0.0	24.0	0.0	37.0	96.0	0.0	0.0	0.0	97.0	4.0	15.0	0.0	0.0	30.0	0.0	99.0	33.0	58.0	27.0	0.0	0.0	63.0	72.0	0.0	12.0	0.0	47.0	86.0	59.0	47.0	65.0	53.0	80.0	83.0	0.0	49.0	56.0	55.0	0.0	0.0	81.0	51.0	77.0	39.0	4.0	25.0	47.0	10.0	52.0	85.0	83.0	32.0	36.0	38.0	30.0	53.0	18.0	66.0	90.0	76.0	81.0	15.0	0.0	0.0	31.0	0.0	0.0	90.0	6.0	49.0	0.0	62.0	36.0	0.0	42.0	52.0	2.0	81.0	88.0	0.0	47.0	56.0
0.0	39.0	66.0	36.0	38.0	0.0	31.0	62.0	0.0	52.0	29.0	3.0	46.0	80.0	32.0	53.0	0.0	36.0	7.0	67.0	0.0	93.0	48.0	3.0	0.0	62.0	2.0	49.0	44.0	4.0	0.0	47.0	34.0	0.0	36.0	19.0	59.0	0.0	0.0	84.0	62.0	89.0	0.0	88.0	0.0	27.0	65.0	40.0	78.0	13.0	76.0	86.0	15.0	66.0	21.0	0.0	0.0	48.0	88.0	47.0	0.0	96.0	0.0	12.0	68.0	76.0	82.0	91.0	76.0	68.0	0.0	10.0	64.0	58.0	0.0	93.0	0.0	16.0	0.0	17.0	0.0	56.0	51.0
0.0	0.0	20.0	41.0	52.0	84.0	98.0	38.0	0.0	0.0	81.0	42.0	17.0	64.0	17.0	78.0	84.0	73.0	14.0	0.0	0.0	87.0	8.0	0.0	54.0	100.0	100.0	93.0	78.0	35.0	41.0	0.0	78.0	0.0	0.0	0.0	4.0	59.0	61.0	0.0	0.0	0.0	8.0	80.0	0.0	89.0	81.0	0.0	23.0	0.0	82.0	49.0	15.0	22.0	0.0	63.0	80.0	33.0	21.0	0.0	67.0	0.0	30.0	56.0	65.0	19.0	67.0	69.0	8.0	2.0	0.0	0.0	0.0	3.0	92.0	1.0	81.0	4.0	31.0	0.0	62.0	59.0
94.0	25.0	0.0	4.0	0.0	93.0	78.0	94.0	75.0	24.0	0.0	58.0	83.0	33.0	0.0	94.0	17.0	85.0	60.0	0.0	80.0	16.0	26.0	34.0	72.0	0.0	62.0	61.0	43.0	0.0	78.0	0.0	0.0	98.0	0.0	34.0	71.0	81.0	69.0	71.0	0.0	5.0	62.0	63.0	57.0	24.0	0.0	0.0	48.0	23.0	55.0	40.0	51.0	70.0	43.0	0.0	2.0	44.0	20.0	78.0	17.0	75.0	0.0	28.0	41.0	2.0	98.0	32.0	40.0	0.0	63.0	100.0	98.0	31.0	88.0	30.0	97.0	85.0	27.0	0.0	71.0
69.0	0.0	5.0	79.0	0.0	65.0	76.0	63.0	39.0	0.0	46.0	53.0	63.0	50.0	74.0	6.0	66.0	93.0	75.0	17.0	16.0	40.0	57.0	24.0	73.0	61.0	79.0	4.0	81.0	28.0	80.0	0.0	10.0	60.0	0.0	77.0	36.0	88.0	100.0	0.0	0.0	81.0	5.0	46.0	88.0	47.0	0.0	27.0	76.0	83.0	16.0	10.0	37.0	91.0	57.0	26.0	57.0	48.0	0.0	20.0	66.0	24.0	38.0	0.0	59.0	87.0	0.0	54.0	92.0	0.0	80.0	87.0	30.0	29.0	59.0	55.0	81.0	0.0	73.0	91.0
39.0	84.0	79.0	57.0	0.0	47.0	98.0	0.0	25.0	0.0	51.0	50.0	87.0	0.0	0.0	51.0	0.0	30.0	68.0	0.0	98.0	42.0	94.0	54.0	31.0	59.0	0.0	5.0	0.0	45.0	36.0	29.0	91.0	41.0	14.0	86.0	47.0	1.0	0.0	0.0	83.0	43.0	44.0	21.0	0.0	19.0	86.0	29.0	14.0	92.0	56.0	26.0	42.0	44.0	9.0	31.0	29.0	19.0	95.0	0.0	52.0	85.0	72.0	0.0	20.0	80.0	57.0	6.0	0.0	7.0	0.0	0.0	64.0	12.0	23.0	10.0	41.0	0.0	18.0
52.0	80.0	31.0	50.0	49.0	86.0	7.0	96.0	68.0	0.0	72.0	41.0	74.0	0.0	2.0	74.0	20.0	45.0	62.0	48.0	69.0	0.0	24.0	59.0	18.0	18.0	0.0	0.0	29.0	12.0	0.0	90.0	59.0	96.0	0.0	46.0	64.0	0.0	35.0	64.0	69.0	68.0	78.0	72.0	57.0	5.0	35.0	67.0	88.0	70.0	96.0	0.0	72.0	80.0	97.0	0.0	0.0	61.0	0.0	9.0	74.0	96.0	78.0	39.0	95.0	47.0	33.0	35.0	0.0	0.0	25.0	6.0	0.0	92.0	0.0	30.0	0.0	0.0
24.0	77.0	11.0	0.0	60.0	74.0	73.0	37.0	0.0	31.0	80.0	66.0	83.0	71.0	87.0	98.0	72.0	0.0	9.0	82.0	40.0	3.0	51.0	72.0	63.0	53.0	44.0	40.0	0.0	0.0	24.0	0.0	1.0	96.0	15.0	53.0	22.0	0.0	0.0	88.0	79.0	1.0	19.0	12.0	34.0	100.0	1.0	0.0	49.0	0.0	64.0	83.0	0.0	28.0	21.0	0.0	11.0	0.0	35.0	6.0	0.0	0.0	0.0	69.0	30.0	0.0	68.0	74.0	70.0	52.0	8.0	53.0	93.0	0.0	0.0	26.0	1.0
54.0	90.0	17.0	93.0	42.0	3.0	48.0	48.0	0.0	24.0	23.0	0.0	67.0	82.0	25.0	25.0	50.0	32.0	29.0	3.0	12.0	76.0	0.0	74.0	95.0	28.0	45.0	65.0	0.0	0.0	0.0	79.0	29.0	37.0	72.0	83.0	89.0	71.0	0.0	98.0	4.0	5.0	21.0	53.0	63.0	5.0	32.0	0.0	1.0	32.0	38.0	93.0	78.0	92.0	0.0	20.0	0.0	64.0	0.0	0.0	18.0	89.0	85.0	12.0	39.0	52.0	61.0	0.0	49.0	83.0	91.0	0.0	0.0	0.0	11.0	15.0
76.0	33.0	0.0	28.0	42.0	12.0	74.0	40.0	3.0	69.0	27.0	0.0	0.0	0.0	0.0	74.0	0.0	15.0	83.0	56.0	4.0	38.0	79.0	79.0	34.0	30.0	0.0	9.0	75.0	38.0	18.0	0.0	100.0	23.0	74.0	22.0	0.0	36.0	59.0	43.0	0.0	92.0	100.0	70.0	94.0	4.0	0.0	0.0	0.0	62.0	15.0	91.0	48.0	0.0	20.0	0.0	0.0	65.0	57.0	74.0	0.0	9.0	74.0	78.0	0.0	14.0	0.0	71.0	100.0	6.0	54.0	34.0	48.0	31.0	74.0
65.0	7.0	0.0	59.0	59.0	73.0	11.0	1.0	11.0	71.0	38.0	0.0	7.0	52.0	67.0	0.0	100.0	94.0	20.0	94.0	0.0	59.0	79.0	21.0	47.0	21.0	0.0	71.0	2.0	11.0	49.0	4.0	0.0	0.0	89.0	30.0	95.0	0.0	19.0	21.0	82.0	0.0	82.0	0.0	77.0	34.0	58.0	29.0	96.0	39.0	56.0	97.0	6.0	81.0	25.0	0.0	20.0	76.0	4.0	53.0	0.0	82.0	36.0	0.0	73.0	5.0	70.0	88.0	83.0	0.0	2.0	0.0	90.0	0.0
0.0	0.0	34.0	0.0	68.0	13.0	0.0	0.0	76.0	0.0	50.0	0.0	82.0	48.0	0.0	0.0	75.0	54.0	0.0	33.0	69.0	30.0	52.0	87.0	82.0	36.0	0.0	13.0	68.0	27.0	5.0	0.0	40.0	42.0	50.0	10.0	1.0	85.0	96.0	16.0	67.0	16.0	0.0	41.0	33.0	89.0	40.0	0.0	22.0	5.0	0.0	31.0	64.0	39.0	28.0	16.0	40.0	0.0	70.0	90.0	0.0	83.0	82.0	72.0	1.0	30.0	82.0	0.0	56.0	41.0	52.0	0.0	0.0
55.0	55.0	36.0	0.0	84.0	34.0	98.0	7.0	99.0	47.0	75.0	0.0	23.0	24.0	66.0	0.0	91.0	52.0	0.0	94.0	21.0	60.0	23.0	0.0	0.0	64.0	45.0	0.0	0.0	56.0	0.0	15.0	77.0	0.0	56.0	72.0	0.0	45.0	45.0	78.0	0.0	0.0	96.0	41.0	18.0	54.0	19.0	0.0	87.0	43.0	58.0	0.0	0.0	14.0	100.0	51.0	0.0	48.0	100.0	90.0	88.0	81.0	28.0	0.0	80.0	0.0	79.0	31.0	80.0	42.0	0.0	99.0
18.0	95.0	76.0	49.0	78.0	0.0	29.0	88.0	59.0	95.0	20.0	43.0	7.0	43.0	88.0	23.0	81.0	53.0	0.0	70.0	1.0	0.0	72.0	21.0	96.0	10.0	99.0	0.0	44.0	0.0	85.0	0.0	8.0	76.0	0.0	61.0	54.0	98.0	23.0	70.0	57.0	15.0	84.0	0.0	8.0	65.0	0.0	22.0	43.0	0.0	0.0	88.0	74.0	22.0	72.0	23.0	11.0	74.0	1.0	0.0	0.0	68.0	52.0	5.0	78.0	0.0	62.0	27.0	99.0	29.0	76.0
62.0	62.0	24.0	74.0	1.0	0.0	0.0	98.0	2.0	58.0	0.0	24.0	73.0	10.0	5.0	63.0	0.0	0.0	0.0	0.0	25.0	0.0	61.0	83.0	64.0	69.0	81.0	32.0	11.0	93.0	42.0	79.0	86.0	85.0	39.0	65.0	94.0	1.0	1.0	66.0	67.0	41.0	0.0	6.0	35.0	76.0	44.0	77.0	38.0	0.0	23.0	8.0	50.0	57.0	19.0	9.0	0.0	0.0	81.0	0.0	29.0	0.0	3.0	55.0	44.0	33.0	0.0	61.0	0.0	0.0
100.0	88.0	66.0	83.0	0.0	67.0	0.0	0.0	0.0	100.0	0.0	77.0	0.0	50.0	28.0	50.0	64.0	0.0	65.0	0.0	0.0	3.0	68.0	74.0	33.0	2.0	95.0	68.0	23.0	0.0	0.0	0.0	0.0	94.0	0.0	72.0	92.0	40.0	41.0	96.0	39.0	57.0	20.0	0.0	0.0	0.0	88.0	92.0	0.0	83.0	35.0	0.0	91.0	79.0	81.0	16.0	20.0	46.0	0.0	13.0	58.0	100.0	0.0	84.0	75.0	67.0	0.0	85.0	0.0
96.0	88.0	22.0	21.0	10.0	0.0	50.0	66.0	0.0	36.0	87.0	57.0	79.0	0.0	0.0	62.0	60.0	51.0	20.0	61.0	86.0	0.0	8.0	0.0	65.0	0.0	5.0	67.0	93.0	0.0	95.0	0.0	77.0	50.0	13.0	0.0	9.0	0.0	65.0	0.0	94.0	0.0	81.0	79.0	70.0	0.0	25.0	51.0	98.0	46.0	76.0	28.0	70.0	31.0	78.0	11.0	53.0	17.0	0.0	39.0	70.0	25.0	79.0	62.0	0.0	25.0	6.0	12.0
40.0	77.0	84.0	63.0	80.0	0.0	0.0	50.0	10.0	0.0	0.0	76.0	0.0	94.0	46.0	7.0	0.0	50.0	0.0	95.0	34.0	0.0	51.0	7.0	10.0	0.0	41.0	95.0	18.0	24.0	21.0	56.0	80.0	32.0	99.0	21.0	0.0	0.0	18.0	0.0	56.0	87.0	0.0	28.0	51.0	0.0	44.0	80.0	45.0	43.0	52.0	85.0	0.0	58.0	3.0	0.0	0.0	12.0	81.0	91.0	30.0	12.0	0.0	0.0	40.0	0.0	31.0
9.0	84.0	32.0	52.0	45.0	27.0	77.0	11.0	61.0	77.0	81.0	3.0	88.0	0.0	0.0	42.0	0.0	20.0	70.0	31.0	82.0	79.0	69.0	0.0	84.0	93.0	34.0	0.0	0.0	70.0	100.0	0.0	40.0	27.0	62.0	19.0	67.0	79.0	92.0	84.0	95.0	52.0	35.0	60.0	0.0	47.0	0.0	82.0	92.0	91.0	5.0	54.0	0.0	0.0	22.0	79.0	56.0	0.0	0.0	44.0	0.0	17.0	89.0	50.0	39.0	0.0
3.0	0.0	97.0	0.0	50.0	0.0	68.0	46.0	45.0	36.0	22.0	95.0	69.0	0.0	15.0	0.0	52.0	6.0	91.0	16.0	22.0	89.0	46.0	43.0	86.0	0.0	12.0	84.0	37.0	99.0	67.0	65.0	0.0	65.0	91.0	45.0	80.0	93.0	44.0	76.0	1.0	37.0	45.0	98.0	87.0	48.0	0.0	39.0	10.0	0.0	41.0	73.0	0.0	84.0	100.0	81.0	9.0	17.0	86.0	0.0	0.0	0.0	5.0	63.0	3.0
0.0	33.0	9.0	46.0	57.0	21.0	28.0	18.0	0.0	20.0	29.0	70.0	0.0	0.0	4.0	88.0	56.0	7.0	64.0	87.0	38.0	30.0	70.0	45.0	82.0	47.0	12.0	82.0	80.0	0.0	29.0	0.0	94.0	53.0	37.0	0.0	94.0	0.0	73.0	47.0	0.0	75.0	19.0	31.0	94.0	55.0	16.0	9.0	87.0	100.0	25.0	0.0	13.0	44.0	10.0	57.0	36.0	0.0	0.0	0.0	95.0	6.0	80.0	0.0
85.0	80.0	81.0	97.0	60.0	0.0	0.0	96.0	60.0	41.0	0.0	38.0	95.0	68.0	90.0	93.0	14.0	12.0	90.0	91.0	76.0	92.0	0.0	0.0	0.0	44.0	40.0	59.0	60.0	72.0	29.0	60.0	8.0	43.0	44.0	30.0	73.0	0.0	20.0	80.0	69.0	65.0	29.0	41.0	0.0	44.0	0.0	6.0	0.0	76.0	36.0	71.0	69.0	48.0	22.0	40.0	93.0	6.0	94.0	27.0	14.0	85.0	61.0
74.0	39.0	0.0	89.0	44.0	24.0	0.0	67.0	26.0	0.0	48.0	76.0	32.0	88.0	0.0	19.0	0.0	0.0	33.0	47.0	0.0	5.0	54.0	14.0	31.0	11.0	99.0	17.0	80.0	95.0	68.0	0.0	0.0	72.0	28.0	95.0	0.0	17.0	60.0	66.0	80.0	66.0	23.0	0.0	16.0	93.0	73.0	95.0	1.0	16.0	65.0	79.0	53.0	14.0	66.0	45.0	19.0	0.0	86.0	42.0	55.0	6.0
25.0	86.0	12.0	0.0	79.0	41.0	0.0	37.0	10.0	0.0	95.0	79.0	0.0	17.0	49.0	23.0	0.0	0.0	55.0	75.0	0.0	0.0	8.0	11.0	0.0	0.0	0.0	14.0	82.0	6.0	73.0	94.0	49.0	0.0	95.0	25.0	28.0	78.0	92.0	0.0	29.0	43.0	14.0	45.0	52.0	20.0	36.0	0.0	41.0	71.0	46.0	0.0	38.0	51.0	47.0	9.0	95.0	15.0	12.0	59.0	9.0
30.0	85.0	33.0	36.0	64.0	65.0	71.0	55.0	0.0	100.0	25.0	13.0	14.0	0.0	74.0	4.0	78.0	85.0	69.0	47.0	1.0	0.0	94.0	92.0	60.0	35.0	0.0	87.0	57.0	90.0	66.0	59.0	83.0	0.0	83.0	23.0	97.0	0.0	91.0	39.0	0.0	78.0	0.0	0.0	89.0	0.0	50.0	22.0	61.0	0.0	95.0	34.0	0.0	10.0	13.0	57.0	21.0	0.0	99.0	85.0
49.0	76.0	13.0	63.0	28.0	0.0	0.0	82.0	55.0	0.0	49.0	63.0	33.0	25.0	88.0	61.0	0.0	75.0	82.0	40.0	0.0	98.0	56.0	0.0	76.0	0.0	29.0	100.0	38.0	8.0	0.0	33.0	70.0	78.0	28.0	0.0	89.0	49.0	0.0	34.0	75.0	35.0	96.0	0.0	31.0	40.0	68.0	54.0	0.0	61.0	9.0	0.0	36.0	0.0	67.0	0.0	68.0	33.0	0.0
22.0	17.0	93.0	0.0	35.0	72.0	92.0	0.0	47.0	38.0	32.0	73.0	45.0	94.0	24.0	56.0	4.0	34.0	5.0	68.0	58.0	86.0	13.0	0.0	95.0	49.0	3.0	8.0	75.0	59.0	96.0	2.0	81.0	38.0	13.0	0.0	84.0	34.0	0.0	63.0	26.0	0.0	6.0	81.0	1.0	24.0	97.0	20.0	41.0	91.0	10.0	3.0	83.0	57.0	33.0	0.0	63.0	34.0
32.0	78.0	62.0	89.0	0.0	83.0	26.0	24.0	5.0	93.0	7.0	70.0	87.0	38.0	33.0	0.0	0.0	42.0	99.0	0.0	6.0	76.0	49.0	26.0	0.0	45.0	46.0	0.0	39.0	0.0	68.0	0.0	91.0	93.0	15.0	89.0	81.0	0.0	57.0	72.0	99.0	82.0	58.0	67.0	0.0	98.0	69.0	10.0	35.0	38.0	33.0	55.0	87.0	28.0	0.0	75.0	48.0
26.0	63.0	78.0	69.0	51.0	0.0	63.0	83.0	93.0	35.0	56.0	42.0	82.0	46.0	96.0	20.0	31.0	2.0	5.0	0.0	0.0	74.0	0.0	18.0	19.0	92.0	43.0	92.0	30.0	53.0	53.0	100.0	69.0	11.0	33.0	74.0	97.0	56.0	5.0	55.0	0.0	53.0	0.0	65.0	95.0	64.0	15.0	84.0	69.0	93.0	0.0	0.0	82.0	1.0	85.0	1.0
0.0	91.0	53.0	86.0	19.0	85.0	19.0	0.0	0.0	56.0	9.0	84.0	9.0	0.0	1.0	0.0	26.0	70.0	36.0	66.0	79.0	23.0	5.0	50.0	93.0	0.0	84.0	5.0	0.0	65.0	2.0	20.0	68.0	0.0	0.0	7.0	96.0	26.0	60.0	74.0	61.0	15.0	37.0	85.0	74.0	12.0	79.0	48.0	47.0	27.0	0.0	95.0	0.0	11.0	0.0
46.0	62.0	85.0	23.0	0.0	79.0	59.0	77.0	73.0	21.0	64.0	67.0	0.0	50.0	47.0	53.0	78.0	29.0	17.0	59.0	0.0	57.0	84.0	0.0	100.0	0.0	83.0	45.0	13.0	77.0	6.0	49.0	10.0	33.0	0.0	46.0	0.0	0.0	0.0	42.0	0.0	61.0	7.0	13.0	11.0	0.0	0.0	0.0	37.0	83.0	47.0	0.0	57.0	0.0
55.0	7.0	59.0	16.0	4.0	36.0	87.0	85.0	0.0	79.0	96.0	6.0	20.0	57.0	21.0	0.0	62.0	23.0	0.0	50.0	69.0	64.0	84.0	3.0	58.0	27.0	64.0	54.0	87.0	0.0	6.0	79.0	43.0	67.0	80.0	0.0	0.0	1.0	33.0	81.0	25.0	75.0	18.0	40.0	82.0	40.0	26.0	40.0	40.0	64.0	41.0	51.0	0.0
93.0	0.0	38.0	46.0	14.0	54.0	36.0	0.0	68.0	73.0	0.0	70.0	94.0	39.0	52.0	37.0	0.0	0.0	88.0	26.0	14.0	27.0	0.0	44.0	17.0	2.0	0.0	48.0	71.0	0.0	0.0	5.0	54.0	60.0	35.0	4.0	0.0	7.0	100.0	1.0	92.0	0.0	90.0	6.0	17.0	79.0	15.0	96.0	19.0	28.0	50.0	55.0
91.0	20.0	99.0	4.0	96.0	0.0	0.0	10.0	45.0	27.0	98.0	43.0	4.0	82.0	0.0	85.0	22.0	0.0	89.0	34.0	70.0	10.0	9.0	33.0	47.0	91.0	81.0	0.0	10.0	98.0	49.0	41.0	0.0	1.0	79.0	0.0	73.0	0.0	86.0	86.0	68.0	52.0	0.0	66.0	60.0	0.0	2.0	80.0	94.0	17.0	57.0
0.0	0.0	0.0	0.0	86.0	75.0	87.0	37.0	34.0	0.0	62.0	0.0	17.0	10.0	92.0	8.0	43.0	0.0	30.0	17.0	46.0	3.0	19.0	0.0	15.0	0.0	98.0	29.0	0.0	48.0	86.0	33.0	38.0	62.0	47.0	16.0	88.0	0.0	0.0	0.0	54.0	9.0	61.0	0.0	98.0	63.0	73.0	12.0	0.0	84.0
1.0	48.0	7.0	70.0	79.0	43.0	6.0	79.0	94.0	58.0	63.0	16.0	0.0	0.0	0.0	47.0	94.0	0.0	87.0	43.0	80.0	51.0	100.0	0.0	82.0	72.0	0.0	82.0	55.0	27.0	93.0	17.0	0.0	28.0	96.0	69.0	0.0	99.0	51.0	64.0	45.0	0.0	60.0	87.0	26.0	0.0	2.0	0.0	0.0
25.0	49.0	34.0	0.0	86.0	0.0	47.0	50.0	82.0	22.0	46.0	11.0	0.0	62.0	0.0	85.0	78.0	66.0	52.0	0.0	66.0	16.0	39.0	48.0	73.0	0.0	71.0	69.0	18.0	63.0	0.0	35.0	7.0	52.0	13.0	83.0	87.0	43.0	75.0	13.0	58.0	64.0	0.0	89.0	65.0	83.0	0.0	0.0
80.0	61.0	0.0	0.0	36.0	5.0	52.0	64.0	0.0	34.0	44.0	0.0	62.0	72.0	8.0	0.0	91.0	88.0	9.0	31.0	98.0	46.0	92.0	32.0	43.0	0.0	85.0	0.0	65.0	20.0	51.0	52.0	42.0	94.0	17.0	1.0	21.0	89.0	0.0	0.0	44.0	0.0	63.0	48.0	25.0	0.0	10.0
0.0	33.0	0.0	80.0	0.0	0.0	0.0	0.0	31.0	96.0	46.0	14.0	0.0	0.0	40.0	45.0	0.0	4.0	46.0	6.0	97.0	0.0	29.0	0.0	91.0	51.0	2.0	95.0	7.0	7.0	81.0	34.0	18.0	21.0	93.0	0.0	37.0	10.0	0.0	0.0	65.0	0.0	81.0	79.0	89.0	70.0
28.0	0.0	40.0	54.0	9.0	88.0	0.0	25.0	56.0	30.0	94.0	35.0	18.0	0.0	93.0	71.0	0.0	0.0	0.0	0.0	0.0	68.0	91.0	23.0	53.0	0.0	99.0	47.0	60.0	19.0	12.0	19.0	56.0	43.0	0.0	99.0	0.0	85.0	48.0	0.0	57.0	37.0	38.0	29.0	93.0
38.0	53.0	54.0	6.0	79.0	0.0	0.0	68.0	34.0	29.0	14.0	50.0	63.0	0.0	8.0	92.0	32.0	0.0	93.0	0.0	0.0	89.0	48.0	0.0	68.0	93.0	0.0	55.0	0.0	14.0	0.0	2.0	68.0	21.0	95.0	89.0	76.0	100.0	0.0	78.0	0.0	0.0	91.0	74.0
47.0	67.0	69.0	41.0	3.0	55.0	0.0	75.0	96.0	28.0	52.0	96.0	36.0	2.0	0.0	0.0	0.0	50.0	43.0	0.0	38.0	0.0	0.0	0.0	0.0	24.0	94.0	67.0	0.0	0.0	61.0	0.0	20.0	22.0	84.0	66.0	42.0	80.0	0.0	3.0	29.0	0.0	100.0
86.0	0.0	81.0	58.0	90.0	89.0	51.0	64.0	62.0	67.0	100.0	0.0	61.0	19.0	3.0	4.0	61.0	58.0	0.0	43.0	5.0	74.0	91.0	65.0	40.0	88.0	54.0	39.0	24.0	56.0	67.0	62.0	21.0	53.0	68.0	97.0	75.0	3.0	39.0	53.0	21.0	23.0
26.0	46.0	1.0	40.0	30.0	86.0	25.0	46.0	84.0	69.0	63.0	0.0	23.0	0.0	0.0	28.0	35.0	78.0	96.0	45.0	60.0	0.0	9.0	0.0	30.0	0.0	47.0	0.0	98.0	0.0	97.0	0.0	83.0	57.0	85.0	0.0	0.0	96.0	62.0	94.0	44.0
49.0	89.0	0.0	90.0	72.0	23.0	34.0	47.0	0.0	81.0	72.0	70.0	80.0	70.0	31.0	84.0	0.0	80.0	72.0	45.0	54.0	37.0	74.0	12.0	29.0	0.0	28.0	75.0	0.0	6.0	0.0	32.0	68.0	49.0	58.0	19.0	94.0	0.0	51.0	72.0
0.0	84.0	0.0	33.0	0.0	2.0	66.0	31.0	48.0	41.0	75.0	73.0	29.0	0.0	0.0	75.0	12.0	0.0	9.0	18.0	96.0	55.0	28.0	80.0	0.0	84.0	78.0	24.0	9.0	0.0	95.0	0.0	2.0	70.0	5.0	0.0	39.0	84.0	82.0
40.0	29.0	48.0	29.0	12.0	0.0	34.0	38.0	56.0	74.0	69.0	76.0	55.0	0.0	20.0	0.0	73.0	0.0	25.0	91.0	0.0	49.0	50.0	0.0	0.0	37.0	60.0	89.0	51.0	82.0	59.0	16.0	0.0	30.0	21.0	32.0	11.0	20.0
79.0	81.0	67.0	0.0	0.0	0.0	0.0	60.0	0.0	60.0	36.0	0.0	9.0	67.0	79.0	39.0	42.0	23.0	91.0	72.0	82.0	0.0	88.0	70.0	19.0	41.0	20.0	68.0	74.0	42.0	16.0	74.0	0.0	13.0	4.0	87.0	19.0
0.0	5.0	14.0	0.0	44.0	75.0	0.0	98.0	66.0	0.0	59.0	83.0	31.0	36.0	59.0	71.0	41.0	66.0	64.0	0.0	17.0	64.0	75.0	66.0	79.0	75.0	0.0	61.0	0.0	77.0	51.0	79.0	3.0	100.0	85.0	59.0
13.0	96.0	93.0	10.0	31.0	81.0	27.0	17.0	6.0	67.0	15.0	1.0	49.0	98.0	43.0	71.0	53.0	4.0	0.0	19.0	25.0	26.0	0.0	92.0	0.0	0.0	88.0	69.0	53.0	46.0	93.0	95.0	23.0	62.0	87.0
0.0	49.0	60.0	35.0	98.0	82.0	0.0	0.0	85.0	3.0	99.0	30.0	14.0	47.0	0.0	0.0	0.0	64.0	0.0	44.0	43.0	79.0	87.0	90.0	87.0	39.0	86.0	0.0	43.0	0.0	38.0	58.0	81.0	0.0
92.0	83.0	90.0	16.0	15.0	63.0	13.0	0.0	98.0	33.0	0.0	16.0	11.0	61.0	0.0	21.0	0.0	0.0	75.0	0.0	0.0	9.0	0.0	67.0	0.0	63.0	53.0	97.0	0.0	52.0	78.0	30.0	0.0
0.0	58.0	0.0	0.0	29.0	3.0	17.0	95.0	0.0	96.0	7.0	0.0	0.0	61.0	24.0	82.0	85.0	41.0	90.0	12.0	0.0	70.0	80.0	84.0	0.0	0.0	42.0	45.0	1.0	40.0	41.0	68.0
86.0	0.0	0.0	0.0	6.0	54.0	29.0	0.0	0.0	63.0	87.0	33.0	38.0	97.0	93.0	33.0	43.0	30.0	14.0	24.0	25.0	62.0	14.0	91.0	59.0	0.0	19.0	75.0	0.0	31.0	26.0
98.0	17.0	68.0	8.0	27.0	52.0	0.0	77.0	87.0	0.0	40.0	77.0	76.0	35.0	49.0	0.0	48.0	0.0	32.0	50.0	21.0	10.0	96.0	44.0	88.0	46.0	87.0	34.0	87.0	0.0
96.0	18.0	0.0	83.0	35.0	3.0	0.0	41.0	75.0	24.0	12.0	53.0	0.0	19.0	0.0	25.0	68.0	0.0	100.0	57.0	20.0	0.0	25.0	72.0	0.0	36.0	25.0	78.0	58.0
83.0	62.0	40.0	73.0	37.0	6.0	98.0	0.0	20.0	92.0	15.0	0.0	8.0	0.0	86.0	0.0	88.0	69.0	0.0	40.0	74.0	68.0	26.0	70.0	72.0	20.0	0.0	0.0
18.0	26.0	82.0	47.0	55.0	44.0	35.0	0.0	89.0	55.0	8.0	46.0	0.0	0.0	25.0	16.0	62.0	36.0	0.0	0.0	0.0	97.0	0.0	38.0	73.0	58.0	0.0
38.0	0.0	0.0	0.0	0.0	97.0	53.0	74.0	93.0	0.0	39.0	81.0	84.0	0.0	0.0	0.0	5.0	91.0	28.0	4.0	64.0	95.0	11.0	18.0	79.0	59.0
86.0	0.0	17.0	80.0	43.0	50.0	43.0	71.0	0.0	80.0	0.0	0.0	0.0	27.0	20.0	10.0	7.0	0.0	0.0	85.0	78.0	2.0	36.0	34.0	0.0
11.0	73.0	8.0	97.0	56.0	47.0	0.0	54.0	0.0	95.0	0.0	25.0	45.0	58.0	31.0	71.0	52.0	93.0	7.0	82.0	13.0	9.0	0.0	33.0
65.0	71.0	39.0	100.0	0.0	0.0	0.0	64.0	56.0	61.0	10.0	88.0	24.0	49.0	17.0	0.0	47.0	0.0	28.0	0.0	46.0	1.0	82.0
44.0	6.0	82.0	69.0	69.0	26.0	25.0	95.0	43.0	0.0	82.0	51.0	64.0	18.0	10.0	9.0	19.0	93.0	82.0	26.0	0.0	19.0
74.0	92.0	0.0	23.0	48.0	79.0	95.0	99.0	0.0	78.0	12.0	58.0	8.0	22.0	53.0	74.0	0.0	28.0	0.0	97.0	94.0
0.0	49.0	20.0	88.0	22.0	6.0	0.0	68.0	16.0	78.0	68.0	0.0	0.0	66.0	17.0	0.0	0.0	79.0	59.0	53.0
0.0	0.0	34.0	0.0	0.0	74.0	0.0	53.0	23.0	0.0	0.0	27.0	0.0	0.0	38.0	11.0	70.0	32.0	38.0
100.0	50.0	96.0	59.0	39.0	0.0	22.0	0.0	23.0	49.0	0.0	79.0	0.0	84.0	0.0	31.0	13.0	89.0
82.0	79.0	66.0	0.0	82.0	91.0	60.0	83.0	0.0	81.0	31.0	83.0	43.0	72.0	83.0	87.0	0.0
0.0	0.0	0.0	47.0	0.0	0.0	0.0	58.0	0.0	0.0	98.0	31.0	0.0	62.0	0.0	87.0
6.0	33.0	41.0	15.0	16.0	11.0	35.0	24.0	23.0	65.0	0.0	0.0	0.0	79.0	4.0
45.0	100.0	30.0	0.0	0.0	42.0	65.0	67.0	6.0	39.0	39.0	0.0	1.0	90.0
3.0	94.0	60.0	13.0	0.0	14.0	8.0	0.0	100.0	65.0	0.0	75.0	17.0
49.0	0.0	0.0	0.0	37.0	0.0	59.0	0.0	0.0	21.0	27.0	22.0
28.0	90.0	27.0	13.0	29.0	69.0	28.0	1.0	0.0	15.0	0.0
67.0	50.0	7.0	0.0	65.0	71.0	0.0	98.0	83.0	21.0
45.0	10.0	27.0	22.0	75.0	0.0	35.0	0.0	61.0
88.0	13.0	57.0	62.0	0.0	25.0	0.0	15.0
0.0	70.0	5.0	0.0	98.0	44.0	17.0
43.0	93.0	80.0	50.0	92.0	0.0
94.0	84.0	8.0	54.0	0.0
69.0	81.0	0.0	0.0
99.0	39.0	58.0
3.0	23.0
46.0

6.0	1.0	24.0	36.0	1.0	40.0	23.0	29.0	8.0	46.0	15.0	37.0	20.0	32.0	30.0	21.0	5.0	37.0	5.0	46.0	32.0	4.0	37.0	16.0	46.0	2.0	44.0	47.0	16.0	41.0	15.0	5.0	21.0	15.0	3.0	17.0	31.0	2.0	25.0	34.0	32.0	49.0	30.0	44.0	1.0	38.0	42.0	30.0	47.0	20.0	30.0	18.0	25.0	50.0	3.0	6.0	40.0	49.0	38.0	8.0	18.0	42.0	19.0	43.0	30.0	50.0	48.0	16.0	9.0	20.0	1.0	50.0	35.0	40.0	44.0	49.0	29.0	37.0	50.0	10.0	15.0	29.0	13.0	36.0	21.0	48.0	29.0	24.0	7.0	44.0	33.0	1.0	9.0	9.0	13.0	23.0	40.0	33.0	35.0	21.0

211.04000000000002	211.04000000000002	211.04000000000002	211.04000000000002	211.04000000000002	211.04000000000002	211.04000000000002	211.04000000000002	211.04000000000002	211.04000000000002
