qmkp_200_25_10_005
200
10

0.0	0.0	0.0	0.0	10.0	0.0	51.0	0.0	0.0	0.0	14.0	26.0	0.0	0.0	0.0	0.0	0.0	0.0	0.0	0.0	0.0	0.0	0.0	0.0	0.0	0.0	0.0	0.0	6.0	0.0	49.0	0.0	0.0	0.0	28.0	0.0	0.0	0.0	0.0	0.0	0.0	0.0	0.0	0.0	0.0	0.0	0.0	0.0	0.0	0.0	0.0	0.0	0.0	0.0	0.0	98.0	4.0	95.0	0.0	0.0	0.0	0.0	0.0	0.0	48.0	90.0	0.0	0.0	0.0	97.0	0.0	26.0	78.0	0.0	76.0	0.0	0.0	0.0	0.0	0.0	0.0	0.0	73.0	0.0	34.0	0.0	19.0	85.0	0.0	0.0	0.0	86.0	0.0	0.0	0.0	0.0	49.0	0.0	0.0	98.0	0.0	0.0	85.0	82.0	74.0	34.0	0.0	0.0	0.0	0.0	0.0	0.0	29.0	0.0	7.0	0.0	0.0	0.0	20.0	61.0	72.0	0.0	0.0	27.0	0.0	0.0	0.0	60.0	98.0	100.0	0.0	0.0	0.0	0.0	0.0	0.0	96.0	0.0	0.0	47.0	0.0	66.0	5.0	0.0	0.0	25.0	0.0	24.0	0.0	49.0	36.0	51.0	0.0	0.0	0.0	0.0	0.0	0.0	0.0	0.0	5.0	0.0	0.0	0.0	0.0	33.0	73.0	0.0	0.0	18.0	0.0	0.0	95.0	61.0	0.0	0.0	66.0	0.0	0.0	0.0	0.0	6.0	0.0	0.0	0.0	0.0	42.0	0.0	90.0	0.0	0.0	96.0	85.0	0.0	0.0	0.0	10.0	0.0	0.0	41.0
0.0	0.0	0.0	0.0	41.0	34.0	0.0	0.0	0.0	0.0	0.0	0.0	0.0	0.0	0.0	94.0	0.0	0.0	0.0	0.0	0.0	0.0	0.0	0.0	50.0	0.0	0.0	0.0	0.0	0.0	18.0	0.0	0.0	0.0	75.0	0.0	0.0	0.0	59.0	0.0	0.0	0.0	0.0	0.0	0.0	0.0	0.0	0.0	0.0	0.0	41.0	0.0	0.0	0.0	13.0	40.0	0.0	0.0	0.0	90.0	0.0	0.0	89.0	0.0	0.0	0.0	0.0	0.0	0.0	42.0	0.0	100.0	0.0	0.0	0.0	0.0	0.0	0.0	0.0	0.0	0.0	0.0	0.0	0.0	0.0	0.0	8.0	38.0	34.0	0.0	0.0	0.0	0.0	0.0	0.0	0.0	0.0	0.0	0.0	0.0	0.0	0.0	14.0	0.0	0.0	17.0	0.0	6.0	57.0	0.0	0.0	0.0	15.0	13.0	0.0	0.0	0.0	0.0	48.0	0.0	77.0	0.0	0.0	0.0	75.0	84.0	78.0	0.0	0.0	0.0	0.0	82.0	0.0	0.0	0.0	0.0	0.0	0.0	0.0	0.0	0.0	94.0	0.0	0.0	92.0	0.0	0.0	0.0	96.0	26.0	88.0	30.0	0.0	0.0	29.0	0.0	0.0	0.0	0.0	0.0	1.0	0.0	0.0	0.0	0.0	0.0	73.0	0.0	0.0	36.0	56.0	50.0	0.0	0.0	0.0	50.0	0.0	0.0	0.0	0.0	0.0	0.0	0.0	0.0	0.0	85.0	0.0	0.0	0.0	0.0	0.0	0.0	0.0	64.0	32.0	0.0	0.0	0.0	0.0
17.0	0.0	0.0	86.0	0.0	0.0	0.0	0.0	0.0	0.0	0.0	0.0	0.0	0.0	0.0	0.0	0.0	90.0	0.0	51.0	0.0	0.0	0.0	22.0	0.0	0.0	0.0	0.0	66.0	0.0	0.0	0.0	0.0	71.0	24.0	0.0	0.0	0.0	0.0	0.0	0.0	0.0	76.0	83.0	0.0	5.0	0.0	0.0	46.0	0.0	0.0	37.0	0.0	0.0	0.0	73.0	0.0	0.0	0.0	0.0	0.0	0.0	0.0	0.0	0.0	0.0	0.0	0.0	0.0	0.0	0.0	65.0	0.0	0.0	0.0	0.0	0.0	0.0	0.0	0.0	0.0	0.0	0.0	76.0	0.0	0.0	0.0	29.0	0.0	0.0	0.0	0.0	0.0	70.0	0.0	0.0	0.0	0.0	0.0	0.0	0.0	0.0	0.0	0.0	82.0	66.0	0.0	0.0	15.0	0.0	0.0	0.0	0.0	0.0	53.0	0.0	25.0	0.0	0.0	0.0	0.0	0.0	12.0	0.0	0.0	0.0	0.0	0.0	0.0	0.0	71.0	0.0	0.0	75.0	24.0	0.0	0.0	56.0	0.0	0.0	74.0	0.0	0.0	51.0	0.0	0.0	0.0	0.0	73.0	0.0	0.0	60.0	85.0	0.0	0.0	0.0	0.0	0.0	0.0	0.0	0.0	0.0	0.0	0.0	0.0	0.0	39.0	0.0	0.0	0.0	0.0	0.0	0.0	54.0	0.0	0.0	7.0	56.0	0.0	0.0	0.0	0.0	0.0	0.0	36.0	0.0	16.0	54.0	0.0	0.0	0.0	0.0	21.0	0.0	0.0	0.0	99.0	0.0
61.0	34.0	0.0	43.0	19.0	65.0	0.0	52.0	0.0	0.0	56.0	0.0	0.0	0.0	0.0	0.0	28.0	0.0	0.0	0.0	0.0	53.0	60.0	75.0	0.0	52.0	0.0	0.0	0.0	0.0	67.0	0.0	35.0	0.0	26.0	0.0	0.0	0.0	0.0	0.0	22.0	0.0	29.0	78.0	3.0	0.0	0.0	0.0	0.0	0.0	67.0	0.0	0.0	0.0	34.0	0.0	0.0	0.0	0.0	91.0	0.0	64.0	0.0	0.0	0.0	83.0	0.0	0.0	0.0	0.0	66.0	0.0	96.0	0.0	0.0	0.0	0.0	0.0	0.0	0.0	0.0	0.0	0.0	0.0	48.0	0.0	0.0	0.0	2.0	0.0	0.0	0.0	0.0	0.0	0.0	29.0	0.0	0.0	27.0	0.0	0.0	5.0	0.0	0.0	0.0	0.0	23.0	0.0	0.0	89.0	0.0	0.0	0.0	0.0	0.0	0.0	0.0	0.0	0.0	0.0	0.0	0.0	64.0	13.0	3.0	0.0	0.0	0.0	27.0	0.0	0.0	70.0	0.0	0.0	0.0	0.0	0.0	0.0	0.0	91.0	90.0	17.0	0.0	0.0	95.0	0.0	0.0	0.0	0.0	87.0	43.0	91.0	35.0	15.0	98.0	0.0	0.0	0.0	0.0	0.0	20.0	0.0	0.0	0.0	93.0	0.0	0.0	9.0	0.0	0.0	0.0	0.0	0.0	0.0	0.0	28.0	0.0	76.0	0.0	68.0	52.0	0.0	0.0	0.0	0.0	31.0	0.0	0.0	0.0	0.0	0.0	30.0	0.0	0.0	60.0	4.0	51.0
13.0	0.0	0.0	0.0	0.0	0.0	0.0	0.0	0.0	89.0	66.0	73.0	0.0	8.0	0.0	0.0	0.0	0.0	0.0	0.0	0.0	0.0	46.0	0.0	91.0	0.0	9.0	63.0	0.0	0.0	0.0	0.0	0.0	0.0	78.0	0.0	0.0	0.0	97.0	0.0	0.0	0.0	82.0	23.0	9.0	0.0	0.0	81.0	0.0	0.0	6.0	96.0	99.0	0.0	78.0	0.0	0.0	22.0	0.0	0.0	0.0	55.0	0.0	0.0	33.0	0.0	0.0	93.0	0.0	0.0	0.0	26.0	0.0	0.0	0.0	0.0	0.0	0.0	0.0	0.0	0.0	0.0	0.0	0.0	0.0	0.0	0.0	0.0	0.0	5.0	68.0	52.0	0.0	0.0	0.0	84.0	0.0	52.0	0.0	0.0	0.0	0.0	0.0	0.0	0.0	0.0	0.0	0.0	0.0	0.0	0.0	0.0	0.0	0.0	56.0	0.0	0.0	0.0	0.0	0.0	0.0	0.0	0.0	0.0	0.0	0.0	32.0	0.0	0.0	0.0	0.0	40.0	0.0	92.0	0.0	0.0	0.0	0.0	0.0	0.0	99.0	96.0	0.0	0.0	0.0	0.0	24.0	0.0	16.0	0.0	0.0	0.0	0.0	0.0	48.0	0.0	0.0	0.0	0.0	0.0	0.0	0.0	0.0	96.0	0.0	0.0	0.0	0.0	0.0	0.0	0.0	0.0	0.0	79.0	61.0	0.0	13.0	0.0	5.0	0.0	0.0	0.0	0.0	0.0	0.0	0.0	71.0	0.0	0.0	0.0	0.0	0.0	56.0	0.0	0.0	0.0
27.0	0.0	0.0	56.0	0.0	0.0	0.0	0.0	0.0	39.0	88.0	0.0	0.0	0.0	0.0	0.0	0.0	0.0	0.0	0.0	0.0	0.0	85.0	0.0	0.0	0.0	63.0	100.0	0.0	0.0	0.0	0.0	0.0	0.0	0.0	0.0	0.0	51.0	0.0	0.0	0.0	0.0	0.0	0.0	0.0	0.0	2.0	0.0	0.0	0.0	0.0	52.0	0.0	0.0	0.0	0.0	0.0	0.0	0.0	0.0	0.0	0.0	0.0	0.0	0.0	17.0	40.0	0.0	0.0	0.0	0.0	0.0	66.0	0.0	0.0	0.0	10.0	0.0	0.0	0.0	0.0	0.0	0.0	0.0	0.0	0.0	76.0	0.0	0.0	0.0	0.0	0.0	0.0	0.0	0.0	0.0	0.0	0.0	0.0	0.0	0.0	0.0	0.0	0.0	27.0	0.0	0.0	0.0	3.0	0.0	0.0	0.0	0.0	0.0	68.0	0.0	0.0	0.0	0.0	0.0	0.0	0.0	96.0	0.0	0.0	0.0	0.0	74.0	0.0	0.0	16.0	0.0	24.0	0.0	0.0	0.0	0.0	0.0	0.0	33.0	0.0	0.0	0.0	45.0	0.0	0.0	0.0	0.0	0.0	0.0	0.0	12.0	0.0	0.0	0.0	0.0	0.0	0.0	0.0	0.0	0.0	0.0	0.0	40.0	2.0	0.0	0.0	26.0	11.0	0.0	0.0	0.0	22.0	0.0	0.0	0.0	15.0	23.0	0.0	26.0	89.0	0.0	0.0	0.0	82.0	0.0	0.0	66.0	0.0	0.0	0.0	0.0	59.0	0.0	58.0
0.0	96.0	0.0	0.0	0.0	0.0	0.0	0.0	0.0	80.0	0.0	0.0	0.0	0.0	0.0	0.0	0.0	0.0	0.0	0.0	0.0	31.0	96.0	0.0	0.0	50.0	0.0	20.0	0.0	78.0	0.0	57.0	0.0	0.0	0.0	0.0	95.0	0.0	0.0	0.0	0.0	0.0	0.0	0.0	69.0	0.0	0.0	0.0	0.0	0.0	0.0	0.0	0.0	0.0	79.0	0.0	0.0	78.0	0.0	75.0	0.0	96.0	0.0	0.0	0.0	0.0	25.0	0.0	0.0	0.0	0.0	10.0	17.0	0.0	46.0	0.0	80.0	0.0	13.0	0.0	0.0	0.0	78.0	59.0	0.0	0.0	0.0	0.0	0.0	0.0	0.0	72.0	0.0	0.0	0.0	0.0	0.0	0.0	0.0	55.0	0.0	0.0	0.0	0.0	0.0	0.0	98.0	0.0	0.0	0.0	83.0	0.0	0.0	0.0	0.0	0.0	0.0	0.0	52.0	0.0	0.0	0.0	0.0	0.0	51.0	13.0	0.0	20.0	77.0	0.0	0.0	0.0	82.0	0.0	0.0	0.0	0.0	68.0	0.0	0.0	0.0	53.0	0.0	0.0	0.0	3.0	57.0	0.0	0.0	0.0	0.0	0.0	0.0	0.0	0.0	0.0	0.0	0.0	0.0	39.0	0.0	0.0	60.0	0.0	0.0	0.0	0.0	0.0	0.0	63.0	0.0	0.0	0.0	0.0	0.0	93.0	0.0	0.0	0.0	0.0	21.0	0.0	22.0	0.0	0.0	0.0	0.0	0.0	73.0	0.0	0.0	0.0	0.0	0.0
0.0	0.0	0.0	73.0	96.0	0.0	62.0	0.0	0.0	0.0	0.0	0.0	0.0	0.0	0.0	0.0	0.0	0.0	60.0	37.0	0.0	0.0	0.0	0.0	0.0	0.0	21.0	0.0	0.0	0.0	0.0	0.0	0.0	0.0	0.0	0.0	0.0	0.0	50.0	35.0	72.0	81.0	0.0	0.0	0.0	0.0	0.0	0.0	0.0	0.0	97.0	0.0	97.0	0.0	0.0	0.0	0.0	84.0	10.0	0.0	0.0	0.0	16.0	0.0	0.0	66.0	0.0	0.0	0.0	0.0	0.0	0.0	0.0	0.0	0.0	0.0	0.0	0.0	0.0	0.0	0.0	0.0	0.0	68.0	0.0	0.0	0.0	0.0	35.0	0.0	0.0	0.0	76.0	0.0	10.0	0.0	45.0	98.0	0.0	0.0	0.0	0.0	51.0	4.0	51.0	0.0	0.0	0.0	0.0	0.0	0.0	0.0	47.0	0.0	96.0	0.0	19.0	0.0	0.0	0.0	0.0	0.0	70.0	0.0	0.0	0.0	13.0	0.0	0.0	0.0	75.0	0.0	0.0	0.0	0.0	0.0	0.0	0.0	88.0	0.0	0.0	0.0	40.0	42.0	0.0	0.0	48.0	0.0	1.0	0.0	0.0	0.0	0.0	0.0	0.0	0.0	0.0	0.0	9.0	0.0	0.0	0.0	0.0	36.0	26.0	0.0	73.0	0.0	0.0	0.0	0.0	42.0	27.0	0.0	54.0	0.0	72.0	0.0	0.0	0.0	0.0	0.0	0.0	59.0	45.0	0.0	35.0	0.0	0.0	0.0	0.0	0.0	0.0
32.0	0.0	72.0	44.0	0.0	0.0	64.0	0.0	0.0	0.0	23.0	0.0	40.0	0.0	0.0	0.0	21.0	0.0	0.0	26.0	0.0	24.0	0.0	0.0	32.0	0.0	0.0	0.0	56.0	32.0	16.0	78.0	0.0	0.0	69.0	0.0	0.0	0.0	0.0	0.0	0.0	0.0	0.0	0.0	0.0	0.0	76.0	0.0	0.0	0.0	0.0	0.0	0.0	6.0	0.0	0.0	0.0	0.0	0.0	0.0	0.0	0.0	0.0	0.0	0.0	0.0	0.0	0.0	0.0	0.0	0.0	0.0	0.0	0.0	0.0	0.0	0.0	0.0	29.0	0.0	0.0	72.0	0.0	0.0	0.0	0.0	96.0	84.0	0.0	0.0	24.0	0.0	0.0	0.0	0.0	0.0	0.0	0.0	0.0	0.0	62.0	0.0	0.0	0.0	0.0	0.0	0.0	20.0	97.0	0.0	0.0	48.0	0.0	94.0	0.0	0.0	0.0	64.0	0.0	17.0	92.0	0.0	0.0	0.0	69.0	17.0	0.0	0.0	0.0	0.0	0.0	0.0	87.0	17.0	0.0	78.0	0.0	0.0	0.0	28.0	33.0	34.0	0.0	73.0	0.0	0.0	0.0	0.0	0.0	0.0	22.0	0.0	0.0	0.0	0.0	0.0	0.0	0.0	0.0	0.0	0.0	0.0	0.0	25.0	0.0	0.0	74.0	33.0	0.0	0.0	4.0	0.0	0.0	0.0	0.0	72.0	0.0	33.0	0.0	0.0	65.0	0.0	0.0	0.0	0.0	0.0	0.0	0.0	3.0	0.0	0.0	0.0
0.0	0.0	0.0	0.0	20.0	0.0	0.0	0.0	0.0	0.0	0.0	0.0	0.0	0.0	0.0	12.0	0.0	0.0	0.0	0.0	0.0	0.0	0.0	0.0	0.0	0.0	0.0	0.0	82.0	35.0	0.0	30.0	0.0	0.0	0.0	28.0	0.0	0.0	0.0	0.0	0.0	0.0	0.0	0.0	0.0	73.0	0.0	0.0	0.0	0.0	0.0	0.0	0.0	21.0	0.0	0.0	0.0	0.0	0.0	0.0	87.0	0.0	0.0	0.0	0.0	0.0	41.0	0.0	0.0	0.0	0.0	51.0	0.0	0.0	0.0	0.0	0.0	0.0	0.0	2.0	0.0	0.0	0.0	0.0	0.0	7.0	0.0	98.0	0.0	0.0	0.0	67.0	0.0	33.0	0.0	22.0	4.0	0.0	0.0	6.0	0.0	0.0	0.0	0.0	6.0	0.0	0.0	0.0	0.0	0.0	0.0	0.0	0.0	0.0	0.0	0.0	0.0	0.0	23.0	16.0	82.0	39.0	0.0	0.0	66.0	0.0	0.0	0.0	0.0	0.0	27.0	0.0	0.0	0.0	7.0	0.0	0.0	5.0	0.0	77.0	0.0	0.0	0.0	0.0	0.0	0.0	0.0	36.0	0.0	66.0	0.0	0.0	0.0	42.0	0.0	0.0	0.0	0.0	92.0	44.0	26.0	0.0	0.0	0.0	0.0	0.0	0.0	40.0	9.0	0.0	0.0	67.0	68.0	0.0	0.0	77.0	0.0	79.0	0.0	0.0	0.0	0.0	52.0	0.0	0.0	0.0	95.0	0.0	0.0	0.0	67.0
0.0	0.0	14.0	0.0	0.0	65.0	0.0	0.0	44.0	77.0	55.0	63.0	58.0	47.0	0.0	58.0	0.0	0.0	59.0	0.0	0.0	0.0	0.0	0.0	0.0	27.0	48.0	0.0	0.0	48.0	0.0	0.0	24.0	0.0	0.0	76.0	0.0	0.0	0.0	0.0	0.0	0.0	1.0	0.0	0.0	0.0	8.0	0.0	0.0	4.0	0.0	72.0	0.0	0.0	0.0	87.0	0.0	0.0	0.0	0.0	0.0	0.0	0.0	0.0	0.0	0.0	99.0	0.0	75.0	80.0	0.0	0.0	81.0	62.0	0.0	0.0	0.0	0.0	0.0	0.0	96.0	0.0	0.0	0.0	82.0	0.0	0.0	40.0	0.0	0.0	0.0	6.0	0.0	80.0	0.0	0.0	1.0	83.0	0.0	0.0	0.0	0.0	89.0	90.0	0.0	0.0	35.0	43.0	0.0	0.0	0.0	0.0	0.0	0.0	0.0	0.0	0.0	13.0	0.0	24.0	0.0	0.0	0.0	91.0	0.0	0.0	0.0	86.0	0.0	0.0	0.0	0.0	0.0	57.0	0.0	0.0	59.0	49.0	0.0	0.0	96.0	0.0	0.0	0.0	87.0	0.0	0.0	0.0	0.0	77.0	17.0	0.0	49.0	0.0	0.0	0.0	0.0	0.0	9.0	0.0	12.0	73.0	0.0	48.0	0.0	0.0	0.0	0.0	0.0	60.0	0.0	0.0	0.0	7.0	0.0	0.0	0.0	0.0	81.0	0.0	41.0	0.0	43.0	0.0	0.0	4.0	0.0	30.0	0.0	0.0
41.0	0.0	0.0	0.0	0.0	60.0	78.0	57.0	0.0	0.0	0.0	0.0	0.0	0.0	0.0	0.0	28.0	0.0	0.0	44.0	0.0	0.0	0.0	79.0	0.0	0.0	0.0	0.0	0.0	0.0	0.0	75.0	0.0	37.0	0.0	0.0	0.0	0.0	16.0	75.0	51.0	0.0	0.0	0.0	0.0	69.0	0.0	0.0	95.0	0.0	92.0	0.0	0.0	0.0	0.0	0.0	12.0	19.0	0.0	0.0	0.0	0.0	0.0	0.0	0.0	0.0	0.0	0.0	0.0	0.0	0.0	52.0	56.0	40.0	24.0	0.0	0.0	0.0	3.0	50.0	0.0	0.0	0.0	0.0	16.0	0.0	2.0	9.0	83.0	0.0	0.0	85.0	0.0	0.0	39.0	0.0	0.0	0.0	0.0	0.0	0.0	91.0	67.0	0.0	0.0	0.0	0.0	13.0	0.0	0.0	0.0	93.0	21.0	65.0	94.0	82.0	0.0	0.0	0.0	0.0	0.0	0.0	0.0	74.0	0.0	0.0	57.0	75.0	0.0	0.0	51.0	0.0	7.0	23.0	0.0	0.0	1.0	0.0	0.0	37.0	0.0	0.0	55.0	0.0	50.0	0.0	0.0	0.0	0.0	0.0	0.0	0.0	99.0	0.0	0.0	0.0	72.0	0.0	0.0	0.0	58.0	0.0	0.0	0.0	65.0	60.0	0.0	46.0	0.0	0.0	0.0	0.0	0.0	0.0	0.0	82.0	0.0	35.0	61.0	67.0	0.0	55.0	15.0	0.0	0.0	52.0	0.0	0.0	0.0
0.0	0.0	0.0	0.0	18.0	0.0	0.0	0.0	0.0	58.0	0.0	47.0	34.0	0.0	0.0	0.0	0.0	63.0	47.0	0.0	0.0	0.0	0.0	0.0	0.0	86.0	0.0	0.0	0.0	0.0	0.0	0.0	0.0	89.0	0.0	1.0	0.0	0.0	0.0	0.0	0.0	0.0	0.0	35.0	0.0	0.0	0.0	0.0	0.0	0.0	0.0	57.0	0.0	0.0	0.0	0.0	0.0	0.0	9.0	0.0	0.0	93.0	63.0	0.0	0.0	83.0	0.0	0.0	23.0	0.0	0.0	45.0	0.0	0.0	0.0	0.0	68.0	22.0	0.0	0.0	0.0	0.0	0.0	0.0	0.0	0.0	0.0	0.0	0.0	0.0	0.0	29.0	0.0	0.0	72.0	59.0	7.0	0.0	26.0	73.0	68.0	0.0	0.0	0.0	0.0	100.0	19.0	0.0	0.0	0.0	0.0	0.0	0.0	0.0	0.0	0.0	0.0	0.0	50.0	10.0	0.0	0.0	0.0	0.0	0.0	74.0	0.0	0.0	0.0	31.0	34.0	0.0	0.0	0.0	0.0	0.0	0.0	0.0	0.0	31.0	0.0	0.0	0.0	0.0	0.0	0.0	0.0	93.0	0.0	8.0	0.0	0.0	0.0	0.0	0.0	0.0	0.0	0.0	79.0	0.0	0.0	0.0	0.0	0.0	0.0	0.0	0.0	63.0	0.0	0.0	0.0	0.0	0.0	77.0	0.0	0.0	0.0	0.0	0.0	0.0	0.0	0.0	0.0	0.0	0.0	0.0	0.0	0.0
87.0	0.0	0.0	0.0	0.0	73.0	0.0	0.0	0.0	0.0	83.0	0.0	0.0	0.0	0.0	38.0	0.0	56.0	86.0	0.0	0.0	0.0	0.0	0.0	0.0	0.0	0.0	0.0	0.0	0.0	32.0	0.0	0.0	34.0	0.0	28.0	0.0	0.0	92.0	0.0	0.0	0.0	0.0	0.0	0.0	8.0	75.0	0.0	0.0	0.0	0.0	0.0	100.0	34.0	0.0	0.0	0.0	0.0	24.0	37.0	4.0	6.0	0.0	0.0	84.0	90.0	0.0	65.0	0.0	0.0	0.0	0.0	0.0	0.0	0.0	0.0	0.0	0.0	82.0	0.0	0.0	0.0	0.0	0.0	0.0	0.0	100.0	0.0	0.0	0.0	0.0	97.0	76.0	1.0	0.0	0.0	0.0	0.0	44.0	0.0	0.0	0.0	0.0	0.0	45.0	0.0	0.0	0.0	87.0	22.0	0.0	7.0	15.0	0.0	0.0	0.0	0.0	64.0	0.0	0.0	76.0	0.0	0.0	0.0	0.0	0.0	0.0	0.0	25.0	0.0	0.0	0.0	0.0	0.0	9.0	0.0	0.0	55.0	0.0	45.0	0.0	13.0	0.0	0.0	25.0	0.0	35.0	0.0	0.0	0.0	88.0	0.0	59.0	0.0	0.0	12.0	0.0	0.0	0.0	0.0	0.0	0.0	0.0	0.0	0.0	67.0	0.0	0.0	0.0	0.0	0.0	0.0	0.0	0.0	0.0	0.0	0.0	0.0	0.0	0.0	0.0	0.0	62.0	0.0	0.0	84.0	0.0
0.0	63.0	0.0	51.0	0.0	0.0	0.0	0.0	65.0	0.0	0.0	52.0	0.0	0.0	0.0	6.0	0.0	1.0	22.0	0.0	56.0	0.0	72.0	0.0	0.0	0.0	0.0	53.0	0.0	52.0	0.0	0.0	81.0	0.0	0.0	0.0	86.0	0.0	0.0	0.0	100.0	28.0	0.0	0.0	0.0	0.0	0.0	0.0	0.0	0.0	0.0	84.0	0.0	0.0	0.0	0.0	0.0	0.0	0.0	20.0	0.0	0.0	0.0	0.0	0.0	0.0	0.0	0.0	0.0	0.0	1.0	73.0	0.0	0.0	0.0	0.0	68.0	71.0	88.0	1.0	0.0	0.0	0.0	0.0	40.0	0.0	0.0	0.0	0.0	4.0	0.0	0.0	0.0	7.0	0.0	0.0	0.0	0.0	77.0	0.0	0.0	0.0	0.0	0.0	8.0	12.0	0.0	0.0	98.0	1.0	0.0	0.0	0.0	0.0	63.0	0.0	0.0	0.0	0.0	68.0	100.0	0.0	0.0	0.0	0.0	55.0	0.0	88.0	30.0	0.0	0.0	0.0	11.0	0.0	89.0	51.0	42.0	0.0	47.0	0.0	0.0	0.0	0.0	0.0	54.0	0.0	0.0	60.0	0.0	0.0	86.0	0.0	24.0	0.0	0.0	0.0	0.0	6.0	0.0	27.0	0.0	5.0	4.0	0.0	4.0	0.0	0.0	0.0	0.0	60.0	0.0	0.0	0.0	30.0	0.0	42.0	0.0	0.0	0.0	0.0	0.0	89.0	0.0	0.0	0.0	0.0
17.0	0.0	85.0	0.0	0.0	0.0	0.0	0.0	0.0	0.0	0.0	0.0	78.0	0.0	0.0	0.0	0.0	40.0	0.0	0.0	42.0	0.0	38.0	28.0	0.0	85.0	0.0	0.0	0.0	0.0	37.0	0.0	0.0	0.0	0.0	0.0	0.0	0.0	0.0	39.0	5.0	0.0	0.0	0.0	0.0	60.0	0.0	14.0	0.0	0.0	0.0	82.0	35.0	94.0	43.0	76.0	96.0	58.0	0.0	0.0	0.0	0.0	0.0	0.0	0.0	0.0	42.0	0.0	0.0	73.0	0.0	0.0	0.0	0.0	0.0	0.0	0.0	0.0	0.0	0.0	0.0	73.0	0.0	0.0	56.0	0.0	0.0	0.0	25.0	0.0	0.0	0.0	0.0	0.0	0.0	0.0	28.0	86.0	0.0	0.0	0.0	0.0	0.0	0.0	89.0	0.0	38.0	0.0	0.0	0.0	0.0	0.0	15.0	0.0	0.0	95.0	0.0	52.0	0.0	0.0	0.0	0.0	0.0	0.0	0.0	11.0	0.0	0.0	0.0	0.0	0.0	0.0	0.0	0.0	0.0	90.0	0.0	0.0	0.0	0.0	0.0	0.0	64.0	0.0	67.0	0.0	41.0	45.0	23.0	0.0	0.0	0.0	0.0	79.0	0.0	0.0	47.0	0.0	40.0	0.0	30.0	0.0	0.0	0.0	80.0	0.0	0.0	32.0	0.0	0.0	80.0	0.0	0.0	0.0	0.0	0.0	9.0	8.0	0.0	0.0	0.0	0.0	0.0	0.0	32.0
0.0	0.0	0.0	0.0	0.0	0.0	0.0	0.0	0.0	34.0	78.0	0.0	0.0	0.0	82.0	98.0	94.0	67.0	0.0	0.0	0.0	0.0	0.0	0.0	26.0	0.0	24.0	0.0	59.0	0.0	0.0	0.0	0.0	0.0	0.0	0.0	0.0	0.0	49.0	0.0	0.0	0.0	0.0	76.0	73.0	0.0	85.0	25.0	0.0	89.0	20.0	35.0	0.0	0.0	41.0	0.0	72.0	0.0	37.0	0.0	0.0	73.0	0.0	0.0	0.0	95.0	0.0	0.0	29.0	0.0	0.0	0.0	0.0	0.0	0.0	25.0	0.0	0.0	0.0	0.0	0.0	0.0	0.0	0.0	0.0	0.0	0.0	0.0	0.0	0.0	0.0	0.0	0.0	0.0	0.0	0.0	0.0	0.0	0.0	66.0	96.0	0.0	0.0	33.0	0.0	0.0	0.0	0.0	0.0	0.0	0.0	0.0	0.0	21.0	0.0	0.0	0.0	41.0	47.0	76.0	32.0	0.0	0.0	0.0	0.0	0.0	5.0	0.0	0.0	0.0	0.0	0.0	0.0	79.0	0.0	0.0	0.0	0.0	0.0	0.0	0.0	61.0	0.0	0.0	0.0	0.0	100.0	0.0	67.0	15.0	0.0	0.0	93.0	0.0	0.0	94.0	36.0	0.0	0.0	37.0	0.0	0.0	0.0	0.0	0.0	0.0	0.0	0.0	63.0	0.0	57.0	57.0	0.0	0.0	12.0	0.0	0.0	0.0	0.0	0.0	13.0	40.0	0.0	51.0
0.0	94.0	0.0	0.0	72.0	0.0	26.0	62.0	0.0	0.0	0.0	0.0	72.0	0.0	0.0	0.0	0.0	0.0	0.0	0.0	0.0	0.0	86.0	41.0	0.0	0.0	16.0	17.0	0.0	0.0	55.0	0.0	0.0	0.0	0.0	50.0	0.0	0.0	0.0	0.0	0.0	0.0	0.0	4.0	0.0	0.0	0.0	0.0	80.0	0.0	62.0	0.0	0.0	45.0	0.0	0.0	88.0	0.0	0.0	92.0	40.0	0.0	0.0	33.0	0.0	0.0	38.0	0.0	0.0	0.0	0.0	0.0	0.0	0.0	0.0	18.0	81.0	0.0	0.0	0.0	0.0	0.0	28.0	0.0	0.0	0.0	63.0	94.0	0.0	0.0	0.0	0.0	0.0	31.0	0.0	0.0	0.0	89.0	0.0	0.0	0.0	44.0	0.0	0.0	0.0	0.0	0.0	0.0	14.0	33.0	0.0	0.0	0.0	24.0	0.0	85.0	79.0	0.0	0.0	0.0	8.0	0.0	0.0	0.0	0.0	0.0	59.0	0.0	0.0	100.0	0.0	0.0	0.0	0.0	0.0	0.0	0.0	0.0	53.0	0.0	98.0	0.0	0.0	0.0	0.0	11.0	91.0	0.0	0.0	0.0	0.0	0.0	0.0	0.0	67.0	73.0	30.0	0.0	0.0	0.0	0.0	0.0	0.0	0.0	0.0	0.0	0.0	0.0	0.0	0.0	0.0	6.0	0.0	22.0	0.0	0.0	0.0	0.0	69.0	0.0	0.0	0.0	25.0
0.0	0.0	0.0	71.0	0.0	0.0	0.0	0.0	64.0	10.0	0.0	0.0	0.0	0.0	4.0	0.0	35.0	0.0	0.0	0.0	48.0	0.0	0.0	0.0	0.0	0.0	0.0	0.0	50.0	0.0	0.0	0.0	0.0	0.0	2.0	0.0	0.0	0.0	99.0	67.0	0.0	15.0	95.0	68.0	0.0	0.0	0.0	0.0	0.0	0.0	7.0	0.0	28.0	0.0	0.0	0.0	0.0	0.0	0.0	0.0	55.0	98.0	0.0	0.0	0.0	0.0	0.0	0.0	0.0	0.0	0.0	0.0	64.0	23.0	0.0	0.0	22.0	96.0	0.0	0.0	0.0	27.0	72.0	0.0	0.0	0.0	83.0	0.0	0.0	6.0	48.0	0.0	0.0	0.0	0.0	0.0	0.0	0.0	0.0	0.0	0.0	0.0	0.0	0.0	0.0	0.0	0.0	87.0	0.0	0.0	0.0	56.0	0.0	37.0	0.0	0.0	0.0	0.0	69.0	0.0	0.0	0.0	0.0	0.0	93.0	0.0	0.0	0.0	62.0	0.0	0.0	42.0	0.0	0.0	0.0	0.0	0.0	0.0	0.0	0.0	0.0	0.0	0.0	0.0	45.0	0.0	82.0	72.0	0.0	0.0	73.0	0.0	0.0	0.0	0.0	6.0	0.0	0.0	0.0	0.0	62.0	0.0	65.0	0.0	0.0	0.0	0.0	0.0	59.0	89.0	0.0	0.0	0.0	0.0	0.0	33.0	0.0	0.0	12.0	0.0	0.0	0.0
0.0	38.0	0.0	19.0	0.0	98.0	0.0	0.0	0.0	0.0	2.0	0.0	0.0	0.0	0.0	0.0	36.0	69.0	0.0	73.0	0.0	0.0	0.0	0.0	24.0	0.0	0.0	0.0	0.0	0.0	0.0	0.0	0.0	88.0	0.0	0.0	0.0	0.0	0.0	100.0	0.0	0.0	0.0	0.0	0.0	45.0	0.0	0.0	0.0	51.0	97.0	70.0	0.0	83.0	16.0	0.0	0.0	0.0	0.0	0.0	26.0	94.0	94.0	67.0	0.0	0.0	35.0	34.0	0.0	0.0	0.0	0.0	0.0	0.0	29.0	0.0	0.0	0.0	0.0	0.0	0.0	0.0	0.0	54.0	0.0	0.0	4.0	0.0	0.0	0.0	68.0	0.0	0.0	0.0	0.0	0.0	0.0	0.0	0.0	0.0	88.0	0.0	9.0	0.0	0.0	0.0	0.0	76.0	0.0	0.0	0.0	37.0	0.0	38.0	0.0	0.0	0.0	0.0	0.0	0.0	0.0	0.0	0.0	0.0	0.0	0.0	62.0	0.0	0.0	0.0	0.0	0.0	0.0	0.0	0.0	0.0	0.0	0.0	0.0	0.0	0.0	0.0	0.0	92.0	0.0	0.0	0.0	0.0	0.0	0.0	0.0	0.0	0.0	0.0	0.0	0.0	0.0	0.0	52.0	0.0	0.0	54.0	0.0	0.0	0.0	0.0	7.0	100.0	0.0	0.0	0.0	0.0	0.0	62.0	12.0	25.0	0.0	86.0	0.0	0.0	0.0
0.0	73.0	1.0	23.0	0.0	0.0	0.0	0.0	0.0	0.0	0.0	0.0	0.0	69.0	50.0	0.0	0.0	0.0	0.0	0.0	0.0	0.0	0.0	0.0	83.0	0.0	0.0	16.0	0.0	0.0	0.0	0.0	0.0	98.0	0.0	0.0	0.0	0.0	0.0	63.0	0.0	0.0	0.0	83.0	0.0	0.0	0.0	4.0	36.0	61.0	0.0	0.0	0.0	0.0	0.0	0.0	0.0	0.0	0.0	0.0	0.0	0.0	88.0	57.0	0.0	33.0	0.0	40.0	0.0	0.0	0.0	35.0	22.0	0.0	0.0	0.0	0.0	0.0	44.0	0.0	0.0	20.0	0.0	0.0	85.0	0.0	0.0	99.0	0.0	0.0	0.0	84.0	0.0	0.0	0.0	0.0	0.0	18.0	0.0	0.0	0.0	0.0	0.0	0.0	41.0	65.0	0.0	0.0	68.0	20.0	0.0	0.0	0.0	0.0	7.0	0.0	0.0	0.0	0.0	0.0	54.0	0.0	0.0	0.0	48.0	0.0	0.0	0.0	0.0	31.0	0.0	0.0	31.0	0.0	0.0	32.0	0.0	0.0	0.0	0.0	0.0	37.0	0.0	0.0	0.0	0.0	68.0	62.0	0.0	31.0	0.0	0.0	0.0	0.0	0.0	0.0	2.0	0.0	0.0	0.0	0.0	6.0	0.0	0.0	0.0	33.0	0.0	78.0	0.0	65.0	88.0	52.0	0.0	0.0	0.0	0.0	0.0	71.0	0.0	0.0
0.0	64.0	0.0	0.0	0.0	0.0	0.0	23.0	0.0	0.0	0.0	0.0	0.0	29.0	0.0	60.0	0.0	0.0	0.0	0.0	34.0	88.0	0.0	60.0	0.0	0.0	45.0	0.0	0.0	36.0	0.0	69.0	17.0	70.0	90.0	60.0	0.0	65.0	0.0	0.0	0.0	92.0	0.0	0.0	0.0	0.0	0.0	0.0	3.0	0.0	0.0	0.0	46.0	0.0	0.0	0.0	0.0	0.0	0.0	0.0	0.0	0.0	0.0	0.0	0.0	0.0	0.0	0.0	0.0	41.0	0.0	0.0	0.0	0.0	15.0	0.0	0.0	65.0	0.0	0.0	0.0	0.0	0.0	20.0	0.0	77.0	0.0	0.0	0.0	0.0	0.0	0.0	0.0	0.0	29.0	0.0	64.0	0.0	0.0	0.0	60.0	0.0	0.0	66.0	0.0	42.0	0.0	0.0	0.0	0.0	0.0	72.0	0.0	84.0	0.0	0.0	0.0	0.0	0.0	25.0	43.0	0.0	0.0	0.0	0.0	89.0	0.0	11.0	39.0	2.0	13.0	0.0	0.0	0.0	0.0	0.0	0.0	0.0	0.0	0.0	0.0	3.0	0.0	0.0	0.0	0.0	0.0	92.0	0.0	0.0	0.0	0.0	0.0	0.0	0.0	43.0	0.0	0.0	0.0	0.0	0.0	74.0	0.0	0.0	35.0	17.0	0.0	0.0	0.0	86.0	0.0	0.0	0.0	0.0	0.0	0.0	0.0	0.0	0.0
0.0	0.0	69.0	0.0	0.0	0.0	0.0	0.0	0.0	47.0	0.0	0.0	0.0	0.0	32.0	0.0	33.0	0.0	0.0	0.0	0.0	0.0	0.0	0.0	76.0	0.0	0.0	0.0	0.0	0.0	0.0	8.0	0.0	54.0	0.0	0.0	0.0	0.0	55.0	98.0	0.0	0.0	0.0	0.0	0.0	0.0	0.0	0.0	55.0	0.0	54.0	0.0	0.0	0.0	0.0	0.0	0.0	0.0	79.0	0.0	0.0	0.0	0.0	0.0	0.0	0.0	0.0	0.0	23.0	32.0	43.0	0.0	0.0	0.0	26.0	0.0	0.0	0.0	0.0	0.0	0.0	1.0	0.0	0.0	0.0	79.0	0.0	0.0	0.0	13.0	0.0	0.0	8.0	0.0	0.0	0.0	0.0	0.0	21.0	0.0	0.0	0.0	0.0	0.0	61.0	0.0	0.0	14.0	2.0	90.0	0.0	64.0	0.0	0.0	0.0	0.0	0.0	61.0	0.0	65.0	100.0	0.0	0.0	11.0	0.0	36.0	0.0	0.0	0.0	38.0	3.0	39.0	0.0	0.0	0.0	0.0	15.0	0.0	0.0	0.0	0.0	0.0	0.0	0.0	0.0	0.0	0.0	0.0	0.0	50.0	0.0	0.0	22.0	40.0	0.0	94.0	0.0	22.0	0.0	0.0	37.0	0.0	75.0	0.0	1.0	99.0	0.0	0.0	0.0	11.0	71.0	91.0	0.0	0.0	20.0	0.0	0.0	0.0
0.0	0.0	0.0	0.0	0.0	0.0	71.0	0.0	0.0	60.0	0.0	0.0	42.0	0.0	69.0	0.0	0.0	0.0	0.0	0.0	0.0	0.0	0.0	0.0	0.0	0.0	0.0	38.0	21.0	0.0	0.0	0.0	0.0	0.0	0.0	44.0	0.0	34.0	0.0	0.0	0.0	1.0	0.0	0.0	35.0	0.0	48.0	0.0	0.0	0.0	0.0	55.0	0.0	0.0	0.0	0.0	0.0	0.0	0.0	78.0	0.0	0.0	0.0	0.0	38.0	7.0	0.0	0.0	0.0	97.0	0.0	0.0	65.0	0.0	0.0	0.0	0.0	0.0	0.0	0.0	73.0	37.0	85.0	58.0	0.0	1.0	0.0	0.0	73.0	0.0	0.0	0.0	0.0	53.0	0.0	0.0	0.0	6.0	89.0	0.0	0.0	0.0	0.0	0.0	57.0	0.0	0.0	60.0	91.0	0.0	73.0	21.0	0.0	0.0	0.0	0.0	0.0	0.0	0.0	0.0	0.0	53.0	0.0	27.0	66.0	0.0	0.0	72.0	0.0	0.0	0.0	0.0	14.0	0.0	0.0	0.0	24.0	0.0	37.0	0.0	36.0	0.0	0.0	0.0	0.0	0.0	38.0	0.0	79.0	54.0	0.0	0.0	0.0	93.0	0.0	96.0	0.0	0.0	10.0	0.0	0.0	0.0	0.0	0.0	0.0	0.0	0.0	21.0	0.0	0.0	95.0	0.0	80.0	0.0	39.0	0.0	22.0
0.0	0.0	0.0	0.0	0.0	0.0	0.0	0.0	0.0	0.0	0.0	61.0	0.0	0.0	0.0	0.0	0.0	56.0	0.0	56.0	0.0	0.0	0.0	0.0	0.0	0.0	0.0	0.0	79.0	0.0	35.0	0.0	49.0	0.0	28.0	99.0	0.0	0.0	0.0	0.0	42.0	98.0	0.0	0.0	0.0	86.0	0.0	0.0	12.0	0.0	0.0	94.0	0.0	0.0	70.0	26.0	90.0	0.0	69.0	0.0	22.0	0.0	0.0	0.0	22.0	0.0	0.0	0.0	0.0	22.0	0.0	0.0	0.0	0.0	0.0	0.0	0.0	0.0	0.0	0.0	74.0	0.0	0.0	0.0	0.0	0.0	0.0	0.0	0.0	87.0	0.0	0.0	0.0	0.0	0.0	0.0	0.0	58.0	0.0	0.0	0.0	0.0	0.0	92.0	0.0	96.0	0.0	0.0	0.0	0.0	0.0	29.0	0.0	0.0	0.0	0.0	36.0	52.0	0.0	80.0	90.0	0.0	0.0	0.0	0.0	0.0	0.0	0.0	0.0	0.0	0.0	48.0	0.0	29.0	0.0	0.0	0.0	85.0	0.0	44.0	0.0	0.0	0.0	46.0	0.0	0.0	0.0	8.0	56.0	31.0	100.0	0.0	0.0	0.0	0.0	60.0	6.0	0.0	0.0	0.0	0.0	0.0	0.0	0.0	0.0	0.0	0.0	30.0	26.0	0.0	0.0	65.0	63.0	0.0	0.0	0.0
0.0	0.0	0.0	0.0	0.0	0.0	88.0	10.0	0.0	68.0	51.0	61.0	0.0	0.0	7.0	0.0	0.0	0.0	27.0	45.0	6.0	0.0	71.0	0.0	0.0	0.0	22.0	0.0	0.0	0.0	39.0	0.0	98.0	0.0	44.0	0.0	0.0	0.0	0.0	0.0	0.0	0.0	0.0	0.0	0.0	0.0	0.0	33.0	0.0	0.0	0.0	0.0	0.0	0.0	0.0	0.0	51.0	0.0	26.0	58.0	0.0	0.0	0.0	0.0	0.0	0.0	0.0	76.0	0.0	0.0	0.0	0.0	0.0	0.0	29.0	0.0	0.0	35.0	92.0	0.0	23.0	18.0	70.0	71.0	0.0	0.0	0.0	0.0	90.0	0.0	0.0	0.0	0.0	0.0	0.0	0.0	0.0	97.0	0.0	44.0	26.0	0.0	0.0	0.0	56.0	0.0	99.0	82.0	0.0	0.0	0.0	0.0	0.0	0.0	4.0	0.0	0.0	0.0	0.0	0.0	0.0	0.0	69.0	0.0	0.0	0.0	0.0	0.0	0.0	68.0	0.0	0.0	0.0	0.0	0.0	0.0	58.0	51.0	0.0	90.0	32.0	93.0	0.0	30.0	25.0	0.0	17.0	32.0	0.0	0.0	0.0	6.0	0.0	0.0	86.0	0.0	0.0	0.0	0.0	35.0	0.0	1.0	54.0	0.0	69.0	0.0	0.0	0.0	0.0	0.0	0.0	0.0	29.0	0.0	0.0
0.0	0.0	33.0	51.0	0.0	0.0	0.0	0.0	0.0	0.0	0.0	0.0	0.0	0.0	0.0	26.0	0.0	0.0	0.0	0.0	29.0	0.0	100.0	54.0	0.0	0.0	0.0	100.0	0.0	0.0	0.0	92.0	0.0	0.0	0.0	0.0	63.0	94.0	75.0	0.0	0.0	0.0	64.0	0.0	0.0	0.0	89.0	81.0	0.0	0.0	96.0	44.0	0.0	0.0	0.0	57.0	0.0	0.0	0.0	76.0	0.0	0.0	5.0	68.0	77.0	3.0	98.0	0.0	0.0	0.0	0.0	0.0	0.0	0.0	0.0	0.0	0.0	0.0	0.0	0.0	0.0	0.0	50.0	0.0	0.0	0.0	49.0	0.0	0.0	0.0	0.0	0.0	47.0	0.0	0.0	0.0	0.0	0.0	0.0	0.0	0.0	56.0	0.0	0.0	0.0	0.0	0.0	0.0	0.0	0.0	0.0	0.0	7.0	34.0	0.0	0.0	0.0	0.0	60.0	0.0	0.0	0.0	0.0	35.0	62.0	2.0	91.0	0.0	0.0	0.0	0.0	0.0	0.0	40.0	0.0	0.0	0.0	20.0	31.0	0.0	0.0	42.0	0.0	0.0	91.0	0.0	48.0	0.0	0.0	0.0	0.0	0.0	0.0	24.0	0.0	0.0	0.0	48.0	23.0	0.0	0.0	0.0	0.0	0.0	0.0	0.0	85.0	0.0	0.0	0.0	0.0	0.0	0.0	0.0
0.0	0.0	0.0	0.0	46.0	20.0	0.0	0.0	0.0	73.0	0.0	41.0	0.0	0.0	0.0	0.0	0.0	0.0	0.0	0.0	0.0	0.0	0.0	0.0	0.0	0.0	38.0	0.0	0.0	0.0	0.0	0.0	58.0	0.0	0.0	0.0	0.0	0.0	81.0	0.0	0.0	0.0	0.0	0.0	0.0	0.0	38.0	0.0	85.0	0.0	0.0	0.0	0.0	0.0	19.0	35.0	0.0	0.0	0.0	0.0	0.0	0.0	0.0	91.0	0.0	0.0	61.0	0.0	0.0	0.0	14.0	0.0	0.0	0.0	0.0	0.0	14.0	0.0	0.0	0.0	0.0	0.0	0.0	0.0	75.0	0.0	90.0	0.0	81.0	0.0	55.0	60.0	0.0	0.0	73.0	0.0	0.0	50.0	38.0	0.0	0.0	0.0	0.0	0.0	0.0	35.0	0.0	12.0	0.0	58.0	0.0	0.0	99.0	0.0	75.0	0.0	0.0	49.0	48.0	0.0	0.0	0.0	0.0	45.0	0.0	0.0	38.0	0.0	0.0	0.0	0.0	0.0	0.0	30.0	0.0	0.0	0.0	0.0	0.0	0.0	0.0	0.0	0.0	0.0	0.0	0.0	0.0	18.0	0.0	0.0	60.0	64.0	0.0	0.0	0.0	0.0	0.0	0.0	0.0	0.0	0.0	0.0	0.0	0.0	0.0	11.0	65.0	0.0	70.0	0.0	66.0	0.0	0.0
0.0	0.0	0.0	0.0	0.0	0.0	0.0	0.0	81.0	0.0	0.0	0.0	38.0	0.0	0.0	0.0	90.0	0.0	0.0	81.0	0.0	0.0	0.0	61.0	0.0	0.0	0.0	63.0	0.0	50.0	0.0	0.0	0.0	0.0	0.0	0.0	6.0	0.0	0.0	0.0	0.0	0.0	0.0	0.0	11.0	80.0	0.0	0.0	0.0	0.0	0.0	0.0	0.0	94.0	46.0	0.0	0.0	46.0	0.0	0.0	0.0	0.0	0.0	29.0	58.0	0.0	0.0	0.0	0.0	0.0	90.0	76.0	0.0	0.0	0.0	0.0	0.0	0.0	0.0	0.0	0.0	0.0	0.0	0.0	0.0	0.0	0.0	0.0	29.0	0.0	0.0	0.0	0.0	0.0	0.0	0.0	0.0	0.0	90.0	0.0	0.0	43.0	76.0	0.0	0.0	0.0	0.0	0.0	0.0	100.0	89.0	0.0	0.0	0.0	0.0	0.0	0.0	0.0	0.0	86.0	0.0	0.0	0.0	0.0	0.0	55.0	0.0	0.0	19.0	86.0	0.0	0.0	0.0	0.0	0.0	0.0	0.0	0.0	0.0	75.0	0.0	0.0	0.0	0.0	0.0	0.0	0.0	0.0	34.0	6.0	0.0	0.0	0.0	0.0	0.0	0.0	63.0	15.0	0.0	71.0	0.0	0.0	0.0	0.0	0.0	0.0	0.0	0.0	0.0	0.0	0.0	0.0
0.0	38.0	0.0	0.0	0.0	0.0	0.0	92.0	0.0	37.0	0.0	0.0	0.0	0.0	52.0	0.0	0.0	0.0	0.0	0.0	0.0	0.0	0.0	52.0	0.0	57.0	85.0	0.0	66.0	0.0	0.0	0.0	0.0	0.0	0.0	0.0	0.0	0.0	0.0	77.0	0.0	0.0	0.0	0.0	0.0	0.0	70.0	0.0	0.0	0.0	0.0	0.0	0.0	0.0	0.0	0.0	0.0	0.0	0.0	0.0	27.0	0.0	0.0	0.0	0.0	0.0	0.0	0.0	0.0	78.0	0.0	29.0	98.0	0.0	5.0	0.0	44.0	0.0	0.0	73.0	0.0	0.0	0.0	0.0	44.0	0.0	0.0	0.0	0.0	0.0	87.0	0.0	31.0	0.0	87.0	35.0	0.0	83.0	0.0	0.0	57.0	0.0	29.0	62.0	26.0	0.0	0.0	0.0	0.0	0.0	0.0	78.0	0.0	0.0	0.0	0.0	0.0	0.0	0.0	11.0	0.0	0.0	0.0	0.0	0.0	0.0	46.0	0.0	0.0	24.0	0.0	54.0	26.0	0.0	42.0	18.0	0.0	24.0	0.0	0.0	0.0	56.0	0.0	54.0	0.0	0.0	0.0	91.0	39.0	0.0	0.0	2.0	0.0	0.0	0.0	0.0	0.0	2.0	0.0	66.0	0.0	0.0	0.0	0.0	0.0	0.0	0.0	0.0	17.0	0.0	0.0
27.0	0.0	0.0	88.0	0.0	0.0	8.0	0.0	0.0	0.0	0.0	31.0	0.0	69.0	68.0	0.0	0.0	75.0	32.0	75.0	0.0	69.0	23.0	0.0	0.0	0.0	0.0	0.0	0.0	0.0	0.0	0.0	11.0	0.0	0.0	0.0	30.0	0.0	0.0	15.0	0.0	0.0	0.0	0.0	9.0	0.0	72.0	0.0	94.0	0.0	0.0	0.0	0.0	0.0	0.0	0.0	21.0	0.0	0.0	43.0	0.0	0.0	0.0	0.0	0.0	0.0	0.0	0.0	0.0	0.0	0.0	0.0	0.0	0.0	0.0	11.0	0.0	0.0	0.0	0.0	0.0	0.0	0.0	0.0	57.0	0.0	76.0	0.0	11.0	0.0	0.0	39.0	0.0	0.0	0.0	0.0	0.0	0.0	87.0	0.0	0.0	0.0	56.0	0.0	0.0	0.0	46.0	0.0	0.0	35.0	0.0	0.0	49.0	0.0	0.0	65.0	0.0	0.0	0.0	0.0	0.0	0.0	0.0	0.0	0.0	0.0	8.0	13.0	0.0	0.0	9.0	27.0	0.0	0.0	0.0	0.0	0.0	0.0	0.0	0.0	0.0	0.0	0.0	0.0	0.0	0.0	0.0	32.0	0.0	15.0	58.0	0.0	0.0	91.0	0.0	0.0	0.0	0.0	0.0	0.0	0.0	0.0	47.0	0.0	0.0	0.0	21.0	75.0	0.0	0.0
0.0	0.0	0.0	0.0	22.0	0.0	0.0	93.0	0.0	0.0	0.0	8.0	0.0	0.0	38.0	0.0	0.0	0.0	0.0	86.0	0.0	5.0	0.0	0.0	0.0	48.0	0.0	0.0	0.0	65.0	0.0	0.0	0.0	76.0	0.0	0.0	48.0	0.0	41.0	0.0	0.0	0.0	0.0	0.0	0.0	0.0	0.0	0.0	0.0	0.0	0.0	0.0	0.0	0.0	0.0	0.0	82.0	0.0	42.0	12.0	0.0	0.0	0.0	0.0	0.0	0.0	4.0	59.0	0.0	0.0	0.0	23.0	0.0	0.0	0.0	0.0	0.0	0.0	0.0	0.0	18.0	0.0	0.0	0.0	0.0	0.0	78.0	0.0	0.0	0.0	0.0	0.0	0.0	0.0	28.0	0.0	0.0	0.0	0.0	0.0	0.0	0.0	0.0	0.0	42.0	77.0	0.0	0.0	0.0	0.0	0.0	0.0	0.0	0.0	0.0	0.0	0.0	0.0	0.0	0.0	0.0	0.0	0.0	0.0	0.0	62.0	0.0	21.0	0.0	30.0	0.0	100.0	0.0	0.0	0.0	0.0	0.0	0.0	0.0	0.0	0.0	0.0	0.0	0.0	0.0	67.0	0.0	0.0	76.0	94.0	0.0	0.0	0.0	0.0	0.0	68.0	23.0	0.0	18.0	0.0	0.0	0.0	0.0	74.0	0.0	0.0	0.0	0.0	0.0
28.0	0.0	0.0	0.0	93.0	97.0	0.0	20.0	65.0	0.0	0.0	0.0	0.0	0.0	0.0	33.0	0.0	0.0	0.0	3.0	0.0	12.0	0.0	0.0	0.0	0.0	0.0	0.0	69.0	0.0	0.0	0.0	0.0	0.0	68.0	0.0	0.0	94.0	0.0	70.0	10.0	20.0	0.0	85.0	0.0	0.0	0.0	35.0	0.0	0.0	0.0	60.0	0.0	0.0	0.0	0.0	85.0	35.0	0.0	0.0	0.0	70.0	0.0	80.0	0.0	35.0	35.0	96.0	0.0	0.0	34.0	0.0	0.0	0.0	0.0	0.0	16.0	0.0	9.0	0.0	0.0	0.0	0.0	0.0	0.0	0.0	100.0	0.0	0.0	0.0	0.0	0.0	0.0	0.0	0.0	0.0	56.0	38.0	0.0	0.0	0.0	0.0	0.0	27.0	70.0	0.0	0.0	0.0	0.0	0.0	0.0	0.0	0.0	16.0	0.0	0.0	0.0	0.0	0.0	0.0	0.0	0.0	99.0	0.0	0.0	89.0	66.0	0.0	0.0	93.0	0.0	0.0	0.0	0.0	0.0	5.0	0.0	0.0	74.0	0.0	0.0	0.0	0.0	0.0	22.0	0.0	5.0	79.0	13.0	84.0	0.0	0.0	55.0	0.0	0.0	7.0	0.0	0.0	0.0	0.0	5.0	0.0	0.0	0.0	0.0	0.0	0.0	0.0
0.0	52.0	57.0	0.0	82.0	50.0	0.0	0.0	0.0	0.0	64.0	0.0	0.0	0.0	0.0	0.0	2.0	1.0	14.0	0.0	0.0	44.0	81.0	0.0	0.0	68.0	0.0	0.0	0.0	0.0	13.0	0.0	5.0	0.0	0.0	0.0	9.0	0.0	0.0	0.0	74.0	0.0	21.0	0.0	0.0	0.0	0.0	0.0	0.0	0.0	86.0	22.0	0.0	0.0	0.0	0.0	0.0	0.0	0.0	0.0	19.0	0.0	0.0	0.0	0.0	0.0	0.0	0.0	0.0	91.0	0.0	0.0	0.0	0.0	0.0	0.0	0.0	0.0	0.0	84.0	0.0	0.0	0.0	0.0	0.0	0.0	0.0	83.0	0.0	0.0	0.0	0.0	0.0	0.0	16.0	0.0	0.0	0.0	0.0	0.0	0.0	0.0	0.0	0.0	0.0	85.0	0.0	0.0	0.0	0.0	0.0	0.0	42.0	0.0	0.0	97.0	0.0	28.0	91.0	0.0	0.0	0.0	0.0	17.0	0.0	0.0	0.0	0.0	0.0	0.0	74.0	54.0	0.0	0.0	0.0	0.0	0.0	0.0	62.0	0.0	0.0	0.0	0.0	70.0	57.0	0.0	0.0	15.0	93.0	0.0	0.0	0.0	0.0	6.0	0.0	29.0	0.0	7.0	13.0	0.0	0.0	0.0	0.0	23.0	97.0	0.0	0.0
0.0	0.0	0.0	0.0	0.0	0.0	0.0	0.0	0.0	0.0	0.0	0.0	0.0	0.0	0.0	0.0	53.0	52.0	31.0	21.0	0.0	88.0	0.0	0.0	84.0	81.0	0.0	0.0	0.0	0.0	9.0	50.0	0.0	0.0	3.0	0.0	61.0	0.0	0.0	27.0	38.0	0.0	0.0	0.0	0.0	0.0	23.0	0.0	24.0	0.0	3.0	0.0	0.0	0.0	3.0	0.0	0.0	0.0	0.0	0.0	0.0	0.0	0.0	0.0	51.0	0.0	0.0	0.0	0.0	0.0	0.0	69.0	48.0	56.0	0.0	0.0	0.0	0.0	0.0	0.0	0.0	0.0	0.0	0.0	0.0	0.0	0.0	0.0	0.0	0.0	0.0	0.0	0.0	0.0	0.0	0.0	7.0	59.0	0.0	0.0	4.0	0.0	0.0	0.0	56.0	94.0	0.0	0.0	0.0	0.0	0.0	0.0	0.0	0.0	0.0	0.0	0.0	0.0	65.0	89.0	0.0	0.0	62.0	0.0	0.0	0.0	0.0	0.0	0.0	99.0	0.0	29.0	0.0	72.0	38.0	0.0	0.0	49.0	58.0	54.0	26.0	0.0	44.0	0.0	75.0	0.0	53.0	0.0	0.0	4.0	0.0	0.0	0.0	0.0	59.0	0.0	0.0	52.0	0.0	58.0	69.0	0.0	0.0	74.0	0.0	0.0
0.0	0.0	0.0	0.0	0.0	1.0	30.0	0.0	66.0	0.0	79.0	0.0	95.0	18.0	0.0	0.0	0.0	0.0	0.0	0.0	100.0	0.0	0.0	0.0	0.0	20.0	0.0	97.0	0.0	0.0	0.0	0.0	0.0	0.0	42.0	0.0	65.0	0.0	30.0	0.0	0.0	0.0	93.0	0.0	0.0	0.0	0.0	0.0	99.0	0.0	0.0	70.0	19.0	0.0	0.0	0.0	0.0	0.0	0.0	0.0	31.0	0.0	0.0	0.0	0.0	0.0	30.0	0.0	0.0	30.0	72.0	0.0	0.0	35.0	0.0	0.0	59.0	0.0	0.0	0.0	97.0	90.0	0.0	0.0	0.0	0.0	0.0	94.0	10.0	0.0	0.0	0.0	0.0	0.0	35.0	0.0	45.0	0.0	46.0	19.0	0.0	23.0	0.0	0.0	0.0	0.0	0.0	0.0	0.0	0.0	0.0	90.0	0.0	0.0	0.0	46.0	0.0	0.0	0.0	0.0	0.0	34.0	0.0	67.0	0.0	0.0	0.0	0.0	0.0	0.0	0.0	0.0	0.0	0.0	0.0	0.0	58.0	0.0	54.0	0.0	0.0	0.0	0.0	61.0	0.0	0.0	0.0	0.0	0.0	0.0	0.0	0.0	0.0	0.0	0.0	37.0	0.0	0.0	0.0	24.0	0.0	0.0	0.0	25.0	36.0
0.0	0.0	0.0	9.0	0.0	29.0	0.0	0.0	0.0	0.0	0.0	0.0	0.0	0.0	57.0	0.0	0.0	0.0	0.0	0.0	0.0	0.0	26.0	0.0	0.0	0.0	0.0	74.0	0.0	67.0	0.0	0.0	0.0	0.0	0.0	29.0	0.0	0.0	34.0	0.0	0.0	94.0	0.0	79.0	0.0	0.0	0.0	59.0	0.0	0.0	0.0	0.0	16.0	0.0	0.0	0.0	0.0	0.0	0.0	0.0	0.0	0.0	0.0	0.0	0.0	0.0	0.0	0.0	0.0	0.0	0.0	0.0	0.0	52.0	0.0	0.0	0.0	0.0	16.0	0.0	0.0	0.0	0.0	0.0	0.0	0.0	0.0	15.0	0.0	0.0	57.0	0.0	0.0	52.0	77.0	0.0	0.0	0.0	0.0	0.0	0.0	0.0	11.0	13.0	0.0	0.0	0.0	0.0	0.0	74.0	0.0	0.0	0.0	0.0	0.0	0.0	0.0	0.0	0.0	0.0	0.0	0.0	0.0	0.0	0.0	0.0	59.0	0.0	0.0	0.0	0.0	0.0	0.0	0.0	0.0	0.0	0.0	0.0	0.0	0.0	0.0	72.0	31.0	0.0	0.0	0.0	0.0	0.0	0.0	51.0	96.0	0.0	0.0	0.0	0.0	0.0	95.0	23.0	0.0	0.0	0.0	0.0	0.0	0.0
0.0	0.0	0.0	0.0	0.0	0.0	0.0	0.0	0.0	0.0	0.0	0.0	27.0	0.0	0.0	0.0	0.0	0.0	0.0	72.0	0.0	31.0	0.0	0.0	0.0	0.0	0.0	0.0	0.0	0.0	60.0	0.0	74.0	0.0	0.0	0.0	0.0	0.0	0.0	0.0	0.0	54.0	60.0	0.0	0.0	0.0	8.0	0.0	48.0	0.0	20.0	0.0	0.0	0.0	85.0	0.0	0.0	0.0	0.0	0.0	0.0	0.0	0.0	0.0	0.0	64.0	0.0	0.0	0.0	0.0	0.0	64.0	0.0	0.0	0.0	0.0	0.0	0.0	0.0	0.0	0.0	0.0	0.0	24.0	0.0	0.0	0.0	0.0	0.0	0.0	0.0	0.0	0.0	0.0	0.0	0.0	0.0	0.0	0.0	0.0	0.0	0.0	0.0	0.0	76.0	0.0	0.0	0.0	0.0	0.0	0.0	0.0	10.0	0.0	97.0	0.0	80.0	24.0	79.0	0.0	0.0	0.0	0.0	0.0	0.0	0.0	0.0	41.0	0.0	0.0	0.0	100.0	82.0	0.0	0.0	0.0	0.0	0.0	0.0	0.0	0.0	0.0	0.0	0.0	28.0	0.0	0.0	0.0	94.0	99.0	17.0	0.0	0.0	0.0	35.0	84.0	0.0	0.0	0.0	0.0	0.0	0.0	83.0
0.0	0.0	100.0	0.0	0.0	0.0	0.0	0.0	0.0	0.0	25.0	0.0	4.0	0.0	18.0	0.0	70.0	30.0	57.0	0.0	0.0	0.0	0.0	0.0	0.0	0.0	93.0	0.0	0.0	0.0	0.0	82.0	6.0	0.0	0.0	0.0	0.0	0.0	10.0	0.0	0.0	0.0	0.0	0.0	0.0	9.0	0.0	0.0	80.0	0.0	0.0	75.0	45.0	0.0	0.0	0.0	0.0	0.0	0.0	0.0	0.0	0.0	0.0	0.0	33.0	0.0	0.0	58.0	77.0	58.0	0.0	0.0	0.0	0.0	86.0	0.0	0.0	0.0	0.0	0.0	0.0	0.0	84.0	0.0	0.0	0.0	0.0	0.0	0.0	0.0	0.0	38.0	0.0	0.0	42.0	48.0	0.0	0.0	98.0	0.0	0.0	0.0	0.0	0.0	0.0	0.0	92.0	0.0	61.0	0.0	0.0	0.0	39.0	84.0	89.0	0.0	0.0	82.0	0.0	90.0	0.0	0.0	0.0	0.0	0.0	0.0	0.0	0.0	63.0	0.0	0.0	0.0	0.0	0.0	0.0	0.0	53.0	0.0	0.0	0.0	0.0	0.0	38.0	97.0	0.0	0.0	0.0	58.0	81.0	90.0	0.0	0.0	0.0	0.0	0.0	9.0	75.0	8.0	0.0	0.0	0.0	100.0
21.0	0.0	66.0	0.0	0.0	0.0	0.0	0.0	0.0	97.0	0.0	0.0	2.0	0.0	0.0	26.0	0.0	0.0	0.0	0.0	5.0	0.0	0.0	56.0	0.0	0.0	52.0	0.0	11.0	100.0	0.0	0.0	0.0	0.0	100.0	0.0	0.0	0.0	99.0	0.0	95.0	21.0	0.0	0.0	0.0	0.0	0.0	61.0	0.0	84.0	0.0	0.0	0.0	0.0	0.0	0.0	0.0	0.0	0.0	0.0	5.0	0.0	0.0	0.0	0.0	0.0	88.0	75.0	40.0	0.0	0.0	60.0	0.0	0.0	0.0	0.0	33.0	68.0	26.0	0.0	0.0	0.0	25.0	0.0	0.0	0.0	0.0	0.0	0.0	0.0	48.0	0.0	43.0	0.0	0.0	0.0	23.0	0.0	0.0	0.0	78.0	0.0	0.0	0.0	0.0	0.0	90.0	0.0	0.0	49.0	0.0	0.0	0.0	75.0	0.0	0.0	0.0	0.0	0.0	0.0	0.0	0.0	40.0	0.0	83.0	0.0	5.0	0.0	0.0	0.0	0.0	0.0	0.0	10.0	0.0	0.0	0.0	42.0	0.0	0.0	0.0	0.0	0.0	0.0	0.0	0.0	0.0	0.0	0.0	18.0	0.0	0.0	0.0	0.0	0.0	0.0	91.0	0.0	13.0	12.0	95.0
0.0	0.0	88.0	0.0	0.0	0.0	0.0	23.0	0.0	0.0	0.0	0.0	0.0	0.0	64.0	9.0	0.0	0.0	90.0	0.0	0.0	77.0	0.0	0.0	0.0	0.0	54.0	0.0	69.0	0.0	67.0	0.0	74.0	0.0	0.0	0.0	0.0	31.0	28.0	73.0	23.0	0.0	0.0	8.0	0.0	0.0	0.0	37.0	0.0	0.0	0.0	30.0	0.0	0.0	23.0	0.0	4.0	0.0	72.0	0.0	89.0	85.0	0.0	0.0	0.0	68.0	0.0	0.0	78.0	96.0	0.0	52.0	0.0	89.0	0.0	0.0	0.0	0.0	93.0	70.0	0.0	0.0	0.0	38.0	0.0	0.0	0.0	67.0	0.0	0.0	0.0	0.0	0.0	0.0	0.0	0.0	0.0	49.0	0.0	49.0	0.0	54.0	0.0	80.0	81.0	59.0	0.0	0.0	0.0	0.0	0.0	0.0	0.0	56.0	0.0	0.0	0.0	0.0	0.0	0.0	0.0	0.0	0.0	13.0	0.0	27.0	0.0	81.0	0.0	0.0	95.0	0.0	4.0	0.0	0.0	0.0	0.0	0.0	0.0	0.0	37.0	0.0	0.0	24.0	6.0	0.0	72.0	0.0	0.0	0.0	0.0	0.0	0.0	0.0	0.0	0.0	96.0	0.0	0.0	0.0
0.0	0.0	4.0	0.0	66.0	0.0	81.0	0.0	0.0	0.0	0.0	2.0	0.0	0.0	0.0	0.0	0.0	0.0	0.0	100.0	0.0	84.0	0.0	31.0	0.0	19.0	0.0	23.0	18.0	11.0	0.0	17.0	0.0	0.0	0.0	0.0	0.0	0.0	0.0	0.0	0.0	0.0	0.0	93.0	0.0	0.0	0.0	0.0	0.0	0.0	0.0	0.0	55.0	2.0	0.0	0.0	0.0	0.0	0.0	0.0	0.0	0.0	0.0	19.0	0.0	0.0	0.0	0.0	0.0	0.0	0.0	0.0	0.0	0.0	0.0	0.0	0.0	25.0	0.0	70.0	0.0	3.0	0.0	0.0	0.0	58.0	18.0	0.0	0.0	0.0	0.0	0.0	0.0	0.0	0.0	0.0	0.0	87.0	0.0	0.0	63.0	0.0	0.0	0.0	0.0	0.0	0.0	0.0	0.0	70.0	95.0	58.0	0.0	0.0	0.0	0.0	18.0	90.0	6.0	0.0	0.0	0.0	22.0	49.0	0.0	0.0	0.0	63.0	0.0	0.0	0.0	0.0	0.0	0.0	0.0	0.0	0.0	94.0	0.0	0.0	0.0	0.0	82.0	0.0	0.0	0.0	0.0	0.0	0.0	0.0	0.0	5.0	0.0	0.0	65.0	0.0	0.0	94.0	39.0
0.0	0.0	0.0	0.0	0.0	47.0	0.0	0.0	22.0	0.0	0.0	0.0	0.0	0.0	0.0	0.0	0.0	0.0	0.0	84.0	0.0	81.0	0.0	0.0	0.0	0.0	0.0	0.0	0.0	0.0	0.0	0.0	0.0	11.0	0.0	0.0	0.0	46.0	0.0	46.0	0.0	0.0	0.0	0.0	0.0	0.0	0.0	0.0	0.0	0.0	0.0	0.0	0.0	0.0	0.0	0.0	5.0	47.0	14.0	0.0	0.0	0.0	0.0	0.0	0.0	90.0	0.0	66.0	0.0	0.0	0.0	0.0	0.0	0.0	0.0	40.0	0.0	0.0	17.0	0.0	0.0	0.0	55.0	0.0	0.0	0.0	0.0	0.0	0.0	0.0	72.0	8.0	0.0	0.0	0.0	71.0	0.0	0.0	0.0	0.0	0.0	49.0	0.0	0.0	0.0	0.0	0.0	0.0	0.0	41.0	0.0	67.0	0.0	0.0	0.0	0.0	0.0	44.0	0.0	58.0	0.0	0.0	6.0	0.0	0.0	0.0	0.0	0.0	40.0	0.0	0.0	0.0	0.0	0.0	0.0	0.0	0.0	0.0	0.0	90.0	0.0	0.0	0.0	0.0	63.0	0.0	0.0	71.0	5.0	0.0	0.0	78.0	0.0	0.0	92.0	63.0	22.0	3.0
0.0	92.0	0.0	65.0	0.0	0.0	0.0	0.0	0.0	0.0	34.0	0.0	0.0	0.0	0.0	34.0	0.0	0.0	0.0	0.0	0.0	0.0	0.0	0.0	0.0	0.0	38.0	0.0	0.0	12.0	95.0	0.0	62.0	0.0	0.0	0.0	0.0	28.0	2.0	0.0	0.0	0.0	0.0	95.0	0.0	0.0	0.0	46.0	0.0	0.0	0.0	0.0	1.0	0.0	0.0	0.0	0.0	0.0	0.0	0.0	19.0	0.0	0.0	0.0	0.0	0.0	0.0	0.0	0.0	0.0	0.0	0.0	0.0	0.0	0.0	0.0	0.0	96.0	65.0	61.0	0.0	0.0	0.0	5.0	0.0	0.0	0.0	0.0	26.0	1.0	54.0	0.0	0.0	0.0	0.0	0.0	0.0	0.0	0.0	0.0	0.0	95.0	2.0	0.0	0.0	0.0	0.0	0.0	0.0	0.0	95.0	61.0	58.0	0.0	78.0	0.0	0.0	32.0	0.0	52.0	0.0	0.0	0.0	0.0	81.0	0.0	9.0	0.0	14.0	0.0	0.0	23.0	0.0	0.0	87.0	0.0	0.0	27.0	0.0	0.0	0.0	29.0	0.0	0.0	0.0	52.0	0.0	0.0	0.0	0.0	0.0	77.0	0.0	0.0	0.0	0.0	0.0
0.0	0.0	99.0	0.0	0.0	0.0	0.0	0.0	0.0	0.0	0.0	0.0	12.0	45.0	35.0	0.0	0.0	8.0	0.0	58.0	0.0	0.0	0.0	0.0	0.0	0.0	0.0	0.0	0.0	0.0	0.0	93.0	0.0	0.0	49.0	0.0	0.0	0.0	1.0	83.0	0.0	54.0	0.0	0.0	97.0	45.0	0.0	69.0	0.0	0.0	0.0	0.0	0.0	0.0	0.0	0.0	0.0	0.0	38.0	0.0	0.0	0.0	0.0	14.0	0.0	0.0	0.0	0.0	0.0	0.0	65.0	0.0	0.0	0.0	0.0	76.0	0.0	0.0	52.0	0.0	0.0	0.0	0.0	0.0	0.0	0.0	0.0	39.0	0.0	0.0	0.0	86.0	41.0	58.0	47.0	0.0	0.0	0.0	4.0	74.0	0.0	0.0	0.0	0.0	33.0	0.0	0.0	0.0	0.0	0.0	0.0	0.0	0.0	0.0	2.0	100.0	0.0	0.0	0.0	10.0	0.0	41.0	0.0	42.0	0.0	0.0	0.0	0.0	0.0	0.0	0.0	0.0	0.0	0.0	0.0	0.0	0.0	0.0	0.0	0.0	0.0	0.0	0.0	0.0	20.0	0.0	0.0	15.0	0.0	0.0	0.0	91.0	0.0	0.0	0.0	2.0
0.0	0.0	0.0	0.0	0.0	0.0	11.0	0.0	42.0	0.0	87.0	0.0	0.0	27.0	46.0	50.0	0.0	0.0	86.0	0.0	0.0	0.0	13.0	0.0	0.0	67.0	0.0	24.0	0.0	0.0	0.0	0.0	0.0	38.0	0.0	0.0	0.0	0.0	6.0	0.0	99.0	45.0	0.0	99.0	0.0	69.0	0.0	0.0	86.0	30.0	0.0	84.0	0.0	0.0	0.0	0.0	0.0	0.0	0.0	0.0	0.0	26.0	92.0	0.0	0.0	0.0	0.0	0.0	60.0	0.0	0.0	0.0	0.0	0.0	0.0	58.0	0.0	0.0	9.0	0.0	94.0	0.0	52.0	0.0	0.0	91.0	0.0	0.0	0.0	0.0	0.0	38.0	0.0	0.0	0.0	0.0	0.0	0.0	43.0	0.0	0.0	0.0	0.0	0.0	0.0	0.0	3.0	0.0	0.0	0.0	100.0	0.0	0.0	0.0	0.0	0.0	0.0	91.0	0.0	0.0	0.0	0.0	0.0	0.0	0.0	0.0	0.0	0.0	0.0	43.0	0.0	0.0	0.0	0.0	7.0	39.0	0.0	0.0	0.0	0.0	0.0	0.0	6.0	0.0	0.0	0.0	0.0	62.0	24.0	0.0	0.0	0.0	0.0	0.0	0.0
0.0	0.0	0.0	68.0	0.0	0.0	0.0	0.0	0.0	0.0	78.0	30.0	0.0	0.0	0.0	0.0	0.0	100.0	0.0	0.0	70.0	0.0	9.0	0.0	5.0	91.0	0.0	0.0	0.0	0.0	0.0	0.0	0.0	82.0	0.0	0.0	0.0	99.0	0.0	0.0	0.0	17.0	69.0	0.0	0.0	0.0	0.0	50.0	0.0	79.0	66.0	0.0	0.0	83.0	99.0	0.0	0.0	0.0	23.0	0.0	74.0	76.0	21.0	0.0	0.0	0.0	0.0	16.0	0.0	60.0	80.0	0.0	28.0	87.0	0.0	60.0	87.0	0.0	0.0	0.0	0.0	54.0	94.0	0.0	0.0	0.0	0.0	0.0	0.0	0.0	43.0	0.0	0.0	30.0	0.0	0.0	0.0	0.0	0.0	0.0	0.0	0.0	0.0	54.0	17.0	0.0	0.0	0.0	0.0	0.0	0.0	0.0	0.0	0.0	0.0	0.0	0.0	0.0	0.0	0.0	85.0	0.0	0.0	0.0	0.0	0.0	0.0	40.0	0.0	0.0	0.0	0.0	0.0	58.0	0.0	0.0	0.0	0.0	0.0	0.0	0.0	49.0	0.0	18.0	0.0	0.0	0.0	0.0	0.0	0.0	0.0	0.0	0.0	35.0
0.0	15.0	0.0	0.0	0.0	0.0	0.0	0.0	0.0	0.0	0.0	20.0	52.0	1.0	0.0	0.0	27.0	0.0	0.0	45.0	0.0	0.0	73.0	0.0	0.0	0.0	0.0	0.0	0.0	0.0	0.0	0.0	0.0	80.0	0.0	0.0	0.0	0.0	0.0	0.0	0.0	0.0	51.0	0.0	0.0	0.0	0.0	0.0	0.0	62.0	0.0	0.0	0.0	0.0	0.0	0.0	0.0	68.0	0.0	0.0	0.0	0.0	50.0	0.0	52.0	0.0	0.0	0.0	0.0	0.0	0.0	44.0	0.0	0.0	0.0	0.0	0.0	0.0	0.0	92.0	0.0	0.0	0.0	0.0	0.0	0.0	0.0	0.0	0.0	0.0	0.0	0.0	0.0	0.0	0.0	44.0	0.0	0.0	7.0	23.0	0.0	0.0	0.0	0.0	47.0	53.0	0.0	0.0	34.0	90.0	0.0	53.0	11.0	0.0	0.0	81.0	0.0	4.0	0.0	0.0	0.0	8.0	0.0	0.0	0.0	0.0	0.0	0.0	0.0	1.0	0.0	0.0	0.0	0.0	10.0	0.0	0.0	0.0	0.0	0.0	0.0	0.0	0.0	0.0	62.0	0.0	0.0	67.0	0.0	0.0	0.0	0.0	26.0
0.0	97.0	0.0	0.0	0.0	0.0	75.0	14.0	67.0	0.0	0.0	0.0	0.0	0.0	0.0	0.0	14.0	0.0	38.0	0.0	0.0	45.0	3.0	0.0	81.0	0.0	80.0	0.0	0.0	0.0	0.0	0.0	99.0	0.0	0.0	18.0	0.0	0.0	0.0	0.0	0.0	0.0	73.0	50.0	0.0	0.0	0.0	0.0	27.0	73.0	75.0	0.0	0.0	14.0	0.0	0.0	0.0	0.0	0.0	0.0	0.0	0.0	0.0	0.0	0.0	0.0	0.0	0.0	26.0	88.0	69.0	0.0	0.0	0.0	5.0	0.0	68.0	0.0	0.0	0.0	0.0	42.0	0.0	0.0	0.0	85.0	77.0	0.0	0.0	0.0	0.0	88.0	0.0	26.0	0.0	0.0	0.0	86.0	0.0	0.0	0.0	53.0	75.0	0.0	0.0	0.0	0.0	79.0	0.0	0.0	0.0	0.0	0.0	0.0	70.0	0.0	0.0	0.0	61.0	0.0	28.0	48.0	0.0	0.0	0.0	0.0	0.0	0.0	0.0	0.0	0.0	0.0	0.0	0.0	0.0	0.0	0.0	0.0	51.0	0.0	0.0	0.0	76.0	5.0	75.0	0.0	0.0	0.0	0.0	0.0	0.0	86.0
43.0	0.0	0.0	0.0	0.0	0.0	0.0	0.0	0.0	92.0	72.0	0.0	0.0	13.0	0.0	0.0	0.0	0.0	0.0	33.0	0.0	0.0	79.0	0.0	0.0	0.0	0.0	31.0	33.0	0.0	0.0	0.0	0.0	0.0	0.0	0.0	0.0	0.0	0.0	76.0	39.0	0.0	0.0	0.0	0.0	0.0	0.0	0.0	71.0	35.0	0.0	0.0	0.0	77.0	0.0	0.0	97.0	0.0	0.0	0.0	73.0	0.0	0.0	0.0	0.0	84.0	0.0	22.0	0.0	0.0	62.0	0.0	0.0	0.0	0.0	0.0	0.0	0.0	36.0	16.0	0.0	63.0	16.0	67.0	0.0	7.0	0.0	15.0	0.0	0.0	0.0	0.0	55.0	0.0	0.0	16.0	5.0	54.0	20.0	0.0	0.0	0.0	25.0	37.0	0.0	0.0	0.0	0.0	0.0	0.0	0.0	18.0	0.0	0.0	0.0	0.0	94.0	0.0	0.0	61.0	0.0	27.0	0.0	0.0	0.0	0.0	0.0	0.0	83.0	0.0	0.0	0.0	78.0	0.0	0.0	7.0	63.0	0.0	0.0	0.0	0.0	0.0	0.0	0.0	0.0	0.0	0.0	0.0	0.0	0.0	0.0
0.0	0.0	0.0	0.0	49.0	0.0	0.0	0.0	0.0	0.0	0.0	0.0	0.0	0.0	0.0	0.0	0.0	21.0	0.0	0.0	0.0	0.0	0.0	0.0	7.0	0.0	72.0	0.0	0.0	0.0	0.0	0.0	0.0	0.0	0.0	0.0	0.0	0.0	0.0	0.0	0.0	0.0	0.0	59.0	0.0	0.0	0.0	58.0	0.0	73.0	0.0	0.0	0.0	31.0	43.0	0.0	0.0	0.0	0.0	0.0	0.0	0.0	0.0	0.0	0.0	0.0	0.0	0.0	0.0	23.0	0.0	55.0	0.0	11.0	93.0	0.0	0.0	0.0	0.0	51.0	0.0	14.0	0.0	0.0	93.0	52.0	0.0	92.0	0.0	0.0	0.0	0.0	0.0	0.0	0.0	51.0	0.0	0.0	0.0	0.0	0.0	0.0	11.0	78.0	94.0	0.0	0.0	0.0	0.0	0.0	0.0	43.0	0.0	0.0	0.0	89.0	0.0	0.0	49.0	0.0	0.0	0.0	35.0	0.0	0.0	0.0	0.0	0.0	0.0	94.0	0.0	64.0	0.0	0.0	0.0	55.0	0.0	0.0	0.0	0.0	0.0	0.0	0.0	0.0	72.0	0.0	0.0	0.0	56.0	11.0
0.0	86.0	0.0	0.0	60.0	0.0	84.0	0.0	0.0	0.0	0.0	21.0	0.0	99.0	0.0	68.0	0.0	87.0	0.0	91.0	0.0	76.0	0.0	0.0	46.0	0.0	0.0	0.0	91.0	0.0	0.0	0.0	0.0	0.0	36.0	0.0	0.0	0.0	0.0	87.0	0.0	0.0	0.0	97.0	0.0	0.0	0.0	55.0	86.0	0.0	0.0	0.0	0.0	0.0	0.0	0.0	0.0	0.0	0.0	0.0	0.0	28.0	0.0	0.0	0.0	0.0	12.0	0.0	83.0	78.0	0.0	0.0	36.0	0.0	0.0	0.0	0.0	50.0	90.0	0.0	0.0	0.0	88.0	0.0	0.0	0.0	0.0	0.0	67.0	0.0	0.0	0.0	0.0	0.0	0.0	0.0	0.0	92.0	0.0	0.0	0.0	0.0	0.0	0.0	0.0	0.0	0.0	0.0	0.0	0.0	0.0	0.0	0.0	25.0	0.0	5.0	0.0	12.0	90.0	0.0	0.0	0.0	0.0	55.0	0.0	0.0	0.0	0.0	0.0	0.0	0.0	0.0	0.0	20.0	0.0	0.0	0.0	24.0	0.0	0.0	0.0	11.0	0.0	0.0	0.0	0.0	58.0	0.0	54.0
54.0	0.0	13.0	0.0	44.0	0.0	68.0	46.0	36.0	58.0	0.0	0.0	0.0	0.0	0.0	9.0	0.0	0.0	17.0	0.0	0.0	0.0	0.0	0.0	56.0	0.0	80.0	74.0	4.0	0.0	0.0	0.0	0.0	0.0	23.0	0.0	0.0	0.0	0.0	0.0	0.0	0.0	94.0	0.0	0.0	0.0	36.0	0.0	0.0	0.0	0.0	0.0	0.0	0.0	26.0	0.0	56.0	0.0	77.0	0.0	85.0	88.0	0.0	0.0	0.0	0.0	6.0	58.0	0.0	0.0	0.0	0.0	47.0	98.0	0.0	81.0	0.0	0.0	0.0	0.0	0.0	0.0	46.0	0.0	2.0	39.0	0.0	0.0	0.0	67.0	0.0	0.0	93.0	0.0	42.0	0.0	0.0	37.0	56.0	0.0	0.0	31.0	0.0	0.0	0.0	54.0	57.0	79.0	0.0	0.0	83.0	0.0	79.0	0.0	0.0	0.0	0.0	0.0	0.0	0.0	78.0	0.0	0.0	99.0	91.0	0.0	0.0	0.0	0.0	0.0	69.0	0.0	0.0	0.0	0.0	0.0	0.0	0.0	75.0	0.0	13.0	0.0	0.0	0.0	0.0	81.0	0.0	0.0
0.0	0.0	0.0	59.0	53.0	0.0	0.0	0.0	76.0	0.0	0.0	0.0	0.0	0.0	0.0	52.0	0.0	94.0	88.0	0.0	0.0	0.0	0.0	0.0	0.0	0.0	0.0	0.0	0.0	77.0	42.0	75.0	0.0	90.0	0.0	5.0	0.0	0.0	0.0	0.0	0.0	0.0	0.0	0.0	0.0	0.0	0.0	0.0	0.0	0.0	0.0	2.0	59.0	0.0	0.0	0.0	0.0	62.0	0.0	0.0	0.0	0.0	87.0	0.0	0.0	0.0	0.0	0.0	47.0	0.0	50.0	0.0	0.0	0.0	0.0	0.0	0.0	0.0	0.0	0.0	0.0	0.0	0.0	0.0	0.0	0.0	0.0	0.0	0.0	0.0	0.0	0.0	44.0	0.0	0.0	0.0	0.0	0.0	0.0	24.0	0.0	0.0	0.0	1.0	1.0	0.0	0.0	78.0	85.0	63.0	0.0	0.0	0.0	0.0	0.0	98.0	0.0	91.0	51.0	0.0	0.0	51.0	0.0	0.0	0.0	0.0	0.0	22.0	0.0	0.0	0.0	0.0	0.0	0.0	0.0	0.0	0.0	0.0	0.0	0.0	89.0	0.0	0.0	0.0	0.0	0.0	0.0
36.0	27.0	0.0	0.0	0.0	0.0	0.0	61.0	0.0	0.0	0.0	0.0	0.0	0.0	0.0	0.0	0.0	15.0	61.0	0.0	0.0	43.0	0.0	0.0	10.0	0.0	0.0	0.0	0.0	0.0	30.0	0.0	0.0	0.0	0.0	89.0	0.0	0.0	98.0	0.0	0.0	0.0	0.0	48.0	0.0	0.0	0.0	0.0	60.0	0.0	0.0	82.0	0.0	86.0	0.0	0.0	60.0	0.0	0.0	0.0	0.0	93.0	0.0	65.0	87.0	0.0	85.0	0.0	0.0	98.0	0.0	0.0	0.0	36.0	0.0	0.0	0.0	0.0	0.0	92.0	28.0	0.0	0.0	0.0	0.0	0.0	0.0	0.0	0.0	77.0	0.0	0.0	0.0	15.0	17.0	0.0	0.0	0.0	0.0	0.0	0.0	0.0	0.0	32.0	0.0	0.0	0.0	0.0	0.0	0.0	0.0	0.0	0.0	0.0	46.0	25.0	9.0	0.0	0.0	0.0	0.0	0.0	0.0	94.0	0.0	0.0	88.0	0.0	3.0	0.0	0.0	7.0	0.0	0.0	13.0	0.0	0.0	0.0	0.0	96.0	0.0	0.0	92.0	0.0	21.0	0.0
0.0	0.0	0.0	0.0	74.0	78.0	24.0	20.0	0.0	0.0	0.0	0.0	0.0	14.0	0.0	0.0	0.0	40.0	0.0	8.0	33.0	0.0	0.0	36.0	0.0	53.0	0.0	0.0	0.0	0.0	0.0	71.0	0.0	0.0	0.0	0.0	0.0	0.0	0.0	0.0	0.0	0.0	0.0	0.0	0.0	0.0	0.0	0.0	0.0	0.0	48.0	0.0	0.0	33.0	21.0	0.0	0.0	63.0	0.0	34.0	0.0	0.0	22.0	27.0	0.0	0.0	0.0	0.0	77.0	0.0	0.0	0.0	0.0	0.0	0.0	0.0	63.0	39.0	0.0	0.0	2.0	0.0	50.0	0.0	29.0	0.0	0.0	0.0	0.0	0.0	66.0	0.0	1.0	0.0	0.0	0.0	0.0	11.0	0.0	99.0	0.0	0.0	0.0	0.0	0.0	85.0	0.0	64.0	0.0	0.0	0.0	50.0	0.0	20.0	0.0	0.0	0.0	0.0	0.0	40.0	0.0	40.0	64.0	63.0	0.0	0.0	0.0	0.0	0.0	0.0	46.0	0.0	98.0	0.0	0.0	0.0	32.0	0.0	0.0	0.0	0.0	0.0	61.0	0.0	0.0
64.0	0.0	0.0	0.0	0.0	47.0	0.0	0.0	0.0	45.0	0.0	0.0	0.0	17.0	0.0	0.0	0.0	0.0	0.0	0.0	0.0	0.0	97.0	0.0	0.0	0.0	0.0	43.0	0.0	0.0	0.0	0.0	0.0	0.0	0.0	0.0	40.0	51.0	0.0	0.0	0.0	74.0	0.0	0.0	0.0	0.0	93.0	0.0	0.0	0.0	0.0	29.0	0.0	0.0	0.0	0.0	0.0	0.0	0.0	0.0	31.0	0.0	0.0	10.0	0.0	37.0	0.0	97.0	0.0	0.0	0.0	0.0	66.0	84.0	3.0	0.0	0.0	0.0	0.0	0.0	0.0	0.0	0.0	0.0	0.0	6.0	91.0	0.0	0.0	0.0	0.0	20.0	85.0	0.0	0.0	0.0	5.0	0.0	31.0	0.0	0.0	0.0	0.0	0.0	88.0	0.0	0.0	36.0	0.0	0.0	0.0	0.0	0.0	0.0	0.0	38.0	0.0	0.0	0.0	0.0	0.0	0.0	0.0	0.0	0.0	0.0	0.0	0.0	0.0	0.0	34.0	0.0	71.0	93.0	82.0	0.0	0.0	0.0	27.0	0.0	0.0	64.0	0.0	0.0
0.0	0.0	0.0	39.0	0.0	0.0	0.0	0.0	0.0	0.0	0.0	0.0	86.0	0.0	0.0	0.0	0.0	59.0	0.0	0.0	0.0	0.0	0.0	0.0	0.0	0.0	0.0	45.0	0.0	76.0	0.0	0.0	0.0	0.0	91.0	55.0	66.0	0.0	63.0	0.0	0.0	0.0	81.0	0.0	0.0	0.0	0.0	0.0	0.0	0.0	0.0	84.0	0.0	0.0	0.0	0.0	0.0	0.0	0.0	0.0	0.0	0.0	75.0	62.0	0.0	0.0	0.0	73.0	67.0	64.0	0.0	0.0	0.0	0.0	0.0	0.0	0.0	0.0	0.0	0.0	0.0	0.0	0.0	0.0	24.0	0.0	32.0	0.0	0.0	0.0	57.0	0.0	25.0	23.0	0.0	0.0	0.0	57.0	66.0	0.0	0.0	0.0	42.0	18.0	0.0	0.0	0.0	72.0	24.0	0.0	0.0	0.0	0.0	0.0	0.0	0.0	30.0	0.0	61.0	0.0	0.0	0.0	0.0	0.0	0.0	0.0	0.0	87.0	0.0	69.0	0.0	0.0	0.0	0.0	0.0	0.0	0.0	0.0	0.0	0.0	0.0	0.0	0.0
0.0	0.0	0.0	86.0	0.0	0.0	0.0	0.0	47.0	0.0	0.0	0.0	0.0	49.0	50.0	0.0	0.0	0.0	0.0	0.0	0.0	0.0	0.0	62.0	0.0	46.0	10.0	44.0	0.0	0.0	0.0	80.0	0.0	0.0	0.0	0.0	0.0	0.0	59.0	0.0	63.0	0.0	0.0	89.0	0.0	78.0	46.0	45.0	0.0	78.0	38.0	0.0	0.0	0.0	0.0	0.0	0.0	0.0	0.0	18.0	0.0	0.0	0.0	0.0	55.0	0.0	0.0	0.0	0.0	0.0	0.0	0.0	0.0	0.0	0.0	0.0	75.0	47.0	0.0	0.0	0.0	70.0	0.0	49.0	75.0	0.0	0.0	15.0	0.0	41.0	0.0	91.0	0.0	0.0	0.0	0.0	0.0	0.0	0.0	0.0	0.0	0.0	8.0	0.0	0.0	48.0	94.0	2.0	0.0	0.0	71.0	26.0	0.0	86.0	0.0	50.0	0.0	15.0	0.0	0.0	0.0	0.0	0.0	0.0	0.0	87.0	0.0	83.0	0.0	33.0	0.0	0.0	0.0	0.0	15.0	3.0	0.0	74.0	0.0	0.0	0.0	0.0
0.0	0.0	16.0	0.0	0.0	0.0	10.0	89.0	0.0	0.0	0.0	0.0	0.0	0.0	0.0	0.0	98.0	0.0	0.0	37.0	0.0	0.0	0.0	52.0	0.0	84.0	0.0	0.0	53.0	0.0	0.0	4.0	0.0	84.0	43.0	0.0	0.0	0.0	47.0	35.0	0.0	0.0	0.0	32.0	0.0	0.0	0.0	0.0	0.0	50.0	0.0	0.0	84.0	13.0	0.0	52.0	0.0	5.0	0.0	33.0	0.0	0.0	0.0	0.0	0.0	3.0	0.0	0.0	93.0	0.0	57.0	0.0	34.0	0.0	0.0	0.0	0.0	0.0	0.0	17.0	0.0	0.0	0.0	0.0	0.0	0.0	0.0	0.0	0.0	0.0	58.0	0.0	0.0	0.0	0.0	0.0	85.0	0.0	0.0	0.0	5.0	0.0	0.0	0.0	0.0	0.0	0.0	0.0	0.0	0.0	61.0	0.0	0.0	30.0	0.0	0.0	81.0	0.0	0.0	0.0	77.0	0.0	0.0	0.0	1.0	0.0	8.0	0.0	41.0	0.0	7.0	0.0	0.0	0.0	0.0	0.0	0.0	0.0	40.0	0.0	0.0
9.0	83.0	0.0	0.0	0.0	0.0	0.0	0.0	73.0	29.0	0.0	90.0	0.0	29.0	0.0	50.0	0.0	27.0	71.0	0.0	0.0	0.0	1.0	0.0	0.0	0.0	0.0	93.0	0.0	0.0	0.0	0.0	72.0	0.0	0.0	0.0	0.0	0.0	0.0	0.0	90.0	0.0	0.0	0.0	0.0	0.0	80.0	0.0	0.0	0.0	36.0	0.0	0.0	0.0	0.0	0.0	19.0	0.0	0.0	73.0	0.0	0.0	0.0	0.0	0.0	0.0	0.0	0.0	89.0	0.0	0.0	0.0	0.0	0.0	0.0	0.0	64.0	0.0	0.0	0.0	40.0	0.0	18.0	0.0	0.0	35.0	0.0	0.0	0.0	0.0	0.0	0.0	0.0	0.0	0.0	0.0	13.0	12.0	0.0	0.0	0.0	0.0	0.0	0.0	0.0	0.0	0.0	78.0	0.0	0.0	0.0	0.0	0.0	0.0	55.0	0.0	85.0	0.0	0.0	0.0	100.0	0.0	47.0	0.0	37.0	0.0	0.0	0.0	0.0	21.0	28.0	41.0	0.0	0.0	41.0	0.0	0.0	0.0	0.0	0.0
0.0	0.0	0.0	0.0	0.0	0.0	0.0	0.0	4.0	3.0	0.0	0.0	7.0	21.0	34.0	82.0	0.0	0.0	0.0	51.0	0.0	0.0	0.0	27.0	0.0	0.0	0.0	2.0	78.0	0.0	0.0	0.0	0.0	0.0	0.0	0.0	0.0	0.0	0.0	22.0	0.0	0.0	5.0	0.0	0.0	0.0	0.0	0.0	0.0	26.0	0.0	0.0	0.0	45.0	0.0	47.0	0.0	0.0	0.0	16.0	0.0	0.0	10.0	0.0	0.0	0.0	0.0	0.0	0.0	5.0	0.0	0.0	56.0	86.0	0.0	0.0	65.0	78.0	0.0	49.0	0.0	5.0	0.0	93.0	0.0	0.0	27.0	0.0	0.0	0.0	0.0	0.0	47.0	0.0	85.0	8.0	0.0	63.0	0.0	18.0	0.0	0.0	0.0	9.0	0.0	92.0	36.0	0.0	0.0	0.0	0.0	0.0	0.0	0.0	78.0	0.0	0.0	0.0	0.0	0.0	29.0	0.0	0.0	0.0	0.0	0.0	0.0	0.0	67.0	0.0	37.0	0.0	0.0	0.0	0.0	0.0	0.0	0.0	0.0
0.0	0.0	0.0	0.0	0.0	0.0	0.0	0.0	0.0	0.0	0.0	90.0	0.0	6.0	0.0	0.0	64.0	0.0	0.0	0.0	91.0	24.0	96.0	0.0	0.0	0.0	6.0	0.0	83.0	0.0	0.0	0.0	0.0	40.0	0.0	0.0	0.0	0.0	0.0	63.0	0.0	0.0	0.0	25.0	24.0	0.0	55.0	0.0	57.0	0.0	0.0	0.0	32.0	0.0	0.0	0.0	0.0	0.0	10.0	55.0	0.0	0.0	49.0	26.0	0.0	0.0	0.0	0.0	0.0	0.0	0.0	51.0	0.0	53.0	0.0	76.0	0.0	0.0	0.0	11.0	0.0	99.0	0.0	0.0	0.0	42.0	0.0	0.0	56.0	10.0	0.0	0.0	0.0	0.0	31.0	0.0	0.0	0.0	13.0	4.0	11.0	0.0	16.0	0.0	0.0	0.0	0.0	0.0	0.0	0.0	0.0	0.0	0.0	0.0	0.0	0.0	0.0	0.0	0.0	0.0	0.0	0.0	0.0	0.0	65.0	0.0	0.0	0.0	60.0	0.0	0.0	0.0	0.0	0.0	0.0	39.0	0.0	0.0
0.0	0.0	0.0	0.0	0.0	16.0	0.0	0.0	0.0	0.0	0.0	0.0	0.0	0.0	41.0	30.0	75.0	9.0	0.0	0.0	69.0	68.0	0.0	0.0	0.0	0.0	0.0	0.0	0.0	0.0	0.0	0.0	90.0	0.0	21.0	0.0	0.0	14.0	0.0	0.0	0.0	0.0	0.0	28.0	0.0	0.0	29.0	0.0	0.0	0.0	0.0	0.0	47.0	0.0	74.0	0.0	3.0	0.0	0.0	56.0	0.0	0.0	0.0	21.0	27.0	0.0	35.0	0.0	43.0	0.0	4.0	0.0	0.0	64.0	0.0	0.0	17.0	57.0	0.0	0.0	0.0	0.0	9.0	89.0	0.0	0.0	0.0	0.0	0.0	0.0	0.0	0.0	0.0	0.0	54.0	0.0	0.0	0.0	0.0	0.0	0.0	0.0	0.0	0.0	0.0	0.0	0.0	0.0	0.0	0.0	0.0	0.0	0.0	0.0	0.0	0.0	0.0	0.0	0.0	0.0	0.0	0.0	0.0	0.0	0.0	29.0	0.0	0.0	94.0	0.0	0.0	0.0	0.0	53.0	0.0	0.0	0.0
0.0	0.0	37.0	5.0	0.0	0.0	0.0	0.0	0.0	0.0	0.0	0.0	0.0	0.0	0.0	0.0	0.0	0.0	33.0	0.0	0.0	34.0	0.0	0.0	0.0	82.0	87.0	0.0	0.0	0.0	0.0	0.0	95.0	0.0	50.0	0.0	0.0	11.0	95.0	0.0	0.0	0.0	0.0	0.0	0.0	99.0	0.0	68.0	33.0	0.0	0.0	0.0	0.0	0.0	0.0	4.0	0.0	0.0	0.0	0.0	36.0	0.0	0.0	0.0	0.0	0.0	21.0	0.0	0.0	0.0	0.0	0.0	0.0	0.0	0.0	0.0	0.0	23.0	0.0	0.0	0.0	0.0	0.0	0.0	0.0	55.0	86.0	0.0	88.0	0.0	49.0	0.0	94.0	0.0	0.0	88.0	0.0	2.0	0.0	0.0	0.0	0.0	0.0	0.0	0.0	82.0	0.0	97.0	44.0	0.0	46.0	0.0	0.0	0.0	54.0	0.0	0.0	6.0	0.0	0.0	0.0	0.0	76.0	0.0	0.0	0.0	0.0	0.0	50.0	0.0	10.0	34.0	90.0	0.0	0.0	14.0
0.0	0.0	0.0	0.0	0.0	0.0	0.0	22.0	0.0	0.0	0.0	82.0	0.0	4.0	0.0	0.0	0.0	0.0	0.0	0.0	0.0	0.0	0.0	0.0	0.0	0.0	0.0	0.0	0.0	0.0	21.0	0.0	0.0	0.0	0.0	0.0	0.0	0.0	0.0	0.0	76.0	0.0	0.0	0.0	0.0	17.0	0.0	94.0	0.0	0.0	33.0	34.0	0.0	0.0	0.0	0.0	72.0	46.0	0.0	78.0	0.0	0.0	49.0	9.0	0.0	22.0	0.0	0.0	0.0	0.0	0.0	0.0	0.0	94.0	0.0	0.0	28.0	0.0	78.0	0.0	0.0	0.0	0.0	0.0	90.0	0.0	86.0	0.0	0.0	0.0	0.0	0.0	0.0	0.0	90.0	0.0	0.0	24.0	0.0	0.0	8.0	0.0	0.0	0.0	0.0	0.0	96.0	0.0	0.0	0.0	33.0	0.0	0.0	6.0	0.0	93.0	0.0	0.0	13.0	33.0	0.0	21.0	0.0	0.0	0.0	59.0	13.0	0.0	91.0	0.0	0.0	0.0	2.0	91.0	0.0
11.0	0.0	0.0	46.0	0.0	12.0	0.0	0.0	0.0	26.0	72.0	0.0	0.0	0.0	0.0	36.0	10.0	0.0	65.0	66.0	0.0	0.0	0.0	65.0	0.0	8.0	0.0	0.0	0.0	94.0	0.0	0.0	0.0	0.0	0.0	0.0	32.0	0.0	0.0	26.0	0.0	0.0	0.0	0.0	0.0	0.0	0.0	0.0	0.0	0.0	48.0	0.0	0.0	0.0	8.0	0.0	9.0	0.0	0.0	0.0	24.0	78.0	75.0	0.0	0.0	0.0	5.0	83.0	50.0	80.0	0.0	0.0	0.0	86.0	0.0	10.0	0.0	0.0	0.0	18.0	11.0	0.0	0.0	0.0	22.0	8.0	52.0	0.0	0.0	44.0	0.0	0.0	59.0	0.0	89.0	0.0	0.0	74.0	0.0	0.0	0.0	0.0	0.0	0.0	0.0	0.0	0.0	0.0	0.0	0.0	0.0	69.0	0.0	0.0	0.0	7.0	0.0	14.0	0.0	28.0	0.0	34.0	0.0	0.0	0.0	0.0	0.0	0.0	0.0	91.0	0.0	0.0	0.0	45.0
0.0	0.0	79.0	81.0	0.0	24.0	0.0	96.0	0.0	0.0	0.0	0.0	58.0	0.0	0.0	10.0	0.0	0.0	0.0	0.0	0.0	0.0	0.0	0.0	0.0	0.0	0.0	3.0	0.0	94.0	0.0	0.0	0.0	0.0	69.0	0.0	0.0	47.0	0.0	0.0	0.0	0.0	79.0	0.0	24.0	0.0	70.0	15.0	0.0	28.0	0.0	0.0	0.0	73.0	0.0	0.0	0.0	0.0	0.0	0.0	45.0	0.0	11.0	0.0	0.0	0.0	0.0	0.0	0.0	82.0	0.0	0.0	0.0	10.0	0.0	0.0	0.0	0.0	69.0	3.0	0.0	0.0	0.0	0.0	0.0	0.0	0.0	50.0	0.0	0.0	0.0	0.0	0.0	0.0	82.0	41.0	0.0	0.0	0.0	0.0	0.0	78.0	0.0	59.0	0.0	0.0	0.0	0.0	49.0	0.0	0.0	0.0	0.0	0.0	15.0	84.0	0.0	0.0	25.0	0.0	10.0	0.0	0.0	0.0	92.0	0.0	48.0	9.0	24.0	85.0	0.0	0.0	0.0
0.0	75.0	0.0	0.0	0.0	0.0	0.0	97.0	99.0	97.0	82.0	0.0	100.0	0.0	96.0	0.0	0.0	0.0	51.0	73.0	81.0	2.0	0.0	0.0	0.0	0.0	66.0	0.0	0.0	0.0	27.0	48.0	24.0	0.0	0.0	38.0	0.0	0.0	0.0	0.0	0.0	95.0	0.0	12.0	20.0	21.0	0.0	17.0	0.0	95.0	0.0	0.0	0.0	0.0	0.0	0.0	60.0	0.0	0.0	0.0	0.0	0.0	0.0	0.0	87.0	100.0	0.0	0.0	0.0	0.0	0.0	89.0	0.0	0.0	86.0	0.0	0.0	0.0	0.0	0.0	0.0	0.0	7.0	99.0	0.0	0.0	60.0	28.0	0.0	0.0	0.0	0.0	97.0	0.0	0.0	0.0	0.0	0.0	0.0	34.0	0.0	0.0	44.0	15.0	0.0	0.0	77.0	0.0	0.0	0.0	0.0	0.0	0.0	0.0	0.0	0.0	0.0	0.0	0.0	51.0	0.0	0.0	0.0	78.0	2.0	0.0	0.0	44.0	0.0	0.0	0.0	0.0
0.0	0.0	62.0	0.0	0.0	0.0	0.0	49.0	0.0	0.0	0.0	0.0	0.0	94.0	0.0	3.0	0.0	0.0	0.0	25.0	0.0	0.0	0.0	0.0	0.0	0.0	0.0	0.0	97.0	0.0	18.0	6.0	0.0	0.0	36.0	0.0	0.0	28.0	0.0	0.0	0.0	0.0	8.0	0.0	0.0	0.0	0.0	0.0	0.0	0.0	34.0	0.0	0.0	0.0	0.0	0.0	0.0	27.0	0.0	0.0	0.0	0.0	0.0	0.0	0.0	0.0	30.0	0.0	62.0	81.0	0.0	100.0	24.0	0.0	0.0	58.0	0.0	0.0	0.0	0.0	0.0	0.0	0.0	36.0	0.0	29.0	70.0	57.0	94.0	0.0	15.0	0.0	27.0	0.0	91.0	0.0	0.0	0.0	0.0	57.0	0.0	0.0	0.0	0.0	98.0	0.0	0.0	0.0	5.0	31.0	0.0	0.0	0.0	61.0	0.0	0.0	0.0	0.0	0.0	12.0	51.0	25.0	0.0	0.0	29.0	0.0	0.0	0.0	0.0	62.0	0.0
0.0	0.0	0.0	0.0	0.0	0.0	0.0	0.0	0.0	25.0	0.0	0.0	87.0	64.0	0.0	0.0	0.0	33.0	0.0	0.0	0.0	0.0	70.0	0.0	0.0	0.0	0.0	0.0	0.0	58.0	89.0	0.0	11.0	0.0	0.0	0.0	0.0	99.0	31.0	0.0	0.0	0.0	0.0	36.0	0.0	0.0	0.0	28.0	0.0	1.0	0.0	0.0	0.0	0.0	45.0	0.0	0.0	0.0	0.0	0.0	82.0	0.0	0.0	0.0	0.0	0.0	0.0	46.0	26.0	0.0	90.0	0.0	69.0	0.0	0.0	0.0	0.0	0.0	0.0	0.0	0.0	66.0	97.0	0.0	78.0	21.0	0.0	9.0	74.0	0.0	0.0	0.0	0.0	0.0	0.0	0.0	0.0	0.0	0.0	0.0	0.0	0.0	66.0	0.0	27.0	0.0	17.0	93.0	0.0	0.0	0.0	79.0	91.0	0.0	0.0	0.0	0.0	7.0	13.0	0.0	0.0	0.0	0.0	0.0	0.0	0.0	0.0	0.0	0.0	0.0
72.0	0.0	0.0	0.0	0.0	0.0	0.0	27.0	0.0	0.0	0.0	94.0	0.0	0.0	0.0	80.0	50.0	0.0	0.0	0.0	0.0	0.0	0.0	0.0	0.0	0.0	16.0	0.0	67.0	81.0	0.0	0.0	58.0	0.0	0.0	0.0	0.0	27.0	0.0	0.0	0.0	0.0	0.0	0.0	0.0	0.0	0.0	91.0	0.0	0.0	20.0	0.0	0.0	0.0	0.0	31.0	0.0	61.0	0.0	0.0	0.0	44.0	0.0	0.0	0.0	79.0	0.0	0.0	0.0	0.0	0.0	0.0	26.0	0.0	0.0	0.0	0.0	0.0	0.0	0.0	49.0	0.0	16.0	0.0	42.0	0.0	0.0	0.0	96.0	0.0	0.0	0.0	0.0	72.0	0.0	0.0	0.0	0.0	0.0	0.0	82.0	9.0	100.0	28.0	0.0	0.0	34.0	0.0	48.0	28.0	0.0	90.0	0.0	0.0	0.0	0.0	0.0	0.0	0.0	0.0	0.0	74.0	0.0	0.0	0.0	95.0	0.0	0.0	0.0
0.0	56.0	0.0	0.0	0.0	0.0	0.0	69.0	0.0	0.0	87.0	71.0	0.0	0.0	0.0	0.0	0.0	0.0	96.0	0.0	0.0	0.0	0.0	0.0	0.0	55.0	0.0	0.0	62.0	0.0	0.0	75.0	0.0	0.0	0.0	0.0	0.0	38.0	0.0	0.0	0.0	0.0	0.0	56.0	0.0	0.0	30.0	0.0	0.0	0.0	95.0	0.0	0.0	66.0	30.0	0.0	0.0	0.0	0.0	0.0	0.0	27.0	93.0	0.0	0.0	0.0	0.0	0.0	0.0	0.0	0.0	75.0	0.0	9.0	0.0	0.0	0.0	0.0	4.0	24.0	0.0	0.0	0.0	0.0	0.0	0.0	0.0	4.0	54.0	0.0	48.0	0.0	0.0	0.0	58.0	21.0	0.0	0.0	0.0	10.0	0.0	0.0	0.0	0.0	0.0	62.0	0.0	0.0	0.0	0.0	12.0	0.0	99.0	0.0	0.0	0.0	0.0	0.0	0.0	0.0	25.0	0.0	0.0	0.0	17.0	0.0	7.0	0.0
0.0	0.0	0.0	0.0	0.0	0.0	0.0	64.0	0.0	0.0	0.0	0.0	0.0	0.0	85.0	0.0	0.0	96.0	0.0	0.0	10.0	0.0	0.0	0.0	0.0	38.0	64.0	0.0	0.0	0.0	0.0	0.0	0.0	0.0	0.0	22.0	0.0	0.0	0.0	97.0	0.0	16.0	0.0	0.0	48.0	64.0	0.0	0.0	0.0	95.0	0.0	0.0	28.0	69.0	39.0	0.0	0.0	64.0	0.0	0.0	57.0	0.0	0.0	0.0	0.0	48.0	0.0	51.0	63.0	66.0	23.0	0.0	0.0	0.0	0.0	0.0	0.0	0.0	0.0	13.0	0.0	0.0	0.0	0.0	64.0	0.0	0.0	65.0	18.0	65.0	0.0	0.0	95.0	58.0	0.0	0.0	0.0	29.0	0.0	56.0	0.0	0.0	0.0	0.0	0.0	48.0	37.0	75.0	0.0	0.0	3.0	0.0	0.0	0.0	0.0	0.0	0.0	0.0	0.0	97.0	0.0	0.0	0.0	0.0	0.0	0.0	0.0
0.0	84.0	0.0	80.0	28.0	0.0	4.0	0.0	38.0	0.0	7.0	16.0	64.0	0.0	5.0	0.0	83.0	0.0	75.0	0.0	0.0	0.0	0.0	0.0	0.0	0.0	0.0	0.0	0.0	0.0	0.0	0.0	0.0	0.0	19.0	0.0	0.0	0.0	0.0	0.0	96.0	66.0	0.0	0.0	99.0	0.0	0.0	0.0	0.0	63.0	0.0	0.0	0.0	0.0	0.0	0.0	0.0	20.0	0.0	20.0	0.0	44.0	0.0	0.0	85.0	0.0	66.0	85.0	0.0	41.0	0.0	0.0	0.0	0.0	0.0	0.0	23.0	0.0	0.0	0.0	0.0	0.0	0.0	0.0	0.0	0.0	0.0	0.0	0.0	0.0	0.0	31.0	0.0	0.0	0.0	0.0	0.0	11.0	0.0	0.0	0.0	0.0	0.0	0.0	0.0	0.0	0.0	0.0	0.0	38.0	88.0	0.0	0.0	0.0	0.0	0.0	0.0	0.0	0.0	0.0	0.0	23.0	0.0	0.0	0.0	0.0
0.0	0.0	0.0	0.0	90.0	60.0	0.0	0.0	0.0	0.0	0.0	0.0	0.0	48.0	80.0	90.0	0.0	0.0	0.0	0.0	0.0	0.0	0.0	0.0	44.0	0.0	0.0	0.0	56.0	0.0	0.0	0.0	81.0	0.0	0.0	0.0	0.0	0.0	7.0	0.0	0.0	21.0	0.0	0.0	92.0	68.0	0.0	96.0	0.0	0.0	65.0	0.0	66.0	0.0	0.0	89.0	0.0	0.0	0.0	0.0	92.0	26.0	0.0	0.0	0.0	90.0	50.0	0.0	0.0	0.0	0.0	64.0	0.0	54.0	0.0	0.0	0.0	0.0	0.0	0.0	0.0	10.0	4.0	0.0	0.0	18.0	0.0	0.0	0.0	26.0	0.0	0.0	0.0	0.0	100.0	0.0	91.0	12.0	0.0	0.0	0.0	29.0	0.0	0.0	0.0	62.0	0.0	17.0	23.0	0.0	0.0	0.0	0.0	0.0	0.0	0.0	81.0	0.0	0.0	0.0	0.0	0.0	0.0	0.0	62.0
0.0	0.0	92.0	89.0	0.0	18.0	0.0	0.0	0.0	0.0	0.0	0.0	0.0	0.0	0.0	0.0	31.0	0.0	0.0	0.0	0.0	0.0	0.0	0.0	0.0	0.0	0.0	0.0	0.0	69.0	0.0	0.0	0.0	55.0	0.0	54.0	0.0	22.0	0.0	0.0	8.0	0.0	0.0	0.0	0.0	97.0	0.0	0.0	8.0	0.0	84.0	0.0	78.0	0.0	0.0	29.0	0.0	78.0	19.0	0.0	64.0	0.0	0.0	0.0	2.0	0.0	74.0	0.0	14.0	0.0	0.0	0.0	0.0	0.0	0.0	0.0	0.0	0.0	0.0	0.0	0.0	35.0	0.0	0.0	0.0	0.0	32.0	0.0	0.0	66.0	54.0	45.0	0.0	0.0	0.0	0.0	53.0	17.0	0.0	0.0	0.0	0.0	0.0	35.0	0.0	36.0	0.0	69.0	0.0	0.0	0.0	0.0	76.0	0.0	0.0	0.0	51.0	0.0	0.0	72.0	0.0	0.0	0.0	0.0
0.0	0.0	0.0	42.0	1.0	0.0	0.0	0.0	95.0	0.0	53.0	0.0	0.0	0.0	0.0	0.0	0.0	0.0	0.0	95.0	0.0	0.0	84.0	76.0	0.0	78.0	0.0	0.0	67.0	30.0	0.0	0.0	46.0	0.0	0.0	0.0	0.0	0.0	0.0	0.0	0.0	0.0	57.0	0.0	0.0	48.0	76.0	0.0	0.0	36.0	0.0	98.0	45.0	0.0	0.0	0.0	0.0	0.0	58.0	82.0	6.0	0.0	96.0	0.0	0.0	0.0	16.0	95.0	0.0	100.0	0.0	0.0	0.0	0.0	0.0	0.0	0.0	0.0	0.0	0.0	0.0	35.0	0.0	0.0	0.0	0.0	0.0	0.0	40.0	98.0	0.0	0.0	79.0	0.0	0.0	38.0	58.0	0.0	27.0	0.0	0.0	0.0	34.0	0.0	0.0	0.0	0.0	0.0	0.0	0.0	15.0	0.0	0.0	0.0	0.0	0.0	0.0	0.0	0.0	0.0	0.0	0.0	0.0
16.0	0.0	0.0	0.0	98.0	0.0	0.0	69.0	0.0	0.0	0.0	0.0	0.0	0.0	0.0	45.0	0.0	0.0	0.0	94.0	0.0	0.0	87.0	0.0	0.0	0.0	0.0	0.0	83.0	0.0	0.0	83.0	0.0	0.0	0.0	0.0	0.0	0.0	51.0	67.0	0.0	0.0	0.0	0.0	0.0	0.0	4.0	0.0	0.0	0.0	0.0	0.0	0.0	0.0	0.0	51.0	0.0	0.0	0.0	25.0	0.0	0.0	38.0	0.0	81.0	0.0	0.0	49.0	0.0	0.0	0.0	0.0	0.0	0.0	0.0	48.0	0.0	38.0	7.0	0.0	0.0	0.0	0.0	0.0	0.0	0.0	0.0	0.0	28.0	0.0	0.0	0.0	30.0	0.0	17.0	33.0	0.0	82.0	0.0	0.0	0.0	0.0	78.0	0.0	0.0	0.0	0.0	0.0	0.0	0.0	0.0	0.0	100.0	99.0	77.0	62.0	28.0	0.0	0.0	0.0	0.0	0.0
0.0	0.0	0.0	0.0	78.0	0.0	0.0	21.0	0.0	100.0	53.0	0.0	30.0	0.0	0.0	26.0	0.0	0.0	0.0	0.0	0.0	19.0	93.0	0.0	46.0	94.0	0.0	0.0	0.0	0.0	0.0	0.0	34.0	0.0	0.0	0.0	0.0	0.0	52.0	0.0	0.0	0.0	0.0	0.0	0.0	0.0	0.0	0.0	0.0	0.0	60.0	0.0	48.0	93.0	0.0	0.0	0.0	0.0	0.0	0.0	28.0	0.0	0.0	0.0	0.0	17.0	0.0	0.0	0.0	0.0	0.0	38.0	0.0	99.0	0.0	36.0	72.0	0.0	0.0	0.0	19.0	0.0	0.0	0.0	0.0	0.0	61.0	0.0	0.0	0.0	0.0	0.0	0.0	0.0	0.0	0.0	82.0	0.0	0.0	96.0	0.0	0.0	0.0	0.0	0.0	0.0	0.0	0.0	91.0	38.0	0.0	0.0	51.0	0.0	98.0	0.0	85.0	0.0	0.0	0.0	13.0
63.0	0.0	0.0	0.0	0.0	0.0	0.0	0.0	0.0	0.0	0.0	0.0	0.0	0.0	0.0	0.0	0.0	0.0	0.0	0.0	0.0	0.0	0.0	0.0	0.0	63.0	0.0	0.0	0.0	0.0	0.0	6.0	0.0	0.0	0.0	58.0	0.0	0.0	0.0	33.0	0.0	1.0	0.0	0.0	0.0	0.0	0.0	96.0	0.0	100.0	0.0	0.0	0.0	0.0	0.0	0.0	100.0	0.0	0.0	0.0	52.0	0.0	0.0	0.0	0.0	0.0	0.0	0.0	0.0	46.0	15.0	0.0	0.0	0.0	0.0	0.0	94.0	0.0	0.0	0.0	0.0	0.0	49.0	0.0	0.0	0.0	0.0	0.0	0.0	0.0	0.0	29.0	58.0	0.0	0.0	98.0	0.0	96.0	0.0	0.0	0.0	46.0	0.0	0.0	0.0	0.0	0.0	94.0	0.0	0.0	84.0	0.0	0.0	0.0	0.0	0.0	0.0	0.0	0.0	0.0
0.0	0.0	0.0	49.0	0.0	0.0	0.0	6.0	0.0	0.0	0.0	0.0	0.0	0.0	0.0	0.0	0.0	17.0	0.0	0.0	0.0	0.0	0.0	0.0	88.0	0.0	0.0	0.0	0.0	0.0	47.0	3.0	2.0	0.0	0.0	21.0	0.0	0.0	64.0	0.0	8.0	0.0	0.0	79.0	0.0	0.0	0.0	22.0	0.0	99.0	0.0	0.0	0.0	0.0	0.0	13.0	0.0	0.0	14.0	0.0	0.0	0.0	0.0	0.0	0.0	0.0	83.0	85.0	0.0	0.0	0.0	46.0	0.0	0.0	14.0	0.0	0.0	0.0	0.0	22.0	0.0	0.0	0.0	0.0	0.0	0.0	0.0	0.0	0.0	28.0	0.0	0.0	95.0	0.0	0.0	0.0	19.0	96.0	22.0	0.0	0.0	0.0	92.0	0.0	49.0	0.0	0.0	5.0	93.0	0.0	0.0	0.0	17.0	0.0	0.0	0.0	0.0	30.0	0.0
0.0	0.0	27.0	0.0	0.0	3.0	0.0	0.0	0.0	0.0	0.0	0.0	0.0	13.0	0.0	0.0	0.0	0.0	0.0	0.0	0.0	0.0	7.0	0.0	44.0	12.0	0.0	0.0	0.0	0.0	0.0	0.0	0.0	91.0	0.0	68.0	0.0	0.0	0.0	0.0	0.0	0.0	83.0	38.0	0.0	70.0	0.0	67.0	0.0	0.0	0.0	71.0	72.0	0.0	0.0	0.0	0.0	0.0	0.0	0.0	0.0	0.0	0.0	91.0	0.0	89.0	0.0	0.0	50.0	0.0	76.0	0.0	0.0	0.0	26.0	0.0	35.0	47.0	0.0	37.0	0.0	0.0	0.0	0.0	0.0	0.0	13.0	0.0	77.0	0.0	0.0	0.0	87.0	0.0	3.0	0.0	65.0	0.0	0.0	0.0	47.0	1.0	0.0	0.0	0.0	83.0	0.0	0.0	0.0	66.0	0.0	82.0	0.0	0.0	0.0	0.0	0.0	41.0
0.0	46.0	0.0	0.0	0.0	0.0	0.0	0.0	79.0	0.0	0.0	0.0	0.0	0.0	0.0	0.0	0.0	0.0	18.0	0.0	0.0	0.0	26.0	80.0	0.0	0.0	0.0	5.0	72.0	0.0	0.0	0.0	83.0	41.0	0.0	0.0	0.0	0.0	96.0	0.0	0.0	48.0	24.0	0.0	0.0	0.0	0.0	0.0	0.0	43.0	49.0	0.0	0.0	0.0	0.0	0.0	84.0	0.0	0.0	0.0	0.0	0.0	95.0	29.0	55.0	0.0	0.0	88.0	0.0	0.0	13.0	0.0	0.0	0.0	0.0	0.0	0.0	0.0	0.0	0.0	97.0	0.0	42.0	5.0	0.0	0.0	0.0	22.0	0.0	0.0	0.0	0.0	0.0	0.0	60.0	0.0	0.0	0.0	0.0	0.0	0.0	0.0	0.0	0.0	0.0	0.0	0.0	63.0	0.0	86.0	70.0	16.0	0.0	0.0	91.0	0.0	48.0
0.0	14.0	0.0	0.0	0.0	26.0	0.0	0.0	0.0	0.0	0.0	0.0	0.0	71.0	0.0	0.0	0.0	43.0	0.0	0.0	13.0	0.0	0.0	66.0	0.0	58.0	0.0	3.0	72.0	0.0	0.0	58.0	0.0	32.0	0.0	0.0	0.0	0.0	0.0	0.0	0.0	0.0	0.0	0.0	16.0	0.0	0.0	0.0	50.0	0.0	0.0	68.0	0.0	23.0	0.0	86.0	0.0	0.0	0.0	37.0	0.0	0.0	0.0	0.0	0.0	0.0	0.0	21.0	8.0	0.0	0.0	48.0	0.0	24.0	0.0	0.0	0.0	0.0	0.0	0.0	0.0	0.0	0.0	0.0	0.0	0.0	28.0	58.0	40.0	0.0	0.0	0.0	0.0	97.0	0.0	0.0	0.0	0.0	36.0	90.0	75.0	0.0	0.0	0.0	0.0	0.0	0.0	0.0	0.0	0.0	95.0	0.0	0.0	39.0	0.0	0.0
0.0	96.0	0.0	48.0	0.0	0.0	0.0	24.0	0.0	0.0	67.0	0.0	0.0	44.0	0.0	80.0	92.0	0.0	0.0	0.0	66.0	0.0	0.0	0.0	0.0	0.0	69.0	46.0	0.0	29.0	46.0	0.0	0.0	0.0	0.0	0.0	0.0	15.0	0.0	0.0	66.0	0.0	0.0	0.0	0.0	0.0	0.0	0.0	0.0	0.0	0.0	24.0	0.0	0.0	0.0	0.0	0.0	0.0	0.0	79.0	0.0	0.0	0.0	0.0	0.0	0.0	0.0	0.0	0.0	0.0	0.0	0.0	0.0	0.0	0.0	0.0	0.0	13.0	0.0	6.0	0.0	87.0	84.0	0.0	0.0	0.0	3.0	0.0	74.0	0.0	100.0	0.0	0.0	97.0	0.0	0.0	0.0	71.0	0.0	0.0	0.0	0.0	0.0	0.0	0.0	0.0	0.0	0.0	0.0	7.0	0.0	0.0	0.0	0.0	0.0
73.0	28.0	59.0	0.0	0.0	0.0	68.0	0.0	0.0	0.0	0.0	0.0	0.0	0.0	24.0	0.0	0.0	0.0	0.0	0.0	60.0	0.0	0.0	0.0	0.0	57.0	0.0	0.0	0.0	7.0	0.0	0.0	0.0	81.0	0.0	77.0	0.0	0.0	0.0	0.0	32.0	0.0	0.0	0.0	0.0	0.0	0.0	46.0	0.0	0.0	0.0	0.0	0.0	0.0	0.0	0.0	0.0	0.0	0.0	0.0	0.0	0.0	78.0	0.0	97.0	0.0	18.0	0.0	49.0	0.0	13.0	31.0	0.0	0.0	0.0	0.0	0.0	0.0	0.0	0.0	0.0	69.0	0.0	0.0	0.0	0.0	0.0	0.0	0.0	0.0	16.0	87.0	0.0	0.0	0.0	0.0	0.0	0.0	0.0	0.0	94.0	0.0	0.0	0.0	0.0	93.0	0.0	0.0	0.0	0.0	23.0	0.0	0.0	0.0
0.0	0.0	0.0	0.0	0.0	0.0	0.0	0.0	0.0	0.0	47.0	0.0	0.0	0.0	0.0	22.0	0.0	16.0	0.0	0.0	0.0	0.0	0.0	0.0	0.0	0.0	0.0	99.0	0.0	0.0	38.0	0.0	0.0	0.0	0.0	0.0	0.0	0.0	0.0	0.0	0.0	0.0	0.0	52.0	0.0	0.0	0.0	0.0	0.0	0.0	0.0	0.0	0.0	0.0	0.0	0.0	38.0	0.0	51.0	0.0	21.0	0.0	0.0	0.0	0.0	0.0	62.0	0.0	0.0	0.0	0.0	11.0	18.0	0.0	0.0	0.0	84.0	0.0	0.0	0.0	0.0	0.0	45.0	0.0	0.0	0.0	0.0	0.0	0.0	0.0	0.0	55.0	0.0	0.0	81.0	4.0	0.0	81.0	0.0	0.0	28.0	98.0	6.0	0.0	99.0	85.0	65.0	71.0	0.0	0.0	0.0	14.0	0.0
0.0	0.0	44.0	0.0	39.0	0.0	0.0	0.0	0.0	2.0	0.0	0.0	0.0	16.0	0.0	0.0	0.0	0.0	0.0	0.0	10.0	0.0	0.0	0.0	64.0	0.0	90.0	0.0	0.0	0.0	0.0	0.0	48.0	0.0	0.0	0.0	0.0	45.0	0.0	0.0	49.0	0.0	51.0	0.0	0.0	0.0	51.0	32.0	0.0	45.0	0.0	0.0	0.0	0.0	0.0	96.0	0.0	49.0	0.0	0.0	0.0	0.0	96.0	0.0	0.0	94.0	0.0	0.0	0.0	0.0	0.0	0.0	0.0	0.0	30.0	75.0	0.0	0.0	0.0	0.0	71.0	62.0	0.0	0.0	0.0	0.0	0.0	35.0	0.0	0.0	0.0	0.0	83.0	0.0	0.0	3.0	58.0	0.0	95.0	56.0	0.0	0.0	0.0	0.0	0.0	0.0	97.0	0.0	86.0	0.0	35.0	0.0
62.0	0.0	0.0	0.0	0.0	65.0	0.0	0.0	0.0	0.0	0.0	0.0	63.0	0.0	0.0	0.0	0.0	0.0	0.0	0.0	0.0	0.0	0.0	0.0	0.0	0.0	0.0	0.0	0.0	0.0	0.0	0.0	0.0	0.0	25.0	0.0	0.0	0.0	0.0	0.0	59.0	0.0	0.0	16.0	0.0	60.0	63.0	8.0	0.0	0.0	0.0	0.0	0.0	0.0	0.0	0.0	0.0	30.0	0.0	0.0	0.0	0.0	0.0	0.0	0.0	0.0	0.0	8.0	0.0	0.0	0.0	0.0	11.0	0.0	23.0	0.0	0.0	47.0	0.0	13.0	0.0	0.0	39.0	84.0	0.0	0.0	0.0	13.0	0.0	0.0	0.0	73.0	0.0	0.0	0.0	0.0	36.0	0.0	0.0	0.0	0.0	0.0	0.0	0.0	27.0	0.0	0.0	0.0	84.0	0.0	0.0
0.0	0.0	0.0	0.0	86.0	18.0	32.0	46.0	0.0	0.0	0.0	59.0	36.0	0.0	0.0	0.0	0.0	0.0	0.0	0.0	0.0	0.0	0.0	0.0	0.0	0.0	53.0	0.0	0.0	2.0	0.0	12.0	1.0	37.0	0.0	0.0	0.0	0.0	51.0	86.0	20.0	73.0	0.0	58.0	0.0	0.0	86.0	0.0	0.0	0.0	0.0	0.0	92.0	0.0	0.0	0.0	0.0	0.0	0.0	0.0	0.0	0.0	0.0	0.0	35.0	0.0	44.0	0.0	0.0	0.0	0.0	0.0	0.0	0.0	0.0	0.0	0.0	0.0	0.0	55.0	0.0	0.0	0.0	44.0	0.0	0.0	0.0	0.0	0.0	0.0	19.0	22.0	0.0	0.0	0.0	0.0	87.0	0.0	0.0	0.0	0.0	29.0	0.0	0.0	41.0	0.0	4.0	0.0	0.0	0.0
0.0	0.0	0.0	80.0	0.0	0.0	0.0	0.0	0.0	64.0	0.0	68.0	0.0	85.0	33.0	0.0	86.0	0.0	0.0	0.0	29.0	0.0	0.0	87.0	0.0	0.0	0.0	0.0	0.0	3.0	0.0	14.0	0.0	0.0	0.0	12.0	0.0	0.0	36.0	0.0	0.0	0.0	90.0	0.0	0.0	51.0	82.0	0.0	0.0	0.0	0.0	0.0	55.0	0.0	0.0	0.0	0.0	39.0	0.0	50.0	65.0	0.0	3.0	0.0	0.0	21.0	0.0	0.0	53.0	0.0	0.0	45.0	0.0	0.0	7.0	27.0	0.0	17.0	0.0	60.0	0.0	95.0	0.0	74.0	0.0	63.0	0.0	82.0	14.0	0.0	0.0	0.0	84.0	0.0	0.0	0.0	0.0	0.0	0.0	0.0	0.0	0.0	91.0	0.0	0.0	0.0	0.0	0.0	0.0
0.0	0.0	0.0	0.0	0.0	47.0	0.0	0.0	0.0	0.0	0.0	0.0	0.0	0.0	0.0	0.0	0.0	0.0	0.0	41.0	0.0	0.0	0.0	0.0	0.0	53.0	0.0	40.0	37.0	0.0	0.0	0.0	0.0	0.0	0.0	0.0	0.0	0.0	0.0	0.0	0.0	0.0	0.0	0.0	0.0	0.0	0.0	51.0	0.0	0.0	0.0	0.0	0.0	63.0	0.0	10.0	0.0	0.0	0.0	96.0	0.0	90.0	0.0	0.0	6.0	4.0	0.0	0.0	0.0	72.0	2.0	0.0	0.0	0.0	0.0	0.0	80.0	0.0	23.0	0.0	0.0	0.0	0.0	0.0	47.0	0.0	0.0	0.0	0.0	43.0	0.0	0.0	53.0	0.0	0.0	25.0	0.0	0.0	56.0	7.0	67.0	39.0	0.0	41.0	0.0	15.0	0.0	0.0
0.0	0.0	0.0	0.0	0.0	0.0	99.0	0.0	0.0	0.0	0.0	25.0	0.0	47.0	0.0	0.0	17.0	0.0	79.0	0.0	0.0	38.0	0.0	54.0	0.0	0.0	0.0	0.0	0.0	0.0	0.0	44.0	0.0	0.0	43.0	61.0	0.0	21.0	0.0	0.0	0.0	0.0	69.0	0.0	8.0	74.0	0.0	0.0	0.0	0.0	0.0	0.0	0.0	0.0	0.0	0.0	0.0	92.0	0.0	0.0	0.0	21.0	0.0	0.0	0.0	68.0	0.0	0.0	0.0	65.0	0.0	0.0	0.0	28.0	80.0	0.0	68.0	73.0	0.0	0.0	93.0	47.0	0.0	38.0	0.0	0.0	26.0	0.0	33.0	0.0	0.0	0.0	71.0	0.0	0.0	0.0	0.0	20.0	0.0	0.0	58.0	26.0	39.0	0.0	0.0	0.0	0.0
76.0	0.0	0.0	0.0	0.0	42.0	32.0	0.0	0.0	64.0	86.0	0.0	0.0	0.0	0.0	0.0	0.0	0.0	0.0	91.0	80.0	72.0	0.0	0.0	0.0	0.0	0.0	0.0	0.0	23.0	0.0	0.0	0.0	0.0	0.0	0.0	0.0	0.0	0.0	0.0	0.0	0.0	0.0	0.0	99.0	82.0	0.0	0.0	0.0	0.0	16.0	0.0	0.0	0.0	0.0	0.0	0.0	0.0	0.0	0.0	0.0	26.0	84.0	0.0	0.0	0.0	0.0	0.0	0.0	57.0	7.0	0.0	0.0	0.0	0.0	0.0	0.0	0.0	96.0	0.0	0.0	0.0	0.0	78.0	0.0	0.0	0.0	0.0	83.0	34.0	0.0	0.0	0.0	27.0	0.0	0.0	0.0	0.0	29.0	0.0	0.0	0.0	44.0	0.0	5.0	0.0
0.0	0.0	0.0	0.0	0.0	0.0	0.0	0.0	0.0	0.0	0.0	0.0	0.0	0.0	0.0	0.0	0.0	0.0	38.0	0.0	59.0	0.0	0.0	0.0	0.0	0.0	0.0	0.0	0.0	0.0	0.0	0.0	0.0	0.0	56.0	0.0	0.0	85.0	0.0	78.0	0.0	0.0	4.0	0.0	0.0	0.0	0.0	0.0	4.0	0.0	0.0	0.0	0.0	79.0	0.0	0.0	0.0	0.0	0.0	0.0	0.0	0.0	0.0	0.0	12.0	0.0	0.0	0.0	0.0	52.0	0.0	0.0	0.0	4.0	0.0	0.0	0.0	0.0	0.0	0.0	64.0	0.0	0.0	0.0	90.0	0.0	0.0	0.0	0.0	66.0	0.0	0.0	41.0	22.0	93.0	0.0	90.0	17.0	0.0	0.0	0.0	0.0	48.0	0.0	82.0
81.0	83.0	84.0	0.0	0.0	0.0	0.0	0.0	0.0	0.0	14.0	0.0	0.0	0.0	0.0	80.0	37.0	0.0	0.0	0.0	55.0	0.0	77.0	0.0	0.0	0.0	0.0	71.0	0.0	64.0	0.0	0.0	0.0	0.0	94.0	0.0	90.0	0.0	0.0	0.0	0.0	0.0	0.0	0.0	0.0	0.0	34.0	0.0	0.0	0.0	0.0	0.0	0.0	0.0	94.0	0.0	99.0	0.0	17.0	0.0	75.0	0.0	0.0	76.0	0.0	0.0	0.0	0.0	0.0	0.0	0.0	0.0	0.0	69.0	75.0	0.0	0.0	0.0	0.0	0.0	0.0	0.0	0.0	48.0	0.0	0.0	0.0	0.0	50.0	11.0	0.0	0.0	81.0	0.0	0.0	0.0	74.0	27.0	0.0	0.0	0.0	0.0	0.0	0.0
0.0	0.0	0.0	0.0	0.0	0.0	0.0	65.0	0.0	0.0	0.0	0.0	0.0	21.0	1.0	0.0	0.0	0.0	0.0	0.0	0.0	0.0	0.0	7.0	4.0	0.0	8.0	0.0	0.0	0.0	56.0	0.0	0.0	0.0	0.0	0.0	55.0	0.0	0.0	0.0	0.0	0.0	0.0	56.0	0.0	0.0	0.0	0.0	0.0	9.0	66.0	0.0	75.0	87.0	60.0	30.0	0.0	7.0	0.0	0.0	96.0	7.0	0.0	0.0	0.0	51.0	0.0	0.0	0.0	0.0	0.0	0.0	0.0	0.0	0.0	0.0	0.0	0.0	0.0	0.0	0.0	0.0	0.0	0.0	57.0	0.0	0.0	0.0	63.0	0.0	0.0	0.0	79.0	91.0	0.0	80.0	0.0	55.0	0.0	0.0	83.0	0.0	0.0
0.0	0.0	29.0	0.0	0.0	0.0	0.0	0.0	87.0	0.0	0.0	52.0	0.0	78.0	0.0	0.0	0.0	33.0	0.0	51.0	0.0	0.0	0.0	0.0	0.0	0.0	0.0	0.0	0.0	0.0	0.0	0.0	0.0	0.0	39.0	0.0	58.0	64.0	0.0	3.0	35.0	93.0	0.0	0.0	0.0	0.0	0.0	0.0	89.0	62.0	59.0	0.0	0.0	0.0	94.0	0.0	0.0	0.0	19.0	0.0	0.0	38.0	0.0	0.0	87.0	0.0	0.0	0.0	0.0	85.0	23.0	0.0	70.0	0.0	0.0	62.0	0.0	0.0	65.0	91.0	0.0	31.0	0.0	0.0	0.0	0.0	0.0	0.0	0.0	0.0	0.0	0.0	0.0	0.0	0.0	0.0	0.0	53.0	0.0	0.0	0.0	0.0
0.0	85.0	0.0	40.0	0.0	18.0	0.0	0.0	0.0	0.0	0.0	0.0	0.0	0.0	0.0	0.0	0.0	0.0	0.0	0.0	0.0	0.0	76.0	0.0	0.0	8.0	0.0	0.0	4.0	0.0	9.0	0.0	0.0	0.0	0.0	0.0	100.0	0.0	0.0	0.0	0.0	0.0	0.0	0.0	0.0	0.0	0.0	0.0	0.0	0.0	0.0	0.0	0.0	0.0	0.0	8.0	0.0	19.0	0.0	0.0	0.0	0.0	28.0	0.0	0.0	0.0	0.0	0.0	0.0	46.0	0.0	0.0	0.0	19.0	0.0	0.0	0.0	0.0	31.0	0.0	0.0	0.0	0.0	0.0	88.0	0.0	80.0	0.0	80.0	0.0	0.0	0.0	0.0	0.0	0.0	35.0	0.0	0.0	0.0	0.0	0.0
0.0	0.0	16.0	0.0	39.0	0.0	0.0	0.0	0.0	0.0	0.0	0.0	0.0	0.0	31.0	0.0	67.0	0.0	0.0	0.0	0.0	0.0	0.0	0.0	0.0	0.0	33.0	0.0	0.0	38.0	0.0	0.0	0.0	66.0	98.0	0.0	74.0	50.0	15.0	0.0	0.0	90.0	0.0	4.0	41.0	0.0	84.0	74.0	0.0	0.0	0.0	0.0	0.0	0.0	0.0	0.0	0.0	42.0	0.0	0.0	0.0	81.0	0.0	2.0	88.0	93.0	56.0	0.0	88.0	0.0	28.0	0.0	0.0	0.0	0.0	0.0	42.0	0.0	5.0	47.0	41.0	0.0	0.0	0.0	47.0	0.0	0.0	0.0	0.0	0.0	0.0	0.0	0.0	0.0	67.0	0.0	0.0	0.0	0.0	0.0
0.0	21.0	14.0	0.0	31.0	0.0	0.0	0.0	0.0	100.0	99.0	0.0	0.0	94.0	85.0	77.0	0.0	0.0	0.0	63.0	58.0	0.0	0.0	10.0	0.0	0.0	48.0	0.0	0.0	0.0	0.0	0.0	0.0	0.0	0.0	0.0	0.0	0.0	0.0	32.0	0.0	0.0	90.0	0.0	0.0	23.0	0.0	17.0	0.0	0.0	18.0	88.0	0.0	0.0	0.0	68.0	0.0	64.0	0.0	36.0	0.0	0.0	0.0	51.0	0.0	0.0	0.0	0.0	0.0	0.0	0.0	0.0	0.0	0.0	47.0	66.0	0.0	0.0	27.0	0.0	0.0	0.0	0.0	0.0	0.0	0.0	0.0	0.0	0.0	13.0	78.0	0.0	0.0	44.0	0.0	89.0	0.0	35.0	0.0
0.0	0.0	0.0	77.0	0.0	0.0	0.0	0.0	0.0	0.0	22.0	87.0	0.0	0.0	0.0	0.0	0.0	1.0	24.0	0.0	0.0	0.0	0.0	0.0	0.0	59.0	41.0	0.0	0.0	0.0	0.0	0.0	0.0	0.0	0.0	65.0	0.0	0.0	0.0	0.0	0.0	0.0	0.0	0.0	0.0	19.0	61.0	23.0	0.0	65.0	0.0	72.0	0.0	0.0	0.0	20.0	0.0	0.0	0.0	0.0	0.0	0.0	0.0	0.0	0.0	0.0	0.0	0.0	24.0	0.0	0.0	32.0	0.0	60.0	0.0	68.0	0.0	0.0	0.0	0.0	0.0	0.0	98.0	35.0	0.0	0.0	2.0	0.0	0.0	50.0	0.0	0.0	95.0	0.0	0.0	0.0	0.0	43.0
0.0	0.0	0.0	0.0	0.0	52.0	20.0	0.0	94.0	76.0	0.0	10.0	40.0	85.0	6.0	0.0	0.0	0.0	17.0	0.0	0.0	0.0	0.0	0.0	0.0	0.0	0.0	29.0	83.0	81.0	29.0	0.0	0.0	0.0	0.0	0.0	30.0	73.0	0.0	0.0	0.0	0.0	0.0	0.0	0.0	77.0	0.0	0.0	0.0	48.0	0.0	0.0	27.0	0.0	0.0	0.0	0.0	0.0	0.0	0.0	0.0	4.0	0.0	12.0	21.0	0.0	5.0	0.0	0.0	0.0	0.0	0.0	50.0	0.0	0.0	0.0	0.0	0.0	0.0	6.0	0.0	38.0	0.0	84.0	60.0	0.0	0.0	0.0	2.0	0.0	0.0	0.0	0.0	89.0	0.0	0.0	95.0
36.0	99.0	29.0	100.0	0.0	0.0	0.0	95.0	0.0	0.0	0.0	0.0	0.0	0.0	0.0	42.0	0.0	0.0	0.0	75.0	0.0	0.0	0.0	0.0	0.0	0.0	0.0	0.0	0.0	0.0	97.0	0.0	38.0	0.0	0.0	0.0	0.0	0.0	0.0	0.0	0.0	32.0	0.0	0.0	66.0	0.0	0.0	0.0	0.0	0.0	0.0	0.0	0.0	0.0	36.0	0.0	0.0	0.0	0.0	0.0	32.0	0.0	0.0	0.0	0.0	0.0	0.0	0.0	0.0	0.0	0.0	0.0	0.0	0.0	0.0	0.0	0.0	0.0	0.0	58.0	0.0	0.0	0.0	0.0	0.0	0.0	0.0	0.0	0.0	0.0	0.0	0.0	0.0	0.0	0.0	0.0
0.0	0.0	0.0	0.0	0.0	0.0	0.0	0.0	0.0	0.0	85.0	0.0	0.0	0.0	0.0	0.0	0.0	0.0	97.0	0.0	0.0	0.0	20.0	28.0	0.0	0.0	39.0	77.0	0.0	0.0	8.0	0.0	0.0	0.0	5.0	0.0	0.0	39.0	0.0	0.0	0.0	0.0	80.0	0.0	0.0	0.0	0.0	0.0	0.0	0.0	0.0	0.0	0.0	0.0	71.0	0.0	0.0	0.0	0.0	0.0	0.0	0.0	0.0	9.0	0.0	2.0	0.0	0.0	42.0	0.0	0.0	0.0	39.0	29.0	0.0	12.0	0.0	0.0	0.0	0.0	0.0	0.0	9.0	0.0	57.0	0.0	0.0	0.0	0.0	0.0	11.0	24.0	0.0	28.0	0.0
0.0	0.0	0.0	0.0	0.0	0.0	0.0	0.0	0.0	0.0	0.0	25.0	0.0	0.0	0.0	0.0	0.0	0.0	0.0	10.0	0.0	0.0	0.0	0.0	83.0	0.0	0.0	0.0	0.0	0.0	0.0	0.0	0.0	0.0	0.0	0.0	0.0	0.0	95.0	0.0	0.0	0.0	0.0	0.0	0.0	0.0	13.0	0.0	0.0	0.0	0.0	0.0	0.0	0.0	70.0	25.0	0.0	0.0	0.0	0.0	33.0	71.0	0.0	0.0	0.0	0.0	0.0	0.0	0.0	0.0	1.0	0.0	0.0	0.0	0.0	0.0	0.0	0.0	0.0	0.0	0.0	31.0	0.0	2.0	0.0	0.0	0.0	0.0	0.0	0.0	29.0	0.0	30.0	0.0
85.0	0.0	76.0	0.0	0.0	0.0	0.0	27.0	6.0	7.0	0.0	0.0	0.0	0.0	0.0	0.0	0.0	68.0	0.0	0.0	0.0	0.0	43.0	0.0	0.0	0.0	0.0	0.0	5.0	0.0	0.0	0.0	0.0	27.0	0.0	0.0	46.0	0.0	54.0	0.0	35.0	13.0	0.0	43.0	0.0	7.0	60.0	0.0	0.0	0.0	0.0	38.0	0.0	0.0	0.0	0.0	1.0	34.0	43.0	60.0	0.0	95.0	0.0	0.0	0.0	0.0	0.0	8.0	0.0	43.0	80.0	0.0	0.0	0.0	0.0	0.0	0.0	0.0	0.0	0.0	0.0	0.0	0.0	0.0	0.0	72.0	0.0	0.0	0.0	0.0	54.0	0.0	23.0
0.0	0.0	0.0	0.0	0.0	0.0	0.0	0.0	66.0	48.0	0.0	0.0	0.0	0.0	0.0	0.0	0.0	74.0	0.0	1.0	25.0	0.0	0.0	14.0	0.0	0.0	35.0	45.0	0.0	0.0	77.0	0.0	32.0	0.0	86.0	0.0	0.0	0.0	0.0	0.0	0.0	0.0	67.0	0.0	0.0	53.0	39.0	0.0	0.0	0.0	0.0	0.0	0.0	0.0	0.0	0.0	0.0	59.0	0.0	0.0	0.0	0.0	0.0	0.0	0.0	0.0	0.0	0.0	0.0	0.0	0.0	0.0	0.0	0.0	0.0	0.0	0.0	0.0	0.0	28.0	0.0	0.0	0.0	23.0	11.0	19.0	0.0	0.0	0.0	93.0	0.0	0.0
0.0	0.0	0.0	0.0	0.0	0.0	0.0	0.0	7.0	0.0	0.0	30.0	63.0	74.0	87.0	0.0	84.0	0.0	0.0	0.0	0.0	0.0	0.0	0.0	0.0	0.0	0.0	0.0	0.0	96.0	0.0	57.0	0.0	0.0	0.0	0.0	0.0	0.0	0.0	0.0	0.0	0.0	69.0	0.0	0.0	0.0	0.0	100.0	0.0	0.0	5.0	39.0	0.0	0.0	31.0	0.0	0.0	60.0	0.0	0.0	41.0	86.0	0.0	97.0	0.0	0.0	0.0	0.0	0.0	0.0	0.0	0.0	0.0	0.0	0.0	70.0	0.0	58.0	0.0	0.0	15.0	38.0	73.0	97.0	82.0	0.0	0.0	0.0	0.0	0.0	0.0
0.0	38.0	0.0	0.0	85.0	50.0	0.0	0.0	0.0	97.0	77.0	0.0	15.0	0.0	0.0	0.0	0.0	0.0	0.0	42.0	0.0	0.0	0.0	0.0	0.0	88.0	0.0	0.0	0.0	0.0	0.0	23.0	0.0	0.0	66.0	91.0	0.0	0.0	22.0	0.0	66.0	0.0	0.0	0.0	0.0	0.0	0.0	0.0	50.0	0.0	0.0	0.0	0.0	0.0	0.0	0.0	69.0	0.0	0.0	0.0	0.0	0.0	46.0	0.0	0.0	0.0	0.0	0.0	0.0	0.0	57.0	0.0	39.0	0.0	0.0	0.0	17.0	0.0	0.0	0.0	0.0	0.0	0.0	37.0	54.0	0.0	0.0	0.0	34.0	62.0
0.0	0.0	0.0	0.0	0.0	0.0	5.0	48.0	35.0	0.0	37.0	0.0	0.0	0.0	0.0	0.0	0.0	0.0	0.0	0.0	0.0	36.0	0.0	89.0	0.0	55.0	0.0	0.0	0.0	0.0	0.0	0.0	57.0	52.0	0.0	0.0	0.0	0.0	0.0	21.0	0.0	0.0	93.0	58.0	16.0	84.0	30.0	0.0	0.0	0.0	85.0	0.0	0.0	0.0	0.0	0.0	0.0	0.0	95.0	0.0	0.0	0.0	0.0	0.0	0.0	0.0	0.0	0.0	0.0	0.0	0.0	0.0	0.0	69.0	0.0	0.0	0.0	2.0	89.0	84.0	0.0	0.0	0.0	100.0	24.0	0.0	5.0	0.0	61.0
89.0	0.0	0.0	0.0	0.0	0.0	0.0	0.0	0.0	0.0	0.0	13.0	0.0	0.0	0.0	0.0	96.0	92.0	65.0	0.0	0.0	0.0	18.0	0.0	0.0	0.0	51.0	0.0	0.0	24.0	0.0	0.0	0.0	0.0	0.0	0.0	56.0	0.0	0.0	74.0	0.0	0.0	0.0	0.0	0.0	40.0	0.0	0.0	0.0	0.0	0.0	0.0	0.0	13.0	26.0	46.0	71.0	72.0	62.0	0.0	0.0	0.0	0.0	46.0	20.0	66.0	0.0	0.0	30.0	59.0	0.0	0.0	0.0	0.0	0.0	0.0	0.0	0.0	0.0	0.0	80.0	0.0	0.0	0.0	0.0	22.0	0.0	53.0
0.0	0.0	0.0	0.0	0.0	0.0	0.0	96.0	0.0	49.0	0.0	0.0	30.0	0.0	0.0	45.0	0.0	0.0	0.0	0.0	0.0	47.0	0.0	0.0	0.0	0.0	15.0	0.0	0.0	0.0	69.0	0.0	0.0	0.0	90.0	0.0	0.0	0.0	0.0	0.0	0.0	0.0	0.0	0.0	0.0	0.0	0.0	0.0	0.0	0.0	0.0	0.0	0.0	99.0	0.0	0.0	98.0	0.0	0.0	1.0	56.0	0.0	0.0	27.0	0.0	0.0	0.0	0.0	0.0	0.0	77.0	12.0	0.0	0.0	0.0	32.0	0.0	0.0	0.0	0.0	0.0	0.0	28.0	90.0	0.0	47.0	0.0
0.0	0.0	0.0	0.0	0.0	0.0	0.0	0.0	0.0	0.0	22.0	0.0	0.0	0.0	0.0	0.0	0.0	0.0	68.0	0.0	0.0	0.0	0.0	0.0	91.0	0.0	0.0	0.0	0.0	3.0	29.0	0.0	23.0	0.0	43.0	0.0	2.0	0.0	0.0	0.0	0.0	0.0	0.0	0.0	20.0	61.0	0.0	0.0	0.0	0.0	0.0	0.0	100.0	0.0	33.0	0.0	0.0	0.0	0.0	0.0	27.0	0.0	49.0	0.0	0.0	93.0	51.0	84.0	0.0	0.0	91.0	0.0	68.0	0.0	0.0	0.0	0.0	0.0	0.0	0.0	0.0	0.0	0.0	0.0	0.0	0.0
0.0	0.0	0.0	0.0	0.0	0.0	0.0	34.0	0.0	0.0	37.0	9.0	0.0	0.0	86.0	0.0	24.0	0.0	88.0	100.0	0.0	0.0	33.0	0.0	39.0	0.0	0.0	0.0	9.0	0.0	0.0	0.0	73.0	0.0	0.0	0.0	93.0	0.0	0.0	0.0	0.0	0.0	52.0	0.0	75.0	50.0	0.0	0.0	0.0	0.0	61.0	0.0	0.0	0.0	0.0	0.0	0.0	10.0	0.0	0.0	0.0	9.0	0.0	0.0	0.0	66.0	0.0	0.0	0.0	0.0	65.0	22.0	23.0	66.0	94.0	0.0	0.0	87.0	0.0	58.0	0.0	0.0	33.0	0.0	73.0
71.0	82.0	0.0	0.0	0.0	0.0	0.0	0.0	0.0	0.0	64.0	0.0	0.0	0.0	0.0	0.0	6.0	0.0	34.0	0.0	0.0	0.0	0.0	0.0	37.0	0.0	0.0	0.0	0.0	0.0	0.0	0.0	0.0	0.0	0.0	0.0	0.0	0.0	0.0	0.0	0.0	99.0	0.0	0.0	0.0	55.0	0.0	9.0	0.0	0.0	0.0	0.0	33.0	0.0	0.0	34.0	0.0	0.0	0.0	0.0	11.0	0.0	15.0	87.0	0.0	4.0	0.0	63.0	0.0	0.0	70.0	41.0	0.0	0.0	0.0	0.0	0.0	0.0	0.0	0.0	0.0	0.0	0.0	60.0
73.0	0.0	0.0	0.0	0.0	0.0	0.0	0.0	0.0	34.0	0.0	0.0	0.0	0.0	0.0	0.0	0.0	0.0	0.0	0.0	68.0	0.0	0.0	0.0	0.0	0.0	0.0	0.0	0.0	0.0	96.0	0.0	0.0	0.0	0.0	0.0	2.0	0.0	8.0	0.0	67.0	0.0	0.0	0.0	0.0	0.0	0.0	94.0	0.0	0.0	0.0	33.0	0.0	0.0	0.0	58.0	0.0	0.0	8.0	0.0	0.0	0.0	0.0	0.0	0.0	0.0	0.0	0.0	0.0	0.0	81.0	0.0	0.0	0.0	0.0	0.0	0.0	0.0	0.0	95.0	0.0	0.0	0.0
0.0	96.0	0.0	0.0	0.0	40.0	0.0	0.0	0.0	0.0	85.0	0.0	0.0	0.0	0.0	0.0	0.0	46.0	0.0	0.0	0.0	0.0	0.0	49.0	15.0	86.0	0.0	52.0	0.0	52.0	0.0	0.0	0.0	0.0	0.0	0.0	0.0	0.0	0.0	0.0	0.0	0.0	0.0	0.0	0.0	0.0	0.0	84.0	0.0	0.0	0.0	0.0	0.0	0.0	0.0	0.0	0.0	5.0	87.0	0.0	0.0	0.0	0.0	22.0	0.0	0.0	0.0	0.0	0.0	0.0	45.0	94.0	0.0	0.0	0.0	0.0	0.0	0.0	0.0	67.0	0.0	47.0
0.0	25.0	0.0	0.0	41.0	0.0	74.0	0.0	0.0	0.0	0.0	0.0	0.0	0.0	0.0	0.0	0.0	0.0	0.0	72.0	0.0	99.0	0.0	0.0	0.0	0.0	0.0	0.0	0.0	0.0	0.0	0.0	48.0	0.0	0.0	0.0	0.0	0.0	0.0	0.0	0.0	0.0	0.0	0.0	0.0	0.0	0.0	99.0	82.0	0.0	0.0	0.0	0.0	0.0	0.0	0.0	0.0	0.0	77.0	0.0	13.0	0.0	0.0	0.0	0.0	0.0	20.0	20.0	44.0	0.0	94.0	0.0	0.0	0.0	0.0	0.0	0.0	0.0	0.0	0.0	0.0
31.0	28.0	0.0	0.0	0.0	0.0	0.0	25.0	23.0	26.0	0.0	0.0	0.0	59.0	76.0	0.0	64.0	0.0	0.0	0.0	0.0	0.0	0.0	0.0	41.0	0.0	0.0	0.0	0.0	0.0	0.0	0.0	88.0	0.0	0.0	0.0	0.0	0.0	37.0	0.0	28.0	0.0	0.0	57.0	0.0	29.0	0.0	0.0	0.0	0.0	100.0	0.0	0.0	0.0	0.0	0.0	0.0	72.0	99.0	0.0	0.0	0.0	0.0	0.0	0.0	0.0	0.0	0.0	0.0	0.0	63.0	96.0	35.0	81.0	0.0	0.0	0.0	0.0	0.0	0.0
16.0	0.0	0.0	0.0	0.0	0.0	0.0	37.0	0.0	0.0	0.0	0.0	0.0	2.0	0.0	0.0	34.0	0.0	0.0	0.0	22.0	0.0	0.0	0.0	0.0	0.0	0.0	0.0	93.0	81.0	0.0	0.0	0.0	79.0	0.0	0.0	0.0	89.0	56.0	0.0	0.0	0.0	0.0	0.0	0.0	0.0	0.0	0.0	0.0	0.0	0.0	0.0	0.0	0.0	0.0	50.0	0.0	76.0	0.0	0.0	0.0	0.0	70.0	0.0	25.0	0.0	72.0	0.0	0.0	0.0	0.0	0.0	37.0	68.0	0.0	0.0	59.0	0.0	0.0
2.0	0.0	87.0	0.0	0.0	0.0	0.0	0.0	12.0	0.0	0.0	31.0	0.0	57.0	32.0	0.0	29.0	38.0	0.0	0.0	0.0	0.0	0.0	0.0	81.0	0.0	0.0	0.0	0.0	84.0	0.0	9.0	0.0	0.0	0.0	0.0	0.0	0.0	0.0	0.0	0.0	0.0	0.0	0.0	56.0	0.0	0.0	81.0	0.0	47.0	0.0	0.0	0.0	0.0	0.0	26.0	0.0	48.0	0.0	0.0	0.0	44.0	0.0	0.0	0.0	0.0	0.0	0.0	0.0	0.0	0.0	0.0	0.0	0.0	0.0	0.0	0.0	0.0
0.0	0.0	0.0	0.0	0.0	0.0	0.0	0.0	48.0	0.0	29.0	0.0	0.0	0.0	0.0	0.0	0.0	0.0	0.0	21.0	0.0	0.0	0.0	58.0	0.0	0.0	0.0	0.0	0.0	0.0	0.0	0.0	0.0	0.0	0.0	0.0	0.0	0.0	74.0	0.0	86.0	0.0	0.0	0.0	0.0	0.0	0.0	0.0	0.0	0.0	0.0	0.0	0.0	17.0	0.0	0.0	0.0	0.0	0.0	0.0	0.0	0.0	0.0	0.0	0.0	0.0	0.0	0.0	55.0	0.0	0.0	39.0	39.0	0.0	0.0	53.0	0.0
43.0	67.0	0.0	0.0	0.0	81.0	0.0	0.0	27.0	0.0	0.0	27.0	72.0	0.0	0.0	0.0	29.0	0.0	0.0	0.0	0.0	0.0	0.0	28.0	0.0	17.0	0.0	0.0	4.0	0.0	0.0	0.0	0.0	0.0	0.0	0.0	0.0	0.0	0.0	22.0	0.0	0.0	0.0	44.0	0.0	0.0	0.0	81.0	0.0	0.0	0.0	42.0	0.0	0.0	0.0	0.0	24.0	60.0	0.0	0.0	0.0	0.0	72.0	0.0	0.0	84.0	0.0	0.0	0.0	0.0	25.0	0.0	0.0	0.0	0.0	69.0
0.0	1.0	0.0	0.0	0.0	0.0	0.0	0.0	0.0	0.0	0.0	0.0	0.0	0.0	0.0	0.0	41.0	0.0	0.0	0.0	0.0	0.0	0.0	45.0	0.0	0.0	0.0	0.0	0.0	0.0	31.0	0.0	0.0	0.0	0.0	38.0	0.0	0.0	33.0	0.0	81.0	0.0	38.0	89.0	0.0	0.0	0.0	21.0	0.0	54.0	2.0	0.0	0.0	63.0	25.0	0.0	0.0	0.0	0.0	0.0	45.0	72.0	10.0	29.0	0.0	0.0	0.0	0.0	0.0	0.0	0.0	0.0	0.0	0.0	0.0
0.0	0.0	0.0	34.0	0.0	0.0	0.0	0.0	0.0	61.0	0.0	0.0	0.0	0.0	75.0	0.0	47.0	66.0	13.0	0.0	20.0	18.0	94.0	0.0	0.0	7.0	0.0	0.0	52.0	0.0	0.0	0.0	0.0	0.0	0.0	0.0	76.0	0.0	0.0	95.0	6.0	0.0	0.0	0.0	0.0	80.0	94.0	0.0	0.0	0.0	0.0	0.0	0.0	0.0	0.0	0.0	0.0	24.0	8.0	0.0	0.0	0.0	0.0	25.0	0.0	23.0	0.0	0.0	0.0	0.0	82.0	0.0	0.0	0.0
7.0	0.0	0.0	0.0	24.0	0.0	47.0	0.0	0.0	0.0	0.0	0.0	71.0	0.0	0.0	0.0	73.0	0.0	0.0	0.0	0.0	44.0	0.0	0.0	46.0	0.0	0.0	0.0	0.0	0.0	0.0	0.0	0.0	0.0	8.0	0.0	0.0	0.0	21.0	0.0	0.0	86.0	0.0	42.0	0.0	0.0	0.0	0.0	0.0	48.0	33.0	43.0	0.0	0.0	0.0	0.0	0.0	0.0	0.0	0.0	0.0	0.0	0.0	0.0	0.0	0.0	76.0	0.0	0.0	0.0	0.0	0.0	0.0
74.0	21.0	50.0	0.0	0.0	0.0	26.0	39.0	0.0	0.0	0.0	0.0	0.0	0.0	51.0	0.0	0.0	0.0	26.0	0.0	0.0	0.0	0.0	0.0	0.0	0.0	0.0	81.0	8.0	18.0	3.0	0.0	0.0	0.0	0.0	0.0	78.0	0.0	0.0	0.0	0.0	0.0	14.0	0.0	0.0	100.0	0.0	0.0	0.0	0.0	1.0	0.0	0.0	42.0	0.0	0.0	0.0	0.0	0.0	0.0	0.0	93.0	0.0	0.0	0.0	0.0	8.0	68.0	0.0	7.0	0.0	0.0
0.0	0.0	0.0	0.0	0.0	0.0	0.0	0.0	0.0	0.0	0.0	81.0	27.0	0.0	0.0	0.0	21.0	0.0	0.0	8.0	0.0	46.0	0.0	0.0	0.0	0.0	0.0	0.0	75.0	0.0	0.0	0.0	0.0	0.0	0.0	0.0	0.0	27.0	83.0	0.0	47.0	0.0	0.0	0.0	0.0	0.0	0.0	0.0	0.0	0.0	0.0	0.0	83.0	0.0	59.0	0.0	0.0	0.0	0.0	0.0	0.0	0.0	0.0	84.0	27.0	0.0	0.0	7.0	0.0	0.0	0.0
68.0	62.0	0.0	18.0	50.0	0.0	0.0	0.0	0.0	32.0	0.0	0.0	0.0	0.0	0.0	0.0	0.0	0.0	0.0	0.0	94.0	0.0	0.0	53.0	0.0	0.0	1.0	0.0	0.0	77.0	0.0	0.0	0.0	0.0	31.0	0.0	0.0	74.0	0.0	0.0	0.0	0.0	10.0	0.0	0.0	85.0	83.0	0.0	0.0	0.0	0.0	33.0	0.0	0.0	0.0	0.0	18.0	0.0	0.0	0.0	0.0	0.0	67.0	85.0	0.0	0.0	79.0	0.0	0.0	22.0
94.0	0.0	85.0	0.0	0.0	0.0	0.0	0.0	0.0	0.0	0.0	17.0	0.0	0.0	0.0	0.0	0.0	100.0	99.0	0.0	0.0	0.0	78.0	0.0	0.0	0.0	5.0	0.0	42.0	0.0	0.0	0.0	77.0	0.0	0.0	35.0	48.0	0.0	0.0	83.0	0.0	44.0	0.0	0.0	0.0	0.0	96.0	0.0	0.0	31.0	0.0	0.0	59.0	0.0	0.0	0.0	0.0	0.0	0.0	0.0	0.0	0.0	0.0	0.0	60.0	0.0	81.0	0.0	0.0
0.0	0.0	0.0	0.0	0.0	36.0	0.0	43.0	0.0	16.0	0.0	0.0	0.0	92.0	43.0	0.0	0.0	0.0	42.0	0.0	77.0	0.0	0.0	0.0	0.0	0.0	0.0	0.0	0.0	14.0	0.0	0.0	0.0	0.0	0.0	0.0	0.0	0.0	0.0	0.0	0.0	22.0	0.0	0.0	44.0	0.0	0.0	35.0	70.0	0.0	0.0	0.0	0.0	0.0	0.0	0.0	0.0	0.0	0.0	0.0	24.0	49.0	51.0	58.0	0.0	0.0	0.0	0.0
0.0	92.0	41.0	13.0	0.0	95.0	40.0	0.0	42.0	0.0	0.0	97.0	0.0	0.0	0.0	0.0	0.0	0.0	10.0	90.0	0.0	0.0	0.0	0.0	98.0	41.0	0.0	0.0	0.0	0.0	0.0	0.0	0.0	0.0	87.0	0.0	12.0	0.0	0.0	59.0	20.0	0.0	0.0	0.0	0.0	0.0	0.0	0.0	0.0	45.0	0.0	0.0	0.0	0.0	0.0	63.0	0.0	12.0	49.0	42.0	0.0	22.0	97.0	2.0	0.0	62.0	0.0
0.0	0.0	0.0	0.0	0.0	0.0	0.0	0.0	0.0	27.0	0.0	0.0	0.0	25.0	0.0	0.0	0.0	0.0	0.0	0.0	0.0	47.0	0.0	0.0	0.0	0.0	97.0	0.0	0.0	0.0	36.0	0.0	0.0	0.0	0.0	1.0	36.0	38.0	76.0	0.0	0.0	0.0	60.0	0.0	0.0	8.0	0.0	0.0	24.0	0.0	0.0	69.0	0.0	0.0	0.0	0.0	0.0	0.0	0.0	0.0	0.0	0.0	0.0	70.0	0.0	0.0
9.0	0.0	77.0	0.0	0.0	0.0	0.0	0.0	30.0	40.0	42.0	0.0	0.0	0.0	0.0	0.0	0.0	0.0	65.0	0.0	0.0	86.0	0.0	95.0	0.0	0.0	48.0	0.0	0.0	0.0	0.0	0.0	0.0	46.0	0.0	0.0	80.0	0.0	0.0	0.0	0.0	0.0	0.0	0.0	0.0	0.0	0.0	0.0	0.0	0.0	58.0	0.0	0.0	0.0	0.0	0.0	0.0	0.0	0.0	72.0	90.0	95.0	0.0	0.0	0.0
0.0	0.0	0.0	0.0	0.0	0.0	0.0	0.0	0.0	0.0	0.0	0.0	0.0	0.0	0.0	0.0	85.0	0.0	0.0	0.0	0.0	0.0	0.0	89.0	0.0	0.0	86.0	0.0	0.0	0.0	0.0	0.0	0.0	77.0	0.0	0.0	60.0	0.0	38.0	0.0	0.0	0.0	80.0	10.0	0.0	0.0	0.0	0.0	0.0	0.0	0.0	0.0	0.0	0.0	98.0	0.0	0.0	0.0	0.0	0.0	0.0	0.0	0.0	0.0
0.0	5.0	0.0	0.0	0.0	0.0	26.0	0.0	0.0	0.0	0.0	0.0	0.0	0.0	0.0	0.0	0.0	0.0	82.0	54.0	0.0	0.0	0.0	0.0	0.0	0.0	0.0	0.0	0.0	0.0	0.0	0.0	0.0	0.0	0.0	0.0	39.0	0.0	0.0	0.0	0.0	0.0	55.0	59.0	0.0	0.0	0.0	1.0	19.0	88.0	0.0	32.0	0.0	0.0	0.0	78.0	0.0	21.0	90.0	8.0	69.0	0.0	15.0
90.0	19.0	0.0	0.0	0.0	25.0	0.0	0.0	36.0	68.0	0.0	85.0	69.0	0.0	0.0	0.0	0.0	0.0	0.0	47.0	0.0	0.0	0.0	0.0	0.0	13.0	0.0	0.0	0.0	97.0	0.0	89.0	0.0	0.0	0.0	23.0	0.0	0.0	0.0	29.0	0.0	0.0	100.0	40.0	42.0	0.0	34.0	96.0	66.0	0.0	0.0	0.0	0.0	0.0	0.0	0.0	0.0	0.0	43.0	7.0	0.0	0.0
60.0	73.0	63.0	0.0	0.0	0.0	96.0	0.0	0.0	70.0	0.0	1.0	0.0	0.0	5.0	0.0	0.0	99.0	0.0	92.0	0.0	0.0	32.0	67.0	0.0	0.0	0.0	0.0	64.0	0.0	0.0	0.0	96.0	0.0	0.0	0.0	13.0	0.0	0.0	0.0	11.0	0.0	0.0	0.0	31.0	0.0	0.0	0.0	50.0	0.0	0.0	0.0	0.0	0.0	0.0	68.0	0.0	0.0	52.0	0.0	76.0
0.0	0.0	0.0	0.0	0.0	0.0	96.0	0.0	0.0	0.0	0.0	0.0	0.0	0.0	0.0	0.0	0.0	0.0	0.0	54.0	0.0	0.0	31.0	87.0	0.0	0.0	0.0	0.0	0.0	0.0	0.0	0.0	0.0	0.0	8.0	0.0	49.0	0.0	0.0	0.0	0.0	0.0	0.0	10.0	0.0	0.0	69.0	0.0	0.0	0.0	0.0	0.0	0.0	0.0	0.0	0.0	73.0	76.0	0.0	33.0
61.0	0.0	0.0	0.0	0.0	0.0	0.0	0.0	0.0	0.0	0.0	0.0	53.0	0.0	0.0	71.0	0.0	75.0	0.0	0.0	0.0	15.0	0.0	7.0	0.0	0.0	0.0	7.0	0.0	30.0	0.0	0.0	0.0	0.0	9.0	98.0	4.0	0.0	0.0	0.0	0.0	0.0	0.0	25.0	0.0	0.0	0.0	0.0	38.0	0.0	0.0	0.0	0.0	0.0	0.0	0.0	0.0	0.0	76.0
0.0	0.0	64.0	0.0	0.0	37.0	2.0	0.0	0.0	0.0	0.0	0.0	0.0	0.0	0.0	18.0	0.0	81.0	0.0	0.0	0.0	0.0	0.0	79.0	0.0	32.0	0.0	0.0	0.0	14.0	0.0	0.0	0.0	0.0	0.0	0.0	0.0	95.0	56.0	0.0	0.0	0.0	0.0	0.0	54.0	0.0	10.0	0.0	11.0	0.0	0.0	19.0	0.0	0.0	0.0	25.0	0.0	0.0
87.0	32.0	0.0	61.0	0.0	0.0	0.0	0.0	0.0	0.0	0.0	0.0	24.0	7.0	47.0	0.0	0.0	0.0	0.0	0.0	0.0	0.0	0.0	0.0	83.0	0.0	0.0	0.0	0.0	0.0	0.0	0.0	58.0	0.0	0.0	59.0	0.0	0.0	0.0	71.0	0.0	66.0	0.0	10.0	25.0	0.0	0.0	0.0	0.0	0.0	0.0	0.0	30.0	100.0	43.0	0.0	0.0
0.0	0.0	0.0	16.0	0.0	0.0	0.0	0.0	0.0	0.0	0.0	0.0	61.0	0.0	12.0	0.0	0.0	0.0	0.0	0.0	0.0	0.0	0.0	0.0	0.0	0.0	0.0	0.0	0.0	35.0	17.0	0.0	0.0	86.0	84.0	0.0	0.0	0.0	0.0	0.0	50.0	0.0	0.0	0.0	0.0	0.0	0.0	4.0	29.0	0.0	0.0	0.0	42.0	0.0	48.0	0.0
38.0	0.0	97.0	0.0	0.0	13.0	0.0	0.0	0.0	0.0	0.0	0.0	0.0	29.0	0.0	0.0	93.0	0.0	0.0	0.0	0.0	85.0	0.0	0.0	0.0	0.0	0.0	0.0	25.0	9.0	0.0	0.0	68.0	0.0	0.0	0.0	23.0	0.0	0.0	0.0	0.0	80.0	0.0	0.0	0.0	0.0	63.0	0.0	0.0	0.0	0.0	7.0	0.0	0.0	0.0
15.0	0.0	78.0	0.0	0.0	2.0	0.0	0.0	0.0	0.0	0.0	0.0	0.0	20.0	32.0	0.0	0.0	0.0	88.0	0.0	0.0	25.0	0.0	55.0	0.0	0.0	0.0	0.0	0.0	0.0	0.0	0.0	54.0	0.0	14.0	0.0	0.0	0.0	0.0	0.0	0.0	23.0	6.0	26.0	0.0	22.0	14.0	0.0	0.0	0.0	0.0	0.0	0.0	0.0
0.0	0.0	33.0	0.0	17.0	0.0	0.0	0.0	0.0	0.0	58.0	0.0	0.0	27.0	0.0	0.0	0.0	0.0	0.0	0.0	0.0	0.0	0.0	0.0	0.0	0.0	0.0	42.0	0.0	0.0	0.0	0.0	43.0	0.0	49.0	0.0	0.0	0.0	0.0	0.0	95.0	0.0	0.0	0.0	85.0	0.0	0.0	0.0	0.0	0.0	0.0	29.0	0.0
0.0	5.0	51.0	21.0	46.0	0.0	88.0	7.0	0.0	0.0	0.0	0.0	40.0	0.0	0.0	0.0	0.0	46.0	96.0	9.0	51.0	0.0	0.0	0.0	0.0	0.0	0.0	0.0	61.0	0.0	0.0	0.0	0.0	0.0	0.0	0.0	0.0	0.0	0.0	0.0	0.0	0.0	0.0	0.0	0.0	0.0	23.0	30.0	0.0	0.0	0.0	0.0
0.0	0.0	0.0	25.0	0.0	29.0	22.0	0.0	0.0	0.0	21.0	0.0	0.0	0.0	20.0	0.0	23.0	0.0	0.0	0.0	4.0	0.0	0.0	0.0	9.0	0.0	48.0	29.0	0.0	0.0	0.0	61.0	0.0	13.0	0.0	0.0	0.0	0.0	20.0	0.0	0.0	0.0	0.0	0.0	0.0	0.0	0.0	0.0	87.0	0.0	93.0
0.0	0.0	0.0	0.0	0.0	0.0	51.0	0.0	70.0	0.0	19.0	51.0	41.0	0.0	0.0	0.0	0.0	0.0	32.0	0.0	0.0	0.0	0.0	60.0	0.0	0.0	0.0	0.0	0.0	0.0	53.0	0.0	0.0	0.0	0.0	0.0	0.0	0.0	0.0	12.0	0.0	0.0	0.0	0.0	0.0	0.0	0.0	0.0	0.0	0.0
0.0	0.0	0.0	0.0	0.0	0.0	26.0	0.0	37.0	0.0	0.0	0.0	0.0	0.0	0.0	0.0	0.0	49.0	0.0	36.0	0.0	2.0	0.0	0.0	0.0	38.0	0.0	0.0	0.0	77.0	3.0	0.0	0.0	0.0	0.0	0.0	10.0	0.0	43.0	0.0	0.0	0.0	0.0	0.0	0.0	61.0	0.0	0.0	0.0
38.0	0.0	67.0	0.0	0.0	0.0	0.0	0.0	7.0	0.0	75.0	0.0	0.0	21.0	0.0	0.0	71.0	0.0	0.0	0.0	0.0	0.0	0.0	0.0	0.0	0.0	0.0	0.0	96.0	6.0	0.0	0.0	0.0	0.0	0.0	42.0	0.0	0.0	0.0	0.0	74.0	0.0	0.0	38.0	51.0	0.0	0.0	66.0
0.0	61.0	0.0	0.0	0.0	0.0	0.0	0.0	0.0	0.0	57.0	0.0	28.0	0.0	0.0	0.0	0.0	91.0	0.0	0.0	0.0	0.0	0.0	0.0	0.0	23.0	0.0	0.0	74.0	0.0	0.0	0.0	9.0	0.0	0.0	28.0	0.0	0.0	0.0	90.0	0.0	0.0	85.0	0.0	0.0	0.0	0.0
0.0	91.0	0.0	0.0	0.0	70.0	48.0	0.0	83.0	0.0	0.0	0.0	0.0	0.0	0.0	0.0	0.0	0.0	0.0	0.0	0.0	0.0	93.0	21.0	35.0	0.0	0.0	65.0	0.0	0.0	0.0	0.0	0.0	0.0	0.0	0.0	69.0	0.0	4.0	0.0	78.0	0.0	0.0	0.0	0.0	18.0
0.0	0.0	0.0	0.0	0.0	0.0	0.0	0.0	0.0	43.0	0.0	68.0	0.0	0.0	81.0	0.0	34.0	0.0	0.0	22.0	0.0	0.0	0.0	0.0	0.0	0.0	92.0	0.0	35.0	73.0	53.0	0.0	0.0	0.0	0.0	0.0	0.0	0.0	0.0	0.0	0.0	34.0	0.0	0.0	0.0
33.0	20.0	0.0	0.0	80.0	100.0	50.0	54.0	8.0	0.0	0.0	77.0	0.0	0.0	19.0	11.0	0.0	11.0	0.0	30.0	0.0	59.0	38.0	0.0	0.0	0.0	0.0	0.0	0.0	27.0	39.0	0.0	0.0	0.0	0.0	68.0	0.0	0.0	0.0	0.0	0.0	0.0	94.0	0.0
47.0	67.0	0.0	54.0	0.0	98.0	0.0	0.0	0.0	42.0	0.0	75.0	6.0	0.0	0.0	0.0	0.0	0.0	0.0	87.0	0.0	0.0	0.0	0.0	0.0	0.0	0.0	0.0	46.0	0.0	98.0	0.0	0.0	0.0	0.0	0.0	80.0	0.0	0.0	0.0	35.0	0.0	0.0
0.0	79.0	0.0	13.0	78.0	89.0	0.0	0.0	0.0	0.0	99.0	0.0	0.0	0.0	0.0	0.0	0.0	87.0	0.0	0.0	0.0	0.0	19.0	0.0	85.0	0.0	0.0	0.0	0.0	0.0	0.0	0.0	5.0	0.0	0.0	0.0	11.0	0.0	0.0	0.0	0.0	0.0
0.0	0.0	0.0	0.0	0.0	0.0	42.0	0.0	100.0	0.0	65.0	0.0	56.0	0.0	0.0	0.0	0.0	0.0	0.0	0.0	0.0	4.0	14.0	50.0	30.0	0.0	0.0	0.0	0.0	0.0	66.0	0.0	0.0	0.0	19.0	0.0	0.0	0.0	0.0	0.0	0.0
23.0	0.0	0.0	92.0	22.0	0.0	0.0	0.0	49.0	68.0	0.0	30.0	0.0	0.0	14.0	79.0	0.0	0.0	0.0	0.0	0.0	0.0	8.0	0.0	11.0	0.0	0.0	0.0	85.0	69.0	0.0	0.0	0.0	12.0	0.0	0.0	5.0	0.0	0.0	0.0
0.0	0.0	0.0	26.0	0.0	0.0	0.0	0.0	0.0	0.0	0.0	0.0	0.0	0.0	0.0	38.0	88.0	0.0	0.0	0.0	0.0	66.0	70.0	0.0	92.0	0.0	0.0	13.0	0.0	0.0	0.0	48.0	0.0	0.0	0.0	0.0	0.0	0.0	0.0
0.0	0.0	0.0	0.0	19.0	0.0	0.0	0.0	72.0	98.0	0.0	0.0	0.0	58.0	24.0	0.0	0.0	0.0	0.0	34.0	0.0	0.0	0.0	0.0	0.0	0.0	0.0	0.0	0.0	0.0	33.0	0.0	79.0	0.0	0.0	0.0	67.0	0.0
16.0	55.0	0.0	0.0	57.0	0.0	0.0	0.0	0.0	60.0	0.0	0.0	0.0	0.0	95.0	0.0	0.0	0.0	0.0	0.0	0.0	42.0	0.0	21.0	0.0	0.0	77.0	33.0	0.0	0.0	43.0	82.0	0.0	57.0	0.0	74.0	0.0
0.0	0.0	0.0	0.0	64.0	0.0	0.0	0.0	0.0	97.0	0.0	0.0	0.0	0.0	0.0	0.0	0.0	0.0	0.0	68.0	76.0	0.0	0.0	0.0	0.0	0.0	0.0	0.0	0.0	18.0	0.0	0.0	0.0	60.0	0.0	69.0
0.0	0.0	68.0	69.0	0.0	0.0	0.0	11.0	0.0	70.0	0.0	0.0	0.0	0.0	31.0	0.0	0.0	0.0	0.0	0.0	0.0	0.0	23.0	0.0	0.0	0.0	0.0	0.0	0.0	90.0	0.0	58.0	0.0	0.0	0.0
0.0	0.0	0.0	0.0	66.0	0.0	0.0	0.0	0.0	0.0	76.0	0.0	0.0	38.0	5.0	69.0	0.0	0.0	0.0	0.0	0.0	0.0	0.0	40.0	0.0	0.0	0.0	0.0	0.0	0.0	30.0	0.0	0.0	0.0
0.0	0.0	0.0	0.0	0.0	22.0	0.0	0.0	0.0	0.0	0.0	0.0	0.0	36.0	48.0	89.0	49.0	0.0	0.0	0.0	0.0	0.0	0.0	77.0	0.0	0.0	0.0	0.0	0.0	0.0	0.0	0.0	84.0
0.0	0.0	0.0	40.0	4.0	97.0	96.0	0.0	0.0	77.0	19.0	44.0	0.0	0.0	36.0	0.0	62.0	96.0	0.0	0.0	0.0	0.0	93.0	0.0	0.0	0.0	0.0	0.0	0.0	0.0	0.0	0.0
26.0	0.0	0.0	0.0	96.0	0.0	0.0	71.0	0.0	0.0	0.0	0.0	0.0	84.0	0.0	0.0	0.0	0.0	42.0	0.0	96.0	0.0	58.0	0.0	0.0	0.0	80.0	47.0	0.0	7.0	0.0
0.0	0.0	0.0	0.0	0.0	0.0	0.0	62.0	0.0	59.0	0.0	0.0	72.0	0.0	77.0	0.0	0.0	0.0	0.0	0.0	0.0	0.0	0.0	67.0	0.0	0.0	29.0	0.0	89.0	0.0
0.0	0.0	86.0	0.0	0.0	23.0	0.0	0.0	0.0	0.0	0.0	0.0	0.0	33.0	88.0	9.0	0.0	0.0	0.0	0.0	91.0	0.0	0.0	0.0	0.0	0.0	0.0	0.0	84.0
0.0	71.0	0.0	0.0	0.0	0.0	0.0	0.0	0.0	22.0	0.0	0.0	81.0	0.0	0.0	0.0	0.0	0.0	7.0	5.0	94.0	21.0	35.0	0.0	17.0	0.0	0.0	12.0
0.0	0.0	0.0	0.0	0.0	0.0	0.0	0.0	0.0	0.0	68.0	0.0	37.0	0.0	0.0	0.0	38.0	0.0	0.0	45.0	76.0	0.0	0.0	0.0	0.0	23.0	0.0
75.0	0.0	0.0	0.0	82.0	0.0	0.0	0.0	0.0	49.0	0.0	11.0	0.0	0.0	71.0	0.0	46.0	0.0	0.0	0.0	17.0	0.0	0.0	0.0	0.0	0.0
25.0	0.0	0.0	0.0	92.0	0.0	0.0	0.0	0.0	60.0	0.0	99.0	0.0	0.0	0.0	0.0	0.0	45.0	92.0	0.0	0.0	0.0	0.0	0.0	0.0
0.0	0.0	0.0	6.0	81.0	0.0	0.0	0.0	33.0	0.0	0.0	20.0	0.0	0.0	0.0	0.0	0.0	0.0	0.0	51.0	0.0	0.0	0.0	48.0
66.0	88.0	0.0	0.0	0.0	0.0	0.0	61.0	67.0	53.0	0.0	7.0	0.0	0.0	31.0	0.0	0.0	0.0	0.0	0.0	0.0	0.0	0.0
0.0	66.0	71.0	0.0	0.0	0.0	0.0	0.0	0.0	0.0	0.0	0.0	77.0	57.0	0.0	85.0	49.0	0.0	0.0	0.0	0.0	0.0
0.0	0.0	0.0	0.0	0.0	0.0	0.0	0.0	0.0	0.0	0.0	0.0	0.0	0.0	17.0	0.0	0.0	42.0	0.0	0.0	0.0
0.0	0.0	0.0	77.0	0.0	0.0	0.0	47.0	0.0	0.0	0.0	99.0	0.0	92.0	0.0	96.0	69.0	98.0	60.0	0.0
0.0	0.0	0.0	40.0	0.0	0.0	0.0	0.0	0.0	0.0	0.0	0.0	59.0	0.0	0.0	0.0	12.0	68.0	0.0
0.0	0.0	24.0	0.0	0.0	48.0	0.0	0.0	58.0	0.0	0.0	0.0	0.0	0.0	0.0	75.0	89.0	0.0
0.0	0.0	0.0	0.0	0.0	0.0	0.0	39.0	0.0	86.0	0.0	89.0	57.0	84.0	0.0	0.0	0.0
4.0	0.0	0.0	0.0	0.0	0.0	7.0	0.0	0.0	0.0	0.0	87.0	0.0	0.0	0.0	0.0
0.0	0.0	0.0	79.0	0.0	39.0	0.0	0.0	0.0	0.0	33.0	0.0	0.0	0.0	66.0
0.0	0.0	0.0	0.0	0.0	0.0	0.0	57.0	0.0	2.0	72.0	50.0	32.0	0.0
0.0	0.0	58.0	0.0	0.0	0.0	0.0	0.0	0.0	7.0	0.0	63.0	42.0
0.0	92.0	53.0	0.0	58.0	0.0	0.0	0.0	0.0	57.0	0.0	0.0
0.0	14.0	0.0	0.0	75.0	0.0	0.0	0.0	0.0	0.0	0.0
0.0	95.0	0.0	0.0	0.0	0.0	0.0	0.0	0.0	0.0
0.0	0.0	0.0	0.0	0.0	30.0	0.0	0.0	0.0
0.0	0.0	0.0	0.0	0.0	92.0	0.0	0.0
0.0	0.0	0.0	0.0	0.0	0.0	0.0
42.0	0.0	96.0	0.0	0.0	0.0
0.0	0.0	0.0	0.0	0.0
43.0	0.0	0.0	0.0
0.0	97.0	0.0
0.0	0.0
0.0

9.0	31.0	23.0	41.0	41.0	13.0	41.0	20.0	12.0	9.0	8.0	29.0	20.0	26.0	48.0	19.0	25.0	37.0	35.0	26.0	29.0	26.0	19.0	50.0	24.0	44.0	4.0	42.0	7.0	21.0	17.0	7.0	27.0	37.0	39.0	38.0	33.0	2.0	45.0	22.0	32.0	46.0	42.0	12.0	43.0	23.0	41.0	27.0	30.0	2.0	9.0	27.0	39.0	24.0	6.0	20.0	44.0	38.0	7.0	30.0	46.0	40.0	49.0	41.0	3.0	33.0	43.0	48.0	3.0	50.0	34.0	14.0	14.0	20.0	39.0	7.0	3.0	5.0	29.0	30.0	37.0	31.0	28.0	30.0	18.0	24.0	26.0	31.0	26.0	29.0	39.0	28.0	35.0	6.0	2.0	2.0	7.0	18.0	49.0	11.0	26.0	30.0	40.0	11.0	11.0	4.0	48.0	29.0	50.0	20.0	9.0	30.0	44.0	4.0	48.0	27.0	39.0	27.0	26.0	11.0	30.0	2.0	31.0	26.0	39.0	8.0	9.0	37.0	5.0	22.0	11.0	21.0	2.0	36.0	6.0	41.0	48.0	4.0	21.0	26.0	24.0	22.0	29.0	24.0	46.0	10.0	45.0	4.0	26.0	18.0	14.0	37.0	46.0	30.0	15.0	40.0	26.0	9.0	50.0	44.0	27.0	18.0	37.0	20.0	45.0	47.0	39.0	26.0	12.0	7.0	33.0	1.0	42.0	14.0	1.0	2.0	16.0	16.0	35.0	5.0	12.0	18.0	32.0	9.0	15.0	38.0	19.0	47.0	18.0	22.0	3.0	41.0	50.0	40.0	12.0	4.0	38.0	25.0	44.0	31.0

407.6	407.6	407.6	407.6	407.6	407.6	407.6	407.6	407.6	407.6
