qmkp_100_75_10_001
100
10

55.0	15.0	11.0	0.0	52.0	72.0	91.0	1.0	0.0	15.0	43.0	69.0	0.0	0.0	94.0	91.0	48.0	0.0	0.0	84.0	75.0	0.0	81.0	69.0	62.0	76.0	33.0	38.0	11.0	81.0	0.0	8.0	100.0	24.0	0.0	0.0	73.0	0.0	18.0	92.0	27.0	33.0	0.0	23.0	0.0	0.0	67.0	85.0	56.0	15.0	16.0	38.0	46.0	0.0	0.0	57.0	23.0	0.0	0.0	56.0	0.0	57.0	0.0	0.0	47.0	55.0	75.0	0.0	40.0	35.0	4.0	8.0	0.0	19.0	0.0	0.0	51.0	100.0	13.0	63.0	4.0	25.0	78.0	37.0	0.0	0.0	0.0	0.0	89.0	35.0	93.0	24.0	95.0	82.0	3.0	23.0	0.0	0.0	72.0	61.0
35.0	5.0	95.0	0.0	78.0	11.0	43.0	83.0	0.0	22.0	57.0	38.0	0.0	0.0	4.0	87.0	0.0	0.0	0.0	48.0	0.0	0.0	0.0	21.0	0.0	40.0	26.0	50.0	7.0	71.0	3.0	26.0	83.0	53.0	0.0	60.0	48.0	96.0	35.0	70.0	37.0	57.0	10.0	96.0	93.0	0.0	10.0	44.0	25.0	50.0	8.0	26.0	13.0	86.0	21.0	75.0	21.0	81.0	26.0	18.0	0.0	0.0	0.0	23.0	55.0	47.0	0.0	0.0	0.0	20.0	67.0	87.0	0.0	20.0	41.0	77.0	50.0	59.0	0.0	0.0	45.0	85.0	91.0	11.0	0.0	38.0	44.0	0.0	0.0	0.0	12.0	22.0	0.0	54.0	0.0	0.0	86.0	32.0	50.0
93.0	31.0	99.0	24.0	63.0	0.0	0.0	4.0	62.0	99.0	31.0	52.0	63.0	0.0	50.0	0.0	18.0	0.0	13.0	43.0	36.0	23.0	63.0	0.0	93.0	0.0	0.0	68.0	14.0	2.0	79.0	61.0	45.0	54.0	36.0	45.0	0.0	26.0	34.0	51.0	92.0	49.0	41.0	53.0	49.0	4.0	86.0	79.0	66.0	76.0	33.0	0.0	15.0	0.0	93.0	0.0	0.0	91.0	81.0	98.0	21.0	52.0	0.0	61.0	94.0	0.0	29.0	0.0	60.0	72.0	63.0	16.0	22.0	59.0	39.0	0.0	0.0	64.0	3.0	53.0	36.0	0.0	2.0	75.0	0.0	26.0	96.0	44.0	0.0	49.0	84.0	36.0	45.0	85.0	2.0	8.0	80.0	75.0
35.0	0.0	7.0	0.0	78.0	54.0	8.0	44.0	0.0	69.0	93.0	0.0	21.0	33.0	0.0	73.0	28.0	57.0	5.0	40.0	48.0	17.0	71.0	0.0	0.0	0.0	87.0	90.0	88.0	98.0	28.0	52.0	43.0	12.0	30.0	50.0	0.0	90.0	0.0	76.0	26.0	0.0	98.0	81.0	0.0	92.0	63.0	44.0	22.0	68.0	11.0	46.0	10.0	3.0	68.0	100.0	39.0	59.0	76.0	48.0	17.0	16.0	26.0	86.0	23.0	43.0	89.0	22.0	40.0	71.0	0.0	50.0	60.0	34.0	85.0	15.0	76.0	13.0	11.0	73.0	28.0	84.0	91.0	63.0	60.0	86.0	39.0	0.0	14.0	50.0	0.0	10.0	94.0	83.0	48.0	44.0	10.0
26.0	0.0	72.0	38.0	0.0	0.0	30.0	42.0	34.0	25.0	33.0	8.0	0.0	58.0	100.0	76.0	25.0	78.0	19.0	32.0	11.0	79.0	0.0	0.0	33.0	19.0	77.0	82.0	0.0	85.0	17.0	41.0	41.0	100.0	38.0	52.0	0.0	40.0	0.0	54.0	94.0	95.0	43.0	78.0	85.0	69.0	0.0	18.0	23.0	47.0	99.0	45.0	30.0	23.0	0.0	58.0	5.0	45.0	71.0	35.0	0.0	0.0	56.0	88.0	95.0	54.0	26.0	16.0	69.0	99.0	72.0	50.0	71.0	33.0	81.0	0.0	43.0	57.0	51.0	78.0	21.0	0.0	75.0	0.0	70.0	0.0	10.0	38.0	18.0	20.0	0.0	53.0	66.0	99.0	64.0	45.0
0.0	46.0	81.0	7.0	23.0	0.0	5.0	0.0	76.0	29.0	7.0	95.0	1.0	83.0	37.0	31.0	41.0	7.0	22.0	33.0	18.0	92.0	56.0	69.0	87.0	94.0	66.0	70.0	0.0	47.0	41.0	0.0	39.0	55.0	0.0	50.0	79.0	49.0	53.0	67.0	45.0	61.0	31.0	34.0	0.0	53.0	0.0	61.0	86.0	0.0	0.0	14.0	93.0	0.0	57.0	82.0	91.0	7.0	17.0	63.0	95.0	64.0	48.0	86.0	27.0	19.0	42.0	62.0	0.0	40.0	33.0	53.0	43.0	31.0	87.0	42.0	94.0	18.0	31.0	24.0	0.0	54.0	0.0	0.0	79.0	96.0	88.0	0.0	55.0	0.0	0.0	92.0	0.0	22.0	50.0
0.0	4.0	98.0	95.0	0.0	95.0	24.0	33.0	30.0	74.0	28.0	61.0	61.0	0.0	54.0	67.0	20.0	0.0	0.0	88.0	44.0	7.0	30.0	100.0	49.0	64.0	0.0	16.0	0.0	79.0	56.0	26.0	68.0	23.0	2.0	7.0	0.0	0.0	0.0	15.0	19.0	11.0	0.0	24.0	88.0	59.0	17.0	0.0	81.0	88.0	81.0	0.0	23.0	55.0	77.0	42.0	0.0	22.0	96.0	12.0	44.0	0.0	49.0	33.0	28.0	16.0	71.0	60.0	95.0	58.0	74.0	50.0	20.0	0.0	0.0	58.0	75.0	57.0	39.0	0.0	82.0	89.0	0.0	87.0	5.0	0.0	93.0	70.0	0.0	73.0	85.0	99.0	17.0	54.0
82.0	82.0	55.0	80.0	16.0	19.0	0.0	41.0	0.0	49.0	43.0	18.0	0.0	87.0	24.0	45.0	13.0	40.0	0.0	24.0	0.0	21.0	13.0	71.0	94.0	18.0	31.0	45.0	9.0	43.0	45.0	7.0	41.0	0.0	66.0	2.0	0.0	23.0	24.0	27.0	33.0	0.0	0.0	30.0	66.0	0.0	76.0	0.0	79.0	97.0	24.0	83.0	4.0	0.0	0.0	0.0	47.0	88.0	13.0	29.0	0.0	0.0	0.0	30.0	0.0	88.0	0.0	62.0	92.0	26.0	0.0	17.0	85.0	61.0	41.0	0.0	0.0	0.0	0.0	42.0	26.0	0.0	33.0	75.0	87.0	19.0	28.0	0.0	0.0	54.0	82.0	0.0	48.0
85.0	52.0	49.0	0.0	12.0	2.0	84.0	0.0	73.0	0.0	0.0	83.0	0.0	2.0	5.0	72.0	11.0	5.0	100.0	28.0	5.0	77.0	13.0	27.0	69.0	0.0	0.0	0.0	31.0	0.0	0.0	12.0	28.0	97.0	94.0	0.0	0.0	27.0	99.0	74.0	64.0	57.0	88.0	26.0	72.0	0.0	7.0	98.0	0.0	43.0	70.0	76.0	0.0	13.0	0.0	51.0	69.0	2.0	54.0	0.0	0.0	94.0	10.0	41.0	0.0	86.0	91.0	53.0	0.0	75.0	0.0	70.0	0.0	51.0	0.0	92.0	0.0	59.0	68.0	35.0	28.0	11.0	77.0	6.0	85.0	9.0	78.0	65.0	7.0	52.0	0.0	16.0
15.0	0.0	15.0	0.0	56.0	85.0	0.0	38.0	12.0	73.0	20.0	0.0	13.0	88.0	89.0	0.0	18.0	0.0	0.0	78.0	20.0	13.0	65.0	0.0	65.0	98.0	94.0	0.0	13.0	47.0	48.0	57.0	14.0	99.0	0.0	0.0	78.0	46.0	65.0	37.0	34.0	71.0	15.0	19.0	88.0	28.0	59.0	80.0	45.0	9.0	78.0	0.0	26.0	13.0	92.0	93.0	17.0	51.0	33.0	0.0	75.0	18.0	0.0	0.0	0.0	21.0	84.0	80.0	90.0	14.0	0.0	48.0	20.0	25.0	61.0	0.0	0.0	0.0	56.0	53.0	61.0	98.0	33.0	58.0	53.0	52.0	74.0	55.0	48.0	0.0	0.0
23.0	23.0	37.0	11.0	43.0	82.0	0.0	93.0	0.0	0.0	97.0	0.0	24.0	0.0	2.0	0.0	9.0	86.0	86.0	0.0	71.0	69.0	53.0	68.0	0.0	54.0	57.0	85.0	17.0	35.0	72.0	85.0	87.0	66.0	42.0	25.0	38.0	71.0	22.0	63.0	46.0	49.0	41.0	0.0	50.0	88.0	0.0	26.0	22.0	0.0	80.0	56.0	8.0	52.0	11.0	90.0	99.0	66.0	12.0	0.0	93.0	65.0	0.0	17.0	0.0	9.0	35.0	39.0	0.0	10.0	0.0	6.0	0.0	39.0	0.0	21.0	36.0	88.0	59.0	0.0	0.0	21.0	53.0	82.0	70.0	17.0	49.0	0.0	13.0	22.0
33.0	85.0	52.0	45.0	56.0	5.0	64.0	19.0	9.0	23.0	0.0	89.0	8.0	0.0	49.0	30.0	57.0	0.0	98.0	71.0	94.0	36.0	48.0	96.0	0.0	90.0	2.0	17.0	4.0	34.0	82.0	40.0	91.0	21.0	11.0	15.0	0.0	8.0	0.0	97.0	77.0	48.0	29.0	53.0	27.0	34.0	76.0	12.0	61.0	0.0	36.0	18.0	3.0	51.0	0.0	18.0	52.0	83.0	35.0	99.0	79.0	1.0	0.0	35.0	0.0	0.0	13.0	0.0	19.0	6.0	0.0	20.0	0.0	0.0	36.0	25.0	72.0	14.0	0.0	84.0	0.0	88.0	1.0	88.0	0.0	66.0	99.0	28.0	55.0
96.0	18.0	4.0	85.0	0.0	0.0	70.0	41.0	51.0	53.0	0.0	47.0	0.0	50.0	92.0	34.0	0.0	65.0	70.0	74.0	49.0	58.0	0.0	36.0	0.0	0.0	78.0	0.0	0.0	47.0	71.0	38.0	0.0	84.0	98.0	71.0	0.0	28.0	46.0	80.0	50.0	69.0	4.0	29.0	48.0	89.0	0.0	26.0	0.0	15.0	0.0	8.0	51.0	0.0	0.0	50.0	72.0	65.0	35.0	93.0	0.0	11.0	18.0	19.0	36.0	42.0	47.0	0.0	8.0	46.0	42.0	92.0	0.0	0.0	27.0	0.0	68.0	0.0	61.0	39.0	52.0	72.0	42.0	100.0	2.0	99.0	36.0	73.0
35.0	37.0	76.0	61.0	81.0	10.0	0.0	0.0	73.0	13.0	68.0	80.0	52.0	98.0	40.0	6.0	32.0	0.0	72.0	66.0	73.0	0.0	55.0	23.0	30.0	0.0	95.0	39.0	0.0	11.0	67.0	95.0	0.0	0.0	94.0	0.0	0.0	0.0	0.0	98.0	50.0	14.0	84.0	2.0	20.0	0.0	85.0	63.0	57.0	63.0	0.0	29.0	0.0	89.0	0.0	20.0	88.0	18.0	15.0	55.0	71.0	17.0	71.0	0.0	0.0	50.0	21.0	46.0	19.0	38.0	21.0	48.0	43.0	26.0	88.0	93.0	40.0	0.0	0.0	81.0	0.0	100.0	0.0	72.0	100.0	51.0	54.0
36.0	56.0	87.0	47.0	67.0	75.0	1.0	78.0	54.0	0.0	89.0	12.0	0.0	0.0	95.0	84.0	52.0	0.0	0.0	52.0	82.0	54.0	24.0	0.0	0.0	0.0	0.0	52.0	0.0	96.0	0.0	76.0	29.0	44.0	0.0	15.0	0.0	88.0	73.0	5.0	96.0	0.0	30.0	91.0	0.0	53.0	0.0	78.0	39.0	73.0	47.0	2.0	0.0	22.0	73.0	0.0	5.0	81.0	89.0	19.0	69.0	40.0	20.0	41.0	0.0	18.0	11.0	74.0	0.0	0.0	44.0	44.0	7.0	94.0	83.0	29.0	79.0	91.0	79.0	0.0	0.0	18.0	67.0	9.0	76.0	0.0
0.0	0.0	0.0	98.0	15.0	95.0	10.0	38.0	85.0	23.0	80.0	70.0	24.0	0.0	41.0	0.0	74.0	26.0	13.0	70.0	17.0	96.0	67.0	28.0	0.0	0.0	0.0	64.0	9.0	0.0	26.0	55.0	0.0	41.0	45.0	22.0	5.0	79.0	0.0	77.0	62.0	33.0	86.0	95.0	94.0	99.0	41.0	92.0	52.0	57.0	9.0	51.0	12.0	0.0	0.0	65.0	65.0	49.0	85.0	3.0	59.0	32.0	76.0	90.0	13.0	0.0	31.0	56.0	11.0	31.0	7.0	99.0	71.0	31.0	79.0	47.0	90.0	70.0	19.0	51.0	0.0	15.0	58.0	12.0	26.0
98.0	0.0	85.0	0.0	64.0	36.0	82.0	12.0	84.0	26.0	53.0	0.0	0.0	0.0	38.0	0.0	90.0	68.0	42.0	83.0	33.0	70.0	0.0	56.0	5.0	76.0	99.0	0.0	81.0	5.0	26.0	15.0	46.0	52.0	46.0	0.0	13.0	3.0	85.0	0.0	38.0	0.0	0.0	39.0	8.0	4.0	16.0	26.0	27.0	0.0	0.0	1.0	4.0	2.0	31.0	0.0	92.0	91.0	0.0	6.0	47.0	0.0	9.0	18.0	51.0	0.0	0.0	48.0	82.0	44.0	84.0	47.0	0.0	33.0	11.0	8.0	79.0	64.0	6.0	0.0	0.0	33.0	19.0	59.0
96.0	39.0	0.0	24.0	96.0	0.0	49.0	0.0	71.0	83.0	78.0	19.0	90.0	51.0	78.0	11.0	0.0	78.0	62.0	0.0	0.0	0.0	37.0	45.0	26.0	0.0	86.0	37.0	43.0	30.0	25.0	33.0	11.0	16.0	0.0	1.0	34.0	3.0	0.0	0.0	13.0	0.0	76.0	40.0	94.0	24.0	33.0	18.0	29.0	57.0	0.0	37.0	68.0	98.0	0.0	30.0	46.0	27.0	61.0	43.0	0.0	18.0	0.0	75.0	90.0	48.0	85.0	0.0	0.0	45.0	64.0	28.0	98.0	0.0	47.0	92.0	79.0	69.0	0.0	88.0	99.0	92.0	0.0
28.0	33.0	0.0	51.0	57.0	29.0	45.0	0.0	14.0	84.0	88.0	2.0	18.0	6.0	36.0	6.0	98.0	10.0	0.0	35.0	0.0	60.0	16.0	41.0	0.0	47.0	91.0	0.0	0.0	80.0	36.0	0.0	72.0	37.0	78.0	0.0	0.0	0.0	9.0	89.0	69.0	27.0	51.0	0.0	37.0	22.0	1.0	6.0	10.0	0.0	0.0	31.0	0.0	96.0	0.0	93.0	58.0	0.0	0.0	83.0	28.0	0.0	20.0	83.0	79.0	33.0	3.0	18.0	85.0	42.0	0.0	0.0	44.0	22.0	0.0	28.0	69.0	0.0	5.0	78.0	36.0	0.0
32.0	0.0	68.0	86.0	46.0	85.0	56.0	37.0	0.0	0.0	0.0	0.0	48.0	39.0	0.0	28.0	0.0	54.0	62.0	58.0	53.0	0.0	78.0	82.0	29.0	79.0	0.0	86.0	71.0	32.0	68.0	88.0	18.0	0.0	1.0	0.0	0.0	0.0	60.0	93.0	0.0	42.0	19.0	37.0	75.0	0.0	0.0	16.0	50.0	34.0	15.0	0.0	68.0	99.0	29.0	90.0	0.0	16.0	41.0	80.0	11.0	68.0	15.0	45.0	30.0	0.0	0.0	4.0	94.0	97.0	0.0	48.0	0.0	63.0	66.0	59.0	53.0	98.0	0.0	85.0	0.0
39.0	25.0	67.0	21.0	93.0	0.0	0.0	84.0	0.0	50.0	0.0	0.0	0.0	96.0	0.0	28.0	85.0	29.0	88.0	89.0	99.0	64.0	48.0	13.0	45.0	48.0	68.0	91.0	0.0	0.0	0.0	0.0	0.0	74.0	0.0	24.0	57.0	20.0	58.0	22.0	74.0	68.0	19.0	0.0	0.0	0.0	0.0	36.0	86.0	0.0	63.0	63.0	0.0	0.0	0.0	63.0	83.0	82.0	0.0	75.0	98.0	0.0	83.0	68.0	70.0	12.0	2.0	0.0	7.0	6.0	18.0	79.0	74.0	0.0	26.0	18.0	0.0	14.0	40.0	98.0
43.0	47.0	6.0	93.0	4.0	10.0	14.0	81.0	0.0	89.0	98.0	42.0	79.0	0.0	0.0	51.0	20.0	0.0	80.0	88.0	39.0	0.0	94.0	15.0	11.0	39.0	89.0	77.0	71.0	6.0	10.0	98.0	12.0	37.0	45.0	13.0	34.0	0.0	100.0	94.0	0.0	0.0	98.0	45.0	41.0	80.0	0.0	31.0	81.0	0.0	36.0	4.0	77.0	0.0	79.0	54.0	43.0	0.0	40.0	0.0	16.0	45.0	52.0	0.0	90.0	39.0	52.0	0.0	0.0	97.0	100.0	53.0	16.0	34.0	54.0	0.0	96.0	68.0	54.0
0.0	0.0	50.0	50.0	62.0	3.0	62.0	31.0	85.0	84.0	85.0	56.0	68.0	0.0	55.0	86.0	94.0	7.0	100.0	76.0	43.0	2.0	0.0	6.0	0.0	54.0	92.0	38.0	16.0	0.0	5.0	92.0	94.0	0.0	93.0	41.0	71.0	0.0	0.0	26.0	21.0	34.0	0.0	35.0	93.0	0.0	32.0	4.0	98.0	19.0	0.0	26.0	95.0	62.0	0.0	33.0	93.0	4.0	32.0	0.0	0.0	19.0	32.0	46.0	90.0	84.0	0.0	0.0	0.0	13.0	11.0	0.0	85.0	43.0	38.0	63.0	59.0	26.0
0.0	37.0	61.0	13.0	10.0	59.0	65.0	67.0	0.0	0.0	37.0	0.0	52.0	42.0	0.0	32.0	21.0	18.0	2.0	0.0	25.0	0.0	81.0	86.0	88.0	9.0	15.0	65.0	62.0	96.0	92.0	47.0	88.0	0.0	67.0	35.0	80.0	86.0	42.0	31.0	20.0	22.0	14.0	0.0	68.0	81.0	98.0	27.0	0.0	34.0	0.0	87.0	20.0	15.0	0.0	22.0	0.0	19.0	69.0	40.0	0.0	95.0	43.0	77.0	98.0	4.0	0.0	70.0	26.0	0.0	20.0	69.0	23.0	19.0	76.0	0.0	37.0
18.0	91.0	58.0	0.0	41.0	0.0	50.0	89.0	100.0	20.0	0.0	80.0	0.0	0.0	25.0	83.0	32.0	0.0	17.0	3.0	49.0	5.0	23.0	0.0	12.0	0.0	20.0	58.0	0.0	0.0	97.0	34.0	91.0	64.0	99.0	2.0	44.0	83.0	40.0	97.0	69.0	2.0	20.0	20.0	0.0	64.0	83.0	97.0	25.0	0.0	24.0	96.0	47.0	2.0	0.0	98.0	23.0	68.0	89.0	46.0	0.0	23.0	6.0	30.0	50.0	0.0	7.0	58.0	15.0	60.0	86.0	86.0	40.0	61.0	21.0	0.0
56.0	11.0	97.0	65.0	85.0	4.0	0.0	74.0	0.0	98.0	15.0	98.0	79.0	74.0	0.0	18.0	98.0	51.0	22.0	57.0	76.0	81.0	21.0	43.0	73.0	0.0	32.0	8.0	24.0	16.0	69.0	17.0	82.0	11.0	0.0	37.0	37.0	61.0	45.0	43.0	38.0	83.0	98.0	71.0	88.0	19.0	36.0	0.0	2.0	29.0	73.0	8.0	40.0	22.0	42.0	0.0	0.0	22.0	51.0	0.0	67.0	74.0	0.0	0.0	60.0	23.0	0.0	22.0	17.0	84.0	92.0	14.0	98.0	86.0	62.0
79.0	5.0	10.0	72.0	40.0	0.0	75.0	52.0	41.0	45.0	1.0	44.0	43.0	86.0	0.0	0.0	80.0	0.0	73.0	55.0	86.0	30.0	24.0	73.0	15.0	0.0	25.0	75.0	90.0	22.0	0.0	18.0	98.0	4.0	12.0	70.0	27.0	50.0	65.0	71.0	0.0	87.0	24.0	5.0	17.0	0.0	62.0	2.0	76.0	67.0	0.0	93.0	74.0	93.0	63.0	8.0	85.0	0.0	29.0	20.0	13.0	72.0	76.0	56.0	52.0	7.0	0.0	16.0	98.0	24.0	0.0	9.0	0.0	91.0
70.0	0.0	0.0	94.0	32.0	0.0	58.0	0.0	42.0	78.0	81.0	64.0	97.0	70.0	0.0	0.0	0.0	21.0	46.0	45.0	12.0	56.0	57.0	63.0	25.0	80.0	0.0	0.0	78.0	81.0	39.0	77.0	65.0	11.0	57.0	5.0	19.0	42.0	19.0	29.0	89.0	2.0	91.0	95.0	9.0	58.0	4.0	26.0	73.0	53.0	8.0	60.0	0.0	95.0	98.0	40.0	57.0	10.0	84.0	14.0	84.0	56.0	64.0	67.0	41.0	23.0	58.0	37.0	15.0	66.0	6.0	0.0	36.0
0.0	88.0	13.0	37.0	76.0	44.0	89.0	92.0	83.0	0.0	69.0	76.0	32.0	91.0	3.0	46.0	7.0	0.0	0.0	83.0	65.0	67.0	19.0	45.0	0.0	0.0	19.0	61.0	65.0	0.0	20.0	0.0	28.0	97.0	29.0	0.0	22.0	71.0	54.0	0.0	0.0	95.0	93.0	8.0	14.0	0.0	0.0	83.0	82.0	31.0	75.0	0.0	0.0	98.0	73.0	80.0	69.0	0.0	34.0	64.0	0.0	62.0	11.0	0.0	38.0	47.0	78.0	50.0	4.0	95.0	72.0	0.0
0.0	0.0	60.0	0.0	62.0	35.0	82.0	86.0	22.0	26.0	13.0	90.0	38.0	16.0	4.0	6.0	27.0	28.0	41.0	19.0	1.0	62.0	0.0	74.0	83.0	49.0	54.0	83.0	97.0	67.0	0.0	78.0	89.0	89.0	0.0	85.0	20.0	58.0	0.0	0.0	98.0	13.0	72.0	54.0	55.0	37.0	60.0	0.0	48.0	89.0	31.0	97.0	81.0	72.0	0.0	6.0	18.0	13.0	90.0	81.0	0.0	0.0	94.0	50.0	87.0	45.0	15.0	22.0	3.0	0.0	49.0
0.0	98.0	93.0	35.0	19.0	49.0	33.0	75.0	0.0	0.0	91.0	0.0	0.0	45.0	25.0	68.0	14.0	10.0	29.0	67.0	0.0	61.0	0.0	16.0	2.0	0.0	23.0	33.0	39.0	0.0	0.0	78.0	50.0	0.0	1.0	16.0	0.0	75.0	56.0	0.0	91.0	0.0	63.0	51.0	70.0	50.0	0.0	31.0	69.0	10.0	48.0	0.0	64.0	20.0	0.0	19.0	93.0	77.0	30.0	67.0	35.0	32.0	66.0	10.0	36.0	0.0	63.0	75.0	48.0	17.0
40.0	97.0	0.0	46.0	0.0	32.0	57.0	49.0	22.0	100.0	50.0	25.0	9.0	40.0	70.0	67.0	98.0	32.0	36.0	2.0	68.0	27.0	6.0	13.0	31.0	0.0	51.0	5.0	34.0	3.0	0.0	71.0	30.0	38.0	60.0	72.0	88.0	69.0	0.0	9.0	50.0	28.0	0.0	51.0	0.0	0.0	28.0	44.0	0.0	47.0	88.0	83.0	17.0	58.0	21.0	23.0	0.0	23.0	83.0	0.0	0.0	49.0	79.0	5.0	93.0	98.0	0.0	39.0	85.0
22.0	45.0	50.0	11.0	0.0	0.0	8.0	0.0	0.0	0.0	50.0	75.0	3.0	0.0	4.0	0.0	63.0	71.0	29.0	93.0	0.0	53.0	0.0	66.0	38.0	88.0	91.0	14.0	17.0	95.0	15.0	34.0	0.0	0.0	85.0	16.0	32.0	87.0	0.0	0.0	16.0	0.0	0.0	46.0	83.0	0.0	0.0	43.0	0.0	52.0	0.0	0.0	49.0	20.0	10.0	67.0	0.0	0.0	70.0	26.0	94.0	26.0	40.0	61.0	0.0	75.0	55.0	16.0
75.0	0.0	78.0	55.0	62.0	11.0	25.0	67.0	10.0	0.0	31.0	79.0	10.0	65.0	58.0	16.0	12.0	0.0	13.0	21.0	43.0	12.0	0.0	95.0	1.0	9.0	41.0	91.0	0.0	95.0	84.0	13.0	11.0	0.0	74.0	7.0	89.0	44.0	60.0	20.0	21.0	61.0	0.0	0.0	88.0	26.0	31.0	79.0	39.0	27.0	12.0	57.0	70.0	26.0	0.0	84.0	75.0	11.0	69.0	78.0	2.0	32.0	24.0	19.0	99.0	70.0	0.0
83.0	13.0	77.0	0.0	0.0	0.0	16.0	16.0	17.0	22.0	95.0	88.0	16.0	54.0	26.0	50.0	41.0	73.0	0.0	88.0	32.0	15.0	21.0	22.0	75.0	44.0	45.0	0.0	0.0	1.0	70.0	0.0	93.0	13.0	44.0	0.0	78.0	82.0	24.0	23.0	26.0	29.0	50.0	50.0	97.0	45.0	40.0	57.0	0.0	1.0	25.0	0.0	79.0	72.0	40.0	24.0	34.0	51.0	27.0	19.0	89.0	0.0	69.0	81.0	9.0	0.0
35.0	70.0	0.0	53.0	0.0	74.0	0.0	67.0	52.0	0.0	0.0	48.0	25.0	33.0	41.0	0.0	4.0	49.0	52.0	60.0	64.0	10.0	72.0	76.0	50.0	23.0	0.0	39.0	0.0	29.0	0.0	5.0	69.0	0.0	65.0	0.0	1.0	53.0	43.0	18.0	0.0	0.0	67.0	0.0	3.0	51.0	59.0	65.0	55.0	41.0	55.0	92.0	61.0	0.0	32.0	62.0	63.0	29.0	16.0	56.0	53.0	51.0	38.0	0.0	41.0
83.0	21.0	0.0	0.0	0.0	81.0	87.0	35.0	54.0	0.0	52.0	26.0	0.0	65.0	51.0	96.0	8.0	100.0	98.0	9.0	0.0	64.0	94.0	9.0	0.0	10.0	28.0	46.0	0.0	81.0	37.0	0.0	13.0	34.0	91.0	0.0	84.0	49.0	0.0	53.0	0.0	48.0	17.0	48.0	93.0	49.0	0.0	70.0	0.0	0.0	42.0	73.0	48.0	42.0	25.0	0.0	45.0	84.0	97.0	3.0	88.0	54.0	0.0	32.0
91.0	0.0	3.0	0.0	82.0	20.0	63.0	5.0	0.0	50.0	68.0	93.0	94.0	16.0	93.0	0.0	60.0	49.0	0.0	94.0	0.0	77.0	0.0	68.0	87.0	0.0	6.0	26.0	0.0	0.0	20.0	78.0	70.0	0.0	96.0	94.0	99.0	56.0	0.0	0.0	63.0	9.0	74.0	39.0	8.0	9.0	69.0	70.0	0.0	3.0	79.0	0.0	78.0	0.0	89.0	0.0	58.0	38.0	82.0	0.0	60.0	48.0	88.0
43.0	76.0	67.0	40.0	22.0	0.0	71.0	0.0	0.0	0.0	83.0	66.0	87.0	69.0	0.0	20.0	89.0	0.0	0.0	78.0	3.0	54.0	29.0	10.0	100.0	76.0	42.0	0.0	72.0	22.0	45.0	67.0	99.0	0.0	28.0	71.0	29.0	2.0	90.0	0.0	3.0	0.0	71.0	95.0	73.0	87.0	0.0	37.0	91.0	34.0	45.0	42.0	23.0	9.0	78.0	0.0	0.0	78.0	90.0	0.0	32.0	11.0
0.0	45.0	0.0	0.0	0.0	8.0	7.0	0.0	33.0	46.0	64.0	0.0	61.0	0.0	72.0	84.0	40.0	0.0	77.0	71.0	0.0	0.0	50.0	76.0	11.0	79.0	57.0	0.0	0.0	0.0	76.0	0.0	42.0	79.0	70.0	96.0	73.0	17.0	0.0	14.0	9.0	87.0	63.0	0.0	29.0	0.0	14.0	0.0	64.0	38.0	87.0	0.0	78.0	0.0	83.0	20.0	0.0	92.0	0.0	52.0	100.0
18.0	59.0	88.0	89.0	27.0	0.0	1.0	61.0	0.0	93.0	0.0	10.0	73.0	97.0	92.0	0.0	83.0	78.0	35.0	85.0	4.0	9.0	43.0	33.0	24.0	21.0	11.0	73.0	7.0	82.0	68.0	0.0	87.0	60.0	40.0	0.0	51.0	67.0	10.0	36.0	59.0	17.0	96.0	28.0	83.0	0.0	0.0	0.0	56.0	16.0	98.0	65.0	99.0	86.0	86.0	39.0	58.0	92.0	85.0	0.0
0.0	0.0	63.0	24.0	0.0	0.0	48.0	0.0	89.0	5.0	54.0	15.0	57.0	71.0	0.0	0.0	0.0	0.0	92.0	0.0	36.0	78.0	10.0	75.0	73.0	40.0	19.0	98.0	6.0	42.0	0.0	0.0	15.0	29.0	54.0	40.0	65.0	0.0	5.0	0.0	7.0	0.0	79.0	0.0	0.0	0.0	0.0	36.0	29.0	25.0	84.0	62.0	98.0	0.0	18.0	0.0	78.0	0.0	83.0
22.0	0.0	44.0	0.0	0.0	98.0	82.0	43.0	0.0	44.0	65.0	87.0	33.0	0.0	61.0	8.0	0.0	71.0	40.0	8.0	58.0	85.0	0.0	89.0	51.0	56.0	70.0	37.0	90.0	27.0	35.0	59.0	0.0	7.0	70.0	27.0	0.0	30.0	76.0	86.0	0.0	0.0	27.0	13.0	54.0	41.0	47.0	98.0	98.0	0.0	47.0	10.0	0.0	67.0	15.0	0.0	0.0	94.0
0.0	34.0	64.0	65.0	98.0	95.0	0.0	0.0	45.0	65.0	0.0	89.0	35.0	53.0	83.0	7.0	9.0	97.0	78.0	70.0	51.0	17.0	0.0	87.0	0.0	24.0	0.0	17.0	0.0	0.0	65.0	93.0	98.0	92.0	73.0	37.0	33.0	2.0	0.0	56.0	6.0	92.0	31.0	42.0	0.0	15.0	25.0	45.0	72.0	76.0	77.0	37.0	11.0	8.0	45.0	0.0	43.0
24.0	1.0	58.0	0.0	96.0	58.0	7.0	93.0	33.0	44.0	9.0	0.0	42.0	0.0	5.0	14.0	17.0	8.0	39.0	78.0	11.0	50.0	0.0	95.0	99.0	53.0	0.0	96.0	0.0	13.0	0.0	37.0	84.0	14.0	20.0	92.0	5.0	45.0	44.0	8.0	96.0	2.0	0.0	74.0	100.0	0.0	61.0	53.0	62.0	0.0	0.0	4.0	0.0	73.0	48.0	65.0
50.0	88.0	48.0	33.0	83.0	31.0	32.0	24.0	0.0	4.0	17.0	76.0	57.0	0.0	94.0	0.0	36.0	0.0	82.0	0.0	0.0	44.0	33.0	69.0	86.0	27.0	98.0	80.0	17.0	22.0	100.0	67.0	0.0	90.0	23.0	40.0	82.0	76.0	0.0	0.0	66.0	29.0	32.0	86.0	0.0	76.0	64.0	70.0	17.0	0.0	80.0	40.0	35.0	59.0	16.0
44.0	29.0	73.0	59.0	18.0	14.0	22.0	11.0	12.0	19.0	19.0	36.0	0.0	92.0	94.0	0.0	98.0	3.0	96.0	30.0	80.0	0.0	0.0	0.0	29.0	91.0	0.0	46.0	0.0	36.0	1.0	28.0	5.0	0.0	93.0	30.0	88.0	6.0	100.0	14.0	0.0	84.0	31.0	0.0	55.0	58.0	28.0	64.0	95.0	99.0	43.0	62.0	17.0	81.0
4.0	0.0	96.0	91.0	96.0	96.0	41.0	0.0	92.0	0.0	22.0	22.0	9.0	11.0	0.0	0.0	0.0	84.0	25.0	25.0	88.0	1.0	96.0	0.0	87.0	0.0	90.0	16.0	61.0	19.0	98.0	0.0	84.0	5.0	73.0	30.0	0.0	59.0	8.0	24.0	0.0	58.0	88.0	97.0	0.0	68.0	34.0	62.0	0.0	29.0	10.0	0.0	0.0
86.0	8.0	86.0	0.0	0.0	94.0	9.0	82.0	0.0	0.0	100.0	80.0	96.0	5.0	0.0	21.0	0.0	11.0	95.0	74.0	8.0	99.0	44.0	59.0	0.0	51.0	42.0	32.0	20.0	98.0	61.0	0.0	66.0	0.0	77.0	0.0	88.0	0.0	98.0	0.0	96.0	8.0	50.0	99.0	0.0	4.0	0.0	0.0	42.0	39.0	93.0	59.0
38.0	89.0	0.0	61.0	45.0	61.0	83.0	90.0	48.0	24.0	24.0	58.0	49.0	10.0	0.0	26.0	13.0	75.0	0.0	0.0	0.0	0.0	98.0	88.0	66.0	74.0	0.0	49.0	0.0	79.0	0.0	31.0	55.0	0.0	7.0	52.0	9.0	0.0	76.0	0.0	42.0	0.0	3.0	16.0	41.0	40.0	2.0	92.0	59.0	0.0	41.0
0.0	95.0	24.0	84.0	0.0	78.0	82.0	0.0	26.0	7.0	79.0	0.0	52.0	98.0	20.0	91.0	0.0	5.0	0.0	0.0	94.0	64.0	38.0	49.0	25.0	44.0	50.0	0.0	81.0	60.0	79.0	0.0	95.0	23.0	0.0	79.0	22.0	10.0	0.0	97.0	51.0	75.0	92.0	87.0	0.0	0.0	43.0	84.0	27.0	60.0
68.0	0.0	65.0	0.0	62.0	81.0	92.0	0.0	15.0	99.0	20.0	30.0	84.0	90.0	91.0	10.0	38.0	23.0	97.0	0.0	12.0	58.0	0.0	9.0	0.0	59.0	91.0	4.0	16.0	52.0	40.0	99.0	8.0	34.0	59.0	0.0	0.0	14.0	40.0	0.0	0.0	97.0	87.0	86.0	33.0	81.0	82.0	4.0	5.0
2.0	10.0	64.0	40.0	59.0	85.0	56.0	72.0	14.0	66.0	69.0	52.0	82.0	81.0	45.0	0.0	86.0	0.0	88.0	99.0	68.0	75.0	4.0	0.0	63.0	16.0	0.0	37.0	58.0	41.0	56.0	68.0	16.0	0.0	3.0	21.0	15.0	0.0	0.0	74.0	77.0	7.0	23.0	69.0	0.0	0.0	0.0	63.0
56.0	74.0	45.0	71.0	0.0	0.0	0.0	65.0	76.0	31.0	32.0	70.0	83.0	17.0	62.0	86.0	0.0	10.0	0.0	38.0	0.0	59.0	18.0	17.0	0.0	62.0	0.0	94.0	52.0	26.0	37.0	6.0	8.0	0.0	27.0	0.0	50.0	0.0	0.0	9.0	20.0	36.0	70.0	0.0	71.0	0.0	13.0
69.0	0.0	65.0	54.0	6.0	0.0	0.0	67.0	22.0	0.0	40.0	19.0	10.0	42.0	39.0	0.0	0.0	89.0	22.0	46.0	80.0	55.0	37.0	53.0	39.0	39.0	22.0	68.0	63.0	0.0	0.0	0.0	92.0	41.0	21.0	0.0	0.0	25.0	33.0	0.0	46.0	0.0	61.0	65.0	0.0	50.0
0.0	21.0	40.0	88.0	84.0	28.0	53.0	70.0	19.0	0.0	51.0	43.0	22.0	0.0	11.0	0.0	27.0	0.0	83.0	0.0	37.0	20.0	99.0	55.0	50.0	0.0	75.0	63.0	31.0	62.0	82.0	48.0	73.0	0.0	39.0	39.0	84.0	57.0	67.0	14.0	25.0	7.0	0.0	76.0	51.0
0.0	42.0	99.0	32.0	44.0	78.0	87.0	86.0	36.0	81.0	73.0	29.0	0.0	0.0	77.0	0.0	32.0	76.0	26.0	0.0	87.0	54.0	0.0	14.0	28.0	42.0	26.0	83.0	0.0	18.0	11.0	0.0	7.0	0.0	19.0	44.0	0.0	86.0	70.0	79.0	0.0	0.0	76.0	43.0
0.0	92.0	22.0	0.0	73.0	14.0	84.0	0.0	0.0	0.0	78.0	32.0	0.0	0.0	94.0	25.0	0.0	35.0	82.0	50.0	76.0	84.0	7.0	24.0	47.0	63.0	0.0	0.0	97.0	81.0	24.0	0.0	0.0	0.0	66.0	99.0	0.0	97.0	71.0	7.0	35.0	50.0	38.0
0.0	0.0	69.0	58.0	52.0	67.0	94.0	0.0	99.0	41.0	59.0	0.0	55.0	0.0	0.0	73.0	0.0	96.0	46.0	46.0	87.0	77.0	3.0	58.0	0.0	73.0	0.0	0.0	0.0	0.0	76.0	93.0	4.0	0.0	7.0	4.0	0.0	32.0	91.0	41.0	36.0	65.0
66.0	18.0	90.0	0.0	12.0	94.0	25.0	10.0	31.0	73.0	0.0	64.0	49.0	89.0	57.0	0.0	44.0	2.0	49.0	83.0	36.0	32.0	0.0	46.0	78.0	50.0	6.0	64.0	8.0	84.0	48.0	93.0	9.0	0.0	83.0	25.0	98.0	56.0	62.0	14.0	38.0
0.0	2.0	19.0	24.0	60.0	75.0	27.0	34.0	0.0	13.0	4.0	57.0	46.0	13.0	79.0	45.0	89.0	69.0	15.0	0.0	92.0	87.0	68.0	37.0	64.0	46.0	93.0	78.0	10.0	92.0	55.0	0.0	99.0	30.0	7.0	74.0	0.0	34.0	0.0	94.0
41.0	0.0	0.0	69.0	22.0	0.0	23.0	34.0	85.0	72.0	15.0	31.0	0.0	0.0	38.0	0.0	55.0	63.0	0.0	62.0	80.0	69.0	35.0	45.0	89.0	13.0	0.0	6.0	77.0	0.0	85.0	33.0	64.0	42.0	94.0	86.0	77.0	23.0	35.0
0.0	0.0	19.0	4.0	29.0	0.0	69.0	0.0	0.0	13.0	16.0	18.0	49.0	16.0	0.0	0.0	63.0	2.0	16.0	7.0	69.0	69.0	96.0	0.0	80.0	0.0	0.0	54.0	70.0	56.0	4.0	96.0	0.0	27.0	84.0	60.0	13.0	59.0
64.0	0.0	0.0	0.0	0.0	71.0	77.0	75.0	63.0	0.0	13.0	0.0	47.0	20.0	0.0	94.0	97.0	97.0	12.0	0.0	0.0	10.0	35.0	46.0	0.0	63.0	0.0	0.0	24.0	91.0	0.0	94.0	40.0	9.0	77.0	0.0	0.0
92.0	0.0	0.0	65.0	79.0	48.0	48.0	3.0	51.0	3.0	0.0	0.0	45.0	0.0	49.0	47.0	0.0	14.0	81.0	42.0	0.0	39.0	52.0	78.0	5.0	19.0	0.0	66.0	56.0	16.0	81.0	0.0	99.0	0.0	71.0	6.0
0.0	92.0	14.0	27.0	11.0	76.0	73.0	0.0	1.0	71.0	2.0	51.0	0.0	84.0	29.0	59.0	0.0	0.0	0.0	0.0	87.0	69.0	82.0	0.0	40.0	0.0	61.0	0.0	27.0	42.0	4.0	45.0	0.0	18.0	2.0
50.0	0.0	22.0	53.0	0.0	0.0	0.0	63.0	28.0	71.0	28.0	14.0	18.0	84.0	10.0	40.0	0.0	90.0	0.0	10.0	45.0	0.0	38.0	0.0	0.0	44.0	62.0	98.0	94.0	80.0	0.0	73.0	21.0	98.0
63.0	1.0	16.0	39.0	60.0	47.0	87.0	45.0	33.0	0.0	39.0	96.0	49.0	73.0	48.0	64.0	0.0	27.0	85.0	48.0	0.0	9.0	27.0	90.0	54.0	52.0	57.0	61.0	10.0	22.0	1.0	0.0	62.0
6.0	33.0	0.0	67.0	77.0	14.0	54.0	5.0	2.0	8.0	0.0	96.0	74.0	12.0	24.0	75.0	0.0	13.0	6.0	55.0	52.0	16.0	0.0	88.0	36.0	0.0	88.0	7.0	3.0	4.0	20.0	24.0
67.0	0.0	79.0	78.0	21.0	90.0	34.0	66.0	37.0	16.0	91.0	0.0	93.0	0.0	0.0	14.0	0.0	32.0	31.0	0.0	87.0	43.0	71.0	0.0	32.0	0.0	93.0	54.0	87.0	94.0	48.0
0.0	54.0	74.0	37.0	57.0	95.0	73.0	0.0	0.0	0.0	23.0	63.0	9.0	0.0	69.0	60.0	99.0	0.0	62.0	79.0	0.0	49.0	8.0	59.0	12.0	0.0	80.0	63.0	0.0	0.0
0.0	95.0	98.0	70.0	1.0	21.0	0.0	40.0	0.0	0.0	94.0	0.0	99.0	61.0	0.0	81.0	93.0	0.0	66.0	0.0	19.0	28.0	97.0	78.0	70.0	0.0	12.0	0.0	0.0
12.0	14.0	38.0	27.0	24.0	96.0	42.0	92.0	59.0	96.0	60.0	12.0	74.0	1.0	46.0	65.0	5.0	74.0	52.0	91.0	90.0	49.0	25.0	0.0	0.0	0.0	58.0	14.0
74.0	2.0	0.0	0.0	2.0	0.0	12.0	55.0	80.0	72.0	65.0	28.0	54.0	45.0	45.0	14.0	0.0	78.0	43.0	88.0	28.0	0.0	51.0	0.0	23.0	34.0	26.0
38.0	11.0	7.0	69.0	92.0	27.0	100.0	22.0	39.0	0.0	0.0	81.0	64.0	0.0	0.0	44.0	12.0	0.0	45.0	50.0	39.0	0.0	86.0	0.0	34.0	24.0
0.0	33.0	84.0	92.0	100.0	39.0	75.0	0.0	17.0	0.0	4.0	37.0	63.0	31.0	37.0	41.0	72.0	0.0	24.0	68.0	0.0	51.0	25.0	0.0	58.0
75.0	67.0	89.0	49.0	19.0	0.0	9.0	0.0	0.0	0.0	59.0	78.0	0.0	0.0	0.0	31.0	56.0	79.0	45.0	2.0	81.0	0.0	0.0	0.0
0.0	0.0	27.0	27.0	18.0	94.0	7.0	52.0	25.0	51.0	0.0	0.0	65.0	67.0	0.0	75.0	0.0	20.0	40.0	90.0	69.0	7.0	0.0
0.0	8.0	29.0	20.0	24.0	0.0	0.0	74.0	83.0	88.0	39.0	100.0	0.0	76.0	0.0	63.0	0.0	0.0	0.0	70.0	100.0	0.0
1.0	91.0	28.0	0.0	6.0	95.0	20.0	19.0	50.0	25.0	52.0	67.0	32.0	35.0	18.0	5.0	0.0	32.0	0.0	49.0	76.0
0.0	0.0	0.0	96.0	45.0	16.0	0.0	0.0	0.0	3.0	55.0	0.0	0.0	0.0	75.0	40.0	84.0	0.0	63.0	17.0
29.0	30.0	34.0	59.0	26.0	10.0	96.0	78.0	35.0	0.0	44.0	0.0	29.0	0.0	37.0	8.0	0.0	0.0	1.0
0.0	87.0	48.0	79.0	50.0	12.0	25.0	65.0	93.0	0.0	0.0	56.0	24.0	19.0	76.0	0.0	30.0	56.0
62.0	88.0	28.0	94.0	28.0	51.0	0.0	17.0	2.0	0.0	98.0	0.0	83.0	96.0	1.0	0.0	36.0
54.0	92.0	94.0	26.0	0.0	18.0	19.0	59.0	58.0	0.0	29.0	8.0	22.0	40.0	0.0	76.0
36.0	18.0	83.0	57.0	2.0	13.0	92.0	4.0	15.0	36.0	0.0	60.0	92.0	25.0	40.0
0.0	62.0	0.0	65.0	81.0	0.0	0.0	0.0	44.0	75.0	21.0	10.0	43.0	58.0
23.0	0.0	76.0	17.0	91.0	57.0	0.0	67.0	0.0	76.0	37.0	14.0	91.0
74.0	65.0	0.0	57.0	60.0	6.0	0.0	98.0	86.0	0.0	69.0	0.0
9.0	10.0	56.0	72.0	2.0	35.0	30.0	83.0	63.0	83.0	19.0
90.0	31.0	9.0	0.0	64.0	27.0	57.0	82.0	40.0	1.0
0.0	33.0	24.0	45.0	23.0	24.0	77.0	96.0	79.0
0.0	48.0	0.0	0.0	42.0	2.0	0.0	43.0
53.0	25.0	19.0	74.0	60.0	7.0	98.0
55.0	67.0	43.0	68.0	52.0	94.0
2.0	0.0	83.0	68.0	5.0
79.0	40.0	61.0	4.0
35.0	35.0	94.0
97.0	0.0
66.0

6.0	14.0	21.0	36.0	19.0	50.0	6.0	17.0	22.0	12.0	29.0	28.0	18.0	24.0	48.0	9.0	26.0	12.0	11.0	3.0	44.0	24.0	27.0	36.0	4.0	4.0	43.0	8.0	15.0	33.0	25.0	5.0	12.0	41.0	22.0	45.0	10.0	38.0	37.0	49.0	11.0	3.0	31.0	35.0	22.0	33.0	30.0	50.0	24.0	50.0	23.0	46.0	26.0	14.0	12.0	15.0	41.0	46.0	10.0	18.0	14.0	47.0	8.0	29.0	50.0	13.0	13.0	12.0	26.0	38.0	2.0	4.0	41.0	13.0	41.0	42.0	48.0	9.0	39.0	35.0	12.0	48.0	1.0	4.0	21.0	43.0	16.0	19.0	1.0	36.0	20.0	47.0	45.0	44.0	18.0	27.0	50.0	25.0	31.0	4.0

200.72	200.72	200.72	200.72	200.72	200.72	200.72	200.72	200.72	200.72
