qmkp_200_50_10_010
200
10

0.0	0.0	0.0	0.0	0.0	30.0	0.0	45.0	19.0	0.0	65.0	0.0	0.0	0.0	46.0	0.0	0.0	0.0	23.0	0.0	0.0	53.0	17.0	31.0	0.0	94.0	0.0	0.0	73.0	43.0	0.0	0.0	33.0	0.0	18.0	0.0	42.0	40.0	0.0	0.0	0.0	38.0	0.0	97.0	0.0	0.0	40.0	0.0	47.0	0.0	36.0	93.0	0.0	61.0	0.0	22.0	8.0	24.0	90.0	0.0	0.0	0.0	0.0	0.0	0.0	0.0	0.0	12.0	0.0	61.0	0.0	0.0	63.0	0.0	11.0	0.0	51.0	94.0	16.0	96.0	0.0	0.0	33.0	0.0	29.0	6.0	15.0	0.0	58.0	76.0	0.0	0.0	57.0	0.0	0.0	0.0	0.0	38.0	0.0	0.0	0.0	62.0	86.0	19.0	66.0	0.0	0.0	0.0	0.0	4.0	0.0	0.0	23.0	0.0	0.0	0.0	22.0	0.0	0.0	0.0	25.0	0.0	86.0	11.0	0.0	0.0	0.0	0.0	50.0	8.0	0.0	0.0	0.0	0.0	82.0	49.0	0.0	64.0	0.0	91.0	65.0	100.0	48.0	16.0	0.0	0.0	26.0	0.0	0.0	0.0	9.0	100.0	0.0	0.0	23.0	0.0	73.0	0.0	0.0	0.0	0.0	0.0	15.0	0.0	0.0	0.0	0.0	79.0	0.0	55.0	36.0	0.0	0.0	14.0	59.0	0.0	81.0	0.0	0.0	16.0	0.0	0.0	0.0	0.0	89.0	28.0	0.0	89.0	0.0	0.0	51.0	44.0	0.0	0.0	6.0	3.0	44.0	17.0	0.0	47.0
35.0	15.0	0.0	98.0	0.0	86.0	55.0	43.0	0.0	63.0	0.0	0.0	58.0	0.0	0.0	0.0	0.0	10.0	70.0	98.0	80.0	0.0	0.0	5.0	37.0	0.0	0.0	0.0	0.0	56.0	0.0	0.0	0.0	100.0	69.0	0.0	0.0	39.0	39.0	15.0	0.0	87.0	26.0	55.0	97.0	0.0	0.0	0.0	0.0	48.0	0.0	0.0	0.0	0.0	0.0	51.0	0.0	80.0	0.0	0.0	0.0	49.0	0.0	0.0	77.0	28.0	75.0	0.0	0.0	0.0	49.0	0.0	19.0	77.0	0.0	32.0	0.0	0.0	15.0	0.0	0.0	66.0	0.0	47.0	0.0	80.0	87.0	94.0	0.0	0.0	1.0	0.0	6.0	99.0	0.0	92.0	35.0	0.0	41.0	0.0	74.0	0.0	21.0	0.0	0.0	33.0	37.0	77.0	0.0	70.0	44.0	83.0	5.0	3.0	0.0	0.0	91.0	7.0	0.0	0.0	84.0	100.0	0.0	0.0	49.0	0.0	0.0	8.0	45.0	81.0	0.0	32.0	29.0	0.0	0.0	0.0	0.0	0.0	49.0	31.0	99.0	29.0	65.0	0.0	64.0	0.0	48.0	0.0	72.0	0.0	63.0	0.0	44.0	82.0	0.0	27.0	67.0	0.0	0.0	0.0	0.0	0.0	6.0	45.0	0.0	66.0	43.0	0.0	20.0	0.0	0.0	0.0	95.0	0.0	0.0	42.0	0.0	80.0	0.0	30.0	80.0	0.0	0.0	0.0	38.0	0.0	23.0	94.0	0.0	77.0	0.0	0.0	85.0	16.0	0.0	0.0	92.0	10.0	62.0
48.0	0.0	0.0	17.0	34.0	43.0	0.0	0.0	23.0	0.0	48.0	15.0	0.0	1.0	0.0	48.0	0.0	0.0	58.0	29.0	0.0	0.0	52.0	60.0	1.0	54.0	18.0	0.0	64.0	78.0	0.0	76.0	72.0	0.0	0.0	0.0	0.0	69.0	24.0	17.0	0.0	0.0	30.0	85.0	0.0	0.0	0.0	0.0	0.0	0.0	0.0	75.0	0.0	0.0	47.0	0.0	0.0	0.0	0.0	0.0	56.0	0.0	98.0	34.0	0.0	0.0	0.0	4.0	0.0	23.0	88.0	43.0	0.0	0.0	26.0	0.0	0.0	95.0	15.0	0.0	32.0	0.0	0.0	0.0	36.0	85.0	0.0	32.0	0.0	0.0	75.0	0.0	14.0	0.0	0.0	93.0	0.0	0.0	0.0	0.0	0.0	47.0	0.0	0.0	0.0	20.0	0.0	0.0	0.0	22.0	0.0	0.0	0.0	15.0	12.0	26.0	0.0	75.0	0.0	0.0	18.0	0.0	28.0	0.0	30.0	0.0	0.0	0.0	0.0	74.0	0.0	0.0	0.0	22.0	21.0	52.0	90.0	35.0	3.0	57.0	80.0	30.0	67.0	0.0	61.0	0.0	53.0	0.0	0.0	0.0	38.0	49.0	0.0	0.0	0.0	64.0	61.0	0.0	95.0	84.0	76.0	0.0	0.0	43.0	0.0	0.0	0.0	0.0	0.0	4.0	24.0	64.0	0.0	77.0	13.0	0.0	63.0	30.0	0.0	4.0	0.0	16.0	90.0	10.0	0.0	11.0	0.0	0.0	100.0	22.0	0.0	0.0	0.0	50.0	14.0	0.0	0.0	95.0
71.0	63.0	0.0	0.0	51.0	1.0	0.0	45.0	0.0	24.0	53.0	73.0	0.0	48.0	95.0	0.0	70.0	75.0	0.0	7.0	0.0	0.0	0.0	0.0	0.0	11.0	54.0	69.0	76.0	0.0	24.0	36.0	0.0	89.0	79.0	15.0	0.0	0.0	99.0	88.0	0.0	0.0	58.0	0.0	0.0	0.0	8.0	17.0	61.0	41.0	0.0	29.0	0.0	0.0	0.0	33.0	0.0	0.0	0.0	3.0	0.0	44.0	45.0	93.0	52.0	19.0	0.0	63.0	0.0	0.0	49.0	76.0	0.0	0.0	0.0	6.0	51.0	0.0	0.0	20.0	0.0	48.0	0.0	0.0	0.0	0.0	0.0	73.0	0.0	41.0	85.0	0.0	0.0	75.0	48.0	0.0	0.0	0.0	7.0	0.0	13.0	0.0	77.0	79.0	24.0	15.0	0.0	0.0	0.0	0.0	0.0	0.0	0.0	7.0	77.0	73.0	47.0	25.0	19.0	2.0	68.0	0.0	62.0	70.0	0.0	52.0	0.0	61.0	58.0	52.0	82.0	0.0	0.0	0.0	45.0	59.0	26.0	0.0	88.0	75.0	0.0	55.0	23.0	44.0	0.0	5.0	0.0	0.0	57.0	0.0	0.0	0.0	0.0	0.0	0.0	75.0	0.0	29.0	0.0	100.0	0.0	71.0	4.0	14.0	0.0	19.0	83.0	0.0	0.0	0.0	0.0	79.0	0.0	26.0	37.0	77.0	0.0	0.0	29.0	11.0	99.0	0.0	89.0	0.0	7.0	0.0	0.0	0.0	0.0	4.0	0.0	0.0	72.0	44.0	0.0	16.0	0.0
50.0	21.0	0.0	0.0	0.0	68.0	0.0	0.0	77.0	0.0	98.0	100.0	0.0	55.0	42.0	0.0	0.0	34.0	23.0	0.0	0.0	52.0	0.0	28.0	58.0	9.0	32.0	0.0	0.0	48.0	0.0	0.0	40.0	0.0	0.0	98.0	7.0	72.0	29.0	29.0	57.0	0.0	0.0	0.0	71.0	0.0	22.0	0.0	0.0	0.0	0.0	0.0	0.0	0.0	64.0	0.0	0.0	0.0	12.0	67.0	91.0	0.0	13.0	0.0	0.0	47.0	75.0	55.0	0.0	62.0	7.0	71.0	0.0	0.0	8.0	0.0	0.0	4.0	0.0	0.0	0.0	96.0	0.0	0.0	0.0	0.0	0.0	13.0	25.0	52.0	0.0	87.0	0.0	75.0	3.0	17.0	0.0	72.0	0.0	16.0	0.0	0.0	36.0	24.0	0.0	86.0	68.0	52.0	71.0	12.0	0.0	0.0	0.0	91.0	0.0	0.0	55.0	0.0	0.0	8.0	0.0	0.0	0.0	0.0	75.0	57.0	94.0	0.0	0.0	0.0	0.0	1.0	43.0	57.0	0.0	0.0	0.0	0.0	29.0	53.0	59.0	34.0	0.0	45.0	44.0	38.0	28.0	81.0	0.0	61.0	20.0	13.0	0.0	0.0	67.0	0.0	0.0	65.0	0.0	0.0	0.0	24.0	0.0	0.0	17.0	0.0	0.0	52.0	0.0	26.0	0.0	80.0	100.0	80.0	0.0	0.0	15.0	41.0	95.0	59.0	0.0	88.0	0.0	77.0	10.0	86.0	0.0	61.0	96.0	0.0	26.0	36.0	12.0	0.0	46.0	0.0
24.0	0.0	0.0	0.0	0.0	10.0	0.0	9.0	85.0	0.0	42.0	0.0	0.0	0.0	0.0	78.0	27.0	0.0	80.0	0.0	0.0	59.0	79.0	0.0	0.0	0.0	0.0	0.0	21.0	84.0	0.0	0.0	59.0	19.0	0.0	83.0	34.0	89.0	0.0	8.0	0.0	0.0	0.0	0.0	0.0	0.0	0.0	0.0	67.0	76.0	0.0	10.0	61.0	94.0	0.0	0.0	0.0	0.0	71.0	55.0	0.0	70.0	0.0	34.0	0.0	0.0	25.0	0.0	80.0	60.0	91.0	0.0	75.0	0.0	0.0	47.0	0.0	54.0	0.0	0.0	100.0	42.0	0.0	54.0	0.0	71.0	0.0	9.0	39.0	66.0	98.0	0.0	60.0	12.0	49.0	63.0	0.0	0.0	0.0	0.0	0.0	24.0	62.0	0.0	0.0	0.0	74.0	0.0	61.0	16.0	84.0	98.0	0.0	31.0	8.0	6.0	0.0	47.0	0.0	0.0	53.0	0.0	75.0	0.0	0.0	34.0	5.0	82.0	0.0	90.0	0.0	0.0	0.0	14.0	0.0	71.0	22.0	29.0	91.0	0.0	48.0	30.0	16.0	63.0	83.0	96.0	0.0	0.0	90.0	0.0	46.0	59.0	51.0	0.0	55.0	0.0	57.0	0.0	8.0	24.0	0.0	0.0	55.0	87.0	0.0	0.0	5.0	0.0	52.0	0.0	36.0	0.0	31.0	7.0	0.0	97.0	0.0	0.0	0.0	0.0	0.0	0.0	0.0	95.0	13.0	0.0	0.0	0.0	93.0	0.0	0.0	0.0	0.0	0.0	23.0
0.0	50.0	0.0	56.0	65.0	0.0	0.0	48.0	86.0	59.0	5.0	0.0	0.0	13.0	0.0	13.0	0.0	38.0	0.0	2.0	93.0	0.0	0.0	0.0	0.0	70.0	78.0	0.0	21.0	0.0	0.0	2.0	8.0	80.0	0.0	13.0	0.0	0.0	11.0	51.0	9.0	0.0	70.0	0.0	0.0	67.0	0.0	0.0	100.0	99.0	0.0	30.0	0.0	25.0	0.0	27.0	0.0	35.0	0.0	0.0	92.0	48.0	71.0	21.0	40.0	46.0	0.0	29.0	54.0	64.0	0.0	0.0	0.0	95.0	0.0	79.0	0.0	40.0	0.0	1.0	90.0	28.0	0.0	0.0	30.0	0.0	37.0	0.0	15.0	4.0	0.0	10.0	0.0	0.0	8.0	0.0	99.0	0.0	75.0	0.0	0.0	0.0	92.0	0.0	0.0	0.0	27.0	0.0	54.0	0.0	0.0	95.0	50.0	39.0	46.0	97.0	16.0	54.0	0.0	0.0	0.0	93.0	0.0	96.0	22.0	0.0	0.0	0.0	0.0	18.0	43.0	76.0	83.0	0.0	30.0	0.0	59.0	87.0	0.0	0.0	34.0	36.0	0.0	0.0	8.0	0.0	0.0	0.0	80.0	0.0	0.0	73.0	36.0	0.0	3.0	55.0	0.0	0.0	0.0	0.0	0.0	0.0	0.0	47.0	12.0	14.0	97.0	56.0	0.0	9.0	0.0	11.0	50.0	0.0	0.0	67.0	0.0	0.0	34.0	27.0	67.0	28.0	88.0	75.0	0.0	96.0	0.0	98.0	91.0	0.0	59.0	0.0	0.0	87.0
45.0	66.0	0.0	0.0	82.0	91.0	29.0	50.0	31.0	0.0	0.0	0.0	0.0	19.0	0.0	0.0	0.0	0.0	82.0	82.0	81.0	0.0	39.0	44.0	80.0	10.0	0.0	64.0	44.0	0.0	88.0	0.0	36.0	15.0	0.0	88.0	0.0	0.0	0.0	33.0	55.0	38.0	78.0	0.0	50.0	84.0	0.0	0.0	63.0	0.0	98.0	0.0	48.0	61.0	52.0	0.0	22.0	0.0	0.0	48.0	0.0	0.0	0.0	28.0	0.0	0.0	0.0	66.0	91.0	16.0	28.0	28.0	0.0	67.0	10.0	40.0	85.0	26.0	2.0	0.0	0.0	0.0	4.0	5.0	60.0	30.0	0.0	0.0	42.0	27.0	50.0	0.0	0.0	68.0	0.0	89.0	29.0	96.0	0.0	34.0	39.0	11.0	92.0	70.0	90.0	17.0	0.0	49.0	12.0	91.0	0.0	4.0	79.0	70.0	0.0	0.0	35.0	80.0	15.0	0.0	0.0	53.0	0.0	62.0	9.0	37.0	0.0	15.0	0.0	27.0	11.0	67.0	0.0	81.0	0.0	0.0	70.0	0.0	0.0	39.0	0.0	97.0	88.0	0.0	60.0	0.0	0.0	39.0	0.0	0.0	0.0	17.0	94.0	10.0	17.0	31.0	0.0	0.0	0.0	11.0	23.0	0.0	0.0	51.0	0.0	5.0	8.0	0.0	0.0	0.0	21.0	41.0	0.0	97.0	0.0	0.0	60.0	13.0	49.0	50.0	9.0	43.0	56.0	57.0	67.0	25.0	14.0	87.0	0.0	3.0	76.0	87.0	0.0
0.0	0.0	0.0	0.0	80.0	79.0	0.0	0.0	0.0	75.0	17.0	0.0	0.0	53.0	87.0	0.0	12.0	65.0	96.0	0.0	0.0	0.0	70.0	0.0	0.0	0.0	0.0	53.0	55.0	0.0	69.0	54.0	0.0	0.0	26.0	9.0	100.0	0.0	0.0	0.0	0.0	0.0	87.0	0.0	0.0	0.0	77.0	7.0	86.0	19.0	1.0	49.0	0.0	65.0	53.0	42.0	0.0	67.0	18.0	0.0	16.0	0.0	50.0	86.0	0.0	0.0	0.0	0.0	0.0	0.0	51.0	12.0	0.0	0.0	96.0	0.0	0.0	0.0	37.0	0.0	25.0	0.0	0.0	89.0	0.0	0.0	81.0	0.0	0.0	0.0	0.0	7.0	0.0	0.0	82.0	0.0	77.0	54.0	0.0	0.0	0.0	0.0	42.0	0.0	0.0	16.0	0.0	0.0	0.0	0.0	24.0	35.0	0.0	0.0	0.0	0.0	11.0	99.0	19.0	76.0	72.0	5.0	0.0	32.0	0.0	69.0	80.0	70.0	0.0	0.0	99.0	85.0	0.0	51.0	86.0	0.0	28.0	1.0	4.0	16.0	0.0	0.0	0.0	74.0	60.0	58.0	54.0	0.0	55.0	35.0	0.0	0.0	0.0	6.0	0.0	20.0	70.0	65.0	35.0	83.0	50.0	0.0	53.0	0.0	13.0	86.0	13.0	0.0	89.0	0.0	100.0	0.0	0.0	22.0	15.0	50.0	74.0	0.0	53.0	26.0	22.0	38.0	77.0	44.0	0.0	8.0	0.0	63.0	0.0	92.0	5.0	12.0
0.0	0.0	35.0	0.0	45.0	92.0	0.0	0.0	0.0	0.0	35.0	0.0	34.0	5.0	12.0	44.0	0.0	0.0	0.0	0.0	0.0	89.0	95.0	0.0	8.0	95.0	27.0	0.0	0.0	0.0	41.0	93.0	0.0	0.0	0.0	6.0	31.0	0.0	72.0	93.0	1.0	61.0	13.0	45.0	73.0	0.0	0.0	0.0	0.0	37.0	11.0	18.0	0.0	0.0	0.0	64.0	0.0	0.0	77.0	64.0	0.0	13.0	0.0	0.0	0.0	0.0	0.0	0.0	41.0	0.0	81.0	0.0	93.0	0.0	0.0	10.0	42.0	44.0	17.0	9.0	0.0	0.0	0.0	63.0	47.0	72.0	0.0	40.0	27.0	13.0	0.0	0.0	29.0	65.0	0.0	58.0	0.0	0.0	0.0	15.0	0.0	63.0	44.0	0.0	0.0	27.0	78.0	30.0	0.0	79.0	0.0	97.0	0.0	87.0	0.0	70.0	38.0	67.0	0.0	0.0	34.0	0.0	0.0	0.0	90.0	0.0	0.0	0.0	71.0	0.0	7.0	51.0	62.0	51.0	31.0	81.0	0.0	47.0	51.0	10.0	0.0	94.0	3.0	34.0	0.0	49.0	0.0	22.0	0.0	6.0	1.0	50.0	66.0	0.0	79.0	64.0	47.0	0.0	0.0	0.0	0.0	0.0	0.0	60.0	85.0	0.0	90.0	0.0	61.0	48.0	0.0	91.0	0.0	0.0	0.0	0.0	81.0	93.0	0.0	59.0	91.0	0.0	0.0	0.0	0.0	93.0	0.0	73.0	75.0	15.0	28.0
34.0	88.0	86.0	99.0	0.0	65.0	0.0	0.0	0.0	39.0	62.0	89.0	18.0	0.0	66.0	34.0	0.0	0.0	0.0	45.0	0.0	0.0	0.0	58.0	0.0	16.0	88.0	66.0	0.0	0.0	0.0	0.0	0.0	0.0	46.0	0.0	28.0	19.0	31.0	0.0	0.0	0.0	0.0	0.0	64.0	11.0	0.0	62.0	0.0	62.0	0.0	88.0	97.0	0.0	45.0	0.0	71.0	52.0	0.0	61.0	12.0	0.0	0.0	0.0	0.0	93.0	0.0	41.0	47.0	0.0	0.0	19.0	0.0	0.0	51.0	0.0	0.0	0.0	0.0	0.0	0.0	43.0	0.0	93.0	21.0	0.0	0.0	72.0	40.0	0.0	0.0	0.0	72.0	93.0	53.0	31.0	0.0	3.0	82.0	0.0	0.0	25.0	0.0	93.0	12.0	0.0	0.0	0.0	0.0	0.0	94.0	0.0	80.0	0.0	0.0	0.0	0.0	0.0	0.0	0.0	15.0	16.0	0.0	94.0	56.0	29.0	0.0	0.0	0.0	0.0	21.0	19.0	0.0	0.0	10.0	73.0	0.0	64.0	67.0	19.0	0.0	0.0	53.0	0.0	16.0	22.0	0.0	0.0	14.0	0.0	0.0	44.0	62.0	26.0	23.0	59.0	0.0	89.0	74.0	0.0	0.0	0.0	0.0	0.0	0.0	0.0	0.0	55.0	0.0	79.0	0.0	45.0	0.0	0.0	71.0	60.0	0.0	72.0	88.0	0.0	65.0	25.0	69.0	17.0	59.0	78.0	80.0	0.0	0.0	0.0
53.0	3.0	0.0	80.0	45.0	63.0	0.0	85.0	0.0	61.0	0.0	82.0	0.0	33.0	58.0	0.0	64.0	100.0	21.0	80.0	83.0	0.0	93.0	0.0	100.0	0.0	33.0	5.0	0.0	76.0	0.0	97.0	0.0	0.0	0.0	96.0	0.0	90.0	93.0	0.0	0.0	46.0	0.0	0.0	0.0	0.0	92.0	0.0	91.0	0.0	23.0	77.0	23.0	0.0	27.0	0.0	0.0	0.0	91.0	77.0	0.0	12.0	0.0	64.0	0.0	0.0	33.0	0.0	94.0	89.0	23.0	0.0	87.0	0.0	0.0	30.0	0.0	92.0	25.0	0.0	96.0	0.0	42.0	96.0	0.0	0.0	0.0	0.0	38.0	0.0	0.0	0.0	0.0	0.0	54.0	0.0	0.0	41.0	0.0	0.0	0.0	89.0	0.0	70.0	79.0	32.0	63.0	0.0	0.0	10.0	0.0	69.0	63.0	12.0	0.0	0.0	0.0	0.0	90.0	41.0	0.0	0.0	84.0	98.0	59.0	0.0	0.0	0.0	0.0	0.0	0.0	6.0	32.0	0.0	0.0	91.0	53.0	0.0	94.0	99.0	0.0	0.0	0.0	55.0	87.0	5.0	19.0	60.0	52.0	0.0	0.0	0.0	79.0	67.0	95.0	0.0	15.0	0.0	56.0	0.0	88.0	0.0	77.0	69.0	0.0	45.0	0.0	36.0	0.0	74.0	0.0	0.0	0.0	0.0	50.0	61.0	89.0	0.0	80.0	40.0	0.0	0.0	40.0	48.0	51.0	0.0	0.0	0.0	47.0
94.0	90.0	48.0	0.0	0.0	0.0	0.0	0.0	0.0	0.0	0.0	0.0	59.0	99.0	80.0	17.0	20.0	0.0	0.0	0.0	10.0	63.0	0.0	0.0	0.0	12.0	4.0	0.0	81.0	76.0	0.0	0.0	57.0	97.0	34.0	89.0	0.0	34.0	44.0	0.0	10.0	69.0	80.0	67.0	32.0	48.0	99.0	40.0	84.0	0.0	61.0	0.0	0.0	0.0	0.0	47.0	0.0	70.0	0.0	15.0	7.0	93.0	15.0	98.0	37.0	99.0	0.0	58.0	0.0	27.0	25.0	0.0	2.0	43.0	0.0	0.0	2.0	0.0	57.0	0.0	0.0	0.0	0.0	0.0	44.0	72.0	46.0	13.0	0.0	32.0	40.0	0.0	0.0	0.0	0.0	58.0	0.0	0.0	0.0	0.0	0.0	0.0	0.0	62.0	0.0	47.0	42.0	82.0	0.0	0.0	19.0	0.0	0.0	0.0	70.0	58.0	0.0	0.0	43.0	8.0	83.0	0.0	8.0	0.0	0.0	15.0	0.0	0.0	57.0	89.0	92.0	49.0	39.0	63.0	0.0	52.0	0.0	29.0	0.0	0.0	16.0	61.0	0.0	50.0	0.0	0.0	15.0	48.0	35.0	29.0	0.0	0.0	18.0	0.0	23.0	0.0	0.0	50.0	33.0	0.0	44.0	0.0	0.0	85.0	0.0	56.0	0.0	27.0	0.0	78.0	26.0	1.0	0.0	75.0	99.0	0.0	0.0	67.0	95.0	0.0	0.0	0.0	31.0	77.0	47.0	80.0	0.0	97.0
0.0	0.0	17.0	0.0	41.0	0.0	45.0	0.0	99.0	0.0	40.0	24.0	0.0	0.0	0.0	0.0	14.0	0.0	76.0	0.0	0.0	0.0	81.0	0.0	0.0	0.0	75.0	0.0	0.0	26.0	57.0	0.0	0.0	90.0	0.0	0.0	35.0	0.0	76.0	0.0	33.0	0.0	0.0	27.0	26.0	0.0	0.0	13.0	0.0	76.0	6.0	33.0	89.0	0.0	0.0	67.0	1.0	91.0	74.0	78.0	0.0	89.0	0.0	65.0	80.0	21.0	0.0	0.0	78.0	70.0	81.0	52.0	60.0	78.0	0.0	31.0	0.0	62.0	32.0	0.0	0.0	0.0	13.0	0.0	9.0	64.0	0.0	72.0	16.0	0.0	91.0	0.0	10.0	7.0	0.0	0.0	0.0	38.0	84.0	46.0	45.0	49.0	0.0	76.0	79.0	64.0	0.0	0.0	0.0	0.0	0.0	34.0	0.0	91.0	0.0	73.0	93.0	0.0	0.0	87.0	0.0	6.0	79.0	0.0	0.0	1.0	41.0	54.0	0.0	0.0	41.0	0.0	0.0	16.0	0.0	63.0	75.0	0.0	0.0	0.0	0.0	0.0	65.0	0.0	8.0	0.0	0.0	0.0	0.0	78.0	0.0	17.0	0.0	21.0	34.0	78.0	13.0	0.0	82.0	65.0	0.0	0.0	0.0	61.0	0.0	99.0	0.0	0.0	77.0	42.0	59.0	0.0	0.0	10.0	85.0	35.0	0.0	0.0	20.0	94.0	0.0	0.0	0.0	99.0	65.0	0.0	56.0
0.0	0.0	24.0	0.0	11.0	0.0	36.0	21.0	63.0	12.0	0.0	91.0	13.0	32.0	0.0	20.0	0.0	33.0	51.0	0.0	34.0	0.0	90.0	0.0	0.0	51.0	94.0	0.0	3.0	0.0	1.0	0.0	0.0	0.0	0.0	28.0	42.0	0.0	27.0	0.0	94.0	0.0	16.0	0.0	49.0	16.0	92.0	0.0	0.0	0.0	0.0	0.0	0.0	77.0	0.0	0.0	19.0	0.0	64.0	0.0	19.0	15.0	0.0	17.0	11.0	6.0	0.0	0.0	0.0	69.0	0.0	0.0	86.0	73.0	56.0	0.0	64.0	81.0	51.0	0.0	26.0	0.0	0.0	92.0	0.0	56.0	0.0	52.0	0.0	16.0	0.0	0.0	0.0	0.0	52.0	42.0	38.0	0.0	0.0	0.0	0.0	0.0	16.0	0.0	19.0	44.0	49.0	85.0	46.0	44.0	0.0	0.0	33.0	21.0	0.0	62.0	0.0	54.0	0.0	16.0	0.0	83.0	1.0	62.0	0.0	0.0	99.0	0.0	0.0	31.0	94.0	80.0	0.0	33.0	0.0	48.0	21.0	64.0	26.0	0.0	0.0	100.0	70.0	80.0	97.0	0.0	34.0	0.0	0.0	0.0	0.0	0.0	0.0	0.0	61.0	57.0	49.0	57.0	0.0	98.0	22.0	0.0	0.0	55.0	24.0	84.0	78.0	66.0	62.0	29.0	14.0	49.0	0.0	0.0	56.0	0.0	24.0	5.0	0.0	22.0	0.0	0.0	0.0	0.0	0.0	0.0
0.0	57.0	0.0	0.0	27.0	0.0	0.0	95.0	97.0	56.0	0.0	0.0	0.0	84.0	75.0	0.0	52.0	0.0	0.0	0.0	100.0	96.0	0.0	0.0	0.0	0.0	0.0	0.0	82.0	0.0	0.0	0.0	0.0	0.0	74.0	29.0	0.0	93.0	0.0	0.0	0.0	43.0	91.0	0.0	0.0	91.0	0.0	38.0	79.0	0.0	0.0	72.0	82.0	92.0	84.0	26.0	64.0	0.0	0.0	30.0	0.0	0.0	99.0	17.0	83.0	32.0	87.0	0.0	40.0	42.0	0.0	0.0	0.0	99.0	0.0	25.0	20.0	100.0	0.0	0.0	72.0	72.0	0.0	0.0	0.0	0.0	0.0	69.0	83.0	62.0	83.0	14.0	0.0	78.0	0.0	0.0	0.0	0.0	20.0	0.0	0.0	25.0	0.0	14.0	95.0	92.0	0.0	0.0	61.0	69.0	0.0	86.0	0.0	24.0	76.0	0.0	0.0	0.0	0.0	98.0	63.0	16.0	83.0	0.0	91.0	89.0	0.0	0.0	23.0	37.0	54.0	0.0	0.0	0.0	0.0	0.0	0.0	0.0	71.0	0.0	0.0	35.0	63.0	0.0	41.0	97.0	0.0	54.0	48.0	95.0	0.0	77.0	0.0	0.0	0.0	0.0	0.0	0.0	0.0	0.0	0.0	0.0	75.0	86.0	38.0	6.0	0.0	82.0	9.0	94.0	0.0	0.0	94.0	82.0	48.0	0.0	45.0	50.0	69.0	77.0	0.0	0.0	0.0	0.0	25.0
57.0	0.0	0.0	20.0	0.0	0.0	11.0	0.0	0.0	2.0	0.0	0.0	0.0	0.0	0.0	27.0	0.0	61.0	29.0	38.0	77.0	17.0	0.0	78.0	0.0	0.0	33.0	0.0	78.0	9.0	95.0	0.0	92.0	0.0	0.0	9.0	52.0	65.0	0.0	0.0	85.0	26.0	33.0	69.0	98.0	0.0	16.0	71.0	31.0	74.0	35.0	0.0	0.0	0.0	0.0	0.0	60.0	48.0	91.0	0.0	93.0	32.0	96.0	38.0	44.0	0.0	71.0	77.0	0.0	0.0	0.0	0.0	53.0	83.0	0.0	0.0	0.0	0.0	46.0	0.0	39.0	0.0	0.0	9.0	89.0	0.0	100.0	0.0	0.0	0.0	90.0	39.0	0.0	0.0	0.0	0.0	99.0	55.0	0.0	0.0	96.0	0.0	30.0	19.0	56.0	0.0	19.0	0.0	30.0	0.0	0.0	0.0	93.0	23.0	0.0	0.0	49.0	0.0	0.0	93.0	0.0	66.0	12.0	0.0	0.0	25.0	0.0	36.0	0.0	0.0	71.0	0.0	61.0	4.0	0.0	86.0	0.0	0.0	0.0	0.0	0.0	0.0	83.0	0.0	0.0	97.0	0.0	0.0	0.0	0.0	7.0	0.0	0.0	0.0	33.0	61.0	78.0	0.0	0.0	71.0	0.0	0.0	8.0	0.0	0.0	0.0	0.0	0.0	4.0	19.0	92.0	54.0	1.0	65.0	76.0	21.0	85.0	0.0	38.0	0.0	2.0	89.0	0.0	0.0
90.0	0.0	11.0	4.0	26.0	4.0	74.0	0.0	0.0	51.0	0.0	0.0	0.0	67.0	0.0	0.0	54.0	60.0	0.0	86.0	11.0	86.0	0.0	34.0	0.0	0.0	0.0	3.0	0.0	64.0	0.0	0.0	0.0	0.0	0.0	61.0	57.0	0.0	0.0	0.0	12.0	0.0	90.0	13.0	0.0	0.0	79.0	14.0	57.0	32.0	0.0	19.0	86.0	0.0	59.0	0.0	69.0	0.0	39.0	20.0	70.0	0.0	0.0	91.0	0.0	0.0	0.0	0.0	100.0	90.0	46.0	0.0	19.0	74.0	96.0	0.0	45.0	0.0	0.0	0.0	0.0	0.0	15.0	0.0	0.0	50.0	0.0	0.0	7.0	0.0	0.0	77.0	0.0	0.0	0.0	65.0	22.0	19.0	64.0	11.0	74.0	49.0	100.0	0.0	0.0	61.0	0.0	0.0	0.0	0.0	0.0	50.0	87.0	6.0	0.0	49.0	0.0	16.0	0.0	0.0	19.0	0.0	0.0	0.0	88.0	85.0	0.0	0.0	0.0	0.0	68.0	95.0	90.0	0.0	55.0	7.0	0.0	59.0	31.0	0.0	94.0	0.0	0.0	0.0	6.0	36.0	57.0	45.0	62.0	49.0	0.0	0.0	17.0	0.0	0.0	0.0	51.0	0.0	0.0	0.0	99.0	0.0	0.0	22.0	0.0	37.0	8.0	0.0	84.0	43.0	7.0	57.0	20.0	0.0	76.0	49.0	35.0	91.0	77.0	14.0	4.0	94.0	0.0
14.0	22.0	0.0	0.0	0.0	15.0	0.0	0.0	0.0	41.0	56.0	89.0	0.0	68.0	26.0	4.0	0.0	0.0	0.0	20.0	20.0	0.0	33.0	25.0	1.0	40.0	62.0	0.0	97.0	0.0	75.0	31.0	0.0	58.0	0.0	0.0	0.0	81.0	9.0	0.0	0.0	81.0	59.0	87.0	0.0	12.0	0.0	57.0	7.0	0.0	0.0	0.0	0.0	0.0	0.0	61.0	79.0	27.0	44.0	53.0	0.0	0.0	0.0	50.0	94.0	98.0	0.0	0.0	98.0	0.0	0.0	0.0	0.0	0.0	67.0	14.0	0.0	0.0	0.0	92.0	0.0	41.0	0.0	13.0	0.0	0.0	43.0	85.0	75.0	0.0	89.0	0.0	0.0	0.0	0.0	0.0	79.0	74.0	68.0	85.0	77.0	17.0	0.0	0.0	0.0	3.0	63.0	0.0	0.0	43.0	9.0	0.0	0.0	73.0	9.0	34.0	0.0	0.0	0.0	78.0	4.0	0.0	83.0	0.0	0.0	0.0	83.0	0.0	63.0	0.0	0.0	0.0	58.0	0.0	85.0	28.0	58.0	52.0	0.0	0.0	21.0	48.0	12.0	60.0	0.0	85.0	0.0	0.0	0.0	62.0	0.0	0.0	89.0	0.0	26.0	0.0	18.0	0.0	21.0	92.0	0.0	24.0	61.0	0.0	0.0	0.0	0.0	51.0	63.0	0.0	0.0	0.0	61.0	0.0	42.0	59.0	0.0	0.0	0.0	50.0	0.0	19.0
50.0	64.0	44.0	86.0	100.0	12.0	21.0	30.0	47.0	0.0	49.0	51.0	0.0	0.0	72.0	0.0	38.0	57.0	0.0	61.0	4.0	0.0	0.0	0.0	76.0	38.0	0.0	0.0	0.0	0.0	0.0	0.0	41.0	0.0	29.0	0.0	7.0	69.0	20.0	32.0	26.0	0.0	83.0	0.0	69.0	0.0	71.0	39.0	0.0	96.0	0.0	0.0	0.0	0.0	0.0	0.0	90.0	0.0	0.0	0.0	0.0	47.0	0.0	51.0	53.0	58.0	89.0	0.0	0.0	89.0	39.0	0.0	0.0	59.0	0.0	0.0	0.0	8.0	52.0	0.0	54.0	0.0	27.0	0.0	0.0	12.0	94.0	0.0	0.0	0.0	0.0	60.0	0.0	20.0	0.0	0.0	0.0	4.0	0.0	0.0	25.0	0.0	0.0	63.0	0.0	37.0	89.0	88.0	0.0	0.0	60.0	63.0	8.0	38.0	50.0	23.0	0.0	80.0	0.0	0.0	86.0	23.0	0.0	79.0	0.0	0.0	77.0	6.0	0.0	32.0	0.0	53.0	0.0	0.0	87.0	57.0	0.0	0.0	58.0	0.0	0.0	57.0	0.0	95.0	51.0	0.0	0.0	0.0	54.0	0.0	29.0	92.0	0.0	0.0	0.0	0.0	49.0	0.0	0.0	0.0	0.0	0.0	0.0	84.0	69.0	56.0	23.0	82.0	0.0	0.0	0.0	3.0	1.0	56.0	0.0	0.0	0.0	93.0	62.0	88.0	0.0
0.0	31.0	60.0	0.0	0.0	37.0	0.0	96.0	0.0	0.0	0.0	18.0	30.0	0.0	96.0	18.0	0.0	0.0	0.0	0.0	36.0	0.0	97.0	77.0	0.0	0.0	0.0	0.0	98.0	0.0	91.0	99.0	77.0	98.0	0.0	0.0	64.0	0.0	0.0	0.0	26.0	0.0	0.0	0.0	91.0	4.0	88.0	96.0	0.0	0.0	0.0	11.0	57.0	0.0	43.0	35.0	0.0	81.0	0.0	0.0	0.0	0.0	0.0	0.0	0.0	0.0	0.0	73.0	0.0	0.0	50.0	93.0	0.0	0.0	0.0	6.0	0.0	0.0	87.0	0.0	67.0	35.0	11.0	12.0	2.0	51.0	0.0	18.0	1.0	4.0	0.0	97.0	0.0	63.0	0.0	57.0	3.0	0.0	26.0	0.0	24.0	77.0	0.0	0.0	0.0	0.0	73.0	0.0	0.0	93.0	80.0	75.0	0.0	92.0	0.0	34.0	0.0	60.0	74.0	40.0	59.0	74.0	71.0	44.0	0.0	48.0	0.0	0.0	0.0	0.0	57.0	33.0	0.0	99.0	11.0	0.0	0.0	51.0	37.0	0.0	0.0	40.0	0.0	0.0	0.0	0.0	23.0	78.0	7.0	0.0	0.0	32.0	0.0	0.0	58.0	23.0	0.0	10.0	29.0	28.0	33.0	0.0	0.0	0.0	0.0	64.0	55.0	46.0	0.0	30.0	94.0	0.0	51.0	16.0	0.0	0.0	50.0	71.0	0.0	0.0
0.0	67.0	0.0	91.0	0.0	0.0	0.0	0.0	68.0	0.0	73.0	90.0	0.0	0.0	41.0	0.0	48.0	0.0	0.0	0.0	28.0	0.0	69.0	0.0	0.0	0.0	0.0	0.0	100.0	89.0	13.0	0.0	8.0	13.0	0.0	0.0	0.0	0.0	69.0	14.0	35.0	0.0	0.0	18.0	0.0	97.0	0.0	99.0	0.0	20.0	31.0	58.0	46.0	0.0	0.0	79.0	0.0	0.0	0.0	64.0	0.0	0.0	0.0	72.0	0.0	35.0	0.0	65.0	81.0	0.0	8.0	5.0	0.0	0.0	0.0	0.0	28.0	0.0	0.0	71.0	0.0	0.0	0.0	0.0	0.0	0.0	57.0	0.0	30.0	0.0	0.0	0.0	0.0	0.0	0.0	0.0	51.0	42.0	0.0	0.0	0.0	0.0	0.0	0.0	90.0	0.0	35.0	49.0	0.0	62.0	53.0	58.0	6.0	0.0	0.0	0.0	70.0	0.0	12.0	97.0	0.0	35.0	0.0	0.0	0.0	77.0	24.0	0.0	0.0	0.0	0.0	55.0	11.0	30.0	43.0	0.0	13.0	0.0	74.0	0.0	0.0	0.0	0.0	82.0	18.0	0.0	53.0	0.0	0.0	0.0	19.0	0.0	0.0	0.0	0.0	0.0	0.0	31.0	0.0	31.0	45.0	0.0	63.0	0.0	29.0	0.0	0.0	86.0	33.0	0.0	15.0	0.0	0.0	42.0	0.0	78.0	71.0	18.0	11.0
10.0	36.0	0.0	15.0	44.0	37.0	87.0	10.0	0.0	55.0	0.0	0.0	58.0	92.0	98.0	85.0	0.0	0.0	58.0	81.0	7.0	9.0	30.0	41.0	34.0	0.0	42.0	0.0	0.0	0.0	0.0	37.0	0.0	14.0	0.0	90.0	0.0	0.0	0.0	92.0	0.0	87.0	67.0	59.0	0.0	0.0	0.0	0.0	45.0	0.0	0.0	10.0	44.0	0.0	0.0	0.0	87.0	0.0	0.0	75.0	0.0	0.0	60.0	15.0	83.0	75.0	14.0	68.0	0.0	0.0	24.0	0.0	85.0	52.0	0.0	89.0	41.0	0.0	70.0	65.0	0.0	0.0	71.0	75.0	0.0	72.0	0.0	82.0	35.0	0.0	0.0	35.0	62.0	0.0	0.0	76.0	92.0	0.0	0.0	0.0	0.0	0.0	49.0	0.0	42.0	5.0	39.0	1.0	0.0	0.0	69.0	69.0	24.0	7.0	0.0	0.0	0.0	0.0	0.0	28.0	81.0	5.0	0.0	57.0	64.0	0.0	0.0	0.0	48.0	0.0	0.0	78.0	0.0	93.0	0.0	0.0	76.0	29.0	0.0	0.0	44.0	0.0	0.0	15.0	10.0	0.0	13.0	92.0	9.0	0.0	3.0	51.0	85.0	0.0	0.0	0.0	25.0	0.0	16.0	81.0	0.0	20.0	0.0	100.0	0.0	81.0	0.0	1.0	93.0	0.0	64.0	0.0	36.0	0.0	0.0	19.0	26.0	0.0
0.0	86.0	54.0	0.0	9.0	2.0	2.0	0.0	100.0	0.0	0.0	65.0	0.0	0.0	46.0	0.0	28.0	0.0	0.0	0.0	0.0	0.0	0.0	56.0	0.0	4.0	0.0	0.0	0.0	63.0	84.0	0.0	21.0	0.0	0.0	98.0	0.0	0.0	23.0	65.0	11.0	100.0	0.0	0.0	0.0	0.0	0.0	0.0	0.0	7.0	79.0	0.0	0.0	0.0	0.0	96.0	0.0	0.0	0.0	0.0	0.0	21.0	5.0	0.0	37.0	28.0	36.0	38.0	0.0	75.0	1.0	37.0	0.0	0.0	89.0	0.0	98.0	0.0	0.0	28.0	95.0	0.0	15.0	43.0	12.0	88.0	0.0	0.0	29.0	0.0	44.0	0.0	0.0	91.0	8.0	0.0	3.0	53.0	0.0	0.0	0.0	0.0	35.0	0.0	39.0	64.0	0.0	0.0	0.0	0.0	77.0	71.0	0.0	0.0	84.0	89.0	39.0	0.0	0.0	0.0	61.0	0.0	60.0	0.0	0.0	0.0	1.0	0.0	71.0	0.0	40.0	0.0	0.0	40.0	0.0	0.0	41.0	70.0	25.0	0.0	0.0	36.0	0.0	0.0	0.0	100.0	80.0	0.0	0.0	0.0	23.0	0.0	0.0	0.0	10.0	0.0	0.0	41.0	0.0	0.0	31.0	0.0	0.0	0.0	80.0	24.0	0.0	44.0	0.0	0.0	89.0	0.0	59.0	14.0	0.0	8.0	31.0
0.0	91.0	0.0	51.0	44.0	17.0	0.0	92.0	0.0	50.0	99.0	0.0	24.0	16.0	49.0	40.0	14.0	0.0	60.0	48.0	90.0	0.0	0.0	0.0	56.0	0.0	0.0	94.0	76.0	0.0	0.0	64.0	80.0	0.0	92.0	32.0	0.0	28.0	0.0	26.0	0.0	0.0	0.0	0.0	41.0	68.0	54.0	7.0	9.0	0.0	46.0	0.0	75.0	0.0	69.0	0.0	0.0	0.0	69.0	0.0	0.0	0.0	51.0	60.0	0.0	0.0	84.0	35.0	1.0	62.0	43.0	97.0	0.0	0.0	76.0	0.0	51.0	91.0	74.0	0.0	22.0	39.0	23.0	19.0	16.0	0.0	0.0	96.0	0.0	0.0	34.0	79.0	0.0	0.0	12.0	7.0	95.0	0.0	0.0	0.0	0.0	25.0	61.0	88.0	90.0	4.0	0.0	0.0	0.0	33.0	75.0	0.0	16.0	7.0	11.0	0.0	6.0	0.0	0.0	3.0	0.0	0.0	4.0	0.0	0.0	0.0	0.0	4.0	34.0	0.0	74.0	0.0	0.0	0.0	0.0	1.0	0.0	12.0	28.0	0.0	66.0	0.0	0.0	0.0	0.0	0.0	0.0	0.0	62.0	40.0	0.0	0.0	0.0	0.0	8.0	72.0	23.0	1.0	7.0	0.0	14.0	0.0	23.0	0.0	42.0	0.0	0.0	75.0	18.0	75.0	48.0	0.0	0.0	0.0	19.0	0.0
0.0	83.0	0.0	0.0	90.0	56.0	94.0	0.0	0.0	0.0	0.0	92.0	0.0	76.0	33.0	0.0	22.0	51.0	0.0	100.0	31.0	0.0	63.0	89.0	0.0	99.0	75.0	0.0	0.0	32.0	0.0	27.0	71.0	24.0	0.0	0.0	0.0	0.0	17.0	0.0	8.0	59.0	0.0	0.0	0.0	0.0	67.0	5.0	0.0	0.0	80.0	71.0	0.0	46.0	0.0	0.0	75.0	0.0	2.0	58.0	62.0	87.0	0.0	0.0	69.0	0.0	71.0	18.0	71.0	78.0	11.0	60.0	0.0	0.0	0.0	0.0	0.0	0.0	15.0	58.0	36.0	44.0	75.0	0.0	3.0	34.0	0.0	80.0	74.0	82.0	0.0	42.0	0.0	71.0	0.0	0.0	13.0	31.0	30.0	0.0	0.0	4.0	0.0	0.0	0.0	72.0	64.0	0.0	0.0	27.0	50.0	29.0	6.0	47.0	31.0	0.0	27.0	64.0	50.0	22.0	57.0	67.0	0.0	0.0	0.0	0.0	0.0	0.0	20.0	0.0	96.0	0.0	84.0	0.0	64.0	35.0	4.0	60.0	0.0	84.0	90.0	29.0	0.0	68.0	99.0	38.0	0.0	74.0	2.0	0.0	0.0	24.0	0.0	96.0	0.0	43.0	0.0	0.0	76.0	2.0	0.0	0.0	0.0	98.0	0.0	57.0	0.0	0.0	22.0	63.0	0.0	0.0	0.0	0.0	0.0
0.0	7.0	70.0	0.0	0.0	0.0	31.0	0.0	0.0	14.0	0.0	0.0	0.0	66.0	0.0	22.0	0.0	0.0	0.0	78.0	55.0	99.0	0.0	65.0	0.0	25.0	53.0	66.0	95.0	0.0	58.0	11.0	28.0	0.0	31.0	80.0	58.0	40.0	0.0	43.0	56.0	0.0	0.0	60.0	0.0	13.0	0.0	45.0	0.0	0.0	29.0	19.0	45.0	88.0	1.0	97.0	23.0	0.0	0.0	10.0	0.0	6.0	5.0	41.0	0.0	0.0	0.0	0.0	0.0	0.0	75.0	0.0	0.0	0.0	0.0	7.0	69.0	59.0	73.0	0.0	0.0	6.0	0.0	6.0	0.0	0.0	44.0	0.0	70.0	0.0	0.0	0.0	66.0	0.0	0.0	0.0	0.0	0.0	0.0	0.0	0.0	46.0	38.0	0.0	9.0	21.0	0.0	0.0	0.0	89.0	0.0	0.0	0.0	0.0	28.0	51.0	91.0	84.0	0.0	0.0	0.0	0.0	0.0	54.0	0.0	75.0	0.0	28.0	0.0	0.0	14.0	0.0	31.0	0.0	0.0	0.0	0.0	87.0	74.0	5.0	10.0	10.0	10.0	47.0	0.0	0.0	85.0	18.0	0.0	45.0	0.0	45.0	0.0	0.0	60.0	61.0	16.0	0.0	0.0	95.0	0.0	77.0	50.0	23.0	50.0	0.0	43.0	44.0	60.0	0.0	33.0	0.0	0.0	0.0
21.0	36.0	97.0	24.0	72.0	0.0	0.0	0.0	0.0	0.0	100.0	0.0	66.0	0.0	0.0	48.0	0.0	0.0	0.0	30.0	0.0	78.0	0.0	32.0	0.0	0.0	0.0	0.0	58.0	35.0	0.0	90.0	43.0	43.0	0.0	0.0	22.0	0.0	0.0	0.0	97.0	70.0	0.0	100.0	0.0	0.0	0.0	5.0	0.0	0.0	88.0	0.0	13.0	59.0	0.0	22.0	0.0	0.0	41.0	43.0	0.0	67.0	71.0	0.0	40.0	0.0	0.0	64.0	24.0	59.0	71.0	74.0	44.0	0.0	42.0	62.0	98.0	0.0	72.0	76.0	0.0	0.0	38.0	0.0	21.0	77.0	0.0	0.0	77.0	0.0	0.0	0.0	0.0	0.0	62.0	0.0	0.0	0.0	0.0	16.0	27.0	20.0	42.0	58.0	0.0	0.0	0.0	51.0	0.0	0.0	18.0	36.0	0.0	0.0	0.0	0.0	15.0	0.0	0.0	37.0	0.0	0.0	65.0	15.0	0.0	0.0	0.0	51.0	31.0	0.0	46.0	0.0	61.0	29.0	0.0	96.0	0.0	0.0	12.0	0.0	57.0	54.0	0.0	41.0	0.0	48.0	0.0	59.0	72.0	3.0	0.0	97.0	0.0	0.0	52.0	1.0	94.0	0.0	4.0	52.0	34.0	0.0	0.0	0.0	0.0	0.0	0.0	0.0	0.0	0.0	77.0	0.0	28.0
45.0	0.0	10.0	94.0	0.0	35.0	14.0	0.0	0.0	54.0	4.0	0.0	97.0	0.0	0.0	20.0	0.0	77.0	73.0	0.0	0.0	29.0	81.0	0.0	0.0	0.0	0.0	36.0	84.0	75.0	0.0	91.0	0.0	47.0	0.0	71.0	0.0	20.0	0.0	0.0	0.0	0.0	35.0	71.0	0.0	70.0	0.0	0.0	0.0	0.0	0.0	0.0	0.0	18.0	0.0	0.0	59.0	0.0	0.0	0.0	0.0	61.0	65.0	0.0	0.0	0.0	0.0	0.0	7.0	0.0	23.0	18.0	0.0	0.0	0.0	28.0	0.0	0.0	1.0	0.0	0.0	80.0	0.0	0.0	0.0	38.0	0.0	0.0	0.0	0.0	0.0	0.0	59.0	0.0	0.0	47.0	0.0	0.0	84.0	40.0	0.0	0.0	8.0	0.0	100.0	10.0	3.0	0.0	96.0	0.0	0.0	0.0	33.0	11.0	0.0	5.0	43.0	53.0	48.0	0.0	0.0	0.0	71.0	78.0	10.0	0.0	0.0	95.0	57.0	65.0	33.0	0.0	41.0	91.0	54.0	89.0	0.0	2.0	0.0	0.0	0.0	79.0	0.0	0.0	30.0	10.0	0.0	0.0	0.0	0.0	0.0	0.0	26.0	73.0	97.0	59.0	64.0	0.0	10.0	0.0	35.0	59.0	10.0	68.0	0.0	0.0	79.0	0.0	0.0	95.0	0.0	0.0
45.0	0.0	12.0	0.0	0.0	39.0	0.0	0.0	54.0	0.0	89.0	77.0	0.0	96.0	55.0	76.0	9.0	74.0	0.0	48.0	42.0	49.0	37.0	0.0	58.0	0.0	0.0	0.0	16.0	0.0	45.0	0.0	46.0	95.0	2.0	25.0	30.0	0.0	66.0	0.0	29.0	30.0	0.0	63.0	61.0	69.0	62.0	52.0	0.0	40.0	0.0	99.0	0.0	0.0	0.0	83.0	81.0	0.0	0.0	28.0	40.0	7.0	0.0	63.0	0.0	67.0	0.0	76.0	0.0	0.0	0.0	43.0	0.0	19.0	0.0	0.0	58.0	87.0	63.0	3.0	76.0	60.0	77.0	0.0	0.0	76.0	0.0	50.0	50.0	40.0	0.0	0.0	0.0	95.0	62.0	0.0	0.0	0.0	0.0	0.0	0.0	78.0	0.0	82.0	94.0	39.0	100.0	0.0	46.0	0.0	81.0	0.0	37.0	63.0	84.0	0.0	45.0	15.0	52.0	0.0	77.0	89.0	0.0	99.0	0.0	0.0	0.0	36.0	0.0	0.0	12.0	4.0	87.0	0.0	80.0	45.0	0.0	1.0	46.0	5.0	81.0	0.0	31.0	0.0	0.0	0.0	0.0	47.0	0.0	20.0	0.0	23.0	0.0	92.0	34.0	89.0	24.0	0.0	16.0	0.0	0.0	0.0	0.0	24.0	67.0	0.0	58.0	0.0	0.0	0.0	32.0
3.0	21.0	88.0	82.0	67.0	6.0	13.0	27.0	74.0	0.0	0.0	0.0	0.0	0.0	8.0	0.0	39.0	0.0	8.0	10.0	40.0	0.0	79.0	47.0	0.0	0.0	0.0	0.0	75.0	0.0	0.0	0.0	82.0	24.0	0.0	0.0	90.0	0.0	0.0	0.0	0.0	0.0	29.0	61.0	8.0	94.0	0.0	51.0	0.0	27.0	0.0	62.0	56.0	47.0	0.0	71.0	13.0	70.0	0.0	89.0	33.0	0.0	40.0	0.0	70.0	0.0	0.0	34.0	0.0	0.0	68.0	0.0	22.0	0.0	77.0	0.0	86.0	10.0	30.0	0.0	0.0	0.0	86.0	0.0	0.0	61.0	0.0	26.0	78.0	0.0	0.0	0.0	0.0	0.0	0.0	49.0	0.0	0.0	0.0	0.0	0.0	82.0	20.0	99.0	81.0	0.0	0.0	78.0	11.0	4.0	0.0	0.0	0.0	79.0	0.0	0.0	15.0	83.0	0.0	36.0	0.0	0.0	43.0	0.0	53.0	9.0	0.0	0.0	99.0	22.0	35.0	0.0	0.0	0.0	99.0	0.0	0.0	0.0	0.0	0.0	0.0	98.0	36.0	16.0	0.0	51.0	37.0	0.0	34.0	0.0	46.0	0.0	62.0	0.0	50.0	0.0	0.0	4.0	0.0	0.0	0.0	100.0	0.0	53.0	0.0	0.0	3.0	87.0	40.0	0.0
11.0	20.0	0.0	0.0	0.0	93.0	0.0	0.0	65.0	14.0	0.0	0.0	0.0	0.0	0.0	54.0	53.0	0.0	23.0	76.0	0.0	89.0	30.0	86.0	0.0	0.0	13.0	0.0	15.0	0.0	54.0	0.0	53.0	0.0	64.0	62.0	49.0	0.0	0.0	0.0	0.0	0.0	68.0	13.0	0.0	0.0	22.0	14.0	0.0	0.0	25.0	50.0	51.0	0.0	53.0	0.0	32.0	2.0	0.0	43.0	66.0	72.0	0.0	43.0	6.0	0.0	41.0	0.0	0.0	0.0	97.0	0.0	94.0	0.0	44.0	67.0	0.0	54.0	30.0	55.0	0.0	32.0	22.0	0.0	0.0	0.0	45.0	79.0	0.0	38.0	0.0	0.0	0.0	88.0	3.0	8.0	0.0	0.0	48.0	22.0	72.0	14.0	0.0	0.0	20.0	56.0	0.0	46.0	0.0	91.0	99.0	33.0	0.0	0.0	0.0	0.0	0.0	71.0	42.0	82.0	0.0	29.0	42.0	18.0	0.0	29.0	20.0	12.0	0.0	1.0	16.0	0.0	0.0	63.0	0.0	74.0	0.0	0.0	23.0	0.0	22.0	0.0	7.0	0.0	0.0	0.0	0.0	6.0	26.0	0.0	2.0	0.0	35.0	0.0	0.0	0.0	70.0	0.0	0.0	0.0	0.0	91.0	13.0	0.0	0.0	69.0	76.0	0.0	80.0
0.0	30.0	0.0	0.0	0.0	0.0	31.0	61.0	0.0	0.0	98.0	0.0	49.0	0.0	0.0	40.0	53.0	0.0	0.0	59.0	0.0	79.0	0.0	0.0	36.0	78.0	0.0	68.0	9.0	27.0	19.0	0.0	0.0	0.0	0.0	86.0	81.0	30.0	97.0	90.0	0.0	22.0	61.0	43.0	0.0	0.0	33.0	30.0	39.0	37.0	59.0	0.0	55.0	0.0	74.0	0.0	0.0	46.0	0.0	57.0	0.0	0.0	83.0	0.0	0.0	0.0	41.0	0.0	0.0	0.0	87.0	60.0	0.0	74.0	31.0	86.0	27.0	0.0	11.0	0.0	97.0	29.0	0.0	35.0	68.0	56.0	0.0	0.0	0.0	0.0	0.0	0.0	0.0	2.0	49.0	0.0	70.0	14.0	0.0	0.0	0.0	0.0	0.0	0.0	91.0	0.0	0.0	88.0	0.0	0.0	36.0	47.0	0.0	18.0	56.0	0.0	0.0	0.0	0.0	0.0	0.0	0.0	30.0	0.0	0.0	53.0	0.0	0.0	100.0	14.0	0.0	66.0	0.0	87.0	0.0	0.0	88.0	0.0	8.0	0.0	0.0	0.0	0.0	0.0	14.0	0.0	0.0	32.0	47.0	27.0	67.0	73.0	0.0	0.0	0.0	0.0	0.0	0.0	37.0	95.0	22.0	67.0	83.0	11.0	12.0	0.0	0.0	0.0
0.0	56.0	0.0	0.0	0.0	86.0	49.0	0.0	47.0	46.0	0.0	0.0	83.0	93.0	0.0	21.0	31.0	0.0	0.0	87.0	0.0	0.0	29.0	0.0	46.0	0.0	41.0	0.0	39.0	95.0	1.0	0.0	55.0	0.0	0.0	0.0	11.0	0.0	73.0	0.0	34.0	48.0	55.0	3.0	10.0	66.0	0.0	0.0	13.0	0.0	54.0	0.0	42.0	0.0	0.0	8.0	34.0	0.0	0.0	0.0	79.0	0.0	0.0	85.0	0.0	0.0	48.0	91.0	85.0	47.0	0.0	10.0	89.0	91.0	64.0	26.0	99.0	8.0	6.0	92.0	0.0	33.0	0.0	24.0	0.0	69.0	0.0	38.0	0.0	67.0	0.0	0.0	0.0	24.0	74.0	0.0	17.0	0.0	73.0	81.0	83.0	81.0	44.0	0.0	0.0	0.0	91.0	0.0	62.0	0.0	0.0	0.0	0.0	74.0	97.0	97.0	0.0	44.0	14.0	0.0	0.0	34.0	6.0	5.0	0.0	0.0	94.0	0.0	61.0	4.0	0.0	82.0	92.0	0.0	0.0	11.0	57.0	0.0	78.0	90.0	55.0	52.0	0.0	0.0	0.0	69.0	0.0	0.0	0.0	48.0	9.0	0.0	39.0	0.0	0.0	55.0	62.0	81.0	0.0	0.0	37.0	0.0	79.0	0.0	0.0	91.0	0.0
83.0	55.0	0.0	93.0	0.0	0.0	0.0	0.0	0.0	18.0	51.0	95.0	0.0	38.0	0.0	0.0	0.0	0.0	9.0	0.0	72.0	0.0	49.0	12.0	17.0	73.0	76.0	0.0	22.0	26.0	0.0	0.0	0.0	58.0	74.0	0.0	0.0	13.0	0.0	0.0	0.0	0.0	0.0	45.0	0.0	9.0	50.0	0.0	18.0	43.0	0.0	92.0	74.0	0.0	76.0	27.0	8.0	22.0	0.0	0.0	100.0	0.0	0.0	0.0	0.0	37.0	0.0	49.0	10.0	0.0	0.0	41.0	0.0	81.0	0.0	0.0	0.0	26.0	98.0	0.0	52.0	15.0	88.0	5.0	0.0	0.0	65.0	18.0	43.0	92.0	19.0	38.0	5.0	0.0	99.0	0.0	35.0	27.0	0.0	0.0	0.0	4.0	0.0	0.0	0.0	0.0	0.0	0.0	58.0	0.0	0.0	6.0	0.0	0.0	47.0	0.0	77.0	0.0	0.0	89.0	30.0	0.0	71.0	10.0	0.0	37.0	80.0	0.0	0.0	62.0	0.0	0.0	0.0	0.0	69.0	0.0	57.0	25.0	73.0	0.0	42.0	0.0	21.0	99.0	66.0	82.0	40.0	0.0	61.0	0.0	85.0	83.0	0.0	79.0	6.0	81.0	0.0	45.0	88.0	29.0	18.0	0.0	86.0	0.0	43.0	0.0
88.0	70.0	0.0	69.0	70.0	0.0	7.0	0.0	96.0	77.0	57.0	45.0	0.0	23.0	26.0	73.0	99.0	0.0	16.0	0.0	52.0	0.0	0.0	61.0	46.0	78.0	0.0	0.0	87.0	5.0	72.0	0.0	0.0	26.0	0.0	51.0	90.0	51.0	25.0	41.0	0.0	0.0	34.0	6.0	3.0	54.0	0.0	72.0	82.0	0.0	40.0	0.0	0.0	0.0	100.0	0.0	36.0	57.0	0.0	0.0	30.0	0.0	44.0	0.0	56.0	90.0	37.0	0.0	89.0	75.0	84.0	99.0	53.0	0.0	99.0	0.0	60.0	89.0	0.0	48.0	0.0	1.0	0.0	73.0	2.0	22.0	77.0	0.0	0.0	0.0	97.0	0.0	0.0	0.0	0.0	42.0	93.0	0.0	0.0	0.0	55.0	0.0	0.0	0.0	0.0	0.0	86.0	63.0	11.0	0.0	0.0	44.0	0.0	0.0	0.0	86.0	0.0	0.0	0.0	0.0	0.0	0.0	0.0	37.0	0.0	0.0	36.0	0.0	0.0	0.0	39.0	0.0	30.0	0.0	0.0	0.0	83.0	76.0	0.0	0.0	13.0	0.0	0.0	63.0	81.0	0.0	61.0	9.0	59.0	0.0	86.0	0.0	0.0	0.0	0.0	0.0	0.0	92.0	28.0	0.0	0.0	6.0	63.0	84.0	62.0
75.0	60.0	9.0	0.0	85.0	0.0	0.0	0.0	51.0	0.0	7.0	88.0	76.0	98.0	8.0	0.0	42.0	49.0	0.0	12.0	0.0	0.0	26.0	91.0	8.0	0.0	56.0	0.0	0.0	0.0	81.0	0.0	56.0	0.0	0.0	0.0	0.0	41.0	0.0	70.0	34.0	61.0	0.0	0.0	0.0	0.0	63.0	0.0	94.0	1.0	35.0	95.0	72.0	0.0	44.0	85.0	0.0	0.0	0.0	0.0	4.0	0.0	82.0	0.0	0.0	0.0	49.0	51.0	0.0	0.0	15.0	0.0	34.0	50.0	0.0	0.0	0.0	89.0	0.0	88.0	0.0	0.0	85.0	0.0	0.0	0.0	0.0	0.0	0.0	0.0	8.0	7.0	0.0	0.0	75.0	0.0	0.0	0.0	12.0	0.0	0.0	100.0	88.0	0.0	83.0	0.0	57.0	93.0	0.0	0.0	0.0	0.0	61.0	0.0	0.0	0.0	0.0	0.0	0.0	83.0	0.0	65.0	87.0	32.0	96.0	0.0	0.0	63.0	0.0	21.0	0.0	0.0	0.0	0.0	45.0	0.0	0.0	0.0	15.0	77.0	0.0	11.0	0.0	43.0	18.0	46.0	0.0	0.0	17.0	0.0	0.0	97.0	0.0	0.0	0.0	17.0	17.0	0.0	0.0	0.0	0.0	100.0	83.0	0.0
0.0	0.0	62.0	0.0	0.0	0.0	0.0	0.0	0.0	87.0	55.0	0.0	0.0	0.0	9.0	0.0	0.0	0.0	29.0	0.0	73.0	0.0	0.0	2.0	41.0	58.0	0.0	0.0	92.0	0.0	35.0	61.0	31.0	0.0	0.0	13.0	35.0	5.0	0.0	0.0	34.0	20.0	0.0	0.0	11.0	86.0	0.0	0.0	79.0	0.0	38.0	0.0	85.0	41.0	34.0	0.0	12.0	0.0	25.0	0.0	44.0	39.0	8.0	9.0	0.0	72.0	0.0	0.0	0.0	0.0	95.0	62.0	0.0	0.0	100.0	0.0	0.0	0.0	87.0	11.0	0.0	0.0	22.0	0.0	0.0	0.0	16.0	75.0	0.0	0.0	0.0	0.0	35.0	78.0	49.0	77.0	0.0	0.0	27.0	0.0	0.0	0.0	0.0	0.0	0.0	0.0	21.0	5.0	72.0	52.0	0.0	86.0	0.0	0.0	30.0	0.0	0.0	42.0	0.0	0.0	43.0	0.0	0.0	42.0	0.0	0.0	28.0	0.0	56.0	0.0	86.0	0.0	0.0	0.0	0.0	0.0	85.0	60.0	64.0	0.0	0.0	1.0	10.0	0.0	85.0	28.0	51.0	0.0	0.0	38.0	19.0	75.0	68.0	0.0	59.0	0.0	95.0	0.0	51.0	0.0	0.0	8.0	84.0
98.0	69.0	11.0	0.0	0.0	0.0	0.0	5.0	25.0	0.0	0.0	0.0	10.0	20.0	0.0	0.0	0.0	29.0	41.0	88.0	100.0	89.0	0.0	0.0	0.0	0.0	10.0	31.0	0.0	0.0	0.0	0.0	0.0	97.0	0.0	37.0	0.0	0.0	0.0	98.0	59.0	0.0	0.0	0.0	4.0	0.0	0.0	0.0	0.0	78.0	0.0	0.0	4.0	45.0	0.0	75.0	36.0	52.0	42.0	0.0	0.0	0.0	0.0	70.0	0.0	0.0	0.0	0.0	26.0	85.0	51.0	0.0	30.0	0.0	0.0	92.0	0.0	0.0	11.0	0.0	0.0	14.0	0.0	0.0	2.0	0.0	0.0	20.0	0.0	0.0	62.0	36.0	4.0	0.0	45.0	0.0	99.0	68.0	6.0	0.0	0.0	38.0	0.0	84.0	74.0	0.0	0.0	3.0	0.0	0.0	0.0	92.0	0.0	0.0	0.0	0.0	32.0	0.0	2.0	50.0	0.0	25.0	28.0	73.0	60.0	63.0	74.0	0.0	9.0	0.0	65.0	0.0	0.0	0.0	12.0	28.0	0.0	0.0	0.0	0.0	86.0	49.0	93.0	46.0	0.0	0.0	25.0	0.0	13.0	0.0	0.0	0.0	0.0	68.0	30.0	0.0	0.0	0.0	0.0	43.0	0.0	73.0
63.0	0.0	73.0	0.0	33.0	0.0	0.0	0.0	0.0	0.0	0.0	0.0	74.0	0.0	49.0	0.0	0.0	0.0	0.0	0.0	46.0	83.0	69.0	32.0	0.0	46.0	0.0	0.0	44.0	69.0	0.0	0.0	0.0	0.0	0.0	55.0	87.0	0.0	31.0	59.0	48.0	3.0	0.0	84.0	0.0	63.0	0.0	72.0	0.0	16.0	0.0	0.0	0.0	0.0	79.0	89.0	0.0	0.0	0.0	0.0	63.0	0.0	0.0	14.0	42.0	0.0	18.0	78.0	0.0	0.0	0.0	0.0	0.0	17.0	0.0	0.0	5.0	0.0	0.0	86.0	1.0	0.0	26.0	0.0	0.0	0.0	56.0	0.0	49.0	0.0	25.0	14.0	0.0	19.0	0.0	0.0	45.0	0.0	0.0	0.0	83.0	0.0	9.0	12.0	96.0	26.0	51.0	0.0	25.0	56.0	70.0	51.0	0.0	0.0	17.0	0.0	0.0	0.0	6.0	0.0	61.0	43.0	38.0	0.0	0.0	52.0	76.0	0.0	25.0	0.0	0.0	0.0	83.0	0.0	43.0	16.0	0.0	0.0	0.0	26.0	0.0	54.0	0.0	0.0	52.0	0.0	0.0	0.0	44.0	93.0	53.0	0.0	29.0	3.0	82.0	0.0	0.0	0.0	40.0	42.0	0.0
0.0	90.0	0.0	34.0	0.0	0.0	57.0	0.0	1.0	0.0	67.0	0.0	0.0	2.0	70.0	35.0	0.0	79.0	9.0	44.0	79.0	0.0	52.0	54.0	0.0	27.0	21.0	0.0	0.0	11.0	54.0	0.0	13.0	0.0	0.0	0.0	0.0	0.0	73.0	0.0	32.0	15.0	0.0	19.0	62.0	0.0	0.0	79.0	13.0	0.0	55.0	0.0	88.0	0.0	91.0	61.0	0.0	0.0	0.0	0.0	18.0	0.0	89.0	0.0	77.0	0.0	2.0	0.0	0.0	59.0	0.0	29.0	3.0	0.0	84.0	0.0	0.0	23.0	21.0	3.0	18.0	0.0	92.0	70.0	0.0	57.0	0.0	0.0	0.0	0.0	0.0	0.0	77.0	10.0	52.0	0.0	0.0	100.0	2.0	0.0	0.0	0.0	52.0	0.0	73.0	0.0	75.0	44.0	7.0	0.0	0.0	0.0	0.0	0.0	62.0	0.0	44.0	24.0	0.0	0.0	0.0	10.0	13.0	0.0	12.0	72.0	94.0	92.0	20.0	34.0	0.0	0.0	16.0	41.0	26.0	38.0	0.0	79.0	0.0	70.0	31.0	80.0	0.0	0.0	0.0	96.0	0.0	0.0	53.0	0.0	0.0	28.0	11.0	0.0	1.0	51.0	0.0	11.0	0.0	0.0
0.0	0.0	4.0	35.0	0.0	0.0	90.0	0.0	0.0	0.0	26.0	21.0	0.0	0.0	58.0	31.0	21.0	0.0	0.0	52.0	0.0	26.0	0.0	8.0	0.0	7.0	20.0	0.0	87.0	16.0	95.0	0.0	0.0	47.0	79.0	97.0	88.0	0.0	24.0	0.0	10.0	0.0	0.0	0.0	66.0	0.0	100.0	4.0	47.0	17.0	0.0	0.0	84.0	0.0	80.0	0.0	0.0	51.0	49.0	32.0	2.0	64.0	0.0	37.0	13.0	27.0	0.0	92.0	0.0	87.0	94.0	0.0	85.0	0.0	0.0	0.0	0.0	28.0	17.0	0.0	30.0	0.0	0.0	0.0	70.0	93.0	58.0	0.0	0.0	0.0	0.0	83.0	0.0	0.0	93.0	0.0	0.0	28.0	0.0	0.0	20.0	0.0	0.0	0.0	0.0	37.0	0.0	58.0	59.0	0.0	0.0	0.0	0.0	99.0	74.0	29.0	37.0	62.0	22.0	0.0	37.0	0.0	93.0	47.0	88.0	33.0	0.0	42.0	22.0	0.0	37.0	58.0	0.0	57.0	0.0	8.0	57.0	19.0	0.0	0.0	94.0	0.0	0.0	93.0	0.0	2.0	50.0	0.0	35.0	0.0	29.0	0.0	0.0	8.0	0.0	0.0	0.0	59.0	32.0
22.0	0.0	0.0	24.0	0.0	86.0	0.0	0.0	0.0	73.0	56.0	84.0	0.0	62.0	0.0	0.0	4.0	100.0	0.0	1.0	0.0	0.0	0.0	40.0	0.0	93.0	0.0	0.0	0.0	100.0	0.0	0.0	0.0	0.0	23.0	99.0	75.0	0.0	0.0	57.0	0.0	0.0	0.0	14.0	0.0	0.0	21.0	9.0	0.0	0.0	0.0	0.0	41.0	0.0	0.0	46.0	63.0	35.0	25.0	37.0	5.0	0.0	0.0	92.0	92.0	0.0	0.0	0.0	0.0	43.0	81.0	58.0	0.0	0.0	36.0	0.0	0.0	0.0	96.0	66.0	14.0	0.0	0.0	12.0	1.0	0.0	16.0	0.0	0.0	20.0	82.0	0.0	0.0	0.0	0.0	0.0	0.0	58.0	0.0	0.0	0.0	67.0	0.0	0.0	0.0	0.0	0.0	0.0	0.0	0.0	0.0	0.0	0.0	40.0	40.0	19.0	0.0	21.0	0.0	23.0	34.0	0.0	0.0	99.0	22.0	40.0	0.0	97.0	0.0	17.0	2.0	78.0	19.0	23.0	18.0	59.0	0.0	0.0	0.0	55.0	75.0	69.0	12.0	0.0	18.0	41.0	0.0	69.0	0.0	92.0	0.0	0.0	5.0	90.0	0.0	4.0	0.0	0.0
80.0	0.0	10.0	0.0	0.0	100.0	2.0	96.0	95.0	0.0	0.0	0.0	32.0	0.0	80.0	91.0	0.0	0.0	0.0	97.0	48.0	32.0	84.0	44.0	0.0	0.0	0.0	0.0	0.0	0.0	88.0	87.0	19.0	0.0	0.0	0.0	0.0	0.0	19.0	49.0	0.0	0.0	0.0	22.0	0.0	53.0	0.0	19.0	10.0	72.0	0.0	0.0	0.0	0.0	7.0	0.0	0.0	0.0	25.0	96.0	89.0	0.0	63.0	0.0	71.0	39.0	0.0	97.0	0.0	19.0	0.0	56.0	35.0	59.0	0.0	0.0	0.0	0.0	87.0	55.0	0.0	0.0	0.0	0.0	29.0	0.0	11.0	71.0	0.0	0.0	72.0	0.0	0.0	0.0	0.0	0.0	0.0	0.0	6.0	0.0	0.0	41.0	24.0	0.0	0.0	0.0	12.0	54.0	75.0	35.0	17.0	0.0	0.0	0.0	42.0	36.0	81.0	0.0	0.0	0.0	0.0	0.0	0.0	37.0	0.0	0.0	0.0	11.0	3.0	36.0	63.0	0.0	44.0	0.0	0.0	0.0	22.0	0.0	0.0	62.0	0.0	0.0	33.0	0.0	87.0	76.0	0.0	0.0	62.0	23.0	11.0	6.0	31.0	0.0	46.0	0.0	0.0
9.0	0.0	0.0	0.0	38.0	88.0	0.0	86.0	0.0	0.0	0.0	20.0	82.0	48.0	41.0	35.0	0.0	88.0	27.0	0.0	0.0	26.0	0.0	100.0	0.0	37.0	0.0	0.0	79.0	0.0	36.0	65.0	0.0	0.0	0.0	42.0	0.0	93.0	0.0	99.0	0.0	54.0	0.0	41.0	19.0	19.0	88.0	0.0	34.0	0.0	0.0	94.0	92.0	0.0	0.0	0.0	76.0	0.0	0.0	0.0	0.0	41.0	90.0	44.0	0.0	47.0	0.0	26.0	0.0	0.0	0.0	20.0	0.0	0.0	0.0	70.0	0.0	53.0	80.0	0.0	0.0	0.0	0.0	0.0	0.0	0.0	0.0	0.0	0.0	22.0	51.0	0.0	32.0	0.0	0.0	0.0	0.0	0.0	15.0	0.0	18.0	0.0	72.0	55.0	91.0	0.0	9.0	0.0	65.0	81.0	0.0	71.0	81.0	70.0	73.0	0.0	0.0	45.0	0.0	38.0	48.0	43.0	97.0	0.0	30.0	0.0	80.0	73.0	0.0	0.0	36.0	76.0	0.0	0.0	60.0	79.0	20.0	0.0	27.0	0.0	0.0	8.0	100.0	0.0	57.0	38.0	0.0	0.0	0.0	0.0	0.0	0.0	0.0	0.0	100.0	0.0
0.0	0.0	0.0	0.0	100.0	0.0	0.0	0.0	56.0	0.0	0.0	55.0	0.0	50.0	56.0	67.0	96.0	0.0	0.0	0.0	0.0	53.0	61.0	0.0	68.0	3.0	0.0	70.0	0.0	9.0	0.0	26.0	36.0	30.0	94.0	0.0	0.0	37.0	0.0	0.0	0.0	0.0	54.0	59.0	0.0	0.0	0.0	78.0	35.0	0.0	35.0	0.0	63.0	0.0	66.0	44.0	23.0	0.0	37.0	0.0	27.0	0.0	0.0	94.0	75.0	95.0	0.0	0.0	0.0	6.0	0.0	0.0	0.0	80.0	0.0	89.0	87.0	55.0	68.0	54.0	13.0	10.0	45.0	0.0	0.0	91.0	0.0	80.0	23.0	71.0	0.0	0.0	0.0	58.0	0.0	42.0	0.0	29.0	4.0	0.0	0.0	66.0	0.0	0.0	53.0	55.0	0.0	2.0	0.0	75.0	50.0	61.0	0.0	0.0	83.0	78.0	0.0	47.0	88.0	0.0	0.0	0.0	35.0	0.0	25.0	0.0	54.0	0.0	69.0	37.0	50.0	86.0	0.0	78.0	40.0	26.0	0.0	75.0	33.0	43.0	8.0	0.0	59.0	14.0	58.0	0.0	76.0	0.0	0.0	92.0	66.0	96.0	10.0	0.0	96.0
0.0	13.0	44.0	55.0	0.0	0.0	43.0	0.0	0.0	0.0	13.0	52.0	53.0	53.0	0.0	100.0	0.0	57.0	67.0	0.0	97.0	18.0	50.0	34.0	0.0	0.0	73.0	79.0	0.0	0.0	0.0	0.0	62.0	0.0	0.0	0.0	86.0	0.0	83.0	30.0	75.0	86.0	14.0	73.0	0.0	0.0	0.0	0.0	0.0	57.0	0.0	0.0	0.0	0.0	0.0	59.0	0.0	0.0	0.0	0.0	94.0	0.0	0.0	41.0	0.0	77.0	38.0	63.0	0.0	0.0	36.0	45.0	51.0	91.0	0.0	0.0	92.0	0.0	0.0	7.0	67.0	0.0	0.0	62.0	0.0	0.0	0.0	0.0	0.0	84.0	0.0	0.0	53.0	7.0	0.0	0.0	0.0	19.0	10.0	62.0	23.0	0.0	0.0	0.0	22.0	0.0	21.0	0.0	13.0	0.0	0.0	91.0	22.0	100.0	70.0	0.0	0.0	18.0	68.0	0.0	14.0	0.0	67.0	2.0	76.0	51.0	0.0	93.0	57.0	0.0	52.0	0.0	34.0	0.0	96.0	60.0	73.0	0.0	0.0	0.0	0.0	0.0	0.0	0.0	0.0	0.0	0.0	0.0	78.0	0.0	79.0	0.0	87.0	0.0
0.0	99.0	57.0	37.0	0.0	0.0	0.0	0.0	89.0	0.0	0.0	57.0	0.0	21.0	0.0	25.0	0.0	0.0	73.0	26.0	0.0	0.0	92.0	56.0	0.0	80.0	0.0	0.0	77.0	0.0	89.0	51.0	0.0	0.0	0.0	49.0	24.0	0.0	49.0	0.0	0.0	81.0	0.0	0.0	76.0	0.0	18.0	0.0	44.0	0.0	85.0	0.0	0.0	0.0	0.0	65.0	53.0	34.0	75.0	47.0	75.0	96.0	54.0	0.0	0.0	0.0	11.0	95.0	39.0	39.0	0.0	13.0	0.0	93.0	81.0	67.0	0.0	19.0	79.0	37.0	56.0	0.0	74.0	0.0	38.0	22.0	0.0	0.0	0.0	0.0	42.0	0.0	0.0	0.0	0.0	0.0	76.0	75.0	0.0	98.0	41.0	12.0	82.0	0.0	100.0	71.0	0.0	0.0	47.0	0.0	0.0	0.0	0.0	0.0	60.0	0.0	38.0	49.0	0.0	23.0	0.0	11.0	0.0	65.0	0.0	0.0	0.0	0.0	0.0	0.0	0.0	0.0	58.0	41.0	0.0	98.0	0.0	0.0	66.0	62.0	58.0	0.0	0.0	0.0	21.0	46.0	2.0	95.0	0.0	0.0	64.0	92.0	0.0
97.0	62.0	74.0	0.0	0.0	52.0	0.0	0.0	45.0	0.0	0.0	29.0	0.0	0.0	0.0	0.0	0.0	0.0	29.0	37.0	0.0	81.0	0.0	0.0	0.0	5.0	0.0	0.0	0.0	0.0	6.0	0.0	73.0	87.0	0.0	69.0	0.0	0.0	66.0	53.0	36.0	0.0	64.0	0.0	43.0	0.0	95.0	5.0	0.0	3.0	45.0	6.0	0.0	56.0	0.0	97.0	44.0	28.0	0.0	66.0	90.0	0.0	22.0	57.0	0.0	0.0	0.0	7.0	79.0	35.0	0.0	65.0	29.0	84.0	0.0	0.0	91.0	11.0	0.0	0.0	91.0	0.0	40.0	0.0	0.0	39.0	50.0	90.0	0.0	97.0	0.0	75.0	50.0	19.0	0.0	0.0	12.0	43.0	63.0	42.0	0.0	1.0	0.0	0.0	46.0	0.0	0.0	25.0	0.0	0.0	0.0	0.0	0.0	0.0	0.0	0.0	25.0	15.0	31.0	44.0	22.0	0.0	0.0	0.0	19.0	48.0	52.0	62.0	82.0	0.0	98.0	0.0	59.0	66.0	96.0	30.0	0.0	0.0	78.0	97.0	26.0	40.0	0.0	44.0	0.0	0.0	0.0	25.0	0.0	67.0	80.0	0.0
13.0	28.0	0.0	75.0	12.0	0.0	0.0	0.0	0.0	0.0	7.0	0.0	0.0	0.0	0.0	0.0	50.0	0.0	0.0	83.0	0.0	0.0	99.0	0.0	60.0	82.0	58.0	52.0	0.0	0.0	0.0	49.0	57.0	12.0	23.0	0.0	0.0	0.0	0.0	0.0	13.0	0.0	34.0	38.0	0.0	75.0	70.0	0.0	0.0	3.0	0.0	0.0	0.0	0.0	0.0	24.0	0.0	59.0	0.0	0.0	24.0	0.0	58.0	15.0	84.0	0.0	0.0	3.0	0.0	7.0	53.0	57.0	0.0	0.0	100.0	0.0	0.0	92.0	0.0	0.0	20.0	0.0	5.0	54.0	11.0	0.0	18.0	34.0	0.0	48.0	0.0	0.0	0.0	25.0	60.0	77.0	48.0	0.0	0.0	0.0	0.0	0.0	58.0	22.0	0.0	0.0	0.0	0.0	0.0	20.0	0.0	0.0	0.0	0.0	56.0	14.0	0.0	0.0	0.0	76.0	0.0	0.0	23.0	0.0	0.0	31.0	0.0	55.0	88.0	67.0	71.0	0.0	0.0	14.0	50.0	22.0	0.0	0.0	0.0	19.0	0.0	20.0	39.0	0.0	0.0	5.0	0.0	17.0	55.0	92.0	0.0
0.0	67.0	0.0	0.0	0.0	0.0	0.0	75.0	37.0	42.0	28.0	22.0	12.0	0.0	0.0	0.0	60.0	56.0	95.0	76.0	57.0	0.0	6.0	0.0	0.0	0.0	0.0	0.0	62.0	0.0	0.0	0.0	0.0	0.0	0.0	0.0	86.0	0.0	81.0	26.0	90.0	66.0	0.0	0.0	0.0	0.0	24.0	14.0	59.0	0.0	54.0	0.0	0.0	8.0	29.0	90.0	47.0	0.0	0.0	0.0	0.0	0.0	0.0	0.0	40.0	0.0	42.0	97.0	0.0	99.0	0.0	0.0	0.0	0.0	0.0	91.0	27.0	80.0	3.0	74.0	100.0	49.0	0.0	0.0	0.0	35.0	0.0	27.0	0.0	0.0	95.0	0.0	0.0	62.0	0.0	0.0	0.0	0.0	33.0	0.0	0.0	5.0	0.0	0.0	84.0	0.0	0.0	0.0	0.0	0.0	0.0	59.0	0.0	0.0	10.0	0.0	6.0	0.0	66.0	0.0	0.0	0.0	79.0	0.0	37.0	6.0	0.0	80.0	68.0	0.0	58.0	2.0	0.0	26.0	13.0	5.0	0.0	54.0	61.0	85.0	0.0	0.0	5.0	0.0	0.0	17.0	0.0	83.0	0.0	0.0
0.0	86.0	48.0	0.0	55.0	0.0	86.0	0.0	6.0	72.0	0.0	0.0	0.0	0.0	0.0	72.0	61.0	76.0	0.0	33.0	27.0	10.0	0.0	13.0	14.0	22.0	25.0	47.0	59.0	63.0	80.0	20.0	0.0	91.0	0.0	89.0	0.0	80.0	0.0	0.0	8.0	57.0	0.0	65.0	71.0	0.0	0.0	49.0	23.0	77.0	0.0	0.0	25.0	0.0	70.0	0.0	46.0	0.0	0.0	20.0	94.0	0.0	27.0	0.0	6.0	6.0	71.0	0.0	27.0	0.0	24.0	0.0	67.0	54.0	0.0	5.0	84.0	52.0	13.0	48.0	0.0	0.0	81.0	0.0	0.0	70.0	0.0	36.0	65.0	0.0	0.0	0.0	0.0	4.0	0.0	53.0	0.0	52.0	0.0	0.0	24.0	0.0	98.0	25.0	0.0	0.0	23.0	99.0	71.0	0.0	76.0	24.0	0.0	16.0	0.0	0.0	0.0	10.0	0.0	0.0	93.0	46.0	21.0	7.0	0.0	0.0	72.0	96.0	0.0	0.0	21.0	0.0	0.0	59.0	0.0	95.0	23.0	44.0	0.0	0.0	79.0	41.0	0.0	84.0	0.0	0.0	0.0	0.0	69.0
0.0	18.0	0.0	47.0	0.0	0.0	24.0	0.0	0.0	0.0	99.0	67.0	0.0	14.0	0.0	0.0	70.0	0.0	13.0	0.0	0.0	75.0	66.0	100.0	0.0	39.0	79.0	22.0	0.0	0.0	72.0	2.0	57.0	31.0	0.0	29.0	0.0	0.0	62.0	0.0	0.0	0.0	46.0	0.0	0.0	80.0	63.0	30.0	0.0	7.0	0.0	0.0	17.0	0.0	0.0	96.0	0.0	0.0	87.0	0.0	81.0	51.0	0.0	30.0	52.0	71.0	0.0	0.0	96.0	0.0	49.0	1.0	93.0	0.0	30.0	20.0	0.0	97.0	29.0	96.0	69.0	57.0	51.0	0.0	29.0	0.0	66.0	0.0	91.0	0.0	74.0	0.0	0.0	19.0	35.0	0.0	0.0	33.0	0.0	0.0	0.0	0.0	0.0	28.0	40.0	0.0	14.0	0.0	0.0	0.0	0.0	86.0	9.0	0.0	0.0	0.0	34.0	1.0	60.0	0.0	0.0	34.0	3.0	95.0	0.0	0.0	0.0	55.0	0.0	21.0	82.0	0.0	64.0	0.0	0.0	0.0	0.0	0.0	0.0	0.0	38.0	0.0	0.0	14.0	72.0	5.0	0.0	10.0
0.0	0.0	73.0	2.0	66.0	69.0	41.0	0.0	15.0	0.0	0.0	0.0	17.0	0.0	70.0	0.0	0.0	0.0	26.0	10.0	53.0	56.0	0.0	34.0	0.0	0.0	0.0	78.0	47.0	0.0	20.0	40.0	0.0	0.0	73.0	2.0	93.0	5.0	18.0	0.0	20.0	0.0	18.0	79.0	96.0	0.0	54.0	6.0	87.0	0.0	79.0	47.0	0.0	0.0	0.0	0.0	0.0	17.0	0.0	0.0	59.0	0.0	0.0	39.0	0.0	34.0	0.0	0.0	4.0	34.0	0.0	74.0	45.0	0.0	0.0	78.0	0.0	18.0	21.0	73.0	0.0	78.0	0.0	58.0	0.0	0.0	0.0	0.0	0.0	13.0	26.0	0.0	26.0	0.0	0.0	87.0	0.0	55.0	64.0	75.0	0.0	0.0	5.0	0.0	0.0	22.0	92.0	0.0	0.0	0.0	13.0	17.0	0.0	6.0	0.0	4.0	0.0	29.0	0.0	12.0	59.0	58.0	85.0	37.0	0.0	0.0	0.0	49.0	0.0	0.0	77.0	80.0	0.0	0.0	0.0	3.0	0.0	44.0	44.0	5.0	71.0	63.0	0.0	43.0	0.0	0.0	39.0
22.0	20.0	93.0	0.0	0.0	0.0	0.0	0.0	85.0	0.0	0.0	0.0	0.0	31.0	0.0	12.0	66.0	0.0	15.0	0.0	5.0	0.0	0.0	0.0	0.0	4.0	63.0	56.0	0.0	61.0	0.0	0.0	0.0	15.0	0.0	0.0	0.0	0.0	0.0	0.0	0.0	0.0	0.0	0.0	99.0	62.0	0.0	0.0	0.0	0.0	0.0	0.0	35.0	0.0	51.0	0.0	0.0	81.0	0.0	0.0	87.0	54.0	0.0	0.0	58.0	0.0	0.0	24.0	50.0	46.0	0.0	0.0	97.0	0.0	0.0	64.0	12.0	0.0	0.0	0.0	0.0	84.0	45.0	0.0	96.0	83.0	33.0	47.0	43.0	24.0	8.0	0.0	47.0	0.0	20.0	0.0	67.0	0.0	92.0	0.0	1.0	0.0	0.0	75.0	11.0	0.0	0.0	0.0	0.0	0.0	0.0	7.0	45.0	0.0	26.0	94.0	58.0	0.0	0.0	31.0	88.0	0.0	0.0	57.0	50.0	48.0	0.0	14.0	59.0	13.0	0.0	0.0	62.0	0.0	50.0	61.0	0.0	0.0	49.0	8.0	65.0	21.0	14.0	98.0	0.0	0.0
29.0	90.0	0.0	12.0	0.0	0.0	0.0	96.0	74.0	0.0	40.0	50.0	71.0	38.0	0.0	54.0	38.0	62.0	0.0	87.0	22.0	36.0	0.0	0.0	16.0	85.0	64.0	0.0	83.0	0.0	0.0	73.0	73.0	83.0	0.0	15.0	43.0	35.0	0.0	100.0	0.0	89.0	64.0	0.0	0.0	0.0	0.0	62.0	64.0	100.0	9.0	0.0	12.0	17.0	0.0	88.0	0.0	13.0	61.0	0.0	66.0	0.0	33.0	0.0	0.0	83.0	19.0	67.0	0.0	0.0	78.0	40.0	13.0	0.0	89.0	57.0	54.0	0.0	7.0	40.0	0.0	20.0	60.0	0.0	69.0	0.0	8.0	0.0	0.0	73.0	97.0	19.0	13.0	1.0	63.0	99.0	92.0	0.0	0.0	63.0	89.0	0.0	0.0	0.0	0.0	95.0	0.0	100.0	0.0	0.0	21.0	58.0	0.0	0.0	0.0	12.0	33.0	84.0	0.0	31.0	95.0	86.0	55.0	0.0	19.0	0.0	96.0	98.0	0.0	55.0	48.0	0.0	91.0	0.0	77.0	0.0	59.0	62.0	0.0	0.0	4.0	0.0	50.0	83.0	0.0
47.0	0.0	0.0	0.0	0.0	94.0	75.0	32.0	85.0	20.0	0.0	70.0	38.0	16.0	0.0	83.0	51.0	0.0	0.0	18.0	0.0	39.0	70.0	0.0	42.0	28.0	0.0	0.0	15.0	0.0	8.0	0.0	59.0	64.0	62.0	0.0	0.0	30.0	93.0	0.0	0.0	100.0	0.0	0.0	73.0	93.0	0.0	0.0	35.0	0.0	0.0	61.0	0.0	0.0	0.0	57.0	88.0	0.0	0.0	94.0	23.0	25.0	0.0	86.0	0.0	0.0	0.0	94.0	78.0	0.0	48.0	0.0	0.0	79.0	18.0	4.0	34.0	94.0	67.0	0.0	59.0	0.0	21.0	89.0	0.0	0.0	0.0	57.0	0.0	97.0	78.0	0.0	33.0	0.0	72.0	99.0	62.0	0.0	0.0	41.0	0.0	60.0	51.0	3.0	70.0	0.0	57.0	0.0	0.0	45.0	81.0	52.0	0.0	82.0	17.0	0.0	0.0	64.0	22.0	0.0	34.0	95.0	43.0	0.0	0.0	0.0	0.0	90.0	0.0	0.0	42.0	82.0	0.0	0.0	0.0	0.0	81.0	0.0	55.0	0.0	0.0	82.0	0.0	0.0
10.0	0.0	24.0	0.0	24.0	0.0	53.0	0.0	54.0	0.0	0.0	0.0	98.0	58.0	0.0	14.0	68.0	92.0	0.0	24.0	0.0	60.0	98.0	0.0	86.0	0.0	0.0	26.0	66.0	0.0	96.0	0.0	0.0	0.0	0.0	0.0	0.0	23.0	33.0	0.0	0.0	45.0	0.0	60.0	56.0	0.0	0.0	0.0	82.0	0.0	70.0	23.0	0.0	24.0	34.0	0.0	20.0	0.0	12.0	71.0	0.0	74.0	0.0	79.0	25.0	34.0	62.0	0.0	82.0	0.0	0.0	96.0	0.0	67.0	0.0	0.0	0.0	77.0	0.0	9.0	0.0	0.0	0.0	0.0	0.0	0.0	37.0	89.0	0.0	90.0	84.0	0.0	54.0	0.0	5.0	0.0	55.0	0.0	77.0	51.0	0.0	0.0	53.0	0.0	0.0	0.0	0.0	0.0	12.0	39.0	82.0	73.0	64.0	0.0	22.0	78.0	0.0	25.0	44.0	0.0	21.0	0.0	85.0	0.0	0.0	0.0	0.0	79.0	0.0	46.0	0.0	0.0	0.0	27.0	98.0	95.0	79.0	53.0	12.0	0.0	86.0	0.0	66.0
0.0	49.0	0.0	0.0	0.0	0.0	82.0	0.0	25.0	86.0	100.0	0.0	0.0	0.0	0.0	94.0	0.0	9.0	0.0	19.0	0.0	0.0	0.0	0.0	13.0	94.0	66.0	4.0	0.0	0.0	0.0	29.0	0.0	53.0	43.0	73.0	0.0	73.0	18.0	0.0	0.0	12.0	0.0	41.0	94.0	8.0	2.0	0.0	71.0	0.0	0.0	65.0	34.0	46.0	37.0	23.0	0.0	49.0	0.0	0.0	0.0	0.0	0.0	0.0	54.0	0.0	84.0	0.0	82.0	64.0	0.0	63.0	93.0	0.0	0.0	85.0	3.0	0.0	0.0	71.0	30.0	0.0	0.0	55.0	24.0	5.0	0.0	67.0	74.0	92.0	0.0	0.0	0.0	69.0	0.0	69.0	0.0	20.0	30.0	0.0	63.0	0.0	0.0	49.0	75.0	0.0	23.0	0.0	55.0	0.0	3.0	69.0	48.0	0.0	17.0	0.0	49.0	21.0	4.0	0.0	30.0	2.0	0.0	84.0	0.0	77.0	3.0	60.0	37.0	0.0	0.0	0.0	87.0	51.0	4.0	29.0	27.0	34.0	0.0	96.0	91.0	18.0
0.0	0.0	58.0	0.0	0.0	2.0	6.0	0.0	71.0	0.0	0.0	61.0	92.0	0.0	0.0	80.0	90.0	0.0	0.0	0.0	26.0	0.0	0.0	0.0	13.0	33.0	0.0	56.0	76.0	0.0	0.0	78.0	0.0	69.0	1.0	0.0	32.0	0.0	10.0	49.0	58.0	56.0	84.0	0.0	0.0	36.0	0.0	65.0	0.0	0.0	12.0	0.0	0.0	0.0	0.0	87.0	73.0	64.0	0.0	86.0	26.0	93.0	0.0	0.0	0.0	3.0	98.0	70.0	0.0	69.0	0.0	51.0	12.0	0.0	51.0	0.0	44.0	37.0	39.0	97.0	0.0	5.0	0.0	95.0	31.0	63.0	52.0	75.0	28.0	77.0	84.0	0.0	77.0	29.0	0.0	2.0	0.0	0.0	0.0	53.0	7.0	20.0	0.0	0.0	99.0	47.0	0.0	0.0	0.0	0.0	0.0	8.0	0.0	0.0	46.0	0.0	18.0	0.0	0.0	0.0	79.0	16.0	0.0	0.0	0.0	38.0	35.0	75.0	0.0	66.0	74.0	76.0	0.0	0.0	0.0	83.0	0.0	0.0	0.0	0.0	64.0
71.0	0.0	0.0	0.0	0.0	6.0	0.0	15.0	95.0	0.0	0.0	43.0	35.0	0.0	69.0	74.0	100.0	100.0	0.0	28.0	91.0	0.0	0.0	37.0	0.0	0.0	45.0	0.0	33.0	0.0	5.0	0.0	48.0	0.0	0.0	54.0	0.0	0.0	72.0	0.0	0.0	92.0	97.0	15.0	0.0	23.0	2.0	0.0	0.0	74.0	53.0	0.0	5.0	0.0	0.0	14.0	0.0	0.0	63.0	15.0	10.0	0.0	64.0	0.0	0.0	0.0	0.0	50.0	22.0	96.0	97.0	0.0	0.0	25.0	0.0	3.0	100.0	33.0	0.0	15.0	0.0	59.0	0.0	43.0	16.0	0.0	0.0	0.0	94.0	28.0	0.0	18.0	14.0	0.0	16.0	0.0	31.0	52.0	0.0	60.0	19.0	0.0	79.0	51.0	26.0	84.0	76.0	0.0	0.0	0.0	0.0	0.0	0.0	0.0	0.0	100.0	0.0	0.0	54.0	0.0	0.0	92.0	0.0	0.0	30.0	0.0	0.0	96.0	97.0	0.0	0.0	80.0	0.0	0.0	0.0	0.0	3.0	95.0	1.0	68.0
0.0	61.0	24.0	0.0	0.0	0.0	100.0	0.0	0.0	9.0	48.0	96.0	0.0	78.0	0.0	76.0	9.0	0.0	74.0	79.0	39.0	0.0	19.0	0.0	76.0	0.0	0.0	59.0	0.0	0.0	0.0	0.0	0.0	0.0	0.0	0.0	0.0	0.0	0.0	98.0	0.0	30.0	84.0	82.0	0.0	0.0	0.0	0.0	0.0	0.0	0.0	0.0	90.0	0.0	72.0	89.0	55.0	90.0	47.0	0.0	0.0	0.0	73.0	0.0	69.0	0.0	0.0	0.0	59.0	33.0	0.0	0.0	89.0	61.0	81.0	0.0	0.0	21.0	46.0	29.0	26.0	42.0	0.0	98.0	0.0	0.0	83.0	0.0	0.0	0.0	0.0	0.0	85.0	0.0	27.0	0.0	72.0	0.0	0.0	0.0	66.0	0.0	0.0	73.0	0.0	0.0	0.0	8.0	26.0	46.0	0.0	21.0	8.0	87.0	0.0	8.0	23.0	0.0	59.0	0.0	89.0	0.0	0.0	32.0	0.0	5.0	0.0	0.0	0.0	0.0	60.0	81.0	84.0	0.0	0.0	0.0	26.0	0.0	0.0
39.0	26.0	0.0	0.0	0.0	22.0	46.0	0.0	0.0	0.0	13.0	0.0	23.0	51.0	0.0	41.0	0.0	0.0	42.0	77.0	0.0	0.0	90.0	0.0	0.0	0.0	29.0	49.0	69.0	0.0	23.0	41.0	68.0	81.0	0.0	0.0	0.0	0.0	84.0	0.0	0.0	0.0	82.0	0.0	0.0	0.0	38.0	0.0	0.0	0.0	0.0	0.0	0.0	0.0	52.0	0.0	0.0	0.0	0.0	0.0	0.0	0.0	66.0	27.0	0.0	69.0	0.0	0.0	0.0	0.0	0.0	0.0	7.0	0.0	0.0	0.0	18.0	58.0	97.0	0.0	61.0	0.0	0.0	22.0	0.0	34.0	0.0	27.0	0.0	16.0	2.0	0.0	0.0	94.0	43.0	0.0	48.0	0.0	22.0	0.0	92.0	82.0	13.0	0.0	24.0	86.0	95.0	85.0	0.0	71.0	17.0	0.0	25.0	65.0	82.0	0.0	0.0	0.0	70.0	71.0	0.0	36.0	95.0	0.0	67.0	88.0	66.0	0.0	0.0	3.0	0.0	8.0	49.0	93.0	0.0	55.0	14.0	0.0
47.0	0.0	69.0	30.0	0.0	0.0	0.0	0.0	86.0	73.0	42.0	77.0	0.0	0.0	0.0	16.0	53.0	0.0	0.0	59.0	67.0	82.0	0.0	0.0	65.0	6.0	75.0	80.0	0.0	0.0	22.0	0.0	0.0	0.0	11.0	0.0	43.0	0.0	0.0	10.0	78.0	59.0	28.0	0.0	0.0	0.0	61.0	0.0	35.0	0.0	0.0	16.0	60.0	71.0	73.0	0.0	0.0	30.0	90.0	72.0	85.0	35.0	0.0	0.0	56.0	0.0	0.0	63.0	39.0	0.0	25.0	23.0	0.0	0.0	12.0	0.0	0.0	0.0	87.0	0.0	50.0	60.0	20.0	0.0	75.0	0.0	100.0	79.0	6.0	0.0	0.0	0.0	0.0	67.0	0.0	0.0	0.0	67.0	36.0	0.0	0.0	100.0	82.0	0.0	0.0	82.0	56.0	0.0	0.0	79.0	0.0	12.0	0.0	0.0	0.0	0.0	87.0	34.0	0.0	65.0	70.0	3.0	75.0	0.0	0.0	36.0	0.0	0.0	72.0	0.0	46.0	50.0	37.0	0.0	21.0	0.0	0.0
90.0	0.0	70.0	0.0	100.0	0.0	0.0	0.0	96.0	0.0	0.0	0.0	70.0	92.0	0.0	51.0	0.0	37.0	57.0	19.0	74.0	0.0	4.0	0.0	64.0	10.0	0.0	53.0	0.0	35.0	0.0	0.0	33.0	8.0	2.0	0.0	0.0	41.0	0.0	20.0	86.0	0.0	0.0	0.0	0.0	0.0	0.0	9.0	5.0	7.0	0.0	0.0	0.0	2.0	0.0	0.0	0.0	36.0	0.0	86.0	88.0	0.0	0.0	0.0	0.0	80.0	0.0	8.0	0.0	0.0	0.0	0.0	10.0	33.0	0.0	0.0	1.0	0.0	87.0	0.0	0.0	0.0	3.0	0.0	90.0	0.0	81.0	0.0	100.0	82.0	48.0	1.0	29.0	0.0	0.0	0.0	49.0	89.0	2.0	0.0	7.0	38.0	0.0	47.0	0.0	0.0	0.0	77.0	78.0	0.0	36.0	63.0	85.0	95.0	100.0	66.0	0.0	0.0	0.0	70.0	15.0	98.0	15.0	70.0	23.0	0.0	0.0	60.0	0.0	7.0	6.0	99.0	56.0	0.0	0.0	0.0
19.0	21.0	54.0	0.0	0.0	83.0	3.0	0.0	50.0	0.0	58.0	0.0	78.0	0.0	12.0	0.0	47.0	46.0	68.0	0.0	72.0	0.0	0.0	0.0	0.0	0.0	96.0	0.0	96.0	13.0	0.0	20.0	84.0	70.0	0.0	70.0	83.0	0.0	82.0	0.0	24.0	65.0	0.0	99.0	0.0	0.0	0.0	0.0	2.0	0.0	0.0	27.0	6.0	27.0	0.0	10.0	68.0	28.0	0.0	0.0	18.0	0.0	0.0	22.0	51.0	0.0	47.0	82.0	29.0	0.0	17.0	26.0	0.0	20.0	36.0	8.0	0.0	0.0	0.0	71.0	78.0	28.0	0.0	0.0	49.0	0.0	21.0	91.0	19.0	49.0	78.0	93.0	19.0	0.0	0.0	9.0	69.0	32.0	50.0	0.0	48.0	46.0	2.0	7.0	0.0	0.0	16.0	55.0	0.0	90.0	41.0	0.0	0.0	0.0	36.0	0.0	47.0	0.0	65.0	84.0	44.0	0.0	69.0	0.0	62.0	72.0	0.0	92.0	34.0	0.0	0.0	81.0	20.0	56.0	90.0
0.0	0.0	73.0	30.0	0.0	44.0	69.0	0.0	65.0	0.0	0.0	78.0	35.0	0.0	11.0	0.0	65.0	30.0	0.0	31.0	0.0	0.0	0.0	68.0	0.0	0.0	0.0	95.0	0.0	0.0	0.0	51.0	0.0	0.0	90.0	0.0	0.0	41.0	0.0	23.0	27.0	49.0	15.0	0.0	0.0	0.0	0.0	53.0	11.0	0.0	0.0	0.0	0.0	0.0	10.0	32.0	0.0	0.0	92.0	3.0	0.0	0.0	0.0	0.0	0.0	0.0	0.0	0.0	3.0	0.0	79.0	0.0	0.0	2.0	0.0	32.0	0.0	78.0	0.0	85.0	87.0	93.0	62.0	3.0	0.0	0.0	27.0	76.0	0.0	0.0	0.0	0.0	0.0	79.0	7.0	0.0	0.0	0.0	0.0	97.0	67.0	18.0	81.0	0.0	0.0	0.0	0.0	61.0	12.0	85.0	5.0	0.0	40.0	0.0	0.0	0.0	86.0	0.0	70.0	100.0	0.0	44.0	47.0	46.0	46.0	36.0	0.0	0.0	90.0	97.0	89.0	81.0	8.0	0.0
0.0	0.0	0.0	0.0	97.0	0.0	0.0	88.0	22.0	0.0	28.0	0.0	30.0	0.0	0.0	0.0	25.0	94.0	0.0	54.0	0.0	10.0	29.0	0.0	0.0	18.0	57.0	0.0	0.0	74.0	58.0	0.0	0.0	0.0	0.0	0.0	75.0	0.0	16.0	0.0	35.0	2.0	0.0	0.0	0.0	1.0	0.0	30.0	81.0	97.0	31.0	18.0	11.0	69.0	34.0	0.0	84.0	11.0	70.0	5.0	0.0	0.0	0.0	30.0	28.0	91.0	0.0	98.0	38.0	0.0	0.0	0.0	6.0	0.0	13.0	0.0	91.0	4.0	0.0	0.0	72.0	0.0	97.0	0.0	0.0	62.0	0.0	80.0	0.0	0.0	0.0	79.0	58.0	26.0	82.0	16.0	15.0	66.0	79.0	20.0	0.0	15.0	62.0	0.0	70.0	0.0	0.0	0.0	0.0	80.0	79.0	0.0	0.0	0.0	0.0	6.0	0.0	0.0	0.0	0.0	0.0	21.0	0.0	55.0	0.0	86.0	47.0	2.0	0.0	99.0	21.0	0.0	0.0
0.0	0.0	22.0	0.0	0.0	12.0	0.0	35.0	13.0	88.0	30.0	0.0	65.0	0.0	0.0	0.0	31.0	78.0	0.0	44.0	0.0	0.0	0.0	88.0	37.0	18.0	0.0	0.0	0.0	83.0	92.0	86.0	0.0	96.0	28.0	0.0	29.0	0.0	0.0	0.0	0.0	0.0	18.0	0.0	0.0	30.0	75.0	95.0	99.0	0.0	36.0	94.0	0.0	0.0	0.0	58.0	29.0	0.0	76.0	12.0	0.0	56.0	64.0	29.0	0.0	0.0	0.0	11.0	89.0	57.0	12.0	42.0	3.0	0.0	92.0	16.0	46.0	84.0	70.0	78.0	81.0	0.0	0.0	0.0	51.0	0.0	0.0	89.0	0.0	0.0	23.0	67.0	95.0	0.0	57.0	79.0	86.0	21.0	51.0	17.0	81.0	12.0	14.0	18.0	0.0	6.0	0.0	0.0	15.0	0.0	0.0	38.0	73.0	56.0	37.0	0.0	21.0	0.0	70.0	48.0	0.0	11.0	0.0	0.0	0.0	0.0	84.0	68.0	0.0	8.0	72.0	33.0
44.0	87.0	88.0	54.0	0.0	0.0	0.0	0.0	0.0	61.0	31.0	14.0	0.0	0.0	48.0	0.0	2.0	37.0	0.0	68.0	95.0	49.0	17.0	0.0	51.0	49.0	40.0	96.0	0.0	0.0	0.0	33.0	99.0	69.0	44.0	0.0	89.0	77.0	87.0	0.0	12.0	98.0	0.0	19.0	81.0	0.0	1.0	0.0	26.0	47.0	64.0	0.0	35.0	75.0	58.0	18.0	0.0	0.0	0.0	0.0	20.0	7.0	0.0	0.0	3.0	40.0	21.0	0.0	76.0	0.0	8.0	0.0	0.0	100.0	35.0	46.0	0.0	0.0	0.0	0.0	0.0	29.0	48.0	3.0	60.0	86.0	3.0	93.0	0.0	0.0	0.0	55.0	0.0	0.0	70.0	87.0	0.0	0.0	28.0	88.0	0.0	74.0	15.0	5.0	0.0	0.0	0.0	64.0	0.0	6.0	52.0	48.0	0.0	83.0	0.0	67.0	0.0	0.0	0.0	85.0	0.0	0.0	85.0	2.0	0.0	0.0	0.0	0.0	9.0	60.0	0.0
0.0	44.0	13.0	50.0	7.0	0.0	0.0	7.0	0.0	14.0	0.0	0.0	0.0	0.0	0.0	66.0	93.0	48.0	0.0	0.0	0.0	0.0	0.0	0.0	67.0	49.0	0.0	32.0	20.0	38.0	0.0	0.0	88.0	0.0	14.0	31.0	0.0	12.0	88.0	55.0	3.0	0.0	0.0	36.0	54.0	57.0	0.0	80.0	0.0	0.0	0.0	0.0	0.0	67.0	63.0	2.0	5.0	22.0	0.0	66.0	0.0	0.0	70.0	0.0	7.0	0.0	0.0	0.0	0.0	46.0	85.0	0.0	0.0	13.0	0.0	0.0	80.0	0.0	74.0	0.0	85.0	0.0	5.0	18.0	0.0	0.0	0.0	0.0	0.0	98.0	0.0	40.0	78.0	87.0	64.0	89.0	65.0	0.0	0.0	89.0	0.0	0.0	0.0	0.0	46.0	0.0	61.0	64.0	0.0	0.0	85.0	87.0	58.0	0.0	56.0	0.0	0.0	91.0	0.0	0.0	0.0	72.0	0.0	29.0	3.0	0.0	0.0	0.0	49.0	0.0
99.0	28.0	0.0	56.0	100.0	10.0	75.0	29.0	0.0	28.0	90.0	63.0	42.0	0.0	17.0	0.0	0.0	0.0	0.0	52.0	0.0	77.0	5.0	0.0	6.0	15.0	76.0	0.0	0.0	0.0	50.0	84.0	8.0	0.0	85.0	0.0	15.0	72.0	0.0	68.0	96.0	13.0	0.0	83.0	68.0	0.0	0.0	48.0	0.0	31.0	73.0	0.0	83.0	0.0	0.0	0.0	0.0	0.0	0.0	0.0	51.0	0.0	75.0	0.0	0.0	0.0	28.0	74.0	73.0	0.0	0.0	53.0	0.0	95.0	0.0	29.0	67.0	0.0	0.0	0.0	9.0	0.0	0.0	0.0	0.0	0.0	19.0	58.0	0.0	0.0	54.0	79.0	0.0	62.0	0.0	0.0	0.0	0.0	0.0	0.0	0.0	33.0	0.0	0.0	0.0	94.0	60.0	67.0	0.0	45.0	14.0	78.0	0.0	0.0	0.0	30.0	0.0	78.0	99.0	0.0	78.0	0.0	67.0	54.0	11.0	0.0	96.0	0.0	0.0
27.0	0.0	0.0	89.0	76.0	0.0	49.0	48.0	9.0	0.0	0.0	12.0	42.0	46.0	59.0	84.0	0.0	0.0	0.0	4.0	0.0	0.0	0.0	0.0	0.0	0.0	0.0	58.0	0.0	0.0	69.0	29.0	47.0	0.0	22.0	90.0	0.0	0.0	18.0	0.0	62.0	0.0	45.0	3.0	80.0	14.0	33.0	45.0	87.0	99.0	0.0	0.0	0.0	4.0	26.0	0.0	97.0	40.0	54.0	54.0	0.0	52.0	47.0	0.0	0.0	0.0	0.0	24.0	39.0	0.0	28.0	0.0	0.0	0.0	0.0	15.0	51.0	0.0	0.0	0.0	0.0	0.0	23.0	12.0	54.0	0.0	0.0	28.0	0.0	83.0	2.0	24.0	0.0	0.0	26.0	0.0	67.0	16.0	99.0	0.0	0.0	0.0	22.0	0.0	9.0	8.0	64.0	0.0	0.0	0.0	0.0	0.0	0.0	95.0	0.0	0.0	88.0	48.0	0.0	0.0	0.0	45.0	47.0	35.0	96.0	0.0	38.0	0.0
46.0	0.0	0.0	26.0	4.0	64.0	87.0	0.0	0.0	0.0	51.0	61.0	21.0	0.0	96.0	0.0	0.0	0.0	0.0	0.0	30.0	43.0	0.0	0.0	78.0	0.0	0.0	0.0	0.0	57.0	0.0	0.0	89.0	0.0	43.0	0.0	88.0	81.0	0.0	0.0	0.0	0.0	88.0	34.0	0.0	0.0	0.0	0.0	71.0	0.0	39.0	0.0	0.0	0.0	98.0	0.0	96.0	0.0	0.0	20.0	0.0	0.0	40.0	0.0	0.0	57.0	68.0	0.0	0.0	0.0	0.0	0.0	34.0	87.0	40.0	13.0	0.0	39.0	82.0	0.0	0.0	0.0	0.0	0.0	0.0	70.0	0.0	15.0	58.0	0.0	0.0	37.0	46.0	0.0	0.0	58.0	49.0	6.0	0.0	47.0	33.0	0.0	0.0	49.0	0.0	0.0	34.0	0.0	2.0	28.0	60.0	95.0	0.0	0.0	8.0	16.0	0.0	0.0	31.0	99.0	80.0	20.0	63.0	0.0	33.0	30.0	0.0
0.0	0.0	0.0	41.0	17.0	81.0	9.0	0.0	88.0	0.0	0.0	35.0	56.0	47.0	59.0	0.0	0.0	9.0	0.0	0.0	17.0	0.0	65.0	35.0	0.0	0.0	0.0	14.0	33.0	0.0	0.0	0.0	0.0	8.0	0.0	74.0	27.0	0.0	0.0	22.0	86.0	43.0	0.0	6.0	0.0	43.0	0.0	24.0	0.0	100.0	65.0	0.0	0.0	0.0	84.0	0.0	0.0	73.0	7.0	0.0	0.0	0.0	53.0	85.0	81.0	43.0	14.0	55.0	0.0	24.0	91.0	0.0	46.0	85.0	40.0	14.0	31.0	73.0	0.0	0.0	49.0	72.0	88.0	0.0	0.0	0.0	0.0	0.0	76.0	0.0	0.0	0.0	0.0	0.0	23.0	96.0	0.0	70.0	97.0	0.0	67.0	25.0	42.0	35.0	0.0	0.0	19.0	0.0	57.0	85.0	0.0	16.0	0.0	0.0	49.0	0.0	0.0	0.0	0.0	43.0	4.0	0.0	85.0	9.0	53.0	0.0
0.0	84.0	0.0	0.0	3.0	76.0	60.0	0.0	0.0	0.0	10.0	0.0	50.0	53.0	0.0	25.0	14.0	0.0	86.0	0.0	22.0	56.0	0.0	10.0	0.0	0.0	84.0	34.0	7.0	9.0	39.0	0.0	26.0	0.0	0.0	0.0	52.0	28.0	42.0	0.0	0.0	40.0	0.0	0.0	0.0	15.0	38.0	0.0	44.0	18.0	79.0	36.0	47.0	0.0	19.0	0.0	7.0	0.0	96.0	0.0	0.0	0.0	42.0	12.0	0.0	0.0	0.0	27.0	46.0	96.0	66.0	27.0	42.0	43.0	0.0	8.0	74.0	57.0	60.0	88.0	0.0	99.0	0.0	0.0	17.0	55.0	81.0	7.0	0.0	0.0	79.0	3.0	61.0	0.0	28.0	0.0	0.0	75.0	60.0	0.0	58.0	85.0	37.0	16.0	73.0	0.0	84.0	45.0	0.0	77.0	0.0	0.0	0.0	5.0	0.0	0.0	0.0	40.0	0.0	82.0	0.0	0.0	95.0	33.0	52.0
0.0	63.0	0.0	0.0	85.0	0.0	0.0	49.0	60.0	43.0	79.0	77.0	60.0	17.0	0.0	25.0	0.0	64.0	0.0	85.0	0.0	83.0	0.0	0.0	0.0	0.0	57.0	45.0	75.0	8.0	49.0	61.0	85.0	57.0	88.0	0.0	0.0	0.0	0.0	0.0	67.0	52.0	46.0	88.0	60.0	100.0	41.0	0.0	0.0	99.0	0.0	0.0	62.0	54.0	0.0	0.0	0.0	0.0	0.0	0.0	19.0	66.0	0.0	0.0	18.0	0.0	0.0	92.0	43.0	0.0	0.0	0.0	0.0	64.0	73.0	0.0	100.0	93.0	0.0	51.0	42.0	0.0	7.0	31.0	0.0	0.0	33.0	0.0	0.0	0.0	0.0	73.0	0.0	74.0	40.0	60.0	4.0	0.0	0.0	23.0	0.0	0.0	53.0	93.0	64.0	66.0	0.0	0.0	2.0	65.0	0.0	0.0	0.0	78.0	0.0	0.0	0.0	0.0	32.0	52.0	6.0	0.0	81.0	0.0
44.0	9.0	0.0	0.0	0.0	0.0	89.0	0.0	0.0	24.0	0.0	62.0	56.0	0.0	0.0	0.0	71.0	0.0	0.0	0.0	0.0	0.0	22.0	0.0	0.0	0.0	0.0	0.0	68.0	0.0	0.0	87.0	9.0	0.0	0.0	59.0	0.0	0.0	35.0	54.0	73.0	0.0	93.0	0.0	95.0	0.0	54.0	81.0	0.0	78.0	49.0	0.0	0.0	82.0	0.0	0.0	89.0	0.0	13.0	75.0	3.0	0.0	0.0	0.0	40.0	0.0	3.0	37.0	0.0	0.0	0.0	49.0	0.0	58.0	99.0	13.0	96.0	51.0	39.0	24.0	37.0	0.0	0.0	0.0	16.0	40.0	70.0	0.0	25.0	0.0	1.0	50.0	97.0	29.0	84.0	0.0	58.0	61.0	43.0	0.0	34.0	0.0	0.0	0.0	98.0	100.0	76.0	100.0	0.0	82.0	33.0	48.0	0.0	61.0	0.0	0.0	5.0	0.0	0.0	79.0	29.0	0.0	0.0
0.0	12.0	66.0	16.0	0.0	48.0	0.0	0.0	0.0	90.0	0.0	0.0	34.0	18.0	0.0	0.0	0.0	10.0	0.0	0.0	0.0	0.0	34.0	0.0	95.0	3.0	99.0	36.0	44.0	7.0	90.0	78.0	0.0	0.0	0.0	0.0	54.0	0.0	20.0	79.0	76.0	0.0	78.0	0.0	11.0	0.0	0.0	49.0	9.0	0.0	0.0	0.0	0.0	56.0	36.0	0.0	97.0	0.0	38.0	91.0	0.0	0.0	0.0	0.0	42.0	0.0	22.0	0.0	0.0	34.0	83.0	0.0	81.0	90.0	0.0	0.0	41.0	0.0	0.0	53.0	31.0	0.0	60.0	0.0	58.0	79.0	13.0	0.0	0.0	0.0	57.0	26.0	0.0	0.0	0.0	0.0	0.0	33.0	1.0	0.0	76.0	89.0	0.0	12.0	56.0	99.0	0.0	4.0	46.0	0.0	0.0	0.0	64.0	43.0	73.0	0.0	0.0	49.0	28.0	16.0	0.0	78.0
73.0	11.0	0.0	73.0	34.0	59.0	54.0	85.0	0.0	40.0	0.0	36.0	25.0	0.0	10.0	71.0	0.0	13.0	91.0	0.0	0.0	0.0	16.0	0.0	96.0	0.0	0.0	0.0	44.0	97.0	34.0	0.0	88.0	0.0	0.0	38.0	50.0	0.0	0.0	0.0	11.0	88.0	55.0	0.0	0.0	0.0	0.0	91.0	0.0	0.0	23.0	0.0	0.0	25.0	65.0	41.0	23.0	0.0	0.0	40.0	0.0	0.0	0.0	93.0	79.0	64.0	87.0	0.0	0.0	44.0	13.0	3.0	0.0	0.0	0.0	0.0	89.0	0.0	0.0	0.0	0.0	0.0	0.0	18.0	0.0	50.0	39.0	94.0	0.0	46.0	73.0	0.0	0.0	0.0	52.0	16.0	84.0	72.0	67.0	74.0	0.0	0.0	67.0	0.0	10.0	0.0	0.0	0.0	19.0	0.0	0.0	0.0	0.0	0.0	7.0	3.0	4.0	0.0	0.0	59.0	0.0
0.0	0.0	3.0	0.0	13.0	0.0	0.0	0.0	0.0	0.0	91.0	0.0	0.0	0.0	95.0	0.0	70.0	30.0	71.0	0.0	82.0	0.0	82.0	0.0	0.0	63.0	14.0	30.0	28.0	51.0	0.0	0.0	100.0	86.0	94.0	100.0	0.0	0.0	3.0	79.0	79.0	25.0	0.0	0.0	0.0	93.0	75.0	0.0	0.0	75.0	0.0	99.0	0.0	92.0	10.0	92.0	99.0	16.0	70.0	75.0	57.0	0.0	0.0	0.0	0.0	66.0	0.0	0.0	23.0	83.0	0.0	50.0	17.0	54.0	0.0	24.0	0.0	0.0	0.0	0.0	0.0	0.0	1.0	0.0	0.0	0.0	62.0	2.0	0.0	0.0	75.0	0.0	86.0	0.0	78.0	0.0	82.0	0.0	0.0	0.0	0.0	0.0	0.0	0.0	0.0	20.0	0.0	0.0	0.0	50.0	43.0	0.0	0.0	71.0	12.0	13.0	77.0	50.0	0.0	50.0
31.0	89.0	0.0	0.0	0.0	0.0	39.0	0.0	0.0	89.0	0.0	0.0	91.0	0.0	0.0	16.0	0.0	60.0	0.0	0.0	0.0	0.0	0.0	31.0	44.0	2.0	0.0	64.0	0.0	0.0	0.0	63.0	0.0	0.0	94.0	56.0	25.0	0.0	0.0	0.0	64.0	0.0	79.0	0.0	81.0	76.0	0.0	0.0	1.0	0.0	0.0	43.0	85.0	0.0	0.0	0.0	67.0	0.0	99.0	0.0	0.0	0.0	17.0	42.0	0.0	0.0	0.0	17.0	0.0	0.0	44.0	2.0	0.0	9.0	58.0	0.0	41.0	0.0	0.0	25.0	0.0	0.0	0.0	68.0	0.0	40.0	0.0	77.0	95.0	10.0	45.0	35.0	0.0	0.0	41.0	0.0	2.0	0.0	0.0	0.0	0.0	7.0	0.0	0.0	0.0	22.0	0.0	0.0	60.0	0.0	0.0	87.0	37.0	0.0	0.0	82.0	89.0	0.0	0.0
35.0	0.0	98.0	76.0	31.0	0.0	0.0	18.0	0.0	53.0	61.0	0.0	0.0	77.0	0.0	53.0	23.0	50.0	96.0	0.0	0.0	0.0	0.0	30.0	77.0	25.0	55.0	25.0	37.0	0.0	0.0	0.0	96.0	0.0	79.0	2.0	0.0	0.0	0.0	0.0	0.0	0.0	68.0	67.0	39.0	0.0	65.0	50.0	91.0	0.0	1.0	57.0	0.0	74.0	0.0	19.0	74.0	0.0	0.0	0.0	69.0	51.0	95.0	51.0	89.0	0.0	6.0	0.0	82.0	0.0	0.0	90.0	22.0	0.0	10.0	0.0	0.0	0.0	66.0	0.0	31.0	40.0	0.0	17.0	0.0	0.0	65.0	73.0	62.0	0.0	0.0	0.0	0.0	0.0	0.0	75.0	0.0	59.0	0.0	0.0	46.0	0.0	0.0	0.0	10.0	0.0	0.0	0.0	0.0	0.0	0.0	52.0	92.0	5.0	0.0	0.0	0.0	0.0
0.0	0.0	0.0	28.0	0.0	10.0	82.0	0.0	32.0	63.0	0.0	0.0	0.0	71.0	0.0	0.0	0.0	0.0	0.0	0.0	0.0	0.0	88.0	40.0	0.0	0.0	4.0	0.0	61.0	0.0	0.0	19.0	0.0	0.0	0.0	82.0	79.0	64.0	0.0	52.0	0.0	0.0	0.0	80.0	66.0	95.0	0.0	0.0	51.0	70.0	0.0	0.0	0.0	85.0	0.0	0.0	70.0	0.0	0.0	0.0	0.0	84.0	76.0	100.0	0.0	83.0	39.0	0.0	79.0	42.0	32.0	42.0	0.0	59.0	0.0	4.0	27.0	62.0	32.0	0.0	0.0	0.0	0.0	53.0	40.0	90.0	0.0	0.0	2.0	94.0	0.0	0.0	0.0	94.0	59.0	7.0	0.0	0.0	0.0	34.0	0.0	0.0	0.0	0.0	52.0	3.0	73.0	0.0	31.0	35.0	0.0	0.0	47.0	56.0	0.0	17.0	74.0
35.0	60.0	19.0	55.0	0.0	0.0	0.0	97.0	27.0	77.0	0.0	43.0	72.0	0.0	0.0	0.0	78.0	15.0	55.0	71.0	0.0	0.0	95.0	0.0	0.0	0.0	75.0	0.0	0.0	56.0	0.0	0.0	79.0	68.0	74.0	0.0	0.0	87.0	93.0	0.0	83.0	95.0	0.0	93.0	68.0	66.0	13.0	29.0	0.0	19.0	32.0	0.0	0.0	11.0	81.0	88.0	100.0	85.0	0.0	19.0	0.0	85.0	30.0	70.0	42.0	0.0	0.0	27.0	0.0	43.0	16.0	69.0	0.0	0.0	0.0	28.0	0.0	33.0	0.0	9.0	0.0	0.0	33.0	0.0	0.0	0.0	0.0	93.0	0.0	32.0	0.0	0.0	76.0	0.0	0.0	15.0	0.0	0.0	47.0	3.0	44.0	0.0	69.0	0.0	16.0	75.0	93.0	58.0	0.0	0.0	11.0	91.0	91.0	0.0	82.0	54.0
54.0	92.0	18.0	0.0	0.0	31.0	69.0	99.0	0.0	0.0	95.0	75.0	0.0	0.0	91.0	0.0	72.0	0.0	0.0	12.0	46.0	86.0	81.0	82.0	0.0	81.0	22.0	0.0	47.0	75.0	55.0	28.0	0.0	20.0	0.0	29.0	0.0	34.0	1.0	0.0	75.0	28.0	23.0	0.0	29.0	0.0	80.0	2.0	0.0	0.0	0.0	0.0	86.0	81.0	0.0	0.0	67.0	0.0	71.0	0.0	72.0	0.0	0.0	0.0	0.0	0.0	64.0	49.0	55.0	51.0	46.0	0.0	0.0	0.0	0.0	0.0	38.0	68.0	57.0	45.0	23.0	71.0	65.0	30.0	0.0	0.0	27.0	0.0	0.0	0.0	0.0	34.0	0.0	22.0	0.0	0.0	34.0	0.0	0.0	0.0	94.0	71.0	17.0	0.0	0.0	0.0	0.0	0.0	13.0	0.0	23.0	0.0	62.0	0.0	10.0
0.0	54.0	0.0	48.0	20.0	34.0	0.0	0.0	65.0	88.0	23.0	30.0	0.0	59.0	57.0	0.0	0.0	0.0	0.0	0.0	0.0	0.0	99.0	7.0	0.0	0.0	0.0	31.0	0.0	0.0	0.0	84.0	77.0	0.0	0.0	69.0	69.0	0.0	91.0	40.0	0.0	0.0	31.0	47.0	0.0	29.0	18.0	0.0	0.0	45.0	0.0	7.0	47.0	0.0	0.0	0.0	45.0	0.0	0.0	0.0	0.0	46.0	50.0	0.0	0.0	0.0	39.0	0.0	0.0	41.0	24.0	86.0	0.0	80.0	30.0	0.0	0.0	98.0	0.0	0.0	0.0	0.0	56.0	0.0	90.0	25.0	27.0	0.0	0.0	32.0	0.0	96.0	0.0	0.0	54.0	0.0	6.0	15.0	88.0	0.0	3.0	85.0	77.0	0.0	0.0	0.0	15.0	50.0	81.0	0.0	0.0	0.0	0.0	0.0
24.0	3.0	0.0	6.0	93.0	0.0	0.0	15.0	65.0	0.0	0.0	69.0	0.0	0.0	100.0	0.0	5.0	20.0	0.0	88.0	17.0	0.0	0.0	0.0	65.0	0.0	0.0	0.0	42.0	87.0	92.0	0.0	86.0	0.0	0.0	0.0	28.0	7.0	0.0	89.0	0.0	0.0	66.0	54.0	8.0	82.0	0.0	62.0	44.0	57.0	10.0	0.0	0.0	0.0	0.0	92.0	39.0	9.0	12.0	0.0	0.0	0.0	0.0	0.0	0.0	0.0	31.0	0.0	17.0	13.0	0.0	0.0	0.0	58.0	25.0	0.0	7.0	0.0	0.0	26.0	49.0	0.0	39.0	4.0	46.0	87.0	67.0	88.0	16.0	42.0	0.0	0.0	12.0	0.0	92.0	25.0	0.0	0.0	77.0	0.0	49.0	36.0	0.0	24.0	75.0	85.0	0.0	0.0	49.0	0.0	0.0	0.0	8.0
0.0	4.0	0.0	0.0	0.0	66.0	26.0	88.0	67.0	40.0	96.0	92.0	64.0	50.0	0.0	0.0	69.0	16.0	0.0	24.0	0.0	0.0	0.0	0.0	0.0	0.0	89.0	0.0	20.0	0.0	0.0	50.0	72.0	60.0	0.0	0.0	52.0	60.0	0.0	0.0	62.0	26.0	76.0	0.0	81.0	0.0	0.0	0.0	84.0	0.0	26.0	0.0	37.0	73.0	80.0	0.0	85.0	0.0	33.0	0.0	93.0	0.0	0.0	11.0	11.0	0.0	0.0	0.0	100.0	0.0	83.0	0.0	0.0	0.0	89.0	0.0	50.0	18.0	0.0	0.0	36.0	43.0	0.0	86.0	0.0	0.0	51.0	17.0	58.0	0.0	32.0	0.0	6.0	0.0	0.0	0.0	0.0	0.0	71.0	91.0	0.0	0.0	45.0	48.0	4.0	0.0	0.0	0.0	38.0	0.0	84.0	84.0
72.0	48.0	38.0	0.0	0.0	48.0	0.0	54.0	0.0	7.0	78.0	64.0	81.0	67.0	62.0	18.0	0.0	27.0	83.0	1.0	34.0	19.0	0.0	95.0	0.0	37.0	0.0	56.0	0.0	83.0	0.0	0.0	0.0	0.0	0.0	0.0	0.0	0.0	0.0	0.0	12.0	74.0	8.0	0.0	67.0	0.0	53.0	6.0	66.0	69.0	58.0	31.0	94.0	60.0	51.0	0.0	0.0	92.0	75.0	93.0	0.0	0.0	0.0	5.0	0.0	0.0	0.0	0.0	46.0	39.0	0.0	100.0	33.0	0.0	77.0	0.0	0.0	0.0	0.0	0.0	0.0	0.0	0.0	0.0	8.0	57.0	0.0	0.0	88.0	23.0	3.0	0.0	0.0	0.0	0.0	0.0	0.0	45.0	67.0	0.0	71.0	97.0	83.0	0.0	0.0	0.0	43.0	0.0	0.0	0.0	0.0
62.0	0.0	0.0	0.0	0.0	86.0	0.0	0.0	86.0	0.0	69.0	14.0	14.0	80.0	0.0	0.0	39.0	0.0	0.0	13.0	0.0	0.0	88.0	0.0	5.0	0.0	30.0	70.0	0.0	0.0	56.0	78.0	80.0	0.0	23.0	0.0	0.0	0.0	75.0	0.0	5.0	71.0	0.0	0.0	0.0	0.0	71.0	0.0	0.0	0.0	69.0	0.0	0.0	0.0	0.0	68.0	71.0	0.0	17.0	0.0	3.0	23.0	0.0	0.0	0.0	93.0	28.0	20.0	0.0	53.0	0.0	1.0	0.0	0.0	52.0	0.0	0.0	68.0	39.0	41.0	0.0	0.0	0.0	0.0	0.0	0.0	0.0	98.0	0.0	0.0	0.0	0.0	0.0	0.0	0.0	0.0	70.0	0.0	0.0	62.0	0.0	0.0	47.0	0.0	0.0	56.0	30.0	0.0	61.0	80.0
66.0	24.0	0.0	0.0	56.0	0.0	97.0	56.0	96.0	84.0	35.0	88.0	0.0	23.0	0.0	98.0	0.0	27.0	96.0	62.0	34.0	0.0	8.0	19.0	0.0	0.0	0.0	0.0	45.0	81.0	0.0	1.0	32.0	30.0	0.0	0.0	0.0	0.0	0.0	0.0	46.0	0.0	29.0	68.0	27.0	78.0	9.0	0.0	0.0	67.0	0.0	73.0	0.0	0.0	34.0	91.0	96.0	35.0	88.0	25.0	0.0	97.0	0.0	2.0	42.0	24.0	0.0	0.0	0.0	6.0	80.0	14.0	0.0	4.0	2.0	0.0	0.0	99.0	0.0	38.0	3.0	0.0	53.0	0.0	17.0	52.0	25.0	40.0	97.0	68.0	67.0	0.0	82.0	0.0	28.0	0.0	0.0	0.0	60.0	96.0	45.0	5.0	50.0	66.0	0.0	96.0	0.0	68.0	96.0
71.0	30.0	0.0	0.0	0.0	0.0	85.0	28.0	0.0	0.0	100.0	91.0	40.0	0.0	0.0	21.0	0.0	95.0	80.0	0.0	57.0	82.0	17.0	2.0	0.0	62.0	6.0	0.0	0.0	0.0	0.0	23.0	56.0	0.0	73.0	55.0	17.0	0.0	65.0	12.0	29.0	88.0	0.0	0.0	0.0	0.0	0.0	63.0	0.0	61.0	0.0	37.0	0.0	0.0	96.0	0.0	0.0	56.0	0.0	0.0	68.0	0.0	62.0	0.0	93.0	0.0	7.0	23.0	31.0	66.0	71.0	0.0	88.0	20.0	19.0	88.0	84.0	0.0	67.0	81.0	76.0	0.0	30.0	0.0	0.0	0.0	71.0	91.0	0.0	96.0	5.0	69.0	44.0	0.0	0.0	4.0	0.0	13.0	94.0	62.0	0.0	14.0	0.0	0.0	0.0	0.0	0.0	30.0
16.0	2.0	80.0	0.0	75.0	48.0	9.0	37.0	0.0	0.0	49.0	0.0	68.0	0.0	0.0	0.0	0.0	86.0	0.0	0.0	0.0	0.0	0.0	0.0	3.0	0.0	0.0	0.0	0.0	0.0	0.0	0.0	31.0	38.0	21.0	60.0	76.0	0.0	54.0	46.0	28.0	0.0	0.0	0.0	0.0	8.0	29.0	0.0	0.0	0.0	24.0	0.0	0.0	88.0	0.0	22.0	83.0	5.0	56.0	0.0	80.0	0.0	82.0	0.0	41.0	55.0	99.0	52.0	0.0	41.0	97.0	78.0	10.0	0.0	0.0	19.0	0.0	46.0	40.0	0.0	0.0	0.0	0.0	26.0	37.0	0.0	0.0	0.0	88.0	98.0	0.0	0.0	27.0	47.0	47.0	63.0	27.0	14.0	0.0	91.0	64.0	100.0	0.0	46.0	53.0	65.0	9.0
0.0	39.0	81.0	0.0	96.0	0.0	0.0	84.0	34.0	38.0	7.0	0.0	21.0	59.0	0.0	0.0	0.0	54.0	43.0	0.0	28.0	0.0	42.0	0.0	0.0	58.0	79.0	1.0	18.0	67.0	6.0	0.0	8.0	0.0	84.0	0.0	50.0	0.0	0.0	78.0	1.0	77.0	0.0	0.0	0.0	80.0	0.0	38.0	0.0	0.0	49.0	0.0	0.0	20.0	47.0	23.0	59.0	71.0	0.0	19.0	32.0	51.0	0.0	0.0	0.0	0.0	10.0	18.0	82.0	66.0	0.0	17.0	84.0	0.0	53.0	35.0	79.0	0.0	98.0	0.0	0.0	0.0	8.0	25.0	0.0	52.0	0.0	53.0	0.0	0.0	75.0	53.0	0.0	100.0	0.0	0.0	84.0	0.0	0.0	76.0	74.0	0.0	53.0	15.0	39.0	99.0
2.0	98.0	0.0	0.0	54.0	0.0	0.0	23.0	28.0	47.0	98.0	87.0	54.0	0.0	87.0	56.0	40.0	0.0	11.0	58.0	0.0	97.0	60.0	10.0	19.0	0.0	31.0	30.0	0.0	0.0	0.0	100.0	4.0	0.0	52.0	89.0	42.0	52.0	0.0	40.0	60.0	0.0	0.0	41.0	47.0	1.0	55.0	0.0	73.0	0.0	0.0	0.0	34.0	0.0	0.0	36.0	0.0	53.0	14.0	96.0	29.0	89.0	1.0	0.0	53.0	0.0	34.0	0.0	4.0	81.0	45.0	51.0	0.0	52.0	98.0	0.0	78.0	71.0	88.0	48.0	93.0	56.0	62.0	0.0	0.0	0.0	69.0	0.0	18.0	77.0	75.0	0.0	68.0	81.0	0.0	87.0	0.0	0.0	63.0	17.0	93.0	0.0	0.0	0.0	19.0
8.0	0.0	42.0	0.0	0.0	0.0	11.0	0.0	0.0	94.0	0.0	49.0	71.0	0.0	72.0	95.0	0.0	75.0	0.0	67.0	0.0	49.0	0.0	0.0	6.0	88.0	61.0	0.0	0.0	0.0	0.0	72.0	0.0	0.0	1.0	81.0	0.0	0.0	39.0	0.0	14.0	0.0	82.0	0.0	0.0	0.0	88.0	51.0	0.0	10.0	0.0	70.0	0.0	0.0	0.0	0.0	40.0	0.0	20.0	0.0	0.0	0.0	71.0	33.0	33.0	0.0	59.0	49.0	81.0	0.0	94.0	0.0	16.0	0.0	0.0	69.0	59.0	28.0	23.0	95.0	0.0	0.0	31.0	3.0	0.0	0.0	0.0	0.0	91.0	0.0	0.0	99.0	0.0	0.0	3.0	85.0	0.0	0.0	0.0	0.0	0.0	91.0	27.0	65.0
0.0	0.0	85.0	0.0	0.0	78.0	11.0	0.0	0.0	29.0	83.0	0.0	57.0	6.0	86.0	28.0	0.0	86.0	70.0	0.0	0.0	49.0	6.0	0.0	7.0	0.0	0.0	97.0	75.0	0.0	0.0	0.0	27.0	0.0	98.0	55.0	86.0	80.0	2.0	0.0	0.0	81.0	12.0	48.0	65.0	25.0	0.0	68.0	0.0	0.0	0.0	0.0	25.0	0.0	42.0	0.0	12.0	41.0	75.0	0.0	0.0	0.0	78.0	56.0	0.0	0.0	91.0	92.0	37.0	49.0	0.0	0.0	0.0	43.0	33.0	0.0	0.0	0.0	0.0	97.0	20.0	60.0	64.0	14.0	59.0	14.0	0.0	96.0	5.0	0.0	20.0	0.0	0.0	38.0	0.0	0.0	71.0	0.0	77.0	0.0	15.0	0.0	55.0
46.0	0.0	0.0	0.0	0.0	99.0	41.0	31.0	98.0	0.0	0.0	27.0	0.0	20.0	0.0	17.0	0.0	17.0	0.0	0.0	0.0	0.0	73.0	94.0	0.0	0.0	0.0	0.0	0.0	0.0	40.0	54.0	76.0	16.0	69.0	0.0	0.0	60.0	0.0	52.0	77.0	0.0	24.0	0.0	0.0	0.0	49.0	12.0	0.0	8.0	0.0	0.0	54.0	2.0	0.0	77.0	0.0	92.0	0.0	0.0	4.0	0.0	0.0	69.0	0.0	0.0	0.0	58.0	0.0	67.0	67.0	0.0	0.0	3.0	49.0	0.0	0.0	0.0	0.0	16.0	0.0	0.0	0.0	0.0	58.0	6.0	0.0	27.0	0.0	0.0	0.0	0.0	49.0	0.0	71.0	0.0	62.0	31.0	0.0	3.0	0.0	0.0
0.0	0.0	53.0	73.0	0.0	25.0	28.0	0.0	99.0	54.0	92.0	55.0	0.0	83.0	29.0	63.0	68.0	92.0	0.0	0.0	0.0	81.0	0.0	0.0	0.0	0.0	46.0	30.0	0.0	0.0	0.0	80.0	0.0	97.0	85.0	0.0	0.0	75.0	62.0	76.0	0.0	0.0	86.0	0.0	0.0	0.0	0.0	0.0	79.0	0.0	0.0	15.0	0.0	47.0	0.0	0.0	0.0	18.0	0.0	0.0	65.0	0.0	0.0	69.0	65.0	20.0	0.0	15.0	0.0	0.0	85.0	0.0	49.0	54.0	53.0	78.0	7.0	0.0	0.0	0.0	97.0	0.0	24.0	36.0	0.0	0.0	0.0	14.0	0.0	20.0	79.0	2.0	0.0	0.0	0.0	0.0	0.0	69.0	39.0	21.0	0.0
23.0	24.0	58.0	0.0	50.0	68.0	0.0	21.0	19.0	37.0	55.0	0.0	73.0	48.0	0.0	0.0	0.0	0.0	2.0	84.0	0.0	0.0	0.0	53.0	0.0	99.0	0.0	71.0	18.0	79.0	0.0	71.0	19.0	57.0	81.0	0.0	100.0	42.0	86.0	0.0	0.0	0.0	27.0	0.0	0.0	94.0	0.0	69.0	0.0	0.0	0.0	87.0	0.0	0.0	88.0	0.0	0.0	0.0	98.0	0.0	23.0	35.0	61.0	65.0	79.0	0.0	0.0	0.0	0.0	40.0	0.0	0.0	46.0	20.0	17.0	81.0	62.0	0.0	42.0	75.0	100.0	15.0	76.0	0.0	5.0	0.0	60.0	0.0	0.0	0.0	76.0	0.0	26.0	0.0	100.0	36.0	0.0	23.0	70.0	0.0
86.0	0.0	0.0	61.0	0.0	69.0	0.0	28.0	0.0	0.0	40.0	90.0	0.0	0.0	52.0	0.0	47.0	32.0	0.0	74.0	48.0	0.0	17.0	0.0	48.0	10.0	0.0	0.0	0.0	0.0	40.0	31.0	0.0	67.0	63.0	0.0	0.0	0.0	0.0	0.0	0.0	64.0	46.0	0.0	50.0	61.0	0.0	0.0	0.0	0.0	0.0	99.0	0.0	16.0	69.0	71.0	0.0	7.0	74.0	71.0	0.0	54.0	30.0	0.0	74.0	36.0	70.0	0.0	5.0	0.0	0.0	3.0	0.0	0.0	0.0	0.0	0.0	0.0	0.0	0.0	0.0	0.0	0.0	0.0	54.0	0.0	0.0	11.0	45.0	87.0	1.0	0.0	0.0	0.0	38.0	48.0	21.0	35.0	0.0
0.0	0.0	18.0	86.0	0.0	0.0	0.0	69.0	49.0	69.0	0.0	85.0	54.0	14.0	44.0	0.0	58.0	93.0	0.0	66.0	85.0	14.0	0.0	71.0	34.0	0.0	12.0	100.0	0.0	0.0	0.0	66.0	58.0	0.0	0.0	57.0	0.0	95.0	79.0	7.0	36.0	0.0	0.0	0.0	80.0	0.0	0.0	65.0	98.0	16.0	0.0	0.0	0.0	0.0	0.0	59.0	60.0	23.0	0.0	15.0	0.0	0.0	72.0	0.0	0.0	31.0	99.0	0.0	92.0	47.0	14.0	0.0	0.0	43.0	0.0	0.0	54.0	56.0	40.0	54.0	7.0	65.0	0.0	8.0	43.0	0.0	0.0	59.0	0.0	45.0	63.0	4.0	0.0	17.0	88.0	79.0	11.0	61.0
0.0	74.0	37.0	70.0	40.0	38.0	61.0	41.0	0.0	0.0	25.0	32.0	0.0	0.0	0.0	30.0	0.0	0.0	0.0	90.0	0.0	0.0	75.0	0.0	90.0	0.0	13.0	15.0	79.0	17.0	0.0	25.0	94.0	0.0	34.0	0.0	0.0	0.0	0.0	0.0	0.0	98.0	27.0	94.0	0.0	32.0	0.0	94.0	36.0	0.0	51.0	92.0	81.0	85.0	0.0	0.0	0.0	22.0	0.0	0.0	45.0	0.0	0.0	95.0	62.0	51.0	0.0	95.0	2.0	0.0	0.0	57.0	0.0	49.0	0.0	0.0	49.0	6.0	0.0	0.0	0.0	54.0	98.0	38.0	0.0	51.0	11.0	0.0	80.0	76.0	66.0	64.0	7.0	0.0	6.0	27.0	0.0
60.0	0.0	0.0	77.0	21.0	0.0	70.0	88.0	0.0	0.0	5.0	0.0	0.0	92.0	0.0	65.0	9.0	98.0	0.0	0.0	0.0	45.0	0.0	54.0	0.0	0.0	74.0	0.0	98.0	61.0	64.0	60.0	0.0	23.0	14.0	0.0	0.0	0.0	0.0	67.0	0.0	0.0	0.0	0.0	0.0	0.0	0.0	66.0	0.0	0.0	76.0	54.0	0.0	0.0	27.0	0.0	0.0	94.0	15.0	0.0	0.0	80.0	94.0	0.0	27.0	25.0	0.0	51.0	0.0	8.0	4.0	70.0	0.0	42.0	52.0	25.0	21.0	11.0	66.0	26.0	0.0	97.0	88.0	0.0	36.0	52.0	0.0	70.0	64.0	26.0	44.0	0.0	79.0	24.0	0.0	19.0
18.0	0.0	38.0	0.0	87.0	46.0	58.0	91.0	0.0	0.0	64.0	0.0	0.0	0.0	0.0	0.0	78.0	0.0	0.0	0.0	0.0	27.0	0.0	0.0	0.0	87.0	0.0	25.0	0.0	0.0	89.0	0.0	36.0	90.0	0.0	0.0	5.0	0.0	0.0	70.0	67.0	9.0	50.0	0.0	0.0	0.0	0.0	0.0	4.0	63.0	0.0	0.0	48.0	0.0	32.0	19.0	37.0	0.0	12.0	98.0	27.0	46.0	30.0	57.0	0.0	0.0	40.0	0.0	68.0	22.0	0.0	70.0	0.0	0.0	57.0	0.0	41.0	79.0	64.0	0.0	82.0	0.0	0.0	0.0	47.0	17.0	59.0	0.0	0.0	0.0	0.0	0.0	39.0	17.0	0.0
0.0	84.0	0.0	0.0	26.0	0.0	81.0	91.0	51.0	0.0	0.0	0.0	89.0	0.0	23.0	64.0	87.0	0.0	59.0	23.0	57.0	49.0	37.0	0.0	0.0	55.0	37.0	0.0	0.0	0.0	79.0	0.0	0.0	0.0	58.0	0.0	96.0	0.0	0.0	42.0	0.0	0.0	0.0	59.0	1.0	0.0	18.0	0.0	0.0	0.0	0.0	21.0	0.0	15.0	0.0	0.0	0.0	0.0	75.0	53.0	19.0	57.0	48.0	0.0	0.0	0.0	34.0	0.0	0.0	53.0	0.0	0.0	10.0	0.0	78.0	47.0	7.0	0.0	0.0	0.0	8.0	99.0	0.0	0.0	0.0	46.0	62.0	81.0	0.0	0.0	33.0	0.0	0.0	89.0
0.0	0.0	31.0	0.0	26.0	0.0	76.0	0.0	73.0	23.0	0.0	0.0	0.0	0.0	56.0	6.0	46.0	50.0	0.0	0.0	66.0	0.0	12.0	0.0	0.0	56.0	0.0	18.0	0.0	0.0	49.0	0.0	0.0	0.0	43.0	0.0	19.0	0.0	52.0	0.0	98.0	77.0	98.0	96.0	51.0	37.0	91.0	36.0	0.0	29.0	22.0	0.0	81.0	67.0	0.0	100.0	0.0	68.0	40.0	0.0	70.0	0.0	0.0	0.0	0.0	0.0	10.0	0.0	41.0	0.0	0.0	0.0	99.0	50.0	100.0	0.0	65.0	0.0	96.0	36.0	26.0	0.0	0.0	29.0	8.0	0.0	83.0	0.0	95.0	0.0	43.0	79.0	64.0
79.0	0.0	64.0	0.0	93.0	84.0	0.0	0.0	0.0	0.0	13.0	45.0	32.0	18.0	84.0	0.0	93.0	81.0	98.0	0.0	0.0	52.0	0.0	0.0	5.0	37.0	13.0	0.0	47.0	0.0	0.0	87.0	0.0	7.0	96.0	0.0	99.0	0.0	0.0	43.0	55.0	0.0	33.0	30.0	0.0	0.0	0.0	46.0	0.0	0.0	25.0	0.0	8.0	54.0	56.0	27.0	34.0	58.0	0.0	59.0	19.0	14.0	11.0	94.0	0.0	89.0	0.0	92.0	73.0	0.0	0.0	83.0	0.0	0.0	0.0	31.0	0.0	10.0	0.0	0.0	73.0	0.0	0.0	0.0	88.0	0.0	0.0	0.0	32.0	60.0	56.0	0.0
93.0	85.0	0.0	0.0	0.0	0.0	0.0	12.0	75.0	89.0	36.0	94.0	6.0	100.0	51.0	80.0	0.0	0.0	0.0	44.0	84.0	0.0	0.0	98.0	68.0	0.0	0.0	0.0	81.0	3.0	0.0	0.0	51.0	80.0	0.0	0.0	18.0	0.0	44.0	0.0	72.0	0.0	0.0	0.0	0.0	86.0	0.0	23.0	73.0	71.0	81.0	43.0	0.0	71.0	56.0	77.0	0.0	23.0	0.0	54.0	88.0	65.0	0.0	0.0	53.0	0.0	0.0	13.0	0.0	7.0	0.0	0.0	11.0	66.0	30.0	0.0	0.0	0.0	0.0	70.0	0.0	26.0	0.0	0.0	0.0	1.0	50.0	0.0	17.0	75.0	0.0
0.0	0.0	0.0	53.0	0.0	63.0	100.0	54.0	42.0	54.0	0.0	0.0	46.0	0.0	94.0	0.0	0.0	0.0	60.0	38.0	0.0	0.0	0.0	0.0	0.0	0.0	72.0	10.0	11.0	51.0	7.0	0.0	38.0	0.0	0.0	33.0	20.0	84.0	83.0	0.0	0.0	0.0	0.0	47.0	0.0	32.0	0.0	65.0	0.0	51.0	25.0	0.0	48.0	0.0	0.0	52.0	46.0	97.0	36.0	0.0	95.0	19.0	35.0	0.0	94.0	0.0	0.0	0.0	49.0	62.0	0.0	69.0	0.0	96.0	41.0	0.0	0.0	69.0	92.0	1.0	78.0	0.0	0.0	0.0	0.0	0.0	0.0	46.0	15.0	18.0
0.0	12.0	5.0	99.0	11.0	0.0	23.0	0.0	0.0	0.0	37.0	70.0	0.0	0.0	28.0	0.0	0.0	0.0	1.0	0.0	85.0	4.0	57.0	58.0	0.0	98.0	80.0	0.0	0.0	0.0	70.0	90.0	0.0	18.0	0.0	0.0	0.0	87.0	0.0	0.0	46.0	0.0	58.0	7.0	0.0	0.0	27.0	25.0	21.0	0.0	0.0	0.0	5.0	64.0	0.0	54.0	0.0	0.0	0.0	0.0	33.0	0.0	60.0	0.0	0.0	80.0	0.0	0.0	94.0	24.0	31.0	0.0	0.0	0.0	0.0	0.0	93.0	0.0	0.0	0.0	100.0	0.0	0.0	46.0	57.0	0.0	0.0	100.0	0.0
0.0	46.0	11.0	0.0	0.0	94.0	0.0	82.0	88.0	55.0	0.0	56.0	0.0	0.0	0.0	7.0	0.0	0.0	10.0	0.0	0.0	0.0	8.0	0.0	74.0	0.0	0.0	97.0	57.0	0.0	0.0	77.0	0.0	91.0	0.0	0.0	0.0	85.0	33.0	90.0	0.0	91.0	27.0	28.0	0.0	0.0	0.0	95.0	0.0	0.0	55.0	39.0	70.0	0.0	0.0	0.0	77.0	0.0	79.0	0.0	0.0	44.0	31.0	66.0	13.0	0.0	0.0	4.0	28.0	11.0	28.0	32.0	0.0	0.0	45.0	30.0	0.0	0.0	0.0	0.0	0.0	4.0	56.0	0.0	0.0	0.0	0.0	0.0
34.0	0.0	0.0	0.0	32.0	0.0	0.0	30.0	0.0	73.0	0.0	0.0	0.0	0.0	88.0	78.0	0.0	0.0	100.0	0.0	0.0	0.0	0.0	39.0	0.0	0.0	0.0	0.0	0.0	0.0	80.0	24.0	0.0	0.0	0.0	46.0	0.0	38.0	0.0	0.0	0.0	0.0	44.0	45.0	50.0	0.0	39.0	86.0	0.0	5.0	0.0	64.0	94.0	0.0	0.0	63.0	0.0	0.0	0.0	10.0	0.0	70.0	0.0	26.0	87.0	0.0	72.0	0.0	0.0	0.0	33.0	0.0	61.0	100.0	0.0	19.0	49.0	2.0	9.0	0.0	41.0	0.0	0.0	0.0	0.0	6.0	0.0
0.0	87.0	0.0	9.0	0.0	82.0	85.0	0.0	0.0	0.0	6.0	36.0	14.0	0.0	68.0	65.0	0.0	91.0	21.0	0.0	82.0	0.0	77.0	72.0	19.0	0.0	0.0	2.0	0.0	0.0	7.0	0.0	0.0	0.0	2.0	54.0	6.0	0.0	0.0	36.0	0.0	0.0	90.0	24.0	41.0	56.0	76.0	64.0	0.0	62.0	0.0	68.0	0.0	0.0	7.0	11.0	0.0	0.0	31.0	0.0	0.0	96.0	43.0	0.0	94.0	87.0	53.0	0.0	0.0	0.0	0.0	0.0	0.0	28.0	93.0	0.0	36.0	0.0	0.0	0.0	0.0	77.0	0.0	0.0	0.0	0.0
47.0	0.0	0.0	13.0	0.0	0.0	0.0	45.0	90.0	35.0	0.0	22.0	34.0	0.0	0.0	0.0	41.0	0.0	0.0	0.0	81.0	0.0	17.0	34.0	6.0	0.0	62.0	11.0	0.0	35.0	0.0	0.0	57.0	0.0	0.0	0.0	0.0	17.0	0.0	36.0	76.0	30.0	0.0	85.0	0.0	0.0	83.0	26.0	0.0	0.0	0.0	0.0	80.0	0.0	0.0	37.0	36.0	0.0	0.0	0.0	66.0	0.0	0.0	46.0	0.0	0.0	35.0	0.0	92.0	58.0	93.0	0.0	0.0	0.0	0.0	0.0	11.0	7.0	13.0	0.0	70.0	0.0	0.0	0.0	0.0
0.0	14.0	0.0	0.0	73.0	7.0	19.0	0.0	39.0	6.0	88.0	0.0	0.0	46.0	0.0	1.0	0.0	0.0	22.0	0.0	94.0	35.0	0.0	0.0	0.0	0.0	0.0	81.0	0.0	0.0	75.0	0.0	0.0	0.0	0.0	0.0	47.0	58.0	42.0	0.0	35.0	44.0	56.0	8.0	0.0	31.0	0.0	0.0	0.0	2.0	64.0	6.0	93.0	46.0	0.0	81.0	58.0	0.0	75.0	94.0	0.0	62.0	48.0	0.0	0.0	29.0	0.0	84.0	0.0	0.0	0.0	0.0	52.0	0.0	100.0	20.0	56.0	0.0	0.0	60.0	97.0	0.0	24.0	0.0
0.0	76.0	0.0	16.0	0.0	0.0	0.0	0.0	0.0	0.0	0.0	80.0	0.0	34.0	0.0	0.0	18.0	62.0	0.0	0.0	0.0	40.0	57.0	0.0	0.0	0.0	54.0	0.0	0.0	0.0	0.0	0.0	96.0	43.0	0.0	0.0	93.0	23.0	0.0	0.0	0.0	0.0	59.0	0.0	0.0	0.0	0.0	100.0	0.0	0.0	0.0	81.0	16.0	0.0	9.0	0.0	0.0	0.0	0.0	0.0	0.0	95.0	0.0	0.0	0.0	0.0	0.0	88.0	91.0	0.0	84.0	0.0	0.0	0.0	10.0	0.0	22.0	0.0	0.0	93.0	0.0	0.0	0.0
16.0	0.0	0.0	12.0	0.0	0.0	29.0	23.0	0.0	55.0	8.0	79.0	0.0	41.0	42.0	16.0	0.0	0.0	13.0	0.0	0.0	0.0	0.0	0.0	0.0	0.0	0.0	0.0	50.0	31.0	0.0	43.0	0.0	36.0	0.0	93.0	66.0	62.0	0.0	0.0	0.0	0.0	64.0	51.0	45.0	95.0	0.0	0.0	53.0	87.0	76.0	0.0	0.0	0.0	82.0	0.0	0.0	0.0	71.0	0.0	0.0	61.0	0.0	0.0	0.0	72.0	27.0	0.0	0.0	28.0	0.0	74.0	0.0	23.0	0.0	86.0	0.0	31.0	36.0	45.0	0.0	0.0
0.0	61.0	0.0	14.0	90.0	0.0	85.0	0.0	0.0	0.0	0.0	0.0	0.0	94.0	0.0	67.0	97.0	0.0	0.0	0.0	61.0	6.0	0.0	99.0	82.0	64.0	0.0	0.0	0.0	75.0	33.0	0.0	53.0	0.0	0.0	0.0	0.0	0.0	0.0	97.0	72.0	0.0	7.0	25.0	0.0	44.0	0.0	0.0	78.0	0.0	0.0	0.0	0.0	0.0	0.0	0.0	46.0	0.0	8.0	0.0	11.0	91.0	71.0	36.0	0.0	0.0	60.0	0.0	0.0	0.0	48.0	0.0	88.0	0.0	22.0	0.0	89.0	30.0	0.0	99.0	0.0
0.0	17.0	11.0	25.0	20.0	0.0	37.0	0.0	0.0	0.0	45.0	0.0	29.0	0.0	88.0	98.0	0.0	0.0	0.0	100.0	0.0	5.0	56.0	98.0	0.0	69.0	0.0	88.0	59.0	89.0	64.0	0.0	73.0	74.0	21.0	0.0	0.0	0.0	0.0	0.0	37.0	21.0	89.0	59.0	63.0	0.0	42.0	0.0	2.0	25.0	47.0	0.0	0.0	97.0	0.0	49.0	0.0	85.0	0.0	0.0	0.0	0.0	0.0	75.0	0.0	71.0	0.0	0.0	77.0	84.0	0.0	0.0	0.0	91.0	0.0	0.0	0.0	12.0	20.0	0.0
50.0	0.0	0.0	0.0	0.0	53.0	0.0	0.0	0.0	22.0	93.0	10.0	0.0	78.0	0.0	65.0	81.0	97.0	73.0	0.0	98.0	0.0	1.0	16.0	98.0	93.0	91.0	0.0	66.0	47.0	0.0	39.0	0.0	19.0	0.0	58.0	0.0	0.0	59.0	35.0	86.0	31.0	0.0	0.0	0.0	0.0	0.0	59.0	0.0	0.0	0.0	0.0	35.0	33.0	68.0	0.0	0.0	0.0	15.0	0.0	0.0	44.0	0.0	0.0	0.0	56.0	0.0	0.0	41.0	0.0	81.0	0.0	40.0	0.0	66.0	20.0	16.0	80.0	36.0
36.0	19.0	0.0	80.0	70.0	0.0	0.0	30.0	0.0	0.0	45.0	0.0	0.0	50.0	59.0	0.0	0.0	7.0	19.0	82.0	8.0	12.0	66.0	34.0	52.0	26.0	0.0	99.0	0.0	0.0	0.0	8.0	0.0	0.0	0.0	48.0	66.0	0.0	30.0	0.0	10.0	0.0	0.0	0.0	0.0	0.0	45.0	5.0	0.0	94.0	17.0	80.0	50.0	9.0	0.0	86.0	0.0	0.0	71.0	71.0	0.0	7.0	0.0	0.0	0.0	0.0	31.0	0.0	60.0	14.0	81.0	0.0	23.0	25.0	0.0	33.0	0.0	76.0
0.0	0.0	0.0	58.0	0.0	59.0	0.0	0.0	0.0	27.0	0.0	37.0	44.0	0.0	77.0	0.0	97.0	0.0	0.0	72.0	47.0	0.0	0.0	0.0	0.0	0.0	70.0	0.0	0.0	9.0	20.0	0.0	27.0	26.0	24.0	78.0	32.0	1.0	0.0	19.0	0.0	0.0	0.0	0.0	0.0	0.0	76.0	89.0	27.0	0.0	0.0	30.0	0.0	25.0	2.0	0.0	76.0	91.0	91.0	93.0	0.0	86.0	80.0	0.0	0.0	0.0	0.0	0.0	0.0	74.0	0.0	62.0	0.0	38.0	12.0	54.0	55.0
90.0	0.0	0.0	0.0	54.0	0.0	0.0	0.0	95.0	0.0	73.0	74.0	0.0	0.0	42.0	12.0	0.0	87.0	9.0	0.0	33.0	0.0	90.0	71.0	0.0	0.0	69.0	23.0	88.0	66.0	9.0	0.0	74.0	0.0	0.0	0.0	0.0	0.0	6.0	92.0	0.0	2.0	0.0	0.0	89.0	0.0	0.0	0.0	0.0	0.0	67.0	0.0	0.0	0.0	35.0	0.0	58.0	0.0	0.0	25.0	0.0	0.0	0.0	60.0	0.0	73.0	0.0	0.0	0.0	0.0	7.0	79.0	0.0	0.0	0.0	0.0
94.0	0.0	0.0	10.0	0.0	61.0	0.0	71.0	0.0	79.0	0.0	0.0	27.0	62.0	62.0	70.0	0.0	22.0	14.0	0.0	0.0	5.0	42.0	0.0	0.0	96.0	0.0	85.0	28.0	0.0	76.0	94.0	0.0	77.0	0.0	0.0	45.0	21.0	12.0	0.0	52.0	0.0	79.0	0.0	0.0	0.0	0.0	77.0	9.0	0.0	45.0	34.0	0.0	33.0	89.0	43.0	0.0	0.0	0.0	0.0	0.0	0.0	37.0	0.0	50.0	0.0	16.0	0.0	0.0	0.0	0.0	0.0	66.0	0.0	0.0
0.0	0.0	0.0	4.0	0.0	0.0	0.0	34.0	0.0	6.0	0.0	0.0	82.0	0.0	0.0	57.0	44.0	0.0	99.0	0.0	70.0	0.0	32.0	57.0	0.0	0.0	0.0	45.0	67.0	0.0	0.0	58.0	27.0	2.0	57.0	0.0	88.0	63.0	0.0	0.0	0.0	97.0	0.0	0.0	18.0	0.0	0.0	0.0	25.0	72.0	37.0	0.0	36.0	0.0	0.0	68.0	0.0	33.0	0.0	0.0	28.0	95.0	0.0	1.0	49.0	4.0	70.0	30.0	52.0	94.0	0.0	0.0	0.0	0.0
0.0	0.0	0.0	0.0	44.0	0.0	0.0	87.0	35.0	68.0	21.0	0.0	0.0	78.0	34.0	88.0	81.0	0.0	0.0	0.0	99.0	46.0	96.0	89.0	0.0	0.0	7.0	14.0	83.0	48.0	0.0	0.0	34.0	0.0	0.0	27.0	89.0	55.0	0.0	0.0	0.0	0.0	0.0	44.0	0.0	81.0	63.0	0.0	51.0	0.0	0.0	0.0	84.0	90.0	60.0	13.0	0.0	0.0	12.0	0.0	0.0	97.0	0.0	0.0	0.0	0.0	35.0	0.0	40.0	0.0	0.0	0.0	85.0
29.0	50.0	44.0	0.0	0.0	9.0	54.0	0.0	0.0	0.0	40.0	37.0	0.0	41.0	58.0	57.0	0.0	0.0	99.0	6.0	0.0	0.0	0.0	80.0	0.0	0.0	0.0	41.0	0.0	100.0	90.0	12.0	0.0	10.0	0.0	76.0	0.0	88.0	14.0	59.0	0.0	66.0	0.0	0.0	0.0	0.0	0.0	0.0	74.0	0.0	0.0	46.0	70.0	71.0	61.0	14.0	0.0	0.0	0.0	14.0	63.0	89.0	2.0	0.0	53.0	45.0	0.0	12.0	18.0	0.0	75.0	0.0
0.0	0.0	0.0	0.0	0.0	0.0	0.0	0.0	0.0	10.0	33.0	60.0	0.0	0.0	66.0	0.0	75.0	0.0	14.0	0.0	68.0	0.0	0.0	99.0	65.0	100.0	0.0	81.0	48.0	0.0	24.0	0.0	7.0	0.0	5.0	0.0	0.0	0.0	21.0	0.0	0.0	48.0	37.0	60.0	97.0	0.0	94.0	0.0	0.0	0.0	77.0	87.0	0.0	96.0	0.0	0.0	2.0	0.0	15.0	38.0	0.0	42.0	0.0	0.0	67.0	0.0	32.0	11.0	0.0	0.0	0.0
69.0	0.0	86.0	89.0	29.0	62.0	0.0	32.0	0.0	0.0	0.0	36.0	0.0	24.0	67.0	23.0	0.0	11.0	0.0	37.0	89.0	46.0	48.0	0.0	37.0	61.0	76.0	0.0	60.0	26.0	9.0	0.0	52.0	0.0	0.0	81.0	22.0	0.0	6.0	69.0	35.0	0.0	0.0	8.0	98.0	49.0	43.0	0.0	0.0	53.0	0.0	0.0	0.0	7.0	97.0	62.0	0.0	37.0	34.0	15.0	52.0	0.0	0.0	0.0	0.0	0.0	0.0	0.0	0.0	0.0
0.0	70.0	0.0	0.0	71.0	73.0	0.0	70.0	0.0	0.0	0.0	0.0	71.0	0.0	0.0	0.0	0.0	0.0	0.0	0.0	0.0	59.0	25.0	0.0	71.0	0.0	33.0	98.0	0.0	62.0	17.0	87.0	0.0	16.0	0.0	22.0	0.0	10.0	0.0	57.0	0.0	0.0	0.0	0.0	28.0	0.0	16.0	0.0	39.0	0.0	0.0	0.0	56.0	0.0	78.0	60.0	16.0	21.0	47.0	46.0	95.0	0.0	0.0	90.0	30.0	5.0	0.0	0.0	70.0
78.0	0.0	65.0	100.0	0.0	0.0	79.0	0.0	76.0	14.0	0.0	0.0	14.0	28.0	27.0	53.0	81.0	79.0	12.0	40.0	0.0	0.0	17.0	56.0	0.0	19.0	0.0	0.0	16.0	0.0	0.0	0.0	88.0	0.0	0.0	45.0	91.0	0.0	0.0	0.0	85.0	78.0	55.0	63.0	78.0	0.0	0.0	66.0	3.0	38.0	29.0	0.0	76.0	30.0	0.0	86.0	1.0	8.0	36.0	65.0	0.0	96.0	31.0	92.0	92.0	0.0	0.0	25.0
81.0	22.0	25.0	42.0	0.0	12.0	100.0	60.0	0.0	28.0	0.0	0.0	0.0	0.0	9.0	0.0	44.0	34.0	0.0	6.0	65.0	20.0	0.0	0.0	0.0	33.0	0.0	0.0	0.0	0.0	0.0	19.0	0.0	74.0	0.0	33.0	0.0	50.0	23.0	0.0	0.0	96.0	0.0	91.0	51.0	0.0	0.0	94.0	0.0	0.0	0.0	19.0	0.0	0.0	96.0	0.0	30.0	0.0	0.0	0.0	90.0	41.0	40.0	41.0	10.0	0.0	0.0
40.0	0.0	69.0	74.0	48.0	63.0	11.0	15.0	0.0	0.0	0.0	0.0	78.0	0.0	0.0	5.0	84.0	0.0	0.0	0.0	49.0	45.0	49.0	55.0	0.0	16.0	0.0	53.0	21.0	70.0	0.0	90.0	0.0	25.0	0.0	34.0	13.0	21.0	0.0	6.0	0.0	0.0	12.0	100.0	0.0	52.0	0.0	0.0	0.0	88.0	39.0	85.0	94.0	0.0	65.0	24.0	31.0	0.0	0.0	75.0	36.0	71.0	74.0	0.0	0.0	0.0
6.0	0.0	3.0	3.0	57.0	0.0	0.0	0.0	21.0	85.0	0.0	0.0	94.0	31.0	0.0	0.0	40.0	0.0	0.0	44.0	0.0	0.0	22.0	0.0	0.0	13.0	0.0	0.0	10.0	0.0	0.0	0.0	0.0	0.0	30.0	9.0	0.0	0.0	62.0	0.0	36.0	14.0	91.0	83.0	0.0	0.0	0.0	0.0	0.0	0.0	24.0	0.0	86.0	0.0	6.0	60.0	0.0	0.0	0.0	53.0	7.0	57.0	25.0	0.0	8.0
0.0	0.0	79.0	31.0	33.0	21.0	0.0	0.0	61.0	0.0	59.0	0.0	0.0	55.0	35.0	0.0	0.0	0.0	0.0	37.0	0.0	0.0	0.0	14.0	0.0	75.0	22.0	0.0	0.0	56.0	0.0	43.0	0.0	0.0	76.0	0.0	98.0	0.0	99.0	0.0	0.0	6.0	0.0	0.0	0.0	0.0	25.0	43.0	0.0	49.0	0.0	72.0	1.0	0.0	100.0	14.0	0.0	0.0	0.0	92.0	98.0	0.0	0.0	20.0
0.0	0.0	0.0	0.0	0.0	0.0	0.0	0.0	22.0	0.0	20.0	91.0	0.0	0.0	0.0	51.0	0.0	7.0	0.0	1.0	60.0	87.0	73.0	0.0	35.0	0.0	67.0	79.0	0.0	95.0	28.0	56.0	91.0	0.0	37.0	0.0	85.0	54.0	68.0	0.0	0.0	6.0	0.0	0.0	46.0	0.0	0.0	0.0	13.0	40.0	0.0	92.0	0.0	80.0	0.0	0.0	0.0	72.0	0.0	93.0	44.0	48.0	0.0
0.0	76.0	0.0	0.0	0.0	53.0	0.0	88.0	0.0	72.0	3.0	88.0	37.0	55.0	23.0	3.0	3.0	69.0	64.0	0.0	80.0	40.0	3.0	0.0	0.0	0.0	0.0	4.0	13.0	0.0	23.0	0.0	15.0	0.0	100.0	0.0	24.0	64.0	90.0	21.0	50.0	0.0	0.0	0.0	0.0	0.0	0.0	0.0	0.0	89.0	5.0	0.0	0.0	42.0	44.0	0.0	0.0	96.0	52.0	0.0	0.0	83.0
27.0	0.0	34.0	37.0	81.0	68.0	0.0	11.0	49.0	0.0	79.0	0.0	0.0	7.0	0.0	81.0	0.0	0.0	0.0	39.0	0.0	28.0	71.0	0.0	95.0	0.0	0.0	27.0	0.0	71.0	66.0	95.0	0.0	32.0	0.0	65.0	0.0	78.0	46.0	0.0	0.0	0.0	78.0	0.0	86.0	0.0	0.0	18.0	0.0	0.0	0.0	85.0	0.0	0.0	0.0	0.0	40.0	0.0	0.0	63.0	0.0
0.0	0.0	0.0	52.0	41.0	73.0	19.0	0.0	0.0	0.0	28.0	0.0	73.0	41.0	80.0	10.0	0.0	0.0	11.0	27.0	89.0	40.0	31.0	53.0	0.0	3.0	0.0	0.0	34.0	0.0	66.0	0.0	52.0	0.0	45.0	0.0	0.0	10.0	0.0	85.0	98.0	26.0	0.0	9.0	88.0	0.0	0.0	15.0	32.0	0.0	0.0	19.0	25.0	54.0	73.0	0.0	2.0	0.0	33.0	57.0
0.0	0.0	0.0	0.0	53.0	0.0	57.0	10.0	3.0	0.0	0.0	15.0	78.0	94.0	3.0	79.0	76.0	42.0	82.0	53.0	0.0	0.0	14.0	69.0	0.0	91.0	0.0	0.0	0.0	0.0	35.0	25.0	43.0	0.0	67.0	0.0	0.0	0.0	0.0	63.0	0.0	17.0	27.0	34.0	64.0	0.0	0.0	0.0	87.0	0.0	0.0	0.0	0.0	0.0	79.0	24.0	85.0	0.0	0.0
86.0	46.0	84.0	73.0	16.0	0.0	0.0	0.0	0.0	53.0	25.0	71.0	0.0	0.0	90.0	0.0	54.0	85.0	0.0	0.0	38.0	65.0	0.0	95.0	0.0	0.0	16.0	0.0	0.0	0.0	0.0	0.0	0.0	0.0	0.0	77.0	0.0	0.0	25.0	0.0	31.0	0.0	0.0	0.0	0.0	0.0	0.0	0.0	32.0	60.0	0.0	0.0	0.0	42.0	0.0	0.0	0.0	0.0
51.0	72.0	0.0	0.0	0.0	43.0	46.0	0.0	0.0	19.0	70.0	92.0	0.0	61.0	94.0	9.0	0.0	61.0	0.0	0.0	0.0	65.0	0.0	53.0	47.0	12.0	0.0	0.0	43.0	43.0	73.0	0.0	4.0	18.0	39.0	0.0	0.0	43.0	85.0	66.0	0.0	36.0	100.0	88.0	42.0	30.0	0.0	11.0	83.0	0.0	65.0	28.0	0.0	0.0	66.0	0.0	62.0
0.0	0.0	0.0	71.0	85.0	69.0	0.0	0.0	95.0	55.0	0.0	58.0	20.0	0.0	93.0	7.0	70.0	53.0	0.0	0.0	9.0	61.0	0.0	48.0	100.0	0.0	0.0	0.0	34.0	25.0	70.0	18.0	78.0	0.0	2.0	57.0	8.0	76.0	26.0	97.0	64.0	0.0	37.0	32.0	90.0	30.0	0.0	0.0	18.0	52.0	0.0	0.0	0.0	0.0	43.0	40.0
0.0	0.0	0.0	93.0	0.0	6.0	29.0	0.0	79.0	0.0	50.0	84.0	17.0	0.0	48.0	24.0	48.0	67.0	26.0	4.0	70.0	83.0	42.0	0.0	0.0	46.0	0.0	45.0	46.0	51.0	82.0	63.0	58.0	89.0	52.0	2.0	76.0	49.0	0.0	2.0	1.0	62.0	0.0	25.0	0.0	12.0	0.0	11.0	41.0	0.0	48.0	0.0	0.0	1.0	0.0
10.0	42.0	0.0	73.0	57.0	0.0	0.0	0.0	38.0	0.0	0.0	51.0	99.0	25.0	0.0	28.0	0.0	0.0	33.0	0.0	44.0	45.0	0.0	58.0	62.0	21.0	0.0	0.0	92.0	47.0	0.0	22.0	0.0	72.0	0.0	0.0	0.0	0.0	46.0	89.0	71.0	0.0	0.0	40.0	0.0	99.0	95.0	0.0	0.0	5.0	0.0	0.0	92.0	20.0
0.0	0.0	69.0	32.0	66.0	96.0	0.0	22.0	0.0	15.0	0.0	11.0	22.0	0.0	0.0	0.0	0.0	23.0	98.0	0.0	21.0	59.0	0.0	0.0	0.0	46.0	73.0	3.0	0.0	0.0	16.0	82.0	76.0	71.0	0.0	0.0	40.0	62.0	0.0	0.0	0.0	32.0	76.0	0.0	0.0	0.0	0.0	0.0	0.0	99.0	53.0	0.0	94.0
0.0	0.0	0.0	46.0	55.0	0.0	0.0	62.0	46.0	0.0	0.0	0.0	0.0	0.0	10.0	38.0	0.0	9.0	89.0	0.0	0.0	25.0	5.0	0.0	6.0	92.0	0.0	92.0	8.0	93.0	0.0	0.0	36.0	98.0	29.0	55.0	5.0	27.0	0.0	20.0	0.0	28.0	1.0	22.0	24.0	0.0	0.0	90.0	0.0	0.0	0.0	84.0
0.0	0.0	0.0	0.0	0.0	0.0	0.0	0.0	29.0	94.0	77.0	44.0	50.0	77.0	0.0	0.0	0.0	46.0	0.0	0.0	0.0	0.0	23.0	51.0	86.0	0.0	0.0	0.0	24.0	0.0	0.0	6.0	0.0	53.0	0.0	75.0	97.0	0.0	5.0	72.0	0.0	37.0	64.0	72.0	59.0	0.0	0.0	0.0	0.0	0.0	34.0
0.0	52.0	0.0	7.0	0.0	87.0	34.0	0.0	76.0	24.0	30.0	0.0	0.0	83.0	91.0	0.0	28.0	21.0	60.0	69.0	46.0	13.0	51.0	95.0	0.0	0.0	95.0	63.0	27.0	0.0	0.0	0.0	0.0	78.0	65.0	43.0	42.0	0.0	62.0	25.0	20.0	59.0	48.0	46.0	0.0	77.0	0.0	0.0	72.0	0.0
0.0	17.0	0.0	0.0	0.0	0.0	5.0	0.0	9.0	0.0	0.0	70.0	0.0	0.0	2.0	79.0	0.0	0.0	0.0	0.0	0.0	0.0	54.0	91.0	0.0	0.0	37.0	49.0	50.0	31.0	32.0	0.0	0.0	87.0	0.0	94.0	79.0	79.0	0.0	0.0	0.0	0.0	0.0	0.0	0.0	23.0	0.0	0.0	4.0
63.0	92.0	28.0	34.0	96.0	0.0	0.0	0.0	0.0	63.0	40.0	0.0	38.0	0.0	0.0	0.0	0.0	65.0	0.0	0.0	0.0	0.0	0.0	50.0	0.0	0.0	0.0	53.0	69.0	94.0	0.0	83.0	50.0	47.0	82.0	0.0	5.0	67.0	0.0	46.0	0.0	5.0	95.0	95.0	0.0	0.0	32.0	3.0
7.0	0.0	72.0	91.0	84.0	0.0	0.0	99.0	36.0	0.0	0.0	0.0	76.0	0.0	18.0	0.0	61.0	0.0	0.0	73.0	0.0	0.0	53.0	4.0	0.0	0.0	98.0	44.0	0.0	0.0	0.0	0.0	0.0	73.0	5.0	26.0	50.0	42.0	0.0	0.0	0.0	38.0	0.0	36.0	0.0	86.0	81.0
86.0	0.0	0.0	0.0	70.0	0.0	0.0	70.0	0.0	55.0	0.0	0.0	37.0	0.0	0.0	0.0	0.0	75.0	11.0	39.0	0.0	0.0	0.0	0.0	86.0	13.0	0.0	60.0	36.0	56.0	0.0	97.0	14.0	0.0	68.0	0.0	76.0	66.0	0.0	0.0	76.0	0.0	0.0	0.0	70.0	0.0
0.0	52.0	82.0	0.0	0.0	0.0	0.0	0.0	94.0	37.0	75.0	0.0	0.0	0.0	0.0	62.0	0.0	0.0	0.0	0.0	22.0	74.0	0.0	0.0	0.0	77.0	93.0	0.0	17.0	49.0	41.0	0.0	23.0	61.0	49.0	58.0	9.0	0.0	88.0	0.0	0.0	0.0	17.0	22.0	57.0
0.0	0.0	31.0	0.0	0.0	0.0	29.0	34.0	0.0	0.0	40.0	0.0	0.0	0.0	84.0	36.0	36.0	0.0	45.0	25.0	60.0	0.0	64.0	19.0	33.0	3.0	22.0	63.0	0.0	41.0	0.0	0.0	51.0	55.0	0.0	79.0	88.0	83.0	0.0	7.0	31.0	42.0	0.0	48.0
89.0	86.0	0.0	89.0	77.0	19.0	85.0	0.0	0.0	12.0	76.0	0.0	0.0	65.0	0.0	0.0	41.0	22.0	0.0	0.0	65.0	95.0	44.0	0.0	0.0	74.0	0.0	50.0	85.0	68.0	0.0	0.0	0.0	0.0	2.0	94.0	0.0	84.0	0.0	0.0	0.0	87.0	0.0
0.0	0.0	0.0	48.0	22.0	0.0	84.0	0.0	46.0	89.0	0.0	0.0	0.0	90.0	0.0	96.0	3.0	92.0	4.0	42.0	0.0	80.0	0.0	70.0	80.0	0.0	0.0	97.0	79.0	0.0	4.0	69.0	22.0	0.0	0.0	0.0	0.0	89.0	0.0	0.0	0.0	0.0
71.0	0.0	37.0	0.0	0.0	88.0	34.0	0.0	0.0	0.0	0.0	0.0	55.0	22.0	22.0	0.0	0.0	35.0	33.0	0.0	0.0	0.0	100.0	0.0	100.0	78.0	49.0	0.0	6.0	0.0	73.0	55.0	0.0	0.0	0.0	0.0	0.0	24.0	0.0	0.0	0.0
0.0	0.0	0.0	53.0	12.0	88.0	18.0	0.0	11.0	40.0	87.0	59.0	21.0	0.0	21.0	68.0	14.0	69.0	0.0	99.0	0.0	71.0	35.0	0.0	0.0	93.0	6.0	0.0	0.0	32.0	0.0	76.0	4.0	67.0	0.0	5.0	8.0	19.0	0.0	0.0
0.0	53.0	0.0	57.0	0.0	0.0	0.0	61.0	0.0	48.0	0.0	23.0	10.0	0.0	0.0	28.0	0.0	0.0	1.0	89.0	50.0	0.0	0.0	0.0	0.0	0.0	0.0	0.0	93.0	0.0	90.0	0.0	23.0	28.0	81.0	0.0	0.0	84.0	0.0
0.0	0.0	88.0	0.0	0.0	59.0	0.0	6.0	40.0	0.0	0.0	75.0	98.0	0.0	0.0	0.0	0.0	0.0	60.0	100.0	0.0	0.0	34.0	0.0	92.0	59.0	0.0	0.0	0.0	14.0	0.0	0.0	48.0	45.0	0.0	0.0	0.0	33.0
90.0	0.0	0.0	0.0	28.0	0.0	25.0	0.0	0.0	98.0	0.0	22.0	4.0	0.0	0.0	0.0	0.0	37.0	0.0	0.0	0.0	0.0	70.0	44.0	0.0	0.0	41.0	0.0	0.0	49.0	88.0	21.0	99.0	10.0	74.0	88.0	0.0
0.0	29.0	39.0	0.0	96.0	51.0	95.0	84.0	13.0	57.0	0.0	50.0	96.0	0.0	3.0	25.0	92.0	0.0	0.0	0.0	0.0	0.0	0.0	0.0	37.0	27.0	60.0	0.0	81.0	59.0	0.0	35.0	72.0	34.0	38.0	0.0
0.0	0.0	9.0	27.0	43.0	0.0	96.0	0.0	0.0	39.0	40.0	0.0	75.0	52.0	0.0	0.0	33.0	50.0	73.0	78.0	0.0	18.0	0.0	0.0	40.0	7.0	97.0	74.0	38.0	3.0	95.0	30.0	11.0	0.0	0.0
88.0	82.0	0.0	55.0	0.0	0.0	0.0	0.0	0.0	0.0	16.0	25.0	1.0	0.0	0.0	0.0	0.0	70.0	0.0	63.0	43.0	0.0	3.0	55.0	0.0	4.0	14.0	0.0	0.0	51.0	95.0	0.0	88.0	35.0
0.0	26.0	79.0	0.0	0.0	0.0	12.0	0.0	84.0	67.0	9.0	4.0	0.0	0.0	63.0	0.0	0.0	0.0	0.0	0.0	0.0	0.0	89.0	20.0	0.0	0.0	0.0	0.0	0.0	56.0	0.0	0.0	0.0
84.0	0.0	0.0	34.0	31.0	92.0	0.0	0.0	0.0	0.0	0.0	91.0	62.0	0.0	0.0	0.0	91.0	50.0	67.0	0.0	0.0	0.0	95.0	40.0	48.0	0.0	13.0	35.0	71.0	0.0	62.0	0.0
65.0	23.0	28.0	0.0	0.0	43.0	0.0	49.0	85.0	0.0	0.0	0.0	24.0	28.0	0.0	0.0	2.0	0.0	0.0	0.0	61.0	91.0	0.0	17.0	78.0	0.0	0.0	88.0	74.0	0.0	95.0
52.0	0.0	32.0	84.0	52.0	0.0	0.0	40.0	0.0	81.0	93.0	93.0	50.0	5.0	87.0	42.0	43.0	0.0	0.0	74.0	0.0	43.0	28.0	0.0	71.0	0.0	86.0	60.0	0.0	0.0
98.0	30.0	76.0	54.0	85.0	0.0	0.0	0.0	33.0	0.0	96.0	0.0	14.0	0.0	0.0	63.0	0.0	45.0	0.0	15.0	0.0	5.0	0.0	0.0	9.0	0.0	0.0	0.0	0.0
0.0	32.0	0.0	81.0	21.0	6.0	46.0	0.0	51.0	0.0	90.0	0.0	0.0	0.0	0.0	0.0	0.0	0.0	0.0	0.0	0.0	74.0	0.0	0.0	0.0	80.0	0.0	38.0
0.0	25.0	7.0	1.0	0.0	99.0	92.0	0.0	0.0	0.0	0.0	100.0	7.0	0.0	57.0	0.0	0.0	0.0	0.0	32.0	0.0	27.0	9.0	0.0	85.0	85.0	0.0
35.0	83.0	40.0	83.0	0.0	0.0	33.0	82.0	0.0	74.0	0.0	9.0	25.0	0.0	0.0	0.0	0.0	82.0	55.0	0.0	86.0	0.0	34.0	0.0	0.0	88.0
68.0	0.0	0.0	0.0	0.0	0.0	42.0	44.0	0.0	0.0	20.0	84.0	0.0	37.0	0.0	0.0	0.0	0.0	62.0	68.0	80.0	88.0	36.0	48.0	97.0
0.0	0.0	0.0	3.0	0.0	0.0	44.0	0.0	20.0	0.0	0.0	61.0	0.0	0.0	8.0	26.0	65.0	9.0	37.0	0.0	59.0	0.0	13.0	29.0
0.0	68.0	0.0	88.0	0.0	0.0	0.0	97.0	53.0	0.0	52.0	0.0	0.0	60.0	50.0	0.0	29.0	0.0	0.0	34.0	37.0	46.0	62.0
95.0	39.0	52.0	26.0	5.0	0.0	93.0	81.0	0.0	66.0	0.0	0.0	81.0	10.0	0.0	0.0	0.0	0.0	13.0	0.0	0.0	0.0
65.0	0.0	25.0	0.0	0.0	25.0	16.0	0.0	23.0	0.0	0.0	0.0	27.0	7.0	0.0	0.0	0.0	0.0	58.0	0.0	0.0
0.0	0.0	0.0	0.0	68.0	51.0	85.0	53.0	0.0	0.0	0.0	92.0	85.0	0.0	0.0	0.0	75.0	50.0	90.0	58.0
2.0	0.0	0.0	0.0	0.0	0.0	0.0	52.0	37.0	43.0	0.0	0.0	5.0	88.0	0.0	37.0	45.0	82.0	41.0
43.0	50.0	24.0	0.0	36.0	0.0	35.0	0.0	0.0	17.0	24.0	0.0	0.0	0.0	85.0	16.0	68.0	41.0
0.0	0.0	0.0	0.0	92.0	43.0	89.0	97.0	52.0	39.0	0.0	0.0	41.0	0.0	0.0	93.0	88.0
34.0	70.0	0.0	61.0	0.0	0.0	90.0	0.0	95.0	97.0	91.0	40.0	0.0	37.0	0.0	48.0
0.0	0.0	0.0	58.0	0.0	0.0	42.0	0.0	0.0	0.0	55.0	0.0	0.0	0.0	14.0
37.0	65.0	0.0	0.0	61.0	0.0	79.0	22.0	0.0	0.0	0.0	0.0	0.0	20.0
0.0	0.0	5.0	77.0	0.0	60.0	62.0	0.0	0.0	0.0	3.0	32.0	73.0
11.0	0.0	0.0	74.0	0.0	0.0	86.0	0.0	0.0	13.0	48.0	86.0
0.0	93.0	97.0	56.0	3.0	28.0	0.0	71.0	66.0	0.0	18.0
49.0	24.0	0.0	14.0	0.0	85.0	0.0	0.0	0.0	79.0
0.0	0.0	47.0	99.0	0.0	83.0	70.0	0.0	30.0
0.0	0.0	0.0	77.0	29.0	0.0	0.0	0.0
0.0	48.0	0.0	0.0	0.0	7.0	0.0
66.0	0.0	11.0	49.0	10.0	0.0
0.0	68.0	31.0	0.0	39.0
17.0	68.0	74.0	0.0
0.0	81.0	62.0
0.0	58.0
18.0

25.0	29.0	36.0	39.0	26.0	30.0	10.0	48.0	18.0	7.0	6.0	8.0	28.0	16.0	32.0	35.0	38.0	42.0	7.0	43.0	40.0	22.0	27.0	32.0	35.0	7.0	20.0	9.0	4.0	28.0	22.0	17.0	37.0	15.0	2.0	45.0	39.0	48.0	9.0	37.0	13.0	32.0	22.0	20.0	46.0	12.0	42.0	12.0	49.0	43.0	30.0	48.0	44.0	40.0	16.0	44.0	40.0	19.0	6.0	24.0	44.0	11.0	14.0	9.0	7.0	18.0	16.0	44.0	32.0	1.0	22.0	31.0	1.0	49.0	21.0	5.0	39.0	14.0	6.0	7.0	22.0	16.0	20.0	27.0	2.0	44.0	30.0	8.0	25.0	43.0	2.0	40.0	5.0	2.0	29.0	13.0	3.0	34.0	31.0	7.0	32.0	30.0	9.0	22.0	8.0	11.0	38.0	3.0	21.0	9.0	45.0	36.0	34.0	33.0	42.0	29.0	5.0	41.0	10.0	48.0	39.0	26.0	16.0	39.0	2.0	22.0	14.0	50.0	36.0	30.0	9.0	21.0	38.0	45.0	37.0	24.0	45.0	41.0	9.0	32.0	15.0	3.0	10.0	5.0	28.0	32.0	27.0	2.0	40.0	9.0	22.0	2.0	36.0	1.0	47.0	25.0	39.0	42.0	46.0	10.0	8.0	1.0	31.0	7.0	34.0	41.0	44.0	30.0	26.0	32.0	50.0	21.0	43.0	35.0	6.0	26.0	46.0	8.0	2.0	50.0	41.0	6.0	16.0	36.0	46.0	34.0	40.0	33.0	49.0	22.0	30.0	47.0	2.0	17.0	4.0	17.0	9.0	27.0	37.0	41.0

402.48	402.48	402.48	402.48	402.48	402.48	402.48	402.48	402.48	402.48
