qmkp_100_75_5_008
100
5

92.0	19.0	30.0	23.0	49.0	0.0	88.0	10.0	0.0	45.0	0.0	0.0	19.0	53.0	99.0	93.0	9.0	0.0	0.0	10.0	18.0	54.0	32.0	7.0	81.0	32.0	18.0	0.0	48.0	41.0	0.0	21.0	59.0	3.0	0.0	0.0	15.0	18.0	20.0	43.0	74.0	39.0	53.0	40.0	62.0	79.0	90.0	0.0	11.0	77.0	0.0	74.0	76.0	0.0	40.0	22.0	14.0	22.0	20.0	52.0	15.0	33.0	89.0	95.0	41.0	12.0	53.0	3.0	0.0	0.0	1.0	6.0	0.0	54.0	0.0	0.0	25.0	5.0	52.0	0.0	0.0	50.0	86.0	72.0	82.0	44.0	0.0	88.0	51.0	1.0	0.0	42.0	9.0	0.0	13.0	0.0	0.0	86.0	77.0	0.0
14.0	12.0	93.0	5.0	94.0	17.0	0.0	46.0	0.0	0.0	82.0	94.0	0.0	86.0	31.0	0.0	0.0	89.0	0.0	73.0	73.0	81.0	44.0	0.0	0.0	30.0	66.0	0.0	37.0	42.0	31.0	84.0	13.0	45.0	84.0	1.0	27.0	10.0	44.0	96.0	33.0	0.0	0.0	19.0	68.0	14.0	79.0	55.0	0.0	100.0	0.0	0.0	72.0	76.0	100.0	78.0	0.0	100.0	93.0	0.0	65.0	90.0	86.0	26.0	38.0	55.0	0.0	79.0	94.0	92.0	75.0	8.0	78.0	75.0	44.0	4.0	0.0	9.0	48.0	0.0	55.0	19.0	23.0	88.0	23.0	0.0	86.0	31.0	27.0	0.0	92.0	0.0	96.0	40.0	73.0	70.0	88.0	0.0	22.0
8.0	0.0	0.0	91.0	0.0	3.0	39.0	54.0	85.0	89.0	55.0	73.0	3.0	74.0	74.0	51.0	0.0	81.0	48.0	0.0	71.0	81.0	66.0	43.0	87.0	15.0	79.0	74.0	26.0	0.0	31.0	17.0	54.0	39.0	0.0	3.0	5.0	4.0	64.0	11.0	19.0	50.0	0.0	0.0	21.0	16.0	0.0	39.0	0.0	11.0	65.0	45.0	2.0	24.0	74.0	35.0	0.0	0.0	25.0	99.0	66.0	88.0	26.0	63.0	70.0	28.0	14.0	0.0	28.0	0.0	78.0	92.0	94.0	100.0	65.0	47.0	79.0	90.0	88.0	0.0	18.0	22.0	0.0	0.0	16.0	0.0	27.0	50.0	41.0	0.0	61.0	53.0	88.0	81.0	30.0	95.0	9.0	0.0
25.0	96.0	4.0	77.0	32.0	68.0	6.0	12.0	0.0	51.0	3.0	0.0	0.0	0.0	71.0	72.0	57.0	10.0	6.0	50.0	0.0	28.0	0.0	47.0	68.0	0.0	0.0	59.0	51.0	25.0	5.0	4.0	67.0	86.0	42.0	0.0	56.0	93.0	60.0	13.0	38.0	17.0	0.0	0.0	90.0	0.0	61.0	52.0	19.0	55.0	94.0	16.0	0.0	75.0	53.0	90.0	7.0	57.0	48.0	0.0	83.0	0.0	40.0	92.0	47.0	77.0	35.0	71.0	96.0	70.0	9.0	0.0	90.0	57.0	51.0	0.0	49.0	48.0	0.0	0.0	0.0	4.0	54.0	20.0	57.0	90.0	69.0	18.0	39.0	14.0	95.0	17.0	0.0	29.0	88.0	0.0	4.0
44.0	40.0	0.0	27.0	19.0	22.0	0.0	0.0	11.0	77.0	12.0	0.0	28.0	99.0	39.0	0.0	0.0	11.0	0.0	57.0	42.0	86.0	65.0	38.0	81.0	62.0	7.0	63.0	45.0	28.0	0.0	8.0	36.0	35.0	15.0	16.0	0.0	91.0	12.0	15.0	0.0	61.0	0.0	8.0	75.0	0.0	4.0	31.0	0.0	0.0	38.0	60.0	33.0	16.0	1.0	83.0	70.0	7.0	38.0	68.0	0.0	34.0	13.0	85.0	0.0	0.0	66.0	3.0	0.0	0.0	0.0	10.0	20.0	0.0	11.0	81.0	0.0	11.0	0.0	9.0	6.0	4.0	90.0	0.0	60.0	22.0	15.0	0.0	84.0	15.0	60.0	66.0	55.0	0.0	0.0	66.0
0.0	43.0	21.0	96.0	23.0	0.0	38.0	53.0	13.0	0.0	6.0	6.0	0.0	41.0	2.0	64.0	64.0	57.0	24.0	92.0	29.0	26.0	61.0	54.0	81.0	95.0	57.0	93.0	50.0	43.0	47.0	31.0	84.0	85.0	51.0	0.0	0.0	0.0	65.0	27.0	85.0	66.0	74.0	27.0	0.0	33.0	3.0	40.0	0.0	84.0	87.0	0.0	90.0	24.0	43.0	28.0	15.0	3.0	16.0	4.0	58.0	0.0	63.0	0.0	12.0	17.0	25.0	87.0	100.0	52.0	0.0	0.0	14.0	61.0	72.0	0.0	94.0	42.0	60.0	0.0	50.0	0.0	27.0	21.0	96.0	5.0	58.0	48.0	71.0	0.0	59.0	95.0	61.0	3.0	0.0
0.0	13.0	0.0	91.0	72.0	62.0	0.0	0.0	51.0	58.0	0.0	5.0	41.0	0.0	78.0	65.0	0.0	34.0	25.0	1.0	0.0	0.0	85.0	14.0	9.0	41.0	0.0	95.0	70.0	0.0	25.0	53.0	82.0	24.0	99.0	19.0	76.0	32.0	38.0	0.0	8.0	3.0	68.0	0.0	71.0	0.0	74.0	72.0	57.0	0.0	0.0	5.0	0.0	61.0	0.0	0.0	36.0	64.0	27.0	4.0	65.0	0.0	82.0	0.0	11.0	14.0	91.0	50.0	9.0	16.0	57.0	52.0	68.0	70.0	26.0	66.0	78.0	74.0	54.0	61.0	76.0	56.0	85.0	8.0	63.0	16.0	36.0	89.0	72.0	34.0	35.0	64.0	33.0	49.0
0.0	84.0	41.0	15.0	69.0	15.0	0.0	82.0	14.0	52.0	0.0	64.0	71.0	41.0	52.0	15.0	75.0	97.0	0.0	33.0	36.0	2.0	51.0	53.0	43.0	44.0	0.0	0.0	43.0	79.0	33.0	56.0	20.0	0.0	0.0	0.0	11.0	38.0	3.0	13.0	0.0	60.0	0.0	45.0	47.0	0.0	0.0	20.0	22.0	0.0	55.0	74.0	29.0	0.0	46.0	0.0	68.0	60.0	31.0	76.0	0.0	26.0	19.0	0.0	65.0	0.0	100.0	0.0	0.0	55.0	96.0	98.0	2.0	0.0	17.0	2.0	83.0	88.0	46.0	71.0	44.0	49.0	0.0	77.0	5.0	0.0	97.0	97.0	26.0	74.0	64.0	19.0	0.0
95.0	73.0	60.0	20.0	100.0	0.0	66.0	0.0	37.0	95.0	49.0	0.0	0.0	94.0	48.0	87.0	1.0	12.0	58.0	68.0	7.0	8.0	75.0	86.0	32.0	15.0	77.0	3.0	33.0	35.0	0.0	3.0	88.0	86.0	82.0	17.0	75.0	0.0	0.0	84.0	39.0	61.0	99.0	77.0	69.0	70.0	22.0	37.0	98.0	41.0	0.0	0.0	84.0	7.0	5.0	49.0	0.0	45.0	67.0	92.0	14.0	10.0	95.0	18.0	95.0	100.0	78.0	61.0	0.0	25.0	98.0	49.0	0.0	0.0	73.0	12.0	89.0	16.0	0.0	60.0	0.0	74.0	0.0	65.0	0.0	0.0	19.0	84.0	6.0	95.0	84.0	85.0
66.0	6.0	42.0	27.0	28.0	9.0	81.0	11.0	24.0	0.0	51.0	18.0	41.0	0.0	0.0	0.0	41.0	0.0	82.0	64.0	32.0	7.0	44.0	0.0	0.0	0.0	0.0	0.0	3.0	62.0	55.0	68.0	71.0	96.0	0.0	0.0	20.0	84.0	62.0	0.0	95.0	28.0	49.0	63.0	58.0	8.0	87.0	0.0	55.0	72.0	55.0	54.0	63.0	70.0	22.0	38.0	0.0	41.0	0.0	73.0	9.0	1.0	33.0	4.0	85.0	21.0	70.0	91.0	42.0	0.0	75.0	7.0	84.0	44.0	35.0	10.0	0.0	78.0	0.0	0.0	0.0	79.0	6.0	0.0	38.0	0.0	76.0	4.0	6.0	78.0	83.0
69.0	16.0	0.0	0.0	87.0	45.0	54.0	35.0	0.0	46.0	0.0	14.0	67.0	0.0	72.0	100.0	17.0	22.0	0.0	71.0	80.0	0.0	72.0	97.0	95.0	6.0	71.0	84.0	0.0	7.0	26.0	91.0	0.0	66.0	47.0	18.0	89.0	82.0	18.0	23.0	0.0	62.0	25.0	28.0	0.0	0.0	15.0	92.0	91.0	93.0	82.0	0.0	8.0	0.0	0.0	0.0	64.0	65.0	0.0	47.0	100.0	33.0	54.0	58.0	60.0	71.0	11.0	0.0	0.0	66.0	16.0	43.0	95.0	35.0	0.0	100.0	0.0	17.0	32.0	0.0	63.0	71.0	19.0	42.0	56.0	92.0	70.0	56.0	0.0	88.0
19.0	43.0	46.0	13.0	14.0	24.0	69.0	8.0	44.0	95.0	0.0	19.0	90.0	29.0	12.0	72.0	95.0	89.0	20.0	74.0	0.0	19.0	76.0	0.0	84.0	0.0	89.0	78.0	57.0	12.0	29.0	9.0	26.0	76.0	0.0	58.0	45.0	0.0	18.0	20.0	38.0	65.0	9.0	66.0	15.0	65.0	50.0	0.0	56.0	57.0	62.0	0.0	67.0	63.0	11.0	0.0	89.0	0.0	59.0	81.0	74.0	62.0	50.0	92.0	39.0	5.0	9.0	0.0	60.0	86.0	17.0	0.0	0.0	0.0	29.0	0.0	21.0	3.0	41.0	72.0	60.0	21.0	0.0	48.0	34.0	52.0	75.0	18.0	2.0
89.0	70.0	16.0	18.0	80.0	0.0	80.0	65.0	71.0	77.0	17.0	58.0	47.0	75.0	88.0	46.0	56.0	72.0	4.0	39.0	0.0	67.0	0.0	15.0	85.0	88.0	35.0	30.0	91.0	38.0	78.0	0.0	0.0	31.0	0.0	54.0	12.0	77.0	0.0	77.0	0.0	0.0	56.0	11.0	0.0	74.0	0.0	38.0	57.0	93.0	66.0	54.0	38.0	0.0	61.0	75.0	7.0	11.0	19.0	11.0	0.0	68.0	29.0	47.0	0.0	0.0	26.0	32.0	83.0	38.0	27.0	68.0	57.0	80.0	14.0	34.0	35.0	0.0	86.0	0.0	18.0	79.0	76.0	54.0	67.0	74.0	0.0	17.0
11.0	29.0	0.0	64.0	61.0	66.0	79.0	97.0	97.0	12.0	36.0	37.0	0.0	15.0	34.0	70.0	0.0	0.0	30.0	57.0	11.0	96.0	0.0	0.0	0.0	34.0	52.0	86.0	12.0	22.0	0.0	0.0	80.0	63.0	1.0	35.0	51.0	0.0	0.0	0.0	50.0	34.0	81.0	0.0	100.0	94.0	0.0	15.0	0.0	76.0	3.0	51.0	27.0	67.0	95.0	0.0	35.0	0.0	0.0	31.0	0.0	90.0	34.0	0.0	36.0	24.0	12.0	44.0	0.0	16.0	80.0	0.0	73.0	11.0	0.0	87.0	84.0	91.0	98.0	74.0	33.0	50.0	95.0	32.0	57.0	34.0	20.0
0.0	3.0	60.0	44.0	71.0	0.0	58.0	96.0	0.0	0.0	0.0	32.0	67.0	0.0	0.0	94.0	0.0	88.0	42.0	0.0	0.0	0.0	58.0	85.0	0.0	97.0	45.0	0.0	0.0	86.0	69.0	11.0	17.0	80.0	90.0	67.0	44.0	67.0	0.0	0.0	19.0	18.0	26.0	0.0	58.0	46.0	53.0	2.0	4.0	12.0	0.0	2.0	40.0	77.0	9.0	0.0	67.0	75.0	49.0	27.0	89.0	27.0	39.0	13.0	0.0	41.0	1.0	0.0	39.0	13.0	1.0	74.0	76.0	85.0	0.0	0.0	17.0	0.0	72.0	46.0	20.0	1.0	0.0	17.0	0.0	0.0
0.0	0.0	0.0	14.0	98.0	0.0	0.0	19.0	58.0	0.0	49.0	0.0	75.0	84.0	36.0	0.0	68.0	41.0	32.0	30.0	94.0	0.0	14.0	52.0	1.0	22.0	99.0	31.0	40.0	72.0	57.0	0.0	0.0	0.0	8.0	98.0	94.0	0.0	19.0	58.0	91.0	30.0	80.0	0.0	0.0	68.0	63.0	25.0	36.0	11.0	19.0	0.0	82.0	49.0	100.0	4.0	0.0	9.0	4.0	59.0	97.0	36.0	63.0	32.0	39.0	0.0	11.0	8.0	34.0	14.0	0.0	33.0	65.0	0.0	58.0	93.0	0.0	0.0	0.0	0.0	31.0	99.0	50.0	68.0	51.0
93.0	70.0	32.0	60.0	62.0	60.0	24.0	0.0	0.0	82.0	43.0	0.0	67.0	75.0	80.0	81.0	53.0	0.0	70.0	82.0	30.0	57.0	2.0	98.0	0.0	40.0	92.0	0.0	33.0	3.0	53.0	0.0	13.0	76.0	76.0	4.0	32.0	0.0	75.0	83.0	55.0	65.0	33.0	49.0	92.0	73.0	35.0	87.0	87.0	85.0	43.0	9.0	47.0	80.0	60.0	53.0	55.0	65.0	97.0	0.0	54.0	0.0	55.0	29.0	27.0	0.0	76.0	82.0	67.0	17.0	0.0	59.0	52.0	14.0	0.0	3.0	0.0	25.0	82.0	12.0	5.0	82.0	46.0	0.0
90.0	0.0	73.0	69.0	98.0	16.0	26.0	2.0	37.0	0.0	0.0	0.0	31.0	38.0	0.0	0.0	0.0	93.0	0.0	4.0	72.0	7.0	14.0	34.0	27.0	29.0	0.0	77.0	9.0	25.0	40.0	76.0	25.0	73.0	58.0	97.0	89.0	49.0	95.0	6.0	22.0	0.0	0.0	0.0	32.0	19.0	16.0	0.0	56.0	4.0	35.0	13.0	6.0	0.0	24.0	0.0	42.0	11.0	78.0	41.0	22.0	0.0	72.0	78.0	99.0	90.0	89.0	69.0	0.0	84.0	0.0	66.0	59.0	81.0	0.0	92.0	0.0	52.0	0.0	62.0	26.0	33.0	21.0
62.0	0.0	0.0	19.0	25.0	54.0	0.0	0.0	78.0	64.0	49.0	33.0	86.0	0.0	0.0	10.0	22.0	83.0	100.0	0.0	78.0	73.0	0.0	43.0	26.0	6.0	49.0	0.0	2.0	0.0	1.0	82.0	0.0	0.0	0.0	75.0	17.0	0.0	0.0	24.0	2.0	73.0	0.0	40.0	95.0	58.0	0.0	44.0	44.0	0.0	37.0	11.0	83.0	93.0	0.0	67.0	7.0	63.0	33.0	59.0	53.0	70.0	27.0	44.0	0.0	0.0	0.0	63.0	20.0	79.0	16.0	2.0	49.0	71.0	1.0	73.0	0.0	0.0	42.0	37.0	83.0	32.0
66.0	80.0	18.0	61.0	87.0	0.0	12.0	0.0	78.0	0.0	61.0	0.0	100.0	69.0	0.0	90.0	10.0	20.0	96.0	75.0	49.0	0.0	31.0	0.0	16.0	27.0	33.0	100.0	85.0	11.0	100.0	0.0	75.0	61.0	85.0	62.0	25.0	60.0	82.0	0.0	17.0	0.0	5.0	0.0	20.0	0.0	0.0	0.0	92.0	0.0	72.0	0.0	25.0	1.0	90.0	51.0	53.0	0.0	40.0	0.0	66.0	61.0	11.0	52.0	37.0	25.0	100.0	0.0	14.0	0.0	31.0	0.0	0.0	0.0	33.0	57.0	93.0	46.0	59.0	51.0	69.0
97.0	0.0	100.0	2.0	3.0	51.0	80.0	82.0	17.0	0.0	25.0	91.0	94.0	12.0	93.0	0.0	0.0	0.0	20.0	28.0	80.0	0.0	52.0	24.0	14.0	41.0	20.0	0.0	72.0	30.0	65.0	3.0	0.0	72.0	31.0	20.0	55.0	23.0	6.0	61.0	85.0	77.0	0.0	40.0	62.0	23.0	0.0	36.0	0.0	21.0	80.0	40.0	8.0	0.0	41.0	98.0	83.0	0.0	46.0	84.0	39.0	64.0	12.0	3.0	0.0	26.0	38.0	78.0	51.0	36.0	2.0	35.0	94.0	37.0	54.0	74.0	21.0	59.0	11.0	44.0
7.0	0.0	52.0	57.0	73.0	29.0	0.0	51.0	98.0	0.0	0.0	58.0	94.0	0.0	87.0	83.0	70.0	0.0	22.0	29.0	86.0	79.0	74.0	0.0	85.0	16.0	53.0	0.0	15.0	40.0	59.0	47.0	0.0	86.0	57.0	93.0	63.0	84.0	96.0	26.0	52.0	0.0	29.0	56.0	20.0	48.0	6.0	90.0	79.0	30.0	34.0	75.0	37.0	0.0	90.0	27.0	47.0	0.0	52.0	27.0	14.0	0.0	11.0	0.0	21.0	60.0	49.0	43.0	0.0	0.0	0.0	88.0	64.0	96.0	16.0	98.0	32.0	17.0	23.0
36.0	7.0	79.0	55.0	0.0	0.0	49.0	60.0	43.0	0.0	0.0	68.0	28.0	67.0	83.0	58.0	0.0	15.0	59.0	23.0	0.0	0.0	0.0	40.0	96.0	98.0	27.0	1.0	89.0	81.0	96.0	59.0	12.0	70.0	0.0	0.0	31.0	0.0	52.0	83.0	20.0	83.0	21.0	58.0	99.0	0.0	86.0	0.0	72.0	13.0	95.0	45.0	85.0	41.0	56.0	17.0	94.0	6.0	18.0	0.0	38.0	0.0	11.0	98.0	77.0	85.0	97.0	12.0	71.0	0.0	86.0	0.0	1.0	39.0	46.0	23.0	69.0	28.0
51.0	0.0	95.0	28.0	0.0	22.0	0.0	62.0	94.0	0.0	18.0	73.0	14.0	77.0	74.0	88.0	40.0	31.0	0.0	87.0	86.0	46.0	55.0	34.0	0.0	43.0	19.0	26.0	69.0	8.0	0.0	93.0	0.0	1.0	47.0	0.0	51.0	0.0	72.0	0.0	66.0	64.0	95.0	0.0	12.0	14.0	89.0	13.0	25.0	97.0	0.0	0.0	0.0	88.0	8.0	0.0	23.0	40.0	91.0	8.0	38.0	77.0	0.0	74.0	93.0	5.0	30.0	0.0	67.0	0.0	48.0	0.0	35.0	74.0	9.0	14.0	69.0
64.0	73.0	79.0	0.0	72.0	52.0	32.0	92.0	86.0	18.0	0.0	0.0	81.0	0.0	66.0	0.0	48.0	88.0	37.0	37.0	0.0	0.0	77.0	77.0	7.0	0.0	99.0	27.0	75.0	95.0	36.0	35.0	0.0	0.0	44.0	1.0	47.0	45.0	3.0	23.0	84.0	34.0	0.0	100.0	0.0	45.0	38.0	0.0	77.0	0.0	9.0	45.0	0.0	39.0	0.0	65.0	6.0	0.0	15.0	0.0	70.0	0.0	24.0	50.0	28.0	0.0	0.0	0.0	4.0	73.0	66.0	0.0	0.0	0.0	36.0	85.0
30.0	52.0	0.0	1.0	44.0	80.0	70.0	61.0	1.0	1.0	71.0	68.0	73.0	40.0	74.0	66.0	4.0	10.0	98.0	98.0	4.0	99.0	73.0	0.0	52.0	0.0	91.0	56.0	57.0	15.0	0.0	44.0	75.0	34.0	0.0	0.0	15.0	31.0	75.0	40.0	43.0	39.0	0.0	0.0	0.0	36.0	90.0	58.0	12.0	85.0	57.0	10.0	60.0	60.0	0.0	91.0	97.0	47.0	34.0	52.0	0.0	17.0	0.0	20.0	0.0	46.0	11.0	34.0	14.0	38.0	0.0	32.0	17.0	0.0	0.0
58.0	0.0	98.0	90.0	0.0	11.0	24.0	0.0	0.0	55.0	77.0	62.0	36.0	45.0	19.0	0.0	2.0	82.0	31.0	19.0	76.0	14.0	62.0	51.0	71.0	18.0	36.0	10.0	87.0	18.0	29.0	25.0	31.0	0.0	50.0	1.0	0.0	0.0	0.0	0.0	89.0	86.0	0.0	6.0	15.0	99.0	8.0	6.0	94.0	0.0	8.0	62.0	71.0	64.0	76.0	68.0	32.0	0.0	75.0	39.0	35.0	80.0	99.0	3.0	87.0	44.0	90.0	49.0	11.0	78.0	57.0	0.0	0.0	0.0
18.0	16.0	7.0	0.0	88.0	91.0	74.0	42.0	98.0	61.0	29.0	11.0	0.0	23.0	73.0	78.0	63.0	21.0	69.0	87.0	0.0	54.0	17.0	61.0	0.0	0.0	0.0	0.0	58.0	0.0	68.0	2.0	56.0	11.0	0.0	88.0	59.0	0.0	0.0	59.0	58.0	47.0	82.0	70.0	0.0	0.0	0.0	0.0	51.0	0.0	0.0	41.0	62.0	41.0	0.0	49.0	78.0	21.0	94.0	82.0	0.0	75.0	34.0	41.0	0.0	92.0	26.0	0.0	85.0	85.0	0.0	49.0	98.0
93.0	0.0	26.0	91.0	49.0	70.0	0.0	17.0	34.0	75.0	83.0	19.0	0.0	22.0	22.0	22.0	0.0	30.0	0.0	90.0	0.0	32.0	8.0	46.0	66.0	98.0	83.0	27.0	37.0	84.0	52.0	0.0	68.0	76.0	80.0	8.0	65.0	44.0	59.0	15.0	0.0	20.0	63.0	0.0	70.0	67.0	92.0	41.0	85.0	21.0	80.0	0.0	0.0	1.0	4.0	53.0	94.0	0.0	68.0	64.0	19.0	52.0	73.0	67.0	25.0	88.0	77.0	52.0	13.0	84.0	95.0	55.0
30.0	33.0	11.0	0.0	19.0	64.0	97.0	5.0	79.0	83.0	55.0	22.0	0.0	9.0	60.0	12.0	71.0	24.0	70.0	0.0	24.0	67.0	8.0	77.0	0.0	0.0	0.0	57.0	16.0	76.0	94.0	89.0	18.0	0.0	70.0	18.0	56.0	64.0	0.0	0.0	46.0	82.0	13.0	28.0	28.0	61.0	86.0	64.0	58.0	17.0	57.0	85.0	55.0	35.0	62.0	56.0	95.0	0.0	49.0	0.0	57.0	42.0	0.0	0.0	41.0	60.0	13.0	32.0	32.0	86.0	31.0
53.0	10.0	0.0	62.0	48.0	47.0	0.0	0.0	66.0	0.0	98.0	40.0	2.0	53.0	48.0	80.0	42.0	85.0	97.0	22.0	0.0	53.0	70.0	0.0	0.0	32.0	3.0	0.0	84.0	1.0	78.0	49.0	0.0	0.0	51.0	66.0	27.0	88.0	3.0	86.0	40.0	6.0	60.0	0.0	47.0	0.0	0.0	86.0	41.0	0.0	86.0	79.0	58.0	36.0	99.0	51.0	0.0	7.0	17.0	0.0	0.0	97.0	69.0	0.0	1.0	50.0	12.0	88.0	55.0	77.0
0.0	6.0	0.0	0.0	49.0	88.0	0.0	51.0	0.0	62.0	0.0	89.0	16.0	86.0	0.0	31.0	75.0	35.0	38.0	76.0	0.0	75.0	13.0	0.0	70.0	51.0	0.0	76.0	0.0	46.0	0.0	21.0	0.0	93.0	2.0	80.0	74.0	0.0	66.0	16.0	3.0	6.0	33.0	11.0	17.0	5.0	14.0	0.0	7.0	52.0	38.0	0.0	84.0	86.0	17.0	0.0	39.0	92.0	85.0	0.0	0.0	0.0	58.0	58.0	17.0	15.0	0.0	38.0	7.0
37.0	71.0	55.0	1.0	0.0	3.0	55.0	67.0	0.0	44.0	75.0	0.0	66.0	0.0	0.0	56.0	82.0	24.0	0.0	76.0	49.0	12.0	21.0	97.0	0.0	96.0	66.0	33.0	0.0	21.0	57.0	76.0	38.0	0.0	0.0	49.0	29.0	0.0	42.0	70.0	71.0	79.0	0.0	46.0	63.0	17.0	94.0	73.0	62.0	57.0	0.0	31.0	21.0	0.0	88.0	53.0	12.0	29.0	32.0	89.0	75.0	6.0	0.0	0.0	7.0	48.0	65.0	69.0
89.0	12.0	21.0	22.0	0.0	42.0	88.0	0.0	70.0	73.0	0.0	55.0	24.0	60.0	69.0	36.0	17.0	1.0	92.0	58.0	0.0	0.0	0.0	0.0	87.0	0.0	42.0	0.0	25.0	10.0	2.0	67.0	15.0	80.0	37.0	48.0	71.0	0.0	73.0	0.0	40.0	49.0	0.0	91.0	30.0	96.0	86.0	0.0	32.0	76.0	0.0	60.0	78.0	37.0	58.0	0.0	0.0	0.0	22.0	75.0	85.0	86.0	53.0	5.0	17.0	0.0	2.0
8.0	67.0	83.0	20.0	35.0	0.0	76.0	18.0	0.0	49.0	76.0	94.0	0.0	13.0	96.0	29.0	100.0	0.0	0.0	78.0	0.0	93.0	57.0	0.0	14.0	73.0	50.0	80.0	81.0	0.0	15.0	14.0	72.0	94.0	72.0	14.0	0.0	0.0	2.0	27.0	39.0	0.0	88.0	0.0	78.0	5.0	82.0	99.0	33.0	95.0	69.0	1.0	0.0	0.0	0.0	0.0	5.0	59.0	39.0	0.0	31.0	20.0	0.0	64.0	0.0	85.0
0.0	40.0	0.0	96.0	48.0	79.0	16.0	69.0	0.0	77.0	15.0	58.0	0.0	66.0	78.0	0.0	85.0	45.0	0.0	0.0	71.0	30.0	0.0	24.0	92.0	0.0	37.0	0.0	60.0	3.0	35.0	73.0	0.0	17.0	51.0	1.0	0.0	11.0	78.0	0.0	5.0	46.0	54.0	15.0	87.0	0.0	0.0	0.0	0.0	20.0	69.0	37.0	0.0	18.0	35.0	36.0	57.0	2.0	11.0	88.0	0.0	0.0	11.0	81.0	0.0
38.0	0.0	12.0	0.0	15.0	20.0	0.0	9.0	17.0	38.0	0.0	29.0	95.0	11.0	88.0	7.0	90.0	55.0	0.0	0.0	55.0	95.0	59.0	52.0	91.0	45.0	39.0	0.0	47.0	43.0	28.0	96.0	0.0	48.0	0.0	94.0	67.0	69.0	90.0	0.0	0.0	24.0	4.0	22.0	0.0	0.0	38.0	40.0	0.0	97.0	0.0	4.0	16.0	0.0	49.0	72.0	0.0	40.0	5.0	0.0	41.0	97.0	66.0	25.0
0.0	0.0	0.0	11.0	3.0	59.0	2.0	7.0	79.0	45.0	46.0	41.0	28.0	45.0	0.0	0.0	69.0	56.0	36.0	20.0	46.0	64.0	0.0	0.0	60.0	8.0	0.0	19.0	7.0	32.0	71.0	76.0	0.0	5.0	79.0	39.0	0.0	95.0	0.0	57.0	0.0	89.0	79.0	0.0	51.0	0.0	61.0	0.0	91.0	33.0	68.0	40.0	93.0	47.0	74.0	3.0	51.0	96.0	0.0	0.0	0.0	86.0	47.0
47.0	99.0	0.0	0.0	33.0	90.0	1.0	94.0	85.0	0.0	53.0	0.0	96.0	6.0	0.0	31.0	92.0	12.0	24.0	66.0	69.0	0.0	0.0	0.0	0.0	2.0	27.0	32.0	68.0	51.0	20.0	53.0	0.0	72.0	61.0	27.0	87.0	0.0	54.0	0.0	2.0	94.0	83.0	27.0	26.0	70.0	17.0	98.0	12.0	43.0	0.0	0.0	52.0	34.0	8.0	70.0	75.0	97.0	0.0	23.0	34.0	78.0
91.0	18.0	94.0	5.0	51.0	23.0	59.0	26.0	0.0	0.0	0.0	76.0	4.0	0.0	0.0	51.0	98.0	88.0	0.0	0.0	67.0	0.0	9.0	0.0	40.0	16.0	80.0	0.0	0.0	50.0	85.0	8.0	0.0	52.0	0.0	0.0	0.0	0.0	90.0	22.0	14.0	84.0	56.0	56.0	54.0	72.0	62.0	0.0	62.0	44.0	0.0	36.0	0.0	23.0	0.0	88.0	78.0	94.0	0.0	0.0	26.0
94.0	76.0	90.0	65.0	0.0	0.0	0.0	0.0	0.0	67.0	2.0	55.0	96.0	26.0	82.0	87.0	45.0	0.0	0.0	0.0	30.0	66.0	59.0	0.0	53.0	60.0	2.0	0.0	66.0	91.0	0.0	0.0	0.0	84.0	38.0	0.0	32.0	89.0	98.0	58.0	0.0	8.0	80.0	98.0	0.0	97.0	20.0	94.0	90.0	3.0	0.0	0.0	98.0	67.0	62.0	0.0	0.0	30.0	98.0	0.0
0.0	52.0	63.0	0.0	97.0	0.0	0.0	19.0	85.0	0.0	90.0	16.0	94.0	0.0	0.0	58.0	0.0	17.0	95.0	25.0	27.0	0.0	99.0	40.0	88.0	4.0	23.0	56.0	99.0	61.0	17.0	12.0	43.0	63.0	17.0	25.0	1.0	78.0	0.0	85.0	12.0	0.0	0.0	68.0	64.0	11.0	29.0	29.0	93.0	64.0	56.0	32.0	14.0	92.0	0.0	35.0	0.0	85.0	59.0
100.0	87.0	73.0	26.0	62.0	90.0	25.0	80.0	53.0	81.0	73.0	93.0	0.0	63.0	0.0	0.0	95.0	17.0	0.0	4.0	0.0	7.0	97.0	0.0	88.0	0.0	5.0	0.0	43.0	86.0	59.0	98.0	0.0	0.0	6.0	0.0	0.0	54.0	84.0	44.0	18.0	57.0	66.0	24.0	0.0	92.0	1.0	75.0	0.0	50.0	77.0	48.0	0.0	65.0	0.0	2.0	0.0	63.0
76.0	77.0	67.0	0.0	90.0	37.0	10.0	37.0	47.0	0.0	5.0	52.0	0.0	37.0	69.0	88.0	35.0	0.0	94.0	51.0	38.0	90.0	86.0	27.0	10.0	47.0	70.0	0.0	82.0	94.0	31.0	90.0	0.0	96.0	82.0	90.0	77.0	82.0	0.0	98.0	0.0	0.0	86.0	13.0	0.0	92.0	0.0	15.0	0.0	2.0	30.0	89.0	59.0	5.0	0.0	39.0	0.0
61.0	68.0	99.0	0.0	72.0	2.0	86.0	14.0	53.0	33.0	100.0	43.0	36.0	0.0	30.0	62.0	0.0	21.0	8.0	40.0	0.0	16.0	0.0	53.0	0.0	39.0	89.0	80.0	40.0	0.0	98.0	33.0	0.0	98.0	41.0	0.0	74.0	37.0	72.0	49.0	0.0	0.0	0.0	34.0	59.0	79.0	65.0	5.0	58.0	0.0	17.0	66.0	100.0	58.0	34.0	94.0
59.0	0.0	42.0	84.0	8.0	0.0	32.0	32.0	12.0	92.0	57.0	0.0	77.0	15.0	30.0	90.0	7.0	59.0	88.0	6.0	3.0	0.0	66.0	49.0	7.0	52.0	0.0	0.0	80.0	0.0	0.0	0.0	30.0	81.0	46.0	54.0	25.0	72.0	55.0	14.0	0.0	86.0	3.0	0.0	0.0	0.0	48.0	16.0	60.0	68.0	69.0	29.0	37.0	16.0	100.0
45.0	7.0	39.0	0.0	44.0	70.0	0.0	0.0	0.0	0.0	62.0	35.0	85.0	14.0	17.0	0.0	65.0	31.0	9.0	44.0	0.0	45.0	19.0	74.0	53.0	27.0	55.0	45.0	0.0	41.0	61.0	69.0	0.0	16.0	19.0	92.0	0.0	0.0	91.0	55.0	0.0	66.0	70.0	46.0	100.0	49.0	87.0	24.0	0.0	25.0	85.0	71.0	79.0	63.0
66.0	97.0	47.0	60.0	77.0	0.0	24.0	97.0	0.0	71.0	0.0	98.0	0.0	2.0	0.0	48.0	47.0	46.0	77.0	42.0	61.0	0.0	24.0	87.0	66.0	99.0	0.0	72.0	66.0	14.0	56.0	88.0	67.0	0.0	62.0	20.0	99.0	95.0	23.0	59.0	0.0	56.0	0.0	97.0	64.0	0.0	0.0	65.0	3.0	77.0	60.0	4.0	91.0
0.0	19.0	0.0	78.0	0.0	3.0	94.0	61.0	49.0	20.0	25.0	7.0	20.0	78.0	10.0	51.0	0.0	81.0	48.0	44.0	78.0	55.0	0.0	0.0	74.0	16.0	0.0	0.0	51.0	86.0	13.0	27.0	91.0	14.0	0.0	93.0	3.0	94.0	0.0	0.0	4.0	0.0	35.0	47.0	54.0	86.0	78.0	42.0	27.0	62.0	80.0	0.0
71.0	70.0	16.0	60.0	15.0	27.0	0.0	51.0	95.0	45.0	96.0	63.0	0.0	23.0	88.0	60.0	0.0	28.0	0.0	68.0	25.0	0.0	0.0	82.0	46.0	70.0	0.0	77.0	62.0	0.0	79.0	0.0	45.0	0.0	21.0	0.0	56.0	73.0	25.0	0.0	39.0	1.0	18.0	9.0	95.0	9.0	62.0	28.0	8.0	96.0	17.0
42.0	81.0	0.0	44.0	0.0	80.0	32.0	58.0	40.0	92.0	76.0	0.0	47.0	91.0	81.0	89.0	99.0	63.0	0.0	27.0	89.0	85.0	0.0	0.0	0.0	0.0	15.0	22.0	0.0	88.0	36.0	0.0	5.0	46.0	0.0	82.0	0.0	67.0	74.0	0.0	12.0	62.0	0.0	16.0	0.0	58.0	21.0	30.0	62.0	54.0
53.0	69.0	78.0	12.0	60.0	14.0	0.0	82.0	45.0	90.0	0.0	0.0	89.0	83.0	14.0	0.0	21.0	0.0	0.0	38.0	0.0	5.0	63.0	89.0	0.0	0.0	37.0	0.0	31.0	0.0	23.0	9.0	95.0	29.0	35.0	0.0	49.0	22.0	93.0	75.0	70.0	84.0	81.0	96.0	91.0	0.0	63.0	77.0	60.0
78.0	20.0	37.0	59.0	1.0	14.0	0.0	47.0	14.0	90.0	68.0	0.0	28.0	32.0	37.0	17.0	69.0	68.0	7.0	21.0	31.0	0.0	37.0	0.0	78.0	97.0	31.0	71.0	0.0	0.0	15.0	0.0	0.0	29.0	0.0	28.0	30.0	13.0	0.0	90.0	54.0	0.0	86.0	91.0	42.0	16.0	3.0	46.0
47.0	11.0	16.0	63.0	65.0	19.0	28.0	88.0	50.0	24.0	92.0	63.0	100.0	11.0	22.0	56.0	14.0	98.0	0.0	73.0	22.0	47.0	16.0	100.0	38.0	99.0	0.0	0.0	0.0	0.0	0.0	26.0	63.0	4.0	0.0	0.0	25.0	0.0	0.0	0.0	1.0	60.0	13.0	43.0	80.0	50.0	1.0
31.0	31.0	61.0	0.0	19.0	86.0	47.0	15.0	68.0	0.0	54.0	0.0	55.0	0.0	0.0	92.0	42.0	76.0	0.0	69.0	7.0	0.0	37.0	0.0	78.0	63.0	44.0	14.0	26.0	69.0	26.0	31.0	0.0	40.0	30.0	0.0	44.0	0.0	69.0	76.0	69.0	100.0	63.0	0.0	26.0	16.0
0.0	11.0	4.0	9.0	47.0	48.0	49.0	63.0	75.0	0.0	23.0	62.0	12.0	23.0	99.0	20.0	11.0	85.0	22.0	63.0	57.0	2.0	90.0	40.0	61.0	0.0	0.0	59.0	97.0	54.0	22.0	0.0	54.0	0.0	0.0	95.0	48.0	0.0	76.0	0.0	59.0	0.0	0.0	0.0	100.0
0.0	0.0	40.0	55.0	0.0	91.0	53.0	16.0	57.0	58.0	67.0	23.0	95.0	71.0	10.0	0.0	0.0	0.0	49.0	0.0	39.0	7.0	58.0	11.0	0.0	69.0	97.0	34.0	0.0	59.0	41.0	34.0	12.0	91.0	25.0	25.0	32.0	52.0	33.0	0.0	24.0	2.0	95.0	59.0
0.0	69.0	7.0	19.0	66.0	69.0	69.0	18.0	37.0	73.0	21.0	12.0	82.0	0.0	47.0	56.0	17.0	39.0	56.0	94.0	54.0	7.0	92.0	0.0	85.0	91.0	13.0	0.0	37.0	79.0	41.0	0.0	50.0	71.0	31.0	87.0	32.0	37.0	89.0	0.0	63.0	12.0	51.0
45.0	68.0	74.0	64.0	0.0	67.0	6.0	21.0	24.0	51.0	22.0	33.0	0.0	74.0	0.0	0.0	40.0	24.0	57.0	11.0	96.0	12.0	20.0	99.0	3.0	17.0	0.0	80.0	57.0	33.0	17.0	47.0	15.0	13.0	25.0	46.0	0.0	70.0	100.0	0.0	30.0	25.0
37.0	40.0	96.0	76.0	32.0	51.0	19.0	0.0	28.0	65.0	34.0	77.0	98.0	0.0	0.0	0.0	0.0	34.0	0.0	5.0	52.0	68.0	98.0	67.0	9.0	96.0	19.0	89.0	81.0	58.0	76.0	55.0	18.0	0.0	21.0	55.0	26.0	0.0	0.0	94.0	54.0
30.0	65.0	49.0	71.0	11.0	0.0	25.0	16.0	77.0	64.0	0.0	0.0	74.0	62.0	80.0	74.0	1.0	38.0	50.0	0.0	0.0	63.0	0.0	32.0	0.0	95.0	22.0	92.0	43.0	31.0	100.0	19.0	0.0	0.0	99.0	59.0	0.0	64.0	25.0	16.0
23.0	33.0	0.0	0.0	54.0	0.0	0.0	17.0	83.0	85.0	60.0	61.0	26.0	21.0	67.0	63.0	0.0	0.0	0.0	7.0	24.0	0.0	64.0	89.0	82.0	0.0	63.0	5.0	0.0	66.0	31.0	72.0	84.0	94.0	64.0	0.0	71.0	65.0	100.0
61.0	0.0	29.0	93.0	17.0	33.0	3.0	0.0	0.0	80.0	33.0	19.0	99.0	49.0	79.0	12.0	0.0	94.0	45.0	68.0	0.0	22.0	50.0	72.0	36.0	54.0	37.0	56.0	46.0	42.0	42.0	95.0	78.0	44.0	0.0	100.0	16.0	24.0
77.0	3.0	49.0	0.0	63.0	29.0	0.0	61.0	76.0	65.0	50.0	0.0	0.0	0.0	0.0	35.0	0.0	8.0	77.0	18.0	36.0	57.0	15.0	96.0	10.0	44.0	43.0	55.0	96.0	0.0	57.0	36.0	87.0	94.0	11.0	37.0	95.0
14.0	29.0	64.0	61.0	32.0	0.0	0.0	21.0	95.0	63.0	11.0	0.0	0.0	6.0	0.0	33.0	77.0	38.0	42.0	0.0	78.0	17.0	92.0	55.0	92.0	52.0	51.0	94.0	72.0	0.0	87.0	48.0	19.0	11.0	82.0	94.0
0.0	0.0	82.0	82.0	94.0	44.0	4.0	0.0	58.0	69.0	86.0	85.0	0.0	36.0	9.0	0.0	94.0	8.0	52.0	0.0	33.0	41.0	86.0	36.0	82.0	87.0	1.0	0.0	30.0	84.0	39.0	66.0	58.0	69.0	17.0
93.0	0.0	0.0	0.0	85.0	40.0	32.0	0.0	17.0	0.0	0.0	0.0	46.0	33.0	46.0	0.0	6.0	26.0	33.0	0.0	15.0	94.0	57.0	40.0	0.0	0.0	100.0	26.0	0.0	80.0	0.0	58.0	0.0	88.0
0.0	48.0	74.0	29.0	0.0	91.0	0.0	26.0	31.0	0.0	15.0	0.0	50.0	46.0	70.0	43.0	92.0	37.0	53.0	0.0	0.0	31.0	79.0	38.0	91.0	76.0	0.0	0.0	0.0	0.0	0.0	84.0	9.0
66.0	23.0	32.0	30.0	19.0	0.0	27.0	6.0	34.0	92.0	29.0	0.0	21.0	70.0	48.0	27.0	19.0	0.0	88.0	67.0	36.0	8.0	25.0	76.0	53.0	97.0	92.0	100.0	82.0	0.0	99.0	0.0
60.0	21.0	64.0	47.0	15.0	42.0	80.0	60.0	36.0	0.0	67.0	45.0	60.0	0.0	49.0	7.0	0.0	46.0	88.0	81.0	93.0	0.0	0.0	23.0	0.0	12.0	0.0	0.0	57.0	94.0	50.0
43.0	49.0	23.0	80.0	91.0	29.0	58.0	0.0	52.0	5.0	17.0	37.0	0.0	99.0	22.0	24.0	11.0	7.0	92.0	0.0	87.0	84.0	61.0	0.0	94.0	60.0	59.0	0.0	42.0	94.0
84.0	96.0	45.0	0.0	38.0	70.0	0.0	81.0	61.0	33.0	0.0	0.0	0.0	0.0	81.0	0.0	73.0	45.0	87.0	0.0	0.0	0.0	61.0	68.0	0.0	78.0	40.0	51.0	71.0
61.0	0.0	58.0	0.0	81.0	39.0	0.0	28.0	69.0	11.0	0.0	52.0	65.0	33.0	0.0	97.0	0.0	69.0	0.0	48.0	45.0	40.0	52.0	9.0	12.0	0.0	0.0	21.0
51.0	45.0	0.0	0.0	97.0	0.0	98.0	0.0	47.0	63.0	98.0	6.0	2.0	63.0	0.0	0.0	48.0	54.0	0.0	54.0	59.0	99.0	0.0	94.0	51.0	43.0	0.0
78.0	87.0	29.0	6.0	67.0	3.0	48.0	6.0	52.0	0.0	3.0	49.0	39.0	0.0	62.0	0.0	52.0	0.0	2.0	56.0	45.0	84.0	0.0	0.0	99.0	83.0
0.0	0.0	0.0	97.0	2.0	6.0	0.0	22.0	51.0	86.0	88.0	13.0	50.0	84.0	73.0	3.0	64.0	22.0	3.0	91.0	0.0	0.0	89.0	0.0	87.0
0.0	0.0	0.0	43.0	21.0	64.0	35.0	0.0	9.0	48.0	0.0	0.0	20.0	19.0	0.0	18.0	3.0	68.0	94.0	66.0	50.0	82.0	0.0	41.0
52.0	81.0	82.0	36.0	79.0	37.0	0.0	37.0	92.0	0.0	68.0	98.0	86.0	65.0	80.0	56.0	54.0	91.0	0.0	14.0	74.0	0.0	9.0
87.0	43.0	70.0	85.0	0.0	0.0	80.0	24.0	100.0	39.0	51.0	63.0	32.0	0.0	2.0	0.0	68.0	56.0	0.0	97.0	0.0	25.0
0.0	0.0	51.0	0.0	55.0	43.0	61.0	70.0	10.0	2.0	58.0	90.0	3.0	77.0	39.0	99.0	0.0	2.0	39.0	84.0	12.0
0.0	5.0	0.0	58.0	74.0	0.0	11.0	29.0	0.0	83.0	0.0	0.0	45.0	97.0	71.0	78.0	38.0	0.0	0.0	66.0
1.0	27.0	35.0	44.0	45.0	0.0	67.0	33.0	68.0	0.0	4.0	74.0	63.0	72.0	87.0	69.0	81.0	58.0	54.0
50.0	13.0	0.0	7.0	90.0	0.0	29.0	0.0	91.0	0.0	36.0	75.0	6.0	0.0	93.0	48.0	60.0	92.0
99.0	84.0	0.0	0.0	17.0	92.0	59.0	57.0	43.0	35.0	0.0	54.0	41.0	87.0	97.0	0.0	30.0
33.0	87.0	85.0	40.0	0.0	88.0	54.0	41.0	64.0	76.0	63.0	66.0	12.0	98.0	73.0	99.0
0.0	15.0	78.0	53.0	81.0	48.0	11.0	51.0	0.0	56.0	0.0	36.0	0.0	3.0	37.0
15.0	87.0	72.0	0.0	0.0	91.0	0.0	44.0	2.0	62.0	96.0	60.0	0.0	33.0
0.0	18.0	0.0	1.0	75.0	45.0	76.0	0.0	0.0	67.0	5.0	19.0	13.0
90.0	8.0	37.0	64.0	0.0	10.0	10.0	18.0	0.0	75.0	17.0	0.0
0.0	0.0	0.0	64.0	0.0	0.0	94.0	0.0	50.0	22.0	0.0
6.0	0.0	0.0	94.0	51.0	99.0	0.0	27.0	99.0	33.0
5.0	2.0	0.0	15.0	0.0	34.0	100.0	15.0	65.0
14.0	64.0	69.0	96.0	11.0	37.0	83.0	12.0
73.0	0.0	38.0	0.0	27.0	0.0	71.0
99.0	86.0	23.0	62.0	42.0	0.0
30.0	37.0	1.0	80.0	0.0
30.0	22.0	33.0	86.0
65.0	35.0	89.0
0.0	49.0
0.0

27.0	25.0	32.0	35.0	24.0	15.0	19.0	29.0	38.0	6.0	45.0	11.0	34.0	41.0	38.0	28.0	4.0	39.0	36.0	29.0	1.0	41.0	34.0	3.0	15.0	22.0	35.0	42.0	19.0	45.0	23.0	18.0	21.0	40.0	23.0	38.0	27.0	49.0	18.0	24.0	50.0	40.0	14.0	25.0	12.0	29.0	38.0	16.0	45.0	9.0	48.0	50.0	39.0	23.0	15.0	17.0	48.0	34.0	43.0	46.0	42.0	39.0	21.0	16.0	9.0	31.0	48.0	19.0	6.0	31.0	50.0	19.0	43.0	9.0	29.0	48.0	36.0	31.0	39.0	14.0	37.0	46.0	40.0	46.0	50.0	33.0	10.0	41.0	18.0	1.0	17.0	8.0	43.0	1.0	40.0	44.0	22.0	45.0	20.0	14.0

462.4	462.4	462.4	462.4	462.4
