qmkp_100_50_5_008
100
5

92.0	31.0	0.0	0.0	0.0	1.0	58.0	0.0	83.0	0.0	0.0	72.0	0.0	23.0	0.0	0.0	0.0	0.0	0.0	3.0	22.0	0.0	0.0	0.0	7.0	49.0	0.0	0.0	0.0	61.0	0.0	0.0	72.0	0.0	55.0	57.0	0.0	0.0	55.0	6.0	0.0	73.0	0.0	88.0	0.0	0.0	0.0	0.0	61.0	59.0	19.0	0.0	0.0	88.0	0.0	72.0	0.0	100.0	16.0	0.0	0.0	27.0	23.0	0.0	0.0	0.0	0.0	0.0	16.0	0.0	31.0	44.0	0.0	0.0	0.0	12.0	69.0	91.0	0.0	11.0	70.0	0.0	0.0	44.0	0.0	22.0	0.0	60.0	0.0	0.0	27.0	0.0	0.0	59.0	0.0	95.0	0.0	0.0	89.0	95.0
0.0	25.0	0.0	0.0	5.0	0.0	94.0	17.0	0.0	46.0	0.0	0.0	0.0	99.0	0.0	0.0	86.0	31.0	0.0	0.0	89.0	0.0	0.0	0.0	73.0	81.0	44.0	0.0	0.0	30.0	66.0	0.0	0.0	0.0	42.0	31.0	0.0	0.0	13.0	45.0	84.0	0.0	83.0	0.0	10.0	44.0	96.0	0.0	1.0	0.0	19.0	68.0	14.0	79.0	55.0	0.0	0.0	0.0	0.0	0.0	72.0	76.0	100.0	0.0	5.0	0.0	0.0	0.0	0.0	0.0	65.0	90.0	86.0	26.0	0.0	75.0	46.0	0.0	0.0	0.0	0.0	92.0	75.0	0.0	93.0	73.0	98.0	10.0	60.0	9.0	48.0	0.0	55.0	19.0	23.0	88.0	23.0	0.0	86.0
27.0	0.0	92.0	0.0	0.0	0.0	0.0	32.0	37.0	0.0	88.0	0.0	22.0	0.0	0.0	8.0	0.0	0.0	91.0	0.0	3.0	0.0	0.0	54.0	85.0	89.0	0.0	45.0	0.0	0.0	0.0	74.0	0.0	0.0	51.0	0.0	81.0	48.0	0.0	0.0	63.0	0.0	0.0	0.0	0.0	11.0	55.0	89.0	50.0	23.0	84.0	31.0	17.0	0.0	75.0	72.0	0.0	0.0	0.0	0.0	4.0	64.0	11.0	0.0	0.0	50.0	0.0	0.0	0.0	81.0	0.0	0.0	39.0	0.0	11.0	0.0	64.0	86.0	0.0	0.0	79.0	78.0	3.0	0.0	25.0	99.0	66.0	88.0	26.0	63.0	70.0	28.0	0.0	37.0	28.0	0.0	78.0	92.0
0.0	100.0	65.0	0.0	88.0	76.0	0.0	0.0	0.0	0.0	18.0	0.0	34.0	0.0	16.0	0.0	0.0	6.0	91.0	0.0	0.0	61.0	0.0	38.0	0.0	81.0	30.0	95.0	9.0	0.0	30.0	0.0	0.0	96.0	4.0	77.0	32.0	68.0	6.0	12.0	0.0	51.0	3.0	0.0	0.0	0.0	71.0	72.0	57.0	10.0	6.0	0.0	0.0	0.0	0.0	0.0	0.0	47.0	68.0	0.0	0.0	59.0	0.0	83.0	85.0	0.0	0.0	34.0	73.0	0.0	42.0	0.0	56.0	93.0	0.0	0.0	13.0	38.0	17.0	0.0	0.0	90.0	0.0	61.0	0.0	0.0	19.0	0.0	18.0	80.0	0.0	0.0	75.0	53.0	0.0	0.0	0.0
57.0	48.0	0.0	83.0	0.0	40.0	0.0	59.0	81.0	50.0	0.0	71.0	0.0	0.0	70.0	9.0	0.0	90.0	0.0	87.0	0.0	0.0	49.0	0.0	95.0	0.0	0.0	4.0	0.0	89.0	0.0	0.0	0.0	0.0	0.0	69.0	18.0	0.0	98.0	0.0	0.0	0.0	17.0	0.0	0.0	75.0	0.0	0.0	0.0	0.0	23.0	44.0	0.0	86.0	0.0	0.0	19.0	0.0	41.0	0.0	11.0	77.0	12.0	0.0	28.0	99.0	39.0	0.0	0.0	0.0	0.0	0.0	0.0	0.0	42.0	86.0	0.0	0.0	38.0	0.0	28.0	0.0	0.0	0.0	0.0	0.0	45.0	28.0	0.0	8.0	36.0	35.0	15.0	16.0	0.0	0.0
12.0	15.0	0.0	61.0	0.0	8.0	75.0	0.0	4.0	31.0	0.0	0.0	38.0	0.0	0.0	33.0	16.0	0.0	67.0	34.0	0.0	0.0	40.0	40.0	86.0	0.0	83.0	68.0	0.0	0.0	0.0	66.0	3.0	0.0	0.0	0.0	10.0	20.0	0.0	11.0	0.0	0.0	0.0	0.0	11.0	9.0	6.0	0.0	96.0	0.0	0.0	60.0	22.0	0.0	53.0	0.0	28.0	29.0	0.0	66.0	55.0	0.0	0.0	0.0	0.0	49.0	0.0	43.0	21.0	96.0	0.0	29.0	38.0	0.0	0.0	13.0	0.0	6.0	6.0	0.0	0.0	0.0	2.0	64.0	64.0	57.0	0.0	0.0	92.0	29.0	26.0	61.0	54.0	0.0	36.0
0.0	93.0	0.0	0.0	0.0	31.0	0.0	31.0	0.0	64.0	0.0	0.0	0.0	0.0	0.0	0.0	65.0	27.0	0.0	0.0	66.0	74.0	0.0	0.0	0.0	33.0	3.0	40.0	0.0	0.0	97.0	10.0	90.0	24.0	0.0	10.0	46.0	60.0	0.0	16.0	4.0	58.0	0.0	0.0	16.0	12.0	0.0	37.0	4.0	36.0	31.0	0.0	0.0	0.0	14.0	0.0	0.0	0.0	48.0	0.0	12.0	0.0	60.0	0.0	0.0	0.0	0.0	0.0	0.0	21.0	96.0	5.0	58.0	48.0	0.0	0.0	0.0	0.0	23.0	84.0	0.0	3.0	0.0	0.0	0.0	0.0	0.0	0.0	91.0	72.0	0.0	39.0	0.0	51.0
0.0	0.0	73.0	0.0	0.0	0.0	29.0	0.0	0.0	0.0	0.0	25.0	1.0	0.0	0.0	85.0	14.0	0.0	5.0	13.0	95.0	70.0	0.0	25.0	53.0	82.0	24.0	0.0	91.0	89.0	86.0	0.0	38.0	0.0	8.0	3.0	0.0	0.0	0.0	71.0	0.0	74.0	72.0	0.0	0.0	0.0	0.0	5.0	0.0	61.0	0.0	0.0	36.0	64.0	0.0	91.0	51.0	0.0	0.0	82.0	0.0	11.0	0.0	48.0	21.0	95.0	42.0	0.0	57.0	52.0	0.0	34.0	0.0	26.0	0.0	0.0	78.0	74.0	54.0	0.0	41.0	53.0	0.0	85.0	0.0	92.0	0.0	16.0	36.0	0.0	0.0	72.0	0.0
35.0	0.0	0.0	33.0	49.0	0.0	0.0	0.0	0.0	44.0	48.0	0.0	69.0	15.0	0.0	0.0	0.0	14.0	0.0	0.0	0.0	64.0	71.0	41.0	52.0	15.0	75.0	97.0	0.0	33.0	36.0	0.0	0.0	51.0	53.0	43.0	0.0	58.0	0.0	43.0	0.0	0.0	33.0	56.0	0.0	0.0	0.0	0.0	0.0	0.0	75.0	15.0	78.0	68.0	60.0	0.0	45.0	0.0	0.0	0.0	0.0	20.0	0.0	89.0	55.0	74.0	29.0	0.0	0.0	83.0	68.0	0.0	0.0	0.0	0.0	76.0	0.0	26.0	19.0	0.0	65.0	0.0	100.0	0.0	0.0	55.0	96.0	98.0	2.0	0.0	17.0	2.0
88.0	46.0	71.0	44.0	49.0	0.0	77.0	0.0	69.0	97.0	0.0	0.0	26.0	74.0	64.0	19.0	0.0	0.0	80.0	0.0	73.0	0.0	0.0	20.0	100.0	0.0	66.0	0.0	0.0	0.0	95.0	0.0	0.0	0.0	0.0	0.0	42.0	34.0	88.0	0.0	12.0	58.0	68.0	0.0	88.0	0.0	75.0	0.0	75.0	78.0	33.0	21.0	53.0	84.0	0.0	0.0	3.0	88.0	86.0	0.0	9.0	0.0	75.0	0.0	0.0	84.0	0.0	0.0	61.0	99.0	0.0	0.0	0.0	0.0	70.0	0.0	39.0	0.0	0.0	92.0	0.0	0.0	0.0	84.0	7.0	0.0	0.0	0.0	0.0	0.0	45.0
24.0	36.0	60.0	0.0	0.0	0.0	0.0	0.0	95.0	0.0	0.0	78.0	0.0	15.0	0.0	15.0	0.0	0.0	0.0	0.0	0.0	0.0	40.0	46.0	0.0	0.0	1.0	60.0	0.0	74.0	0.0	0.0	0.0	0.0	0.0	19.0	0.0	45.0	0.0	0.0	0.0	0.0	82.0	0.0	0.0	66.0	6.0	42.0	0.0	39.0	40.0	19.0	90.0	62.0	39.0	0.0	0.0	18.0	41.0	0.0	0.0	0.0	0.0	0.0	0.0	82.0	0.0	0.0	32.0	0.0	0.0	0.0	12.0	0.0	0.0	0.0	0.0	3.0	62.0	55.0	0.0	0.0	0.0	30.0	48.0	0.0	0.0	63.0	70.0	0.0
95.0	0.0	0.0	49.0	0.0	0.0	0.0	88.0	13.0	89.0	0.0	28.0	95.0	3.0	0.0	63.0	70.0	0.0	28.0	16.0	41.0	0.0	73.0	9.0	0.0	13.0	6.0	0.0	85.0	21.0	0.0	0.0	0.0	0.0	0.0	56.0	0.0	40.0	0.0	0.0	0.0	44.0	35.0	0.0	0.0	0.0	78.0	0.0	0.0	0.0	79.0	0.0	4.0	38.0	0.0	76.0	4.0	6.0	78.0	0.0	0.0	45.0	0.0	18.0	0.0	0.0	0.0	87.0	45.0	0.0	8.0	0.0	0.0	46.0	0.0	14.0	0.0	0.0	0.0	0.0	27.0	0.0	17.0	22.0	0.0	0.0	0.0	80.0	0.0
97.0	95.0	6.0	71.0	0.0	5.0	7.0	0.0	80.0	0.0	0.0	66.0	47.0	0.0	0.0	0.0	82.0	0.0	18.0	0.0	0.0	0.0	0.0	34.0	0.0	28.0	0.0	0.0	15.0	92.0	91.0	93.0	0.0	0.0	0.0	8.0	0.0	0.0	0.0	64.0	0.0	0.0	0.0	47.0	100.0	0.0	71.0	0.0	58.0	60.0	71.0	11.0	0.0	0.0	66.0	16.0	43.0	0.0	0.0	0.0	28.0	100.0	0.0	17.0	32.0	0.0	63.0	71.0	19.0	0.0	0.0	56.0	92.0	70.0	0.0	0.0	0.0	88.0	0.0	0.0	45.0	0.0	0.0	0.0	13.0	14.0	0.0	63.0
0.0	0.0	44.0	95.0	0.0	19.0	0.0	0.0	0.0	70.0	90.0	0.0	95.0	89.0	20.0	74.0	0.0	19.0	76.0	0.0	84.0	0.0	0.0	0.0	0.0	60.0	84.0	0.0	0.0	0.0	9.0	0.0	0.0	76.0	0.0	58.0	45.0	0.0	18.0	20.0	0.0	47.0	0.0	9.0	0.0	0.0	15.0	65.0	50.0	0.0	56.0	57.0	0.0	58.0	0.0	0.0	0.0	58.0	52.0	89.0	0.0	59.0	81.0	74.0	0.0	31.0	45.0	91.0	52.0	82.0	96.0	0.0	0.0	86.0	17.0	0.0	0.0	0.0	29.0	0.0	0.0	0.0	3.0	41.0	72.0	60.0	0.0
48.0	0.0	42.0	41.0	0.0	18.0	0.0	40.0	89.0	0.0	0.0	0.0	44.0	98.0	0.0	0.0	0.0	0.0	0.0	39.0	56.0	63.0	0.0	58.0	0.0	52.0	0.0	0.0	0.0	46.0	56.0	0.0	0.0	4.0	0.0	90.0	0.0	0.0	0.0	15.0	85.0	88.0	35.0	30.0	91.0	38.0	78.0	0.0	0.0	31.0	0.0	54.0	12.0	77.0	0.0	77.0	0.0	0.0	0.0	0.0	11.0	0.0	0.0	0.0	0.0	38.0	0.0	0.0	93.0	66.0	54.0	0.0	0.0	0.0	61.0	75.0	0.0	0.0	11.0	0.0	0.0	11.0	0.0	68.0	0.0	4.0
0.0	0.0	0.0	0.0	0.0	89.0	0.0	0.0	93.0	75.0	0.0	57.0	80.0	14.0	34.0	35.0	0.0	86.0	0.0	18.0	79.0	76.0	54.0	0.0	65.0	5.0	0.0	0.0	19.0	0.0	39.0	84.0	64.0	61.0	0.0	0.0	79.0	0.0	27.0	65.0	0.0	36.0	37.0	0.0	0.0	44.0	0.0	70.0	0.0	0.0	30.0	57.0	11.0	96.0	0.0	0.0	0.0	34.0	52.0	0.0	0.0	12.0	22.0	0.0	0.0	0.0	0.0	63.0	1.0	0.0	21.0	5.0	0.0	0.0	50.0	0.0	80.0	0.0	0.0	100.0	94.0	0.0	15.0	0.0	0.0
3.0	51.0	27.0	67.0	95.0	0.0	35.0	0.0	0.0	0.0	68.0	0.0	65.0	85.0	36.0	24.0	0.0	93.0	0.0	0.0	16.0	0.0	38.0	0.0	71.0	0.0	0.0	0.0	0.0	84.0	91.0	0.0	0.0	0.0	76.0	93.0	0.0	95.0	0.0	0.0	57.0	34.0	20.0	53.0	0.0	0.0	58.0	0.0	0.0	0.0	0.0	0.0	0.0	58.0	96.0	0.0	0.0	0.0	32.0	67.0	0.0	0.0	0.0	0.0	0.0	88.0	42.0	0.0	0.0	0.0	58.0	0.0	0.0	0.0	0.0	90.0	0.0	0.0	0.0	0.0	39.0	0.0	11.0	17.0
20.0	0.0	67.0	0.0	76.0	97.0	0.0	19.0	18.0	26.0	0.0	58.0	46.0	53.0	2.0	4.0	12.0	0.0	0.0	0.0	0.0	0.0	0.0	27.0	0.0	0.0	67.0	75.0	49.0	27.0	0.0	46.0	0.0	39.0	13.0	0.0	0.0	0.0	1.0	0.0	39.0	0.0	0.0	1.0	0.0	22.0	40.0	73.0	0.0	17.0	0.0	72.0	0.0	68.0	43.0	0.0	0.0	0.0	69.0	0.0	99.0	0.0	0.0	0.0	14.0	98.0	0.0	0.0	19.0	58.0	0.0	49.0	0.0	75.0	84.0	36.0	0.0	0.0	19.0	0.0	32.0	30.0	0.0
0.0	14.0	52.0	1.0	22.0	99.0	31.0	40.0	72.0	57.0	0.0	0.0	0.0	0.0	33.0	27.0	0.0	0.0	19.0	58.0	0.0	0.0	0.0	0.0	80.0	0.0	0.0	68.0	0.0	87.0	0.0	36.0	0.0	0.0	19.0	0.0	82.0	49.0	100.0	4.0	0.0	9.0	4.0	0.0	0.0	0.0	68.0	0.0	63.0	32.0	39.0	0.0	11.0	0.0	18.0	84.0	0.0	0.0	33.0	0.0	0.0	0.0	0.0	0.0	93.0	0.0	0.0	0.0	0.0	0.0	86.0	0.0	50.0	0.0	3.0	22.0	38.0	0.0	70.0	0.0	66.0	95.0
60.0	24.0	0.0	0.0	82.0	43.0	0.0	0.0	0.0	75.0	80.0	81.0	53.0	0.0	70.0	82.0	30.0	57.0	2.0	0.0	0.0	0.0	40.0	92.0	0.0	0.0	0.0	0.0	0.0	53.0	0.0	13.0	76.0	0.0	0.0	4.0	32.0	0.0	75.0	83.0	55.0	65.0	33.0	49.0	92.0	0.0	0.0	0.0	0.0	87.0	87.0	85.0	43.0	9.0	47.0	80.0	0.0	0.0	0.0	0.0	0.0	0.0	65.0	97.0	0.0	0.0	76.0	55.0	29.0	27.0	0.0	76.0	82.0	67.0	0.0	90.0	0.0	3.0	66.0	0.0	0.0
0.0	25.0	82.0	12.0	5.0	0.0	0.0	0.0	51.0	0.0	0.0	90.0	0.0	0.0	67.0	18.0	0.0	16.0	26.0	2.0	0.0	0.0	0.0	0.0	0.0	0.0	4.0	72.0	0.0	0.0	93.0	0.0	4.0	72.0	7.0	14.0	0.0	91.0	0.0	0.0	0.0	0.0	0.0	61.0	2.0	81.0	0.0	76.0	25.0	0.0	26.0	0.0	97.0	0.0	0.0	49.0	95.0	6.0	22.0	0.0	0.0	0.0	32.0	0.0	50.0	0.0	0.0	56.0	4.0	35.0	13.0	6.0	0.0	24.0	0.0	0.0	62.0	0.0	78.0	41.0
0.0	0.0	0.0	78.0	99.0	90.0	0.0	7.0	62.0	84.0	0.0	0.0	0.0	59.0	0.0	38.0	92.0	0.0	0.0	0.0	0.0	62.0	0.0	91.0	11.0	55.0	62.0	0.0	0.0	0.0	88.0	0.0	0.0	74.0	0.0	78.0	64.0	0.0	68.0	84.0	87.0	0.0	0.0	0.0	22.0	0.0	0.0	100.0	0.0	0.0	7.0	25.0	43.0	26.0	6.0	49.0	0.0	2.0	0.0	0.0	3.0	37.0	0.0	0.0	0.0	17.0	22.0	0.0	24.0	0.0	0.0	73.0	0.0	0.0	0.0	0.0	19.0	0.0	0.0
0.0	44.0	0.0	37.0	0.0	20.0	8.0	0.0	0.0	0.0	21.0	30.0	23.0	0.0	0.0	0.0	0.0	0.0	70.0	27.0	0.0	0.0	0.0	0.0	0.0	63.0	20.0	79.0	16.0	2.0	49.0	71.0	1.0	73.0	0.0	0.0	42.0	0.0	0.0	0.0	49.0	0.0	0.0	66.0	0.0	0.0	18.0	61.0	87.0	0.0	12.0	0.0	0.0	27.0	0.0	98.0	0.0	0.0	69.0	0.0	90.0	10.0	20.0	96.0	75.0	49.0	0.0	31.0	0.0	16.0	27.0	0.0	51.0	16.0	71.0	0.0	0.0	0.0
75.0	61.0	0.0	93.0	32.0	7.0	0.0	82.0	0.0	17.0	0.0	0.0	93.0	20.0	0.0	0.0	0.0	0.0	0.0	0.0	0.0	0.0	0.0	0.0	0.0	1.0	90.0	51.0	53.0	0.0	40.0	0.0	66.0	61.0	11.0	0.0	72.0	0.0	25.0	100.0	0.0	14.0	0.0	31.0	0.0	0.0	0.0	0.0	0.0	57.0	93.0	46.0	0.0	100.0	0.0	69.0	0.0	0.0	97.0	0.0	100.0	2.0	3.0	51.0	0.0	0.0	0.0	49.0	0.0	0.0	25.0	91.0	94.0	0.0	74.0	87.0	0.0
20.0	28.0	0.0	0.0	0.0	0.0	90.0	0.0	14.0	0.0	0.0	0.0	0.0	0.0	72.0	30.0	0.0	90.0	67.0	0.0	50.0	0.0	20.0	0.0	0.0	0.0	0.0	6.0	61.0	85.0	77.0	0.0	0.0	35.0	0.0	23.0	0.0	36.0	0.0	21.0	80.0	40.0	8.0	0.0	0.0	0.0	98.0	83.0	0.0	0.0	0.0	84.0	39.0	0.0	0.0	0.0	45.0	84.0	0.0	18.0	98.0	87.0	0.0	36.0	2.0	35.0	94.0	0.0	7.0	24.0	7.0	13.0	0.0	11.0	44.0	18.0
0.0	52.0	0.0	0.0	73.0	0.0	0.0	0.0	51.0	98.0	0.0	0.0	58.0	94.0	0.0	87.0	83.0	70.0	0.0	22.0	0.0	42.0	0.0	0.0	36.0	82.0	85.0	16.0	53.0	0.0	15.0	40.0	0.0	58.0	4.0	0.0	0.0	0.0	16.0	44.0	0.0	84.0	96.0	0.0	15.0	55.0	29.0	56.0	20.0	48.0	0.0	44.0	15.0	0.0	30.0	34.0	75.0	0.0	80.0	90.0	0.0	33.0	0.0	0.0	52.0	0.0	40.0	0.0	0.0	0.0	0.0	0.0	21.0	0.0	0.0
43.0	0.0	0.0	0.0	88.0	64.0	96.0	16.0	0.0	0.0	32.0	17.0	23.0	54.0	0.0	81.0	17.0	28.0	0.0	0.0	0.0	49.0	60.0	43.0	0.0	0.0	68.0	0.0	0.0	67.0	0.0	68.0	0.0	0.0	15.0	59.0	0.0	41.0	0.0	0.0	40.0	0.0	0.0	98.0	0.0	0.0	1.0	89.0	81.0	96.0	0.0	35.0	0.0	70.0	0.0	0.0	31.0	0.0	52.0	83.0	20.0	0.0	11.0	86.0	0.0	99.0	0.0	86.0	0.0	72.0	13.0	0.0	6.0	0.0
62.0	66.0	0.0	0.0	24.0	0.0	6.0	0.0	9.0	0.0	48.0	11.0	0.0	3.0	0.0	85.0	97.0	12.0	71.0	0.0	0.0	79.0	1.0	39.0	0.0	91.0	0.0	69.0	28.0	0.0	37.0	0.0	0.0	95.0	28.0	0.0	0.0	0.0	0.0	62.0	94.0	0.0	18.0	73.0	14.0	77.0	0.0	0.0	88.0	40.0	31.0	0.0	0.0	0.0	0.0	0.0	46.0	55.0	34.0	0.0	43.0	19.0	26.0	0.0	86.0	29.0	93.0	0.0	1.0	47.0	0.0	51.0	0.0
0.0	0.0	66.0	0.0	0.0	95.0	0.0	12.0	14.0	89.0	13.0	25.0	0.0	22.0	0.0	0.0	0.0	4.0	0.0	0.0	23.0	0.0	8.0	0.0	8.0	38.0	0.0	0.0	0.0	74.0	0.0	54.0	0.0	30.0	0.0	0.0	0.0	0.0	0.0	17.0	35.0	74.0	0.0	79.0	0.0	0.0	61.0	0.0	64.0	73.0	0.0	90.0	72.0	0.0	0.0	32.0	0.0	0.0	86.0	18.0	0.0	0.0	0.0	0.0	0.0	0.0	85.0	48.0	0.0	47.0	92.0	72.0
77.0	77.0	7.0	0.0	99.0	27.0	75.0	95.0	0.0	63.0	0.0	0.0	0.0	44.0	1.0	0.0	73.0	28.0	0.0	23.0	84.0	0.0	64.0	100.0	0.0	0.0	0.0	38.0	0.0	77.0	0.0	9.0	0.0	0.0	0.0	39.0	0.0	65.0	6.0	0.0	0.0	11.0	70.0	0.0	24.0	0.0	34.0	0.0	0.0	0.0	0.0	4.0	0.0	93.0	0.0	0.0	0.0	0.0	36.0	85.0	81.0	0.0	0.0	0.0	0.0	0.0	1.0	0.0	0.0	80.0	70.0
0.0	51.0	57.0	0.0	68.0	0.0	0.0	0.0	31.0	59.0	45.0	0.0	10.0	98.0	0.0	2.0	79.0	0.0	0.0	52.0	52.0	0.0	0.0	21.0	47.0	85.0	12.0	44.0	75.0	34.0	0.0	0.0	15.0	0.0	0.0	0.0	0.0	40.0	0.0	0.0	39.0	0.0	0.0	0.0	36.0	90.0	58.0	0.0	0.0	85.0	0.0	0.0	10.0	0.0	0.0	60.0	0.0	91.0	0.0	0.0	47.0	34.0	0.0	87.0	17.0	0.0	0.0	0.0	0.0	0.0
0.0	0.0	0.0	39.0	44.0	0.0	0.0	0.0	21.0	0.0	0.0	0.0	0.0	0.0	58.0	0.0	98.0	0.0	0.0	0.0	11.0	24.0	0.0	0.0	0.0	0.0	77.0	0.0	25.0	0.0	45.0	19.0	0.0	2.0	82.0	31.0	19.0	0.0	0.0	14.0	62.0	51.0	71.0	18.0	36.0	0.0	15.0	46.0	0.0	29.0	25.0	31.0	0.0	50.0	1.0	0.0	0.0	0.0	0.0	0.0	0.0	86.0	0.0	6.0	15.0	99.0	8.0	6.0	0.0
0.0	8.0	62.0	71.0	64.0	76.0	0.0	87.0	61.0	75.0	39.0	35.0	80.0	0.0	69.0	10.0	0.0	44.0	0.0	0.0	49.0	11.0	78.0	57.0	0.0	0.0	0.0	18.0	18.0	16.0	7.0	0.0	88.0	0.0	45.0	0.0	42.0	98.0	61.0	29.0	11.0	0.0	23.0	73.0	78.0	0.0	85.0	0.0	69.0	87.0	0.0	54.0	17.0	0.0	16.0	0.0	0.0	0.0	58.0	0.0	0.0	91.0	0.0	56.0	0.0	52.0	88.0	0.0
0.0	59.0	58.0	0.0	0.0	0.0	0.0	0.0	47.0	0.0	0.0	0.0	51.0	0.0	0.0	41.0	62.0	41.0	0.0	49.0	78.0	0.0	40.0	75.0	0.0	0.0	75.0	34.0	0.0	0.0	0.0	92.0	0.0	0.0	0.0	85.0	85.0	0.0	0.0	55.0	36.0	93.0	0.0	26.0	0.0	16.0	25.0	35.0	17.0	0.0	36.0	92.0	0.0	19.0	0.0	0.0	20.0	0.0	0.0	0.0	0.0	0.0	0.0	0.0	0.0	67.0	0.0
0.0	0.0	46.0	66.0	98.0	83.0	27.0	0.0	0.0	0.0	0.0	0.0	0.0	0.0	68.0	0.0	70.0	65.0	0.0	65.0	0.0	0.0	59.0	15.0	0.0	20.0	63.0	0.0	70.0	67.0	0.0	0.0	41.0	85.0	21.0	80.0	0.0	0.0	1.0	4.0	0.0	0.0	0.0	0.0	0.0	0.0	0.0	64.0	0.0	0.0	0.0	0.0	0.0	5.0	0.0	25.0	0.0	0.0	0.0	0.0	0.0	0.0	0.0	41.0	0.0	95.0
48.0	30.0	0.0	92.0	98.0	19.0	0.0	0.0	0.0	0.0	0.0	94.0	0.0	83.0	55.0	22.0	0.0	9.0	0.0	0.0	0.0	0.0	0.0	71.0	0.0	70.0	0.0	0.0	0.0	0.0	0.0	0.0	0.0	77.0	0.0	0.0	0.0	57.0	0.0	0.0	76.0	94.0	0.0	0.0	18.0	0.0	70.0	18.0	0.0	88.0	41.0	0.0	0.0	0.0	82.0	13.0	0.0	0.0	28.0	61.0	86.0	64.0	58.0	0.0	0.0
85.0	55.0	35.0	62.0	56.0	95.0	0.0	49.0	0.0	57.0	42.0	0.0	0.0	0.0	0.0	60.0	13.0	32.0	32.0	86.0	31.0	41.0	53.0	10.0	0.0	62.0	48.0	0.0	0.0	0.0	0.0	0.0	25.0	0.0	92.0	59.0	5.0	0.0	0.0	71.0	0.0	42.0	85.0	97.0	0.0	15.0	53.0	0.0	0.0	0.0	0.0	0.0	0.0	3.0	0.0	84.0	1.0	78.0	0.0	59.0	0.0	51.0	0.0	0.0
99.0	78.0	0.0	0.0	27.0	0.0	0.0	43.0	0.0	0.0	47.0	0.0	0.0	86.0	41.0	0.0	86.0	0.0	18.0	87.0	27.0	0.0	51.0	0.0	7.0	17.0	0.0	0.0	97.0	0.0	0.0	0.0	1.0	50.0	12.0	88.0	0.0	5.0	0.0	0.0	0.0	6.0	0.0	0.0	49.0	88.0	0.0	51.0	0.0	62.0	0.0	89.0	16.0	86.0	0.0	31.0	75.0	35.0	0.0	0.0	0.0	71.0	75.0
42.0	0.0	0.0	51.0	0.0	76.0	0.0	0.0	32.0	21.0	0.0	93.0	2.0	0.0	0.0	0.0	0.0	0.0	0.0	0.0	16.0	3.0	6.0	0.0	79.0	94.0	0.0	5.0	14.0	0.0	7.0	0.0	0.0	38.0	0.0	0.0	0.0	86.0	17.0	0.0	0.0	0.0	92.0	0.0	70.0	0.0	0.0	58.0	58.0	17.0	0.0	0.0	0.0	38.0	7.0	21.0	37.0	71.0	55.0	0.0	57.0	3.0
67.0	0.0	44.0	0.0	0.0	0.0	66.0	0.0	0.0	56.0	82.0	24.0	0.0	76.0	0.0	0.0	0.0	0.0	0.0	47.0	46.0	0.0	52.0	0.0	33.0	0.0	21.0	57.0	0.0	39.0	61.0	0.0	49.0	29.0	0.0	42.0	70.0	71.0	0.0	15.0	46.0	63.0	17.0	94.0	73.0	0.0	0.0	57.0	0.0	31.0	0.0	16.0	88.0	0.0	0.0	12.0	0.0	23.0	0.0	89.0	75.0
0.0	0.0	7.0	48.0	65.0	0.0	91.0	0.0	89.0	0.0	25.0	0.0	22.0	0.0	0.0	0.0	88.0	0.0	70.0	73.0	0.0	55.0	24.0	0.0	0.0	0.0	0.0	36.0	17.0	1.0	92.0	58.0	0.0	0.0	0.0	0.0	87.0	0.0	42.0	0.0	25.0	10.0	0.0	70.0	83.0	80.0	4.0	0.0	0.0	86.0	0.0	0.0	0.0	0.0	0.0	0.0	0.0	0.0	87.0	0.0
0.0	0.0	0.0	4.0	68.0	32.0	76.0	0.0	60.0	78.0	37.0	0.0	0.0	0.0	0.0	0.0	0.0	68.0	54.0	0.0	0.0	0.0	53.0	5.0	0.0	42.0	2.0	0.0	52.0	0.0	0.0	12.0	0.0	0.0	0.0	35.0	0.0	0.0	0.0	18.0	0.0	49.0	0.0	0.0	94.0	0.0	13.0	0.0	73.0	0.0	100.0	0.0	0.0	78.0	0.0	93.0	57.0	0.0	14.0
0.0	51.0	32.0	46.0	15.0	14.0	72.0	0.0	0.0	72.0	0.0	29.0	0.0	0.0	0.0	27.0	0.0	97.0	88.0	0.0	78.0	5.0	0.0	0.0	99.0	33.0	0.0	85.0	97.0	14.0	0.0	0.0	0.0	5.0	59.0	39.0	0.0	0.0	73.0	85.0	64.0	0.0	0.0	0.0	0.0	0.0	40.0	0.0	0.0	0.0	48.0	0.0	0.0	0.0	0.0	69.0	0.0	77.0
0.0	58.0	0.0	66.0	78.0	0.0	0.0	15.0	0.0	0.0	0.0	71.0	30.0	0.0	24.0	92.0	0.0	37.0	0.0	0.0	0.0	0.0	55.0	13.0	0.0	0.0	0.0	97.0	0.0	0.0	66.0	11.0	78.0	0.0	5.0	46.0	0.0	90.0	3.0	26.0	0.0	0.0	0.0	0.0	16.0	0.0	37.0	0.0	18.0	0.0	17.0	0.0	0.0	0.0	2.0	0.0	0.0
0.0	0.0	0.0	95.0	53.0	0.0	38.0	0.0	12.0	0.0	15.0	20.0	0.0	9.0	17.0	0.0	98.0	29.0	95.0	11.0	88.0	0.0	34.0	74.0	0.0	0.0	0.0	55.0	95.0	59.0	52.0	91.0	45.0	0.0	0.0	0.0	0.0	66.0	88.0	32.0	47.0	0.0	0.0	0.0	0.0	64.0	0.0	69.0	90.0	0.0	0.0	24.0	4.0	0.0	94.0	0.0
0.0	0.0	0.0	0.0	0.0	0.0	0.0	4.0	0.0	57.0	49.0	0.0	35.0	40.0	5.0	0.0	41.0	97.0	66.0	0.0	0.0	15.0	0.0	0.0	0.0	0.0	14.0	52.0	0.0	2.0	7.0	79.0	45.0	46.0	41.0	28.0	45.0	0.0	0.0	69.0	56.0	36.0	20.0	46.0	0.0	0.0	0.0	0.0	60.0	8.0	0.0	19.0	0.0	96.0	0.0
0.0	0.0	0.0	0.0	5.0	79.0	39.0	0.0	95.0	0.0	57.0	0.0	0.0	0.0	0.0	58.0	0.0	33.0	61.0	0.0	91.0	33.0	68.0	0.0	60.0	0.0	0.0	0.0	74.0	3.0	0.0	73.0	25.0	0.0	0.0	0.0	0.0	47.0	18.0	0.0	55.0	47.0	0.0	33.0	90.0	1.0	94.0	85.0	0.0	0.0	46.0	96.0	0.0	0.0
31.0	0.0	0.0	0.0	0.0	24.0	0.0	0.0	69.0	0.0	0.0	0.0	0.0	0.0	0.0	27.0	32.0	68.0	51.0	20.0	53.0	0.0	72.0	0.0	28.0	0.0	87.0	0.0	0.0	0.0	0.0	2.0	94.0	83.0	0.0	61.0	66.0	22.0	43.0	86.0	0.0	0.0	0.0	0.0	0.0	52.0	0.0	63.0	0.0	70.0	75.0	0.0	0.0
23.0	0.0	43.0	74.0	0.0	91.0	18.0	0.0	11.0	0.0	51.0	23.0	59.0	26.0	0.0	0.0	0.0	76.0	4.0	0.0	0.0	0.0	31.0	31.0	0.0	0.0	0.0	0.0	0.0	0.0	9.0	0.0	40.0	0.0	53.0	0.0	0.0	0.0	0.0	20.0	0.0	8.0	0.0	0.0	83.0	0.0	0.0	0.0	90.0	22.0	14.0	0.0
0.0	56.0	0.0	0.0	72.0	0.0	0.0	0.0	0.0	0.0	44.0	0.0	36.0	0.0	23.0	0.0	0.0	0.0	78.0	0.0	0.0	0.0	0.0	26.0	0.0	75.0	0.0	0.0	88.0	69.0	0.0	0.0	0.0	0.0	0.0	0.0	0.0	0.0	0.0	56.0	23.0	0.0	26.0	82.0	87.0	45.0	0.0	0.0	0.0	30.0	66.0
0.0	53.0	60.0	2.0	0.0	66.0	91.0	0.0	0.0	0.0	0.0	36.0	0.0	0.0	32.0	89.0	98.0	58.0	0.0	0.0	9.0	0.0	98.0	0.0	0.0	0.0	20.0	0.0	21.0	0.0	3.0	0.0	0.0	98.0	0.0	96.0	0.0	0.0	0.0	30.0	98.0	0.0	74.0	0.0	0.0	72.0	32.0	97.0	0.0	0.0
85.0	0.0	0.0	100.0	72.0	0.0	0.0	0.0	0.0	0.0	0.0	17.0	95.0	25.0	27.0	0.0	99.0	40.0	88.0	4.0	23.0	0.0	24.0	0.0	0.0	60.0	47.0	0.0	43.0	63.0	17.0	0.0	20.0	31.0	0.0	0.0	0.0	0.0	12.0	0.0	0.0	0.0	54.0	84.0	83.0	0.0	0.0	68.0	0.0
0.0	56.0	32.0	0.0	19.0	23.0	35.0	0.0	85.0	59.0	39.0	100.0	87.0	73.0	26.0	0.0	63.0	0.0	0.0	16.0	51.0	91.0	83.0	94.0	89.0	63.0	0.0	0.0	0.0	0.0	17.0	0.0	4.0	0.0	0.0	40.0	0.0	0.0	88.0	0.0	5.0	0.0	0.0	0.0	0.0	55.0	0.0	0.0
0.0	0.0	6.0	0.0	0.0	0.0	0.0	84.0	44.0	0.0	75.0	39.0	0.0	24.0	0.0	92.0	0.0	40.0	89.0	50.0	77.0	48.0	0.0	65.0	0.0	2.0	0.0	63.0	53.0	76.0	0.0	54.0	0.0	0.0	0.0	0.0	37.0	10.0	0.0	21.0	41.0	0.0	35.0	42.0	37.0	0.0	0.0
35.0	0.0	0.0	67.0	0.0	38.0	90.0	86.0	27.0	0.0	45.0	52.0	59.0	82.0	94.0	31.0	90.0	0.0	0.0	0.0	82.0	90.0	0.0	68.0	51.0	0.0	70.0	0.0	86.0	13.0	0.0	92.0	0.0	15.0	0.0	2.0	30.0	0.0	37.0	43.0	0.0	0.0	0.0	0.0	0.0	0.0
61.0	0.0	35.0	0.0	0.0	72.0	2.0	86.0	0.0	39.0	87.0	0.0	0.0	0.0	43.0	0.0	0.0	0.0	0.0	0.0	62.0	0.0	21.0	8.0	40.0	0.0	16.0	0.0	53.0	0.0	39.0	0.0	33.0	89.0	0.0	0.0	98.0	33.0	0.0	98.0	41.0	0.0	74.0	0.0	0.0
0.0	0.0	0.0	0.0	0.0	0.0	0.0	59.0	0.0	36.0	73.0	0.0	58.0	0.0	0.0	91.0	92.0	0.0	0.0	0.0	0.0	45.0	0.0	0.0	0.0	59.0	0.0	42.0	0.0	0.0	0.0	0.0	0.0	32.0	32.0	12.0	0.0	0.0	0.0	18.0	77.0	0.0	69.0	86.0
7.0	59.0	88.0	6.0	0.0	24.0	66.0	49.0	7.0	0.0	20.0	0.0	80.0	0.0	0.0	0.0	0.0	12.0	36.0	0.0	0.0	14.0	68.0	0.0	55.0	14.0	0.0	86.0	3.0	0.0	0.0	0.0	48.0	16.0	0.0	0.0	68.0	69.0	0.0	0.0	0.0	71.0	0.0
79.0	0.0	0.0	7.0	0.0	0.0	0.0	0.0	55.0	27.0	0.0	0.0	0.0	0.0	0.0	35.0	0.0	0.0	14.0	0.0	0.0	0.0	65.0	31.0	0.0	4.0	11.0	0.0	87.0	0.0	0.0	39.0	1.0	0.0	0.0	59.0	0.0	0.0	41.0	61.0	0.0	24.0
19.0	0.0	62.0	0.0	91.0	55.0	0.0	0.0	0.0	0.0	51.0	10.0	2.0	89.0	21.0	0.0	0.0	25.0	85.0	71.0	79.0	63.0	90.0	66.0	97.0	0.0	64.0	76.0	0.0	0.0	24.0	0.0	0.0	0.0	71.0	0.0	98.0	0.0	2.0	0.0	48.0
0.0	0.0	40.0	52.0	89.0	0.0	0.0	24.0	0.0	0.0	66.0	99.0	0.0	72.0	0.0	0.0	14.0	56.0	88.0	67.0	0.0	62.0	0.0	0.0	99.0	0.0	52.0	0.0	59.0	0.0	56.0	0.0	0.0	99.0	65.0	0.0	65.0	3.0	77.0	60.0
0.0	0.0	21.0	0.0	19.0	0.0	0.0	13.0	0.0	95.0	61.0	0.0	49.0	20.0	25.0	7.0	0.0	0.0	78.0	10.0	51.0	0.0	81.0	48.0	44.0	0.0	0.0	55.0	0.0	0.0	0.0	0.0	16.0	0.0	0.0	0.0	0.0	86.0	13.0
91.0	14.0	0.0	0.0	0.0	3.0	94.0	0.0	0.0	4.0	0.0	35.0	47.0	0.0	34.0	0.0	78.0	0.0	38.0	84.0	0.0	0.0	20.0	11.0	71.0	70.0	16.0	60.0	15.0	0.0	71.0	51.0	95.0	45.0	0.0	0.0	63.0	0.0
88.0	60.0	0.0	0.0	0.0	0.0	68.0	25.0	0.0	0.0	82.0	0.0	81.0	66.0	77.0	62.0	0.0	79.0	0.0	45.0	0.0	0.0	56.0	56.0	73.0	25.0	0.0	39.0	1.0	18.0	0.0	0.0	0.0	17.0	0.0	62.0	28.0
0.0	96.0	17.0	77.0	0.0	0.0	81.0	0.0	44.0	0.0	80.0	0.0	0.0	58.0	40.0	92.0	76.0	0.0	0.0	0.0	0.0	62.0	72.0	0.0	99.0	63.0	0.0	27.0	89.0	85.0	0.0	0.0	0.0	0.0	15.0	0.0
0.0	88.0	36.0	0.0	5.0	46.0	0.0	82.0	0.0	0.0	93.0	0.0	0.0	0.0	57.0	0.0	0.0	0.0	16.0	0.0	90.0	0.0	30.0	62.0	54.0	0.0	0.0	47.0	0.0	0.0	55.0	0.0	0.0	29.0	0.0
82.0	0.0	52.0	92.0	0.0	89.0	0.0	0.0	14.0	0.0	21.0	0.0	0.0	38.0	0.0	5.0	0.0	64.0	51.0	0.0	37.0	0.0	31.0	0.0	0.0	96.0	40.0	0.0	29.0	35.0	0.0	49.0	22.0	93.0
1.0	0.0	0.0	0.0	81.0	0.0	24.0	0.0	0.0	63.0	77.0	0.0	96.0	9.0	0.0	0.0	22.0	56.0	0.0	1.0	0.0	81.0	47.0	14.0	90.0	68.0	0.0	0.0	1.0	23.0	0.0	17.0	69.0
0.0	7.0	0.0	58.0	55.0	37.0	0.0	0.0	6.0	84.0	0.0	71.0	0.0	0.0	0.0	52.0	0.0	0.0	0.0	0.0	28.0	30.0	13.0	0.0	0.0	80.0	0.0	0.0	0.0	3.0	0.0	42.0
3.0	46.0	76.0	47.0	11.0	16.0	0.0	77.0	0.0	19.0	0.0	0.0	88.0	50.0	0.0	64.0	59.0	0.0	100.0	11.0	22.0	0.0	12.0	0.0	98.0	0.0	73.0	22.0	0.0	0.0	0.0
0.0	0.0	38.0	99.0	0.0	0.0	0.0	0.0	0.0	0.0	0.0	63.0	4.0	0.0	0.0	25.0	0.0	0.0	0.0	1.0	60.0	0.0	0.0	43.0	80.0	0.0	0.0	1.0	0.0	31.0
61.0	0.0	19.0	0.0	0.0	47.0	0.0	0.0	0.0	0.0	0.0	54.0	0.0	0.0	40.0	0.0	92.0	0.0	67.0	66.0	69.0	0.0	0.0	0.0	0.0	0.0	0.0	78.0	63.0
14.0	26.0	69.0	26.0	31.0	0.0	0.0	77.0	0.0	0.0	0.0	0.0	0.0	69.0	76.0	69.0	100.0	63.0	0.0	0.0	42.0	0.0	40.0	0.0	0.0	0.0	4.0	0.0
0.0	0.0	48.0	49.0	63.0	75.0	0.0	23.0	0.0	34.0	75.0	0.0	99.0	20.0	11.0	85.0	22.0	63.0	0.0	37.0	0.0	90.0	40.0	0.0	14.0	0.0	59.0
0.0	54.0	22.0	0.0	54.0	0.0	0.0	95.0	0.0	18.0	76.0	0.0	59.0	0.0	0.0	0.0	100.0	22.0	0.0	0.0	40.0	0.0	95.0	91.0	0.0	0.0
0.0	57.0	58.0	67.0	23.0	95.0	71.0	10.0	0.0	0.0	0.0	49.0	0.0	39.0	7.0	58.0	11.0	0.0	0.0	34.0	0.0	0.0	0.0	0.0	0.0
0.0	34.0	12.0	0.0	0.0	0.0	35.0	5.0	71.0	27.0	64.0	0.0	0.0	2.0	95.0	59.0	0.0	59.0	69.0	7.0	0.0	0.0	66.0	69.0
18.0	0.0	0.0	0.0	69.0	67.0	35.0	0.0	0.0	47.0	0.0	0.0	0.0	47.0	0.0	56.0	94.0	54.0	7.0	92.0	0.0	0.0	0.0
0.0	0.0	0.0	37.0	0.0	1.0	7.0	0.0	0.0	71.0	31.0	0.0	12.0	0.0	37.0	89.0	0.0	63.0	12.0	51.0	22.0	45.0
1.0	0.0	64.0	0.0	67.0	0.0	0.0	21.0	0.0	2.0	32.0	0.0	33.0	0.0	0.0	77.0	0.0	0.0	72.0	0.0	57.0
96.0	0.0	0.0	20.0	99.0	3.0	17.0	0.0	80.0	0.0	35.0	0.0	0.0	0.0	47.0	15.0	0.0	53.0	76.0	76.0
100.0	0.0	30.0	25.0	0.0	31.0	84.0	72.0	40.0	0.0	32.0	51.0	19.0	0.0	0.0	62.0	70.0	23.0	95.0
0.0	0.0	0.0	0.0	34.0	0.0	0.0	0.0	52.0	68.0	0.0	0.0	67.0	0.0	0.0	0.0	0.0	19.0
41.0	0.0	0.0	0.0	76.0	55.0	18.0	0.0	21.0	55.0	26.0	0.0	0.0	0.0	0.0	0.0	49.0
0.0	65.0	49.0	0.0	0.0	11.0	0.0	25.0	16.0	0.0	71.0	0.0	0.0	0.0	0.0	0.0
15.0	0.0	0.0	0.0	1.0	38.0	50.0	0.0	0.0	0.0	0.0	0.0	32.0	0.0	95.0
92.0	43.0	31.0	0.0	0.0	19.0	0.0	0.0	0.0	0.0	59.0	0.0	64.0	25.0
0.0	15.0	23.0	33.0	0.0	0.0	54.0	0.0	0.0	0.0	0.0	83.0	85.0
0.0	0.0	26.0	21.0	67.0	0.0	0.0	0.0	0.0	0.0	0.0	16.0
0.0	0.0	0.0	0.0	64.0	72.0	63.0	5.0	0.0	66.0	0.0
72.0	84.0	94.0	64.0	0.0	0.0	0.0	0.0	7.0	25.0
0.0	0.0	0.0	36.0	0.0	17.0	0.0	0.0	3.0
0.0	0.0	0.0	33.0	0.0	74.0	0.0	0.0
79.0	12.0	0.0	0.0	0.0	45.0	0.0
22.0	50.0	72.0	36.0	54.0	0.0
56.0	0.0	41.0	0.0	42.0
0.0	5.0	63.0	0.0
0.0	98.0	0.0
0.0	0.0
91.0

46.0	13.0	25.0	29.0	21.0	5.0	11.0	15.0	26.0	48.0	15.0	48.0	50.0	11.0	4.0	38.0	24.0	46.0	35.0	14.0	50.0	8.0	27.0	27.0	28.0	18.0	34.0	36.0	24.0	7.0	17.0	15.0	34.0	46.0	49.0	10.0	5.0	44.0	4.0	43.0	34.0	5.0	6.0	46.0	41.0	23.0	7.0	22.0	36.0	33.0	37.0	2.0	44.0	3.0	11.0	33.0	37.0	1.0	45.0	46.0	45.0	6.0	14.0	25.0	29.0	14.0	14.0	24.0	11.0	45.0	32.0	34.0	15.0	28.0	21.0	29.0	45.0	22.0	13.0	5.0	11.0	33.0	24.0	14.0	6.0	11.0	17.0	33.0	48.0	27.0	9.0	38.0	1.0	42.0	5.0	23.0	28.0	50.0	17.0	33.0

400.48	400.48	400.48	400.48	400.48
