qmkp_100_100_5_004
100
5

25.0	3.0	84.0	77.0	55.0	54.0	18.0	78.0	28.0	8.0	15.0	23.0	2.0	63.0	36.0	28.0	29.0	60.0	12.0	43.0	69.0	42.0	79.0	46.0	49.0	68.0	18.0	81.0	38.0	32.0	86.0	52.0	38.0	17.0	93.0	48.0	38.0	80.0	70.0	4.0	77.0	26.0	61.0	80.0	25.0	9.0	68.0	90.0	50.0	90.0	40.0	76.0	6.0	44.0	80.0	10.0	62.0	53.0	35.0	95.0	56.0	19.0	77.0	32.0	59.0	66.0	70.0	84.0	6.0	55.0	3.0	90.0	46.0	76.0	92.0	4.0	53.0	65.0	32.0	40.0	72.0	5.0	81.0	34.0	19.0	56.0	40.0	19.0	37.0	30.0	65.0	43.0	47.0	46.0	32.0	27.0	54.0	85.0	83.0	12.0
80.0	28.0	15.0	47.0	70.0	96.0	84.0	99.0	59.0	57.0	39.0	92.0	73.0	43.0	23.0	24.0	6.0	17.0	34.0	74.0	45.0	30.0	2.0	35.0	69.0	33.0	73.0	67.0	59.0	15.0	33.0	85.0	59.0	96.0	2.0	12.0	10.0	32.0	48.0	28.0	59.0	60.0	45.0	23.0	95.0	23.0	10.0	49.0	85.0	81.0	23.0	25.0	33.0	5.0	35.0	58.0	3.0	48.0	29.0	1.0	9.0	12.0	28.0	11.0	28.0	76.0	86.0	8.0	35.0	53.0	10.0	61.0	57.0	75.0	11.0	98.0	6.0	77.0	84.0	18.0	74.0	78.0	72.0	45.0	38.0	56.0	16.0	100.0	54.0	65.0	58.0	12.0	95.0	47.0	8.0	10.0	80.0	84.0	18.0
94.0	78.0	14.0	98.0	56.0	56.0	98.0	82.0	92.0	75.0	62.0	99.0	28.0	49.0	64.0	44.0	94.0	32.0	38.0	46.0	10.0	41.0	76.0	22.0	64.0	58.0	85.0	21.0	10.0	38.0	52.0	13.0	96.0	55.0	8.0	4.0	68.0	95.0	44.0	90.0	28.0	64.0	22.0	91.0	51.0	91.0	31.0	69.0	80.0	39.0	92.0	36.0	35.0	61.0	15.0	99.0	19.0	77.0	8.0	100.0	22.0	57.0	92.0	58.0	100.0	42.0	94.0	60.0	4.0	12.0	9.0	9.0	7.0	87.0	17.0	84.0	76.0	71.0	84.0	17.0	5.0	60.0	37.0	38.0	97.0	18.0	17.0	81.0	18.0	81.0	86.0	34.0	19.0	59.0	27.0	42.0	60.0	56.0
52.0	90.0	28.0	21.0	35.0	83.0	94.0	45.0	27.0	11.0	64.0	15.0	25.0	95.0	69.0	59.0	11.0	2.0	1.0	10.0	91.0	4.0	65.0	93.0	70.0	48.0	31.0	22.0	100.0	7.0	89.0	73.0	85.0	15.0	8.0	67.0	76.0	95.0	58.0	49.0	30.0	76.0	71.0	29.0	39.0	99.0	86.0	41.0	9.0	26.0	38.0	95.0	88.0	11.0	46.0	62.0	79.0	25.0	64.0	17.0	21.0	74.0	90.0	98.0	58.0	43.0	39.0	36.0	80.0	4.0	69.0	66.0	93.0	86.0	100.0	14.0	81.0	22.0	88.0	63.0	11.0	89.0	19.0	59.0	45.0	31.0	87.0	62.0	58.0	71.0	45.0	12.0	99.0	7.0	59.0	84.0	95.0
86.0	76.0	5.0	91.0	33.0	58.0	43.0	99.0	85.0	34.0	15.0	24.0	27.0	65.0	20.0	45.0	75.0	34.0	40.0	37.0	3.0	92.0	31.0	50.0	63.0	42.0	34.0	47.0	79.0	24.0	16.0	23.0	72.0	70.0	55.0	31.0	79.0	54.0	33.0	48.0	9.0	36.0	19.0	87.0	16.0	96.0	3.0	53.0	32.0	64.0	62.0	32.0	34.0	77.0	51.0	59.0	47.0	95.0	42.0	48.0	16.0	72.0	96.0	31.0	28.0	91.0	39.0	53.0	11.0	82.0	47.0	34.0	5.0	12.0	40.0	13.0	12.0	18.0	80.0	79.0	53.0	76.0	43.0	73.0	24.0	41.0	57.0	69.0	85.0	70.0	74.0	28.0	57.0	51.0	73.0	17.0
52.0	11.0	70.0	94.0	28.0	87.0	60.0	22.0	5.0	75.0	27.0	95.0	71.0	69.0	62.0	6.0	8.0	27.0	65.0	15.0	73.0	52.0	56.0	38.0	81.0	30.0	20.0	4.0	9.0	9.0	71.0	78.0	50.0	65.0	18.0	36.0	48.0	83.0	43.0	36.0	64.0	90.0	46.0	60.0	50.0	47.0	43.0	83.0	13.0	62.0	9.0	91.0	56.0	97.0	3.0	36.0	21.0	21.0	21.0	76.0	22.0	93.0	56.0	66.0	59.0	42.0	59.0	1.0	22.0	63.0	33.0	23.0	25.0	98.0	70.0	82.0	17.0	48.0	3.0	22.0	91.0	8.0	56.0	90.0	39.0	80.0	30.0	41.0	98.0	24.0	39.0	48.0	38.0	74.0	5.0
6.0	91.0	41.0	4.0	32.0	75.0	51.0	99.0	68.0	85.0	55.0	64.0	31.0	66.0	98.0	53.0	20.0	37.0	22.0	33.0	34.0	13.0	60.0	12.0	95.0	36.0	79.0	42.0	96.0	91.0	23.0	37.0	58.0	35.0	65.0	8.0	53.0	30.0	90.0	73.0	54.0	51.0	51.0	52.0	79.0	54.0	50.0	46.0	63.0	92.0	30.0	66.0	49.0	71.0	92.0	53.0	52.0	57.0	29.0	63.0	64.0	10.0	22.0	22.0	65.0	73.0	28.0	96.0	26.0	64.0	53.0	99.0	23.0	39.0	27.0	12.0	49.0	28.0	22.0	5.0	59.0	63.0	2.0	75.0	24.0	52.0	60.0	24.0	79.0	68.0	37.0	37.0	77.0	94.0
44.0	59.0	82.0	38.0	69.0	25.0	38.0	13.0	90.0	31.0	58.0	67.0	92.0	87.0	57.0	52.0	66.0	59.0	80.0	47.0	36.0	26.0	48.0	7.0	93.0	41.0	19.0	4.0	74.0	98.0	26.0	1.0	40.0	49.0	81.0	99.0	8.0	44.0	6.0	74.0	94.0	46.0	39.0	53.0	63.0	40.0	9.0	48.0	31.0	1.0	16.0	28.0	79.0	87.0	9.0	47.0	95.0	11.0	43.0	86.0	67.0	91.0	19.0	59.0	51.0	58.0	32.0	69.0	85.0	85.0	17.0	23.0	67.0	16.0	80.0	55.0	45.0	50.0	74.0	53.0	74.0	62.0	24.0	98.0	45.0	4.0	10.0	91.0	64.0	42.0	80.0	25.0	93.0
43.0	28.0	14.0	93.0	75.0	29.0	88.0	9.0	79.0	80.0	92.0	68.0	61.0	23.0	6.0	90.0	4.0	18.0	71.0	73.0	94.0	28.0	63.0	37.0	60.0	5.0	38.0	73.0	10.0	91.0	49.0	46.0	95.0	77.0	1.0	38.0	86.0	74.0	17.0	73.0	53.0	34.0	87.0	77.0	70.0	3.0	34.0	63.0	41.0	2.0	94.0	72.0	28.0	13.0	82.0	10.0	82.0	76.0	18.0	49.0	92.0	2.0	81.0	15.0	30.0	16.0	91.0	21.0	27.0	2.0	96.0	65.0	1.0	21.0	9.0	35.0	34.0	64.0	66.0	70.0	54.0	29.0	17.0	83.0	3.0	39.0	30.0	74.0	67.0	76.0	78.0	70.0
72.0	54.0	97.0	34.0	22.0	91.0	91.0	26.0	85.0	98.0	4.0	7.0	7.0	48.0	75.0	58.0	57.0	31.0	7.0	38.0	3.0	86.0	39.0	75.0	78.0	91.0	14.0	29.0	6.0	57.0	8.0	29.0	63.0	82.0	43.0	46.0	19.0	79.0	37.0	59.0	91.0	14.0	71.0	84.0	67.0	90.0	13.0	29.0	92.0	97.0	2.0	50.0	93.0	45.0	56.0	72.0	55.0	95.0	10.0	10.0	48.0	59.0	53.0	47.0	65.0	33.0	57.0	100.0	62.0	66.0	31.0	11.0	12.0	85.0	47.0	98.0	83.0	95.0	47.0	99.0	4.0	25.0	10.0	71.0	76.0	36.0	98.0	2.0	59.0	95.0	7.0
48.0	28.0	8.0	77.0	53.0	56.0	14.0	60.0	50.0	65.0	26.0	11.0	86.0	37.0	4.0	83.0	39.0	87.0	19.0	71.0	7.0	60.0	21.0	72.0	37.0	9.0	36.0	45.0	89.0	93.0	10.0	48.0	97.0	75.0	91.0	93.0	91.0	56.0	80.0	44.0	45.0	54.0	21.0	61.0	51.0	83.0	18.0	26.0	58.0	28.0	17.0	56.0	49.0	93.0	17.0	88.0	63.0	77.0	64.0	28.0	7.0	8.0	24.0	18.0	84.0	39.0	64.0	41.0	100.0	49.0	23.0	64.0	95.0	84.0	63.0	6.0	58.0	47.0	25.0	73.0	36.0	43.0	14.0	38.0	58.0	6.0	45.0	45.0	78.0	20.0
51.0	62.0	74.0	19.0	95.0	42.0	68.0	4.0	77.0	88.0	10.0	73.0	58.0	73.0	68.0	75.0	70.0	19.0	44.0	21.0	4.0	72.0	94.0	27.0	82.0	54.0	92.0	53.0	25.0	48.0	21.0	72.0	87.0	57.0	48.0	58.0	49.0	6.0	71.0	1.0	39.0	49.0	57.0	56.0	26.0	66.0	58.0	33.0	87.0	62.0	39.0	7.0	80.0	77.0	76.0	49.0	21.0	43.0	65.0	82.0	9.0	9.0	100.0	34.0	94.0	53.0	71.0	36.0	44.0	23.0	29.0	27.0	68.0	71.0	30.0	28.0	25.0	27.0	3.0	56.0	25.0	43.0	77.0	7.0	29.0	55.0	23.0	63.0	5.0
92.0	69.0	33.0	67.0	41.0	8.0	34.0	29.0	31.0	44.0	3.0	35.0	92.0	98.0	48.0	62.0	53.0	11.0	4.0	54.0	25.0	75.0	37.0	36.0	91.0	13.0	74.0	30.0	96.0	23.0	59.0	43.0	53.0	48.0	93.0	7.0	95.0	50.0	75.0	52.0	2.0	75.0	75.0	99.0	74.0	14.0	72.0	80.0	34.0	87.0	8.0	9.0	5.0	7.0	18.0	6.0	67.0	76.0	56.0	51.0	96.0	3.0	82.0	47.0	18.0	54.0	45.0	44.0	82.0	33.0	68.0	52.0	80.0	75.0	31.0	100.0	23.0	83.0	82.0	46.0	67.0	35.0	3.0	97.0	69.0	44.0	1.0	2.0
16.0	46.0	49.0	88.0	83.0	14.0	94.0	35.0	82.0	6.0	71.0	91.0	74.0	36.0	5.0	36.0	63.0	79.0	5.0	93.0	98.0	89.0	66.0	61.0	71.0	85.0	100.0	70.0	60.0	67.0	36.0	19.0	49.0	13.0	85.0	45.0	33.0	74.0	34.0	77.0	91.0	81.0	14.0	77.0	2.0	10.0	13.0	70.0	21.0	41.0	15.0	66.0	97.0	18.0	69.0	11.0	33.0	77.0	59.0	96.0	11.0	67.0	64.0	19.0	79.0	8.0	100.0	95.0	27.0	91.0	39.0	28.0	38.0	73.0	11.0	64.0	63.0	66.0	2.0	56.0	21.0	73.0	34.0	60.0	65.0	29.0	100.0
90.0	24.0	100.0	7.0	62.0	67.0	78.0	57.0	22.0	50.0	34.0	14.0	92.0	1.0	39.0	94.0	75.0	42.0	66.0	79.0	81.0	59.0	15.0	26.0	36.0	51.0	76.0	68.0	37.0	72.0	36.0	44.0	16.0	98.0	44.0	60.0	28.0	74.0	80.0	70.0	45.0	13.0	35.0	4.0	36.0	84.0	14.0	63.0	17.0	38.0	57.0	8.0	27.0	83.0	51.0	59.0	40.0	15.0	92.0	6.0	89.0	59.0	69.0	73.0	37.0	100.0	59.0	45.0	72.0	35.0	99.0	48.0	84.0	66.0	92.0	5.0	75.0	28.0	72.0	73.0	81.0	9.0	100.0	16.0	87.0	5.0
90.0	63.0	27.0	1.0	100.0	14.0	18.0	79.0	80.0	18.0	24.0	80.0	28.0	70.0	13.0	84.0	33.0	38.0	71.0	91.0	54.0	10.0	1.0	2.0	18.0	75.0	93.0	54.0	62.0	92.0	42.0	13.0	2.0	1.0	82.0	32.0	74.0	49.0	18.0	73.0	81.0	83.0	51.0	44.0	35.0	76.0	4.0	42.0	16.0	35.0	11.0	35.0	61.0	85.0	8.0	88.0	73.0	6.0	20.0	9.0	40.0	21.0	14.0	83.0	58.0	53.0	28.0	84.0	83.0	52.0	8.0	8.0	78.0	22.0	56.0	71.0	25.0	89.0	55.0	1.0	7.0	68.0	3.0	22.0	1.0
67.0	98.0	63.0	47.0	47.0	32.0	49.0	97.0	21.0	32.0	47.0	38.0	39.0	64.0	88.0	85.0	75.0	65.0	88.0	87.0	16.0	6.0	32.0	96.0	51.0	8.0	68.0	93.0	16.0	58.0	84.0	46.0	71.0	60.0	100.0	29.0	91.0	93.0	19.0	63.0	38.0	71.0	3.0	81.0	21.0	10.0	47.0	65.0	82.0	48.0	48.0	94.0	54.0	43.0	85.0	91.0	23.0	68.0	39.0	63.0	51.0	92.0	18.0	90.0	23.0	88.0	78.0	54.0	95.0	35.0	45.0	70.0	16.0	64.0	81.0	29.0	63.0	7.0	58.0	17.0	39.0	50.0	80.0	89.0
77.0	84.0	83.0	11.0	6.0	87.0	26.0	32.0	71.0	84.0	97.0	1.0	82.0	45.0	13.0	57.0	6.0	99.0	17.0	46.0	67.0	50.0	67.0	25.0	40.0	81.0	45.0	60.0	83.0	53.0	15.0	86.0	40.0	98.0	29.0	62.0	74.0	24.0	31.0	7.0	55.0	62.0	79.0	28.0	34.0	96.0	32.0	78.0	27.0	77.0	86.0	2.0	22.0	69.0	40.0	16.0	34.0	79.0	43.0	5.0	49.0	24.0	47.0	69.0	72.0	22.0	99.0	30.0	69.0	82.0	86.0	89.0	100.0	64.0	65.0	99.0	25.0	46.0	33.0	4.0	89.0	48.0	68.0
24.0	44.0	52.0	76.0	90.0	85.0	73.0	44.0	69.0	35.0	89.0	74.0	16.0	29.0	8.0	87.0	89.0	75.0	66.0	11.0	77.0	35.0	91.0	24.0	52.0	63.0	69.0	87.0	89.0	48.0	37.0	8.0	27.0	31.0	82.0	7.0	71.0	62.0	50.0	88.0	27.0	76.0	4.0	33.0	92.0	23.0	55.0	74.0	77.0	5.0	42.0	5.0	91.0	32.0	18.0	49.0	12.0	30.0	54.0	99.0	92.0	83.0	78.0	43.0	6.0	5.0	94.0	64.0	56.0	43.0	39.0	57.0	21.0	92.0	92.0	26.0	50.0	4.0	82.0	44.0	68.0	25.0
88.0	83.0	30.0	42.0	37.0	45.0	79.0	99.0	2.0	10.0	87.0	29.0	42.0	25.0	30.0	52.0	67.0	89.0	30.0	78.0	83.0	8.0	4.0	15.0	36.0	19.0	48.0	83.0	56.0	57.0	32.0	74.0	76.0	34.0	52.0	80.0	83.0	52.0	67.0	53.0	57.0	20.0	67.0	1.0	19.0	1.0	13.0	25.0	23.0	89.0	58.0	56.0	38.0	64.0	98.0	95.0	31.0	65.0	25.0	92.0	84.0	53.0	47.0	93.0	74.0	68.0	51.0	95.0	72.0	88.0	94.0	14.0	79.0	7.0	66.0	58.0	100.0	39.0	86.0	68.0	7.0
96.0	7.0	70.0	92.0	95.0	21.0	8.0	58.0	43.0	94.0	75.0	26.0	10.0	22.0	20.0	41.0	44.0	28.0	54.0	69.0	83.0	90.0	15.0	28.0	55.0	70.0	86.0	40.0	28.0	39.0	75.0	50.0	14.0	83.0	39.0	77.0	81.0	44.0	90.0	69.0	12.0	88.0	85.0	63.0	43.0	21.0	34.0	86.0	22.0	35.0	23.0	53.0	37.0	80.0	97.0	42.0	45.0	97.0	24.0	84.0	2.0	57.0	54.0	75.0	51.0	76.0	44.0	65.0	84.0	82.0	29.0	51.0	4.0	52.0	46.0	12.0	85.0	70.0	34.0	4.0
17.0	90.0	33.0	15.0	47.0	23.0	87.0	75.0	3.0	35.0	75.0	55.0	39.0	54.0	55.0	80.0	64.0	32.0	54.0	55.0	8.0	30.0	55.0	67.0	10.0	33.0	37.0	57.0	87.0	68.0	39.0	45.0	89.0	67.0	20.0	91.0	51.0	15.0	63.0	27.0	38.0	79.0	12.0	90.0	100.0	52.0	71.0	42.0	4.0	18.0	67.0	90.0	68.0	95.0	70.0	44.0	35.0	31.0	95.0	40.0	83.0	37.0	37.0	40.0	84.0	12.0	8.0	59.0	18.0	17.0	48.0	45.0	98.0	29.0	8.0	89.0	50.0	81.0	70.0
28.0	3.0	10.0	46.0	67.0	86.0	27.0	12.0	13.0	37.0	96.0	22.0	35.0	72.0	16.0	79.0	42.0	25.0	19.0	23.0	98.0	39.0	60.0	8.0	90.0	36.0	36.0	88.0	95.0	98.0	70.0	24.0	26.0	89.0	13.0	19.0	74.0	87.0	30.0	87.0	75.0	49.0	37.0	47.0	16.0	60.0	63.0	90.0	24.0	84.0	95.0	15.0	79.0	14.0	51.0	66.0	71.0	56.0	90.0	71.0	8.0	91.0	72.0	99.0	21.0	92.0	1.0	30.0	89.0	81.0	82.0	51.0	1.0	85.0	44.0	79.0	59.0	49.0
62.0	26.0	8.0	33.0	12.0	7.0	32.0	48.0	95.0	45.0	91.0	14.0	45.0	89.0	37.0	1.0	77.0	26.0	66.0	77.0	85.0	8.0	70.0	30.0	17.0	15.0	64.0	90.0	31.0	68.0	50.0	62.0	63.0	5.0	94.0	87.0	77.0	27.0	46.0	82.0	51.0	60.0	19.0	52.0	60.0	38.0	73.0	27.0	72.0	66.0	82.0	40.0	37.0	89.0	18.0	24.0	6.0	60.0	17.0	73.0	62.0	34.0	59.0	84.0	52.0	21.0	74.0	62.0	91.0	83.0	69.0	90.0	79.0	78.0	57.0	57.0	94.0
64.0	63.0	61.0	9.0	15.0	41.0	60.0	23.0	87.0	87.0	62.0	20.0	53.0	79.0	59.0	89.0	7.0	26.0	60.0	54.0	70.0	23.0	85.0	75.0	4.0	48.0	35.0	79.0	1.0	14.0	68.0	41.0	95.0	53.0	94.0	75.0	50.0	89.0	77.0	32.0	58.0	80.0	75.0	97.0	87.0	50.0	83.0	88.0	78.0	66.0	19.0	59.0	66.0	54.0	8.0	9.0	78.0	64.0	34.0	84.0	25.0	57.0	21.0	13.0	22.0	50.0	85.0	27.0	81.0	79.0	29.0	98.0	7.0	2.0	31.0	4.0
85.0	21.0	49.0	50.0	30.0	94.0	77.0	98.0	27.0	62.0	16.0	47.0	64.0	99.0	97.0	8.0	11.0	48.0	11.0	13.0	9.0	17.0	11.0	14.0	26.0	11.0	1.0	68.0	57.0	84.0	66.0	6.0	100.0	38.0	27.0	60.0	77.0	20.0	87.0	40.0	8.0	62.0	26.0	98.0	100.0	18.0	66.0	73.0	20.0	59.0	86.0	39.0	96.0	7.0	16.0	26.0	40.0	64.0	55.0	5.0	56.0	24.0	26.0	71.0	71.0	89.0	1.0	38.0	71.0	29.0	93.0	10.0	9.0	81.0	97.0
38.0	47.0	61.0	20.0	91.0	15.0	17.0	26.0	80.0	9.0	49.0	44.0	13.0	84.0	98.0	5.0	14.0	2.0	37.0	61.0	93.0	6.0	83.0	12.0	83.0	59.0	39.0	5.0	6.0	4.0	86.0	57.0	76.0	40.0	88.0	61.0	78.0	57.0	46.0	29.0	96.0	76.0	29.0	30.0	94.0	48.0	35.0	15.0	84.0	81.0	2.0	12.0	85.0	81.0	12.0	60.0	23.0	79.0	82.0	26.0	57.0	67.0	46.0	27.0	57.0	23.0	40.0	10.0	25.0	22.0	16.0	23.0	62.0	57.0
94.0	59.0	89.0	68.0	6.0	90.0	15.0	100.0	93.0	86.0	54.0	59.0	94.0	71.0	27.0	29.0	19.0	14.0	62.0	25.0	65.0	89.0	56.0	89.0	100.0	68.0	87.0	93.0	18.0	23.0	46.0	31.0	55.0	97.0	20.0	29.0	47.0	100.0	100.0	26.0	87.0	58.0	41.0	65.0	46.0	82.0	43.0	29.0	9.0	44.0	25.0	40.0	15.0	24.0	97.0	19.0	63.0	27.0	16.0	79.0	41.0	69.0	61.0	95.0	4.0	26.0	73.0	46.0	97.0	13.0	61.0	55.0	23.0
21.0	88.0	11.0	43.0	29.0	53.0	91.0	44.0	85.0	31.0	81.0	84.0	41.0	28.0	83.0	49.0	93.0	72.0	17.0	27.0	28.0	13.0	80.0	50.0	95.0	47.0	36.0	73.0	61.0	79.0	64.0	67.0	87.0	28.0	9.0	56.0	31.0	12.0	43.0	28.0	46.0	9.0	61.0	28.0	17.0	63.0	80.0	33.0	87.0	96.0	97.0	65.0	39.0	73.0	26.0	26.0	26.0	15.0	45.0	57.0	93.0	64.0	25.0	71.0	12.0	75.0	55.0	53.0	88.0	96.0	48.0	34.0
7.0	47.0	22.0	87.0	15.0	90.0	100.0	14.0	13.0	90.0	55.0	17.0	40.0	35.0	38.0	14.0	42.0	25.0	19.0	23.0	24.0	87.0	44.0	56.0	55.0	86.0	41.0	78.0	48.0	98.0	17.0	5.0	96.0	20.0	37.0	15.0	22.0	82.0	60.0	45.0	72.0	65.0	34.0	59.0	63.0	1.0	89.0	96.0	7.0	42.0	13.0	82.0	57.0	55.0	89.0	66.0	49.0	68.0	100.0	42.0	54.0	30.0	95.0	5.0	38.0	90.0	49.0	69.0	40.0	45.0	80.0
96.0	14.0	90.0	24.0	67.0	31.0	100.0	94.0	26.0	14.0	36.0	66.0	39.0	91.0	34.0	6.0	12.0	22.0	46.0	62.0	47.0	21.0	66.0	89.0	99.0	91.0	7.0	11.0	66.0	2.0	45.0	47.0	63.0	61.0	72.0	42.0	27.0	79.0	53.0	8.0	5.0	60.0	22.0	14.0	27.0	51.0	26.0	52.0	86.0	4.0	34.0	50.0	43.0	93.0	92.0	52.0	65.0	52.0	29.0	44.0	80.0	59.0	97.0	48.0	54.0	18.0	74.0	42.0	29.0	67.0
35.0	87.0	16.0	75.0	89.0	23.0	22.0	36.0	71.0	15.0	19.0	63.0	17.0	33.0	79.0	86.0	8.0	59.0	93.0	40.0	1.0	42.0	27.0	34.0	72.0	8.0	26.0	59.0	54.0	41.0	32.0	20.0	12.0	74.0	51.0	44.0	94.0	43.0	74.0	54.0	80.0	76.0	72.0	61.0	79.0	28.0	50.0	12.0	89.0	37.0	95.0	6.0	52.0	25.0	93.0	43.0	45.0	100.0	46.0	62.0	45.0	78.0	86.0	2.0	95.0	67.0	91.0	72.0	65.0
47.0	27.0	76.0	38.0	90.0	36.0	21.0	78.0	90.0	96.0	82.0	43.0	28.0	60.0	67.0	19.0	90.0	32.0	43.0	62.0	41.0	25.0	78.0	68.0	48.0	63.0	27.0	30.0	24.0	18.0	41.0	25.0	27.0	93.0	13.0	67.0	64.0	99.0	90.0	21.0	90.0	83.0	87.0	60.0	26.0	76.0	85.0	88.0	91.0	29.0	25.0	62.0	27.0	96.0	93.0	16.0	84.0	64.0	39.0	58.0	23.0	72.0	26.0	23.0	9.0	9.0	58.0	27.0
95.0	38.0	39.0	19.0	73.0	89.0	94.0	79.0	67.0	45.0	13.0	47.0	86.0	35.0	96.0	13.0	90.0	53.0	47.0	65.0	80.0	38.0	40.0	31.0	68.0	93.0	15.0	30.0	51.0	30.0	48.0	18.0	48.0	19.0	58.0	22.0	87.0	56.0	87.0	71.0	85.0	54.0	55.0	80.0	11.0	69.0	58.0	37.0	31.0	98.0	30.0	76.0	45.0	54.0	33.0	76.0	77.0	49.0	49.0	75.0	89.0	37.0	20.0	74.0	14.0	18.0	90.0
5.0	47.0	40.0	79.0	85.0	84.0	91.0	31.0	33.0	9.0	34.0	60.0	79.0	62.0	79.0	37.0	13.0	69.0	53.0	79.0	40.0	72.0	62.0	64.0	80.0	64.0	64.0	61.0	93.0	56.0	19.0	69.0	92.0	33.0	87.0	73.0	29.0	80.0	5.0	38.0	35.0	16.0	15.0	73.0	38.0	86.0	22.0	22.0	62.0	78.0	16.0	27.0	3.0	99.0	96.0	62.0	35.0	18.0	99.0	33.0	54.0	23.0	50.0	18.0	3.0	68.0
82.0	81.0	47.0	2.0	94.0	58.0	72.0	15.0	87.0	75.0	42.0	36.0	3.0	58.0	98.0	33.0	91.0	88.0	11.0	10.0	11.0	86.0	26.0	73.0	33.0	71.0	41.0	1.0	76.0	78.0	62.0	15.0	25.0	52.0	70.0	64.0	91.0	60.0	45.0	83.0	11.0	74.0	68.0	78.0	35.0	20.0	28.0	17.0	74.0	19.0	85.0	40.0	32.0	58.0	24.0	100.0	63.0	91.0	34.0	99.0	71.0	85.0	8.0	79.0	87.0
23.0	17.0	4.0	59.0	86.0	95.0	13.0	78.0	41.0	81.0	15.0	92.0	53.0	1.0	37.0	89.0	32.0	7.0	16.0	25.0	78.0	54.0	55.0	67.0	95.0	86.0	68.0	76.0	78.0	73.0	72.0	85.0	51.0	71.0	17.0	93.0	26.0	89.0	51.0	78.0	3.0	31.0	45.0	72.0	8.0	22.0	34.0	39.0	70.0	11.0	34.0	88.0	93.0	9.0	97.0	22.0	82.0	21.0	45.0	63.0	36.0	81.0	80.0	50.0
83.0	84.0	87.0	89.0	8.0	41.0	33.0	95.0	94.0	10.0	43.0	46.0	50.0	41.0	68.0	8.0	95.0	100.0	100.0	35.0	99.0	38.0	83.0	59.0	6.0	19.0	72.0	27.0	50.0	36.0	38.0	99.0	54.0	41.0	27.0	42.0	18.0	64.0	8.0	1.0	72.0	99.0	18.0	39.0	11.0	32.0	94.0	32.0	88.0	100.0	74.0	80.0	92.0	51.0	52.0	49.0	26.0	85.0	60.0	13.0	57.0	93.0	47.0
35.0	97.0	47.0	10.0	50.0	90.0	5.0	92.0	96.0	77.0	92.0	5.0	66.0	40.0	98.0	57.0	62.0	67.0	69.0	26.0	17.0	3.0	37.0	51.0	77.0	84.0	97.0	42.0	14.0	29.0	76.0	67.0	21.0	42.0	5.0	61.0	31.0	83.0	34.0	87.0	32.0	56.0	15.0	17.0	38.0	18.0	4.0	68.0	69.0	10.0	41.0	21.0	35.0	89.0	79.0	97.0	2.0	29.0	80.0	45.0	89.0	12.0
80.0	22.0	69.0	17.0	89.0	20.0	65.0	42.0	98.0	69.0	88.0	29.0	37.0	49.0	21.0	7.0	16.0	43.0	43.0	35.0	32.0	35.0	61.0	29.0	83.0	64.0	10.0	29.0	40.0	85.0	8.0	42.0	34.0	96.0	14.0	53.0	1.0	42.0	53.0	81.0	39.0	67.0	35.0	96.0	4.0	14.0	56.0	1.0	89.0	31.0	94.0	75.0	38.0	70.0	64.0	43.0	75.0	26.0	93.0	16.0	24.0
73.0	12.0	52.0	80.0	94.0	68.0	53.0	47.0	19.0	74.0	29.0	71.0	97.0	33.0	75.0	79.0	60.0	30.0	72.0	29.0	33.0	85.0	47.0	95.0	68.0	47.0	7.0	43.0	21.0	71.0	50.0	3.0	20.0	1.0	89.0	55.0	34.0	14.0	25.0	16.0	97.0	19.0	18.0	75.0	23.0	81.0	63.0	58.0	27.0	36.0	57.0	74.0	3.0	69.0	38.0	86.0	37.0	8.0	46.0	15.0
75.0	87.0	44.0	24.0	42.0	100.0	56.0	65.0	54.0	11.0	65.0	19.0	84.0	59.0	50.0	38.0	67.0	59.0	24.0	9.0	100.0	31.0	56.0	59.0	59.0	50.0	89.0	29.0	27.0	29.0	86.0	22.0	36.0	55.0	83.0	89.0	30.0	7.0	26.0	62.0	77.0	21.0	32.0	67.0	7.0	34.0	80.0	39.0	8.0	46.0	83.0	24.0	7.0	19.0	75.0	67.0	73.0	39.0	49.0
13.0	61.0	49.0	28.0	82.0	25.0	7.0	37.0	43.0	37.0	19.0	78.0	34.0	87.0	97.0	88.0	34.0	32.0	64.0	70.0	74.0	21.0	99.0	75.0	85.0	11.0	77.0	98.0	47.0	9.0	31.0	69.0	50.0	75.0	73.0	76.0	91.0	53.0	65.0	56.0	59.0	78.0	46.0	40.0	24.0	89.0	56.0	20.0	17.0	11.0	14.0	13.0	95.0	61.0	8.0	31.0	33.0	2.0
68.0	45.0	82.0	42.0	63.0	23.0	12.0	12.0	53.0	40.0	11.0	5.0	92.0	60.0	62.0	54.0	55.0	100.0	93.0	46.0	62.0	43.0	57.0	24.0	60.0	18.0	100.0	5.0	81.0	48.0	49.0	34.0	69.0	51.0	33.0	12.0	99.0	55.0	12.0	33.0	21.0	52.0	92.0	4.0	83.0	33.0	79.0	9.0	100.0	9.0	11.0	34.0	70.0	71.0	96.0	32.0	85.0
90.0	79.0	75.0	9.0	50.0	84.0	36.0	69.0	87.0	100.0	96.0	79.0	48.0	13.0	28.0	77.0	4.0	67.0	59.0	8.0	94.0	26.0	32.0	83.0	84.0	8.0	27.0	2.0	48.0	57.0	98.0	6.0	61.0	22.0	62.0	27.0	32.0	77.0	47.0	28.0	87.0	39.0	71.0	92.0	32.0	49.0	18.0	16.0	6.0	31.0	79.0	16.0	35.0	60.0	15.0	45.0
62.0	10.0	9.0	45.0	68.0	89.0	81.0	35.0	51.0	40.0	54.0	60.0	100.0	20.0	74.0	26.0	79.0	61.0	74.0	4.0	11.0	22.0	97.0	43.0	3.0	22.0	92.0	65.0	86.0	93.0	34.0	36.0	17.0	19.0	32.0	9.0	75.0	87.0	4.0	48.0	17.0	75.0	16.0	66.0	49.0	21.0	82.0	50.0	8.0	96.0	100.0	73.0	19.0	7.0	34.0
7.0	2.0	83.0	84.0	22.0	14.0	22.0	10.0	22.0	50.0	52.0	3.0	75.0	35.0	2.0	19.0	65.0	21.0	36.0	12.0	28.0	52.0	41.0	87.0	9.0	69.0	19.0	55.0	41.0	20.0	59.0	50.0	41.0	48.0	33.0	24.0	1.0	74.0	56.0	80.0	27.0	59.0	94.0	22.0	72.0	50.0	86.0	21.0	39.0	60.0	88.0	69.0	65.0	63.0
51.0	28.0	95.0	58.0	61.0	91.0	48.0	67.0	66.0	98.0	28.0	67.0	18.0	68.0	40.0	82.0	70.0	45.0	22.0	9.0	65.0	88.0	56.0	60.0	10.0	78.0	66.0	72.0	34.0	95.0	43.0	31.0	42.0	76.0	20.0	8.0	70.0	64.0	55.0	38.0	68.0	95.0	92.0	5.0	69.0	54.0	25.0	96.0	52.0	81.0	14.0	99.0	25.0
55.0	49.0	91.0	88.0	4.0	2.0	78.0	100.0	63.0	91.0	71.0	92.0	79.0	38.0	31.0	98.0	48.0	2.0	26.0	22.0	19.0	44.0	46.0	28.0	54.0	20.0	19.0	9.0	69.0	33.0	71.0	28.0	27.0	95.0	25.0	66.0	2.0	93.0	70.0	80.0	63.0	59.0	10.0	15.0	33.0	19.0	25.0	17.0	10.0	20.0	53.0	58.0
56.0	20.0	45.0	54.0	89.0	48.0	66.0	43.0	19.0	35.0	92.0	23.0	67.0	20.0	80.0	12.0	99.0	49.0	76.0	28.0	8.0	40.0	10.0	4.0	57.0	74.0	21.0	31.0	70.0	86.0	86.0	49.0	44.0	60.0	41.0	32.0	41.0	94.0	81.0	54.0	68.0	50.0	96.0	77.0	91.0	1.0	53.0	46.0	49.0	85.0	79.0
56.0	31.0	77.0	3.0	40.0	56.0	24.0	52.0	17.0	10.0	77.0	8.0	60.0	73.0	61.0	74.0	56.0	7.0	52.0	10.0	63.0	86.0	88.0	28.0	8.0	50.0	14.0	8.0	38.0	17.0	28.0	50.0	19.0	3.0	74.0	75.0	87.0	94.0	91.0	75.0	19.0	97.0	76.0	11.0	14.0	100.0	64.0	70.0	76.0	80.0
85.0	98.0	13.0	77.0	57.0	51.0	92.0	47.0	62.0	7.0	19.0	6.0	87.0	33.0	26.0	29.0	83.0	88.0	40.0	26.0	28.0	49.0	97.0	46.0	34.0	36.0	81.0	98.0	90.0	27.0	25.0	99.0	5.0	63.0	100.0	39.0	88.0	44.0	77.0	39.0	96.0	27.0	35.0	44.0	29.0	86.0	23.0	63.0	86.0
48.0	23.0	72.0	11.0	20.0	61.0	48.0	50.0	91.0	43.0	76.0	32.0	7.0	17.0	60.0	96.0	17.0	42.0	58.0	97.0	1.0	5.0	94.0	49.0	72.0	24.0	7.0	54.0	68.0	91.0	3.0	88.0	8.0	12.0	11.0	59.0	21.0	80.0	47.0	58.0	72.0	74.0	84.0	23.0	41.0	42.0	96.0	68.0
90.0	9.0	7.0	47.0	56.0	31.0	24.0	43.0	31.0	94.0	8.0	80.0	33.0	8.0	63.0	76.0	81.0	27.0	100.0	41.0	27.0	86.0	62.0	5.0	68.0	44.0	100.0	28.0	24.0	23.0	57.0	75.0	41.0	28.0	94.0	78.0	100.0	41.0	76.0	24.0	43.0	76.0	1.0	74.0	98.0	77.0	81.0
57.0	11.0	70.0	73.0	35.0	80.0	76.0	68.0	25.0	64.0	77.0	83.0	7.0	70.0	43.0	95.0	98.0	78.0	36.0	18.0	78.0	19.0	68.0	92.0	8.0	81.0	10.0	40.0	61.0	35.0	62.0	35.0	82.0	34.0	51.0	57.0	83.0	35.0	46.0	71.0	49.0	22.0	58.0	42.0	28.0	1.0
10.0	79.0	62.0	65.0	63.0	58.0	16.0	70.0	63.0	63.0	14.0	69.0	87.0	97.0	8.0	64.0	8.0	47.0	1.0	88.0	25.0	92.0	85.0	61.0	64.0	97.0	11.0	70.0	57.0	60.0	66.0	66.0	96.0	46.0	65.0	99.0	34.0	39.0	13.0	54.0	19.0	49.0	17.0	62.0	47.0
5.0	79.0	25.0	23.0	33.0	10.0	51.0	75.0	88.0	15.0	94.0	76.0	99.0	64.0	2.0	72.0	7.0	94.0	67.0	7.0	40.0	13.0	4.0	18.0	14.0	100.0	9.0	61.0	49.0	36.0	94.0	29.0	73.0	78.0	83.0	93.0	93.0	3.0	67.0	12.0	61.0	37.0	77.0	31.0
40.0	26.0	97.0	100.0	69.0	33.0	55.0	24.0	3.0	93.0	56.0	88.0	90.0	82.0	4.0	38.0	55.0	61.0	20.0	12.0	64.0	75.0	86.0	51.0	11.0	85.0	12.0	52.0	65.0	98.0	57.0	20.0	94.0	71.0	93.0	37.0	69.0	73.0	96.0	26.0	57.0	40.0	6.0
13.0	54.0	100.0	61.0	69.0	99.0	76.0	44.0	18.0	67.0	80.0	22.0	93.0	8.0	44.0	30.0	5.0	40.0	69.0	67.0	72.0	29.0	52.0	9.0	1.0	38.0	8.0	95.0	12.0	70.0	26.0	30.0	64.0	12.0	13.0	1.0	24.0	35.0	85.0	25.0	85.0	55.0
28.0	68.0	78.0	78.0	56.0	8.0	93.0	53.0	79.0	41.0	39.0	33.0	99.0	58.0	5.0	93.0	62.0	66.0	57.0	64.0	28.0	10.0	43.0	27.0	51.0	47.0	89.0	3.0	65.0	25.0	5.0	19.0	38.0	77.0	69.0	45.0	23.0	54.0	5.0	83.0	65.0
94.0	83.0	16.0	28.0	30.0	97.0	30.0	2.0	59.0	100.0	81.0	21.0	100.0	67.0	80.0	57.0	93.0	82.0	71.0	96.0	18.0	20.0	90.0	82.0	61.0	44.0	9.0	39.0	68.0	73.0	87.0	14.0	68.0	89.0	24.0	38.0	24.0	74.0	80.0	60.0
13.0	17.0	41.0	40.0	5.0	32.0	65.0	36.0	99.0	40.0	29.0	64.0	65.0	41.0	32.0	24.0	31.0	91.0	88.0	36.0	55.0	8.0	31.0	60.0	29.0	20.0	93.0	43.0	31.0	1.0	99.0	8.0	45.0	27.0	19.0	14.0	98.0	62.0	65.0
68.0	24.0	63.0	41.0	70.0	80.0	31.0	13.0	96.0	36.0	71.0	65.0	76.0	70.0	38.0	12.0	79.0	90.0	30.0	36.0	54.0	92.0	74.0	25.0	97.0	88.0	72.0	21.0	46.0	37.0	71.0	30.0	97.0	13.0	40.0	89.0	57.0	49.0
66.0	26.0	71.0	60.0	17.0	88.0	29.0	13.0	88.0	77.0	46.0	63.0	61.0	40.0	29.0	86.0	73.0	9.0	73.0	63.0	12.0	31.0	25.0	96.0	73.0	91.0	9.0	38.0	46.0	68.0	22.0	18.0	36.0	39.0	80.0	32.0	45.0
75.0	24.0	36.0	61.0	92.0	76.0	38.0	37.0	61.0	98.0	31.0	40.0	49.0	20.0	15.0	13.0	45.0	96.0	73.0	82.0	17.0	50.0	14.0	22.0	93.0	25.0	65.0	13.0	77.0	6.0	80.0	62.0	46.0	59.0	54.0	66.0
55.0	90.0	1.0	51.0	54.0	100.0	23.0	42.0	15.0	25.0	36.0	88.0	23.0	68.0	39.0	99.0	27.0	67.0	81.0	91.0	59.0	76.0	24.0	67.0	70.0	78.0	72.0	26.0	63.0	91.0	87.0	73.0	62.0	5.0	6.0
29.0	96.0	14.0	3.0	86.0	37.0	20.0	20.0	53.0	53.0	23.0	38.0	69.0	50.0	28.0	92.0	97.0	46.0	49.0	81.0	83.0	40.0	10.0	99.0	2.0	49.0	20.0	47.0	95.0	44.0	6.0	21.0	83.0	85.0
39.0	14.0	44.0	69.0	58.0	72.0	3.0	58.0	84.0	77.0	100.0	21.0	44.0	14.0	66.0	57.0	74.0	45.0	58.0	70.0	1.0	98.0	79.0	20.0	61.0	61.0	30.0	34.0	69.0	25.0	54.0	77.0	91.0
78.0	28.0	81.0	2.0	44.0	100.0	39.0	92.0	29.0	99.0	10.0	35.0	47.0	50.0	31.0	60.0	65.0	53.0	37.0	94.0	49.0	76.0	48.0	100.0	60.0	69.0	42.0	64.0	5.0	86.0	20.0	17.0
30.0	22.0	78.0	90.0	71.0	4.0	59.0	13.0	19.0	24.0	37.0	21.0	23.0	93.0	36.0	59.0	83.0	60.0	22.0	49.0	40.0	37.0	64.0	26.0	36.0	49.0	55.0	26.0	72.0	79.0	14.0
84.0	57.0	60.0	100.0	53.0	35.0	28.0	98.0	12.0	1.0	92.0	95.0	8.0	30.0	90.0	38.0	56.0	61.0	33.0	80.0	92.0	80.0	1.0	23.0	49.0	72.0	46.0	54.0	17.0	88.0
29.0	79.0	61.0	30.0	92.0	59.0	84.0	89.0	97.0	59.0	25.0	91.0	5.0	94.0	68.0	39.0	37.0	55.0	45.0	42.0	69.0	11.0	93.0	75.0	82.0	86.0	36.0	69.0	80.0
85.0	92.0	61.0	51.0	60.0	23.0	59.0	66.0	27.0	6.0	87.0	53.0	96.0	78.0	30.0	38.0	62.0	11.0	90.0	69.0	93.0	75.0	85.0	36.0	48.0	81.0	35.0	87.0
20.0	76.0	29.0	68.0	60.0	86.0	51.0	90.0	33.0	87.0	79.0	100.0	73.0	22.0	38.0	86.0	25.0	68.0	55.0	91.0	68.0	1.0	9.0	56.0	20.0	23.0	11.0
53.0	78.0	67.0	44.0	41.0	34.0	70.0	32.0	89.0	40.0	9.0	59.0	70.0	75.0	4.0	63.0	100.0	47.0	99.0	78.0	86.0	6.0	98.0	60.0	78.0	73.0
33.0	16.0	55.0	70.0	4.0	100.0	12.0	17.0	51.0	99.0	31.0	42.0	96.0	99.0	28.0	1.0	19.0	40.0	8.0	10.0	39.0	94.0	80.0	6.0	97.0
9.0	10.0	37.0	51.0	12.0	89.0	97.0	30.0	77.0	74.0	81.0	2.0	37.0	46.0	98.0	20.0	27.0	38.0	73.0	50.0	23.0	51.0	66.0	99.0
22.0	43.0	38.0	6.0	70.0	47.0	17.0	30.0	67.0	10.0	62.0	86.0	12.0	34.0	11.0	32.0	93.0	52.0	75.0	22.0	78.0	60.0	12.0
16.0	97.0	74.0	61.0	66.0	4.0	92.0	99.0	6.0	79.0	87.0	9.0	59.0	38.0	12.0	75.0	12.0	98.0	32.0	39.0	53.0	99.0
50.0	81.0	83.0	44.0	72.0	12.0	81.0	76.0	11.0	31.0	1.0	75.0	53.0	63.0	12.0	56.0	81.0	85.0	13.0	99.0	44.0
21.0	66.0	30.0	46.0	79.0	16.0	77.0	25.0	97.0	89.0	10.0	30.0	43.0	4.0	88.0	33.0	24.0	68.0	74.0	36.0
30.0	39.0	3.0	17.0	11.0	22.0	82.0	74.0	4.0	32.0	78.0	29.0	14.0	100.0	32.0	87.0	76.0	78.0	45.0
68.0	41.0	27.0	15.0	87.0	75.0	32.0	87.0	98.0	87.0	79.0	65.0	16.0	94.0	100.0	47.0	37.0	98.0
77.0	6.0	93.0	3.0	67.0	39.0	8.0	6.0	53.0	76.0	81.0	49.0	77.0	5.0	29.0	86.0	81.0
74.0	90.0	84.0	29.0	98.0	37.0	48.0	90.0	63.0	14.0	81.0	1.0	61.0	96.0	33.0	48.0
96.0	49.0	55.0	29.0	56.0	62.0	90.0	1.0	86.0	75.0	32.0	69.0	58.0	17.0	87.0
28.0	97.0	19.0	41.0	88.0	60.0	39.0	26.0	80.0	100.0	55.0	56.0	75.0	79.0
68.0	58.0	99.0	93.0	21.0	44.0	30.0	30.0	13.0	51.0	72.0	26.0	82.0
89.0	95.0	67.0	48.0	92.0	8.0	34.0	100.0	59.0	62.0	56.0	88.0
15.0	76.0	56.0	79.0	34.0	97.0	63.0	87.0	7.0	96.0	22.0
11.0	66.0	23.0	52.0	97.0	69.0	74.0	20.0	16.0	45.0
40.0	94.0	45.0	46.0	66.0	27.0	6.0	32.0	23.0
98.0	18.0	22.0	58.0	66.0	33.0	21.0	69.0
43.0	30.0	85.0	73.0	18.0	71.0	37.0
97.0	66.0	71.0	33.0	79.0	88.0
27.0	90.0	61.0	73.0	88.0
72.0	95.0	15.0	92.0
2.0	2.0	75.0
13.0	50.0
87.0

30.0	9.0	14.0	9.0	20.0	4.0	2.0	11.0	13.0	48.0	44.0	26.0	32.0	12.0	18.0	11.0	33.0	33.0	9.0	29.0	40.0	15.0	2.0	3.0	1.0	35.0	12.0	6.0	4.0	41.0	37.0	7.0	42.0	46.0	41.0	3.0	12.0	45.0	1.0	40.0	43.0	30.0	23.0	43.0	20.0	40.0	47.0	46.0	46.0	22.0	45.0	10.0	5.0	29.0	48.0	36.0	22.0	46.0	23.0	42.0	21.0	26.0	25.0	40.0	5.0	41.0	39.0	8.0	26.0	13.0	25.0	49.0	5.0	29.0	37.0	35.0	8.0	11.0	24.0	45.0	20.0	32.0	42.0	43.0	23.0	30.0	20.0	8.0	18.0	1.0	28.0	28.0	18.0	7.0	20.0	4.0	22.0	20.0	18.0	42.0

393.92	393.92	393.92	393.92	393.92
