qmkp_200_50_3_004
200
3

0.0	77.0	67.0	37.0	49.0	0.0	0.0	15.0	21.0	86.0	1.0	0.0	0.0	0.0	0.0	75.0	59.0	0.0	0.0	0.0	0.0	0.0	0.0	0.0	36.0	11.0	0.0	0.0	0.0	0.0	9.0	77.0	0.0	27.0	1.0	0.0	0.0	63.0	91.0	0.0	0.0	0.0	0.0	0.0	75.0	8.0	0.0	0.0	83.0	0.0	42.0	0.0	16.0	37.0	0.0	45.0	0.0	0.0	50.0	0.0	0.0	0.0	35.0	0.0	73.0	0.0	6.0	0.0	0.0	27.0	57.0	0.0	0.0	73.0	83.0	0.0	0.0	84.0	40.0	0.0	71.0	0.0	0.0	0.0	0.0	0.0	69.0	21.0	72.0	5.0	72.0	0.0	0.0	19.0	0.0	60.0	25.0	0.0	9.0	0.0	68.0	0.0	67.0	0.0	0.0	21.0	0.0	0.0	0.0	0.0	0.0	0.0	50.0	0.0	0.0	58.0	0.0	59.0	0.0	0.0	0.0	30.0	0.0	0.0	70.0	15.0	6.0	64.0	0.0	74.0	76.0	8.0	0.0	68.0	81.0	0.0	12.0	0.0	0.0	0.0	58.0	0.0	50.0	52.0	0.0	15.0	35.0	0.0	0.0	41.0	30.0	0.0	0.0	0.0	84.0	47.0	34.0	79.0	0.0	18.0	0.0	3.0	0.0	0.0	91.0	37.0	0.0	80.0	0.0	0.0	0.0	5.0	96.0	83.0	0.0	68.0	48.0	8.0	87.0	0.0	0.0	0.0	0.0	0.0	27.0	67.0	0.0	0.0	63.0	0.0	60.0	87.0	72.0	0.0	63.0	80.0	0.0	0.0	31.0	0.0
0.0	0.0	47.0	0.0	0.0	99.0	57.0	92.0	0.0	23.0	6.0	34.0	0.0	30.0	0.0	69.0	73.0	0.0	15.0	85.0	0.0	0.0	0.0	0.0	32.0	28.0	0.0	45.0	95.0	0.0	49.0	0.0	0.0	25.0	0.0	0.0	0.0	0.0	48.0	1.0	0.0	28.0	0.0	76.0	8.0	0.0	0.0	0.0	57.0	0.0	98.0	77.0	0.0	74.0	72.0	38.0	16.0	54.0	58.0	0.0	0.0	0.0	10.0	84.0	0.0	0.0	0.0	0.0	98.0	56.0	82.0	0.0	0.0	0.0	0.0	49.0	44.0	0.0	38.0	0.0	41.0	22.0	0.0	85.0	10.0	0.0	0.0	96.0	0.0	0.0	0.0	0.0	0.0	90.0	0.0	22.0	51.0	0.0	69.0	39.0	36.0	61.0	99.0	77.0	100.0	57.0	58.0	42.0	60.0	12.0	0.0	0.0	87.0	0.0	76.0	84.0	5.0	0.0	38.0	0.0	0.0	0.0	0.0	81.0	0.0	19.0	27.0	0.0	0.0	0.0	52.0	0.0	21.0	83.0	0.0	27.0	64.0	0.0	0.0	0.0	59.0	0.0	1.0	0.0	0.0	0.0	93.0	48.0	22.0	0.0	0.0	73.0	0.0	8.0	0.0	95.0	49.0	76.0	0.0	39.0	0.0	41.0	26.0	0.0	88.0	46.0	0.0	0.0	64.0	21.0	0.0	0.0	0.0	0.0	0.0	0.0	80.0	0.0	0.0	93.0	0.0	0.0	0.0	0.0	0.0	0.0	0.0	0.0	19.0	0.0	31.0	0.0	0.0	0.0	45.0	0.0	0.0	59.0	0.0
0.0	5.0	0.0	58.0	99.0	34.0	24.0	65.0	0.0	75.0	0.0	0.0	3.0	31.0	63.0	34.0	0.0	0.0	0.0	0.0	72.0	0.0	31.0	0.0	33.0	0.0	0.0	19.0	0.0	0.0	0.0	0.0	0.0	64.0	0.0	34.0	51.0	0.0	0.0	42.0	0.0	0.0	96.0	0.0	91.0	0.0	11.0	47.0	5.0	0.0	13.0	18.0	0.0	53.0	0.0	73.0	41.0	69.0	0.0	74.0	57.0	0.0	17.0	0.0	0.0	0.0	0.0	0.0	0.0	0.0	22.0	0.0	27.0	71.0	62.0	0.0	0.0	0.0	0.0	0.0	52.0	38.0	30.0	4.0	9.0	0.0	50.0	18.0	48.0	0.0	36.0	90.0	0.0	0.0	47.0	83.0	62.0	0.0	0.0	97.0	0.0	21.0	0.0	0.0	22.0	0.0	66.0	42.0	0.0	0.0	63.0	0.0	0.0	98.0	0.0	17.0	0.0	22.0	8.0	90.0	80.0	0.0	0.0	0.0	39.0	38.0	0.0	54.0	91.0	4.0	0.0	0.0	99.0	0.0	0.0	64.0	0.0	98.0	0.0	37.0	0.0	34.0	60.0	95.0	0.0	0.0	0.0	0.0	23.0	58.0	0.0	8.0	0.0	0.0	73.0	0.0	51.0	0.0	54.0	0.0	63.0	0.0	0.0	0.0	71.0	0.0	0.0	0.0	29.0	64.0	22.0	65.0	0.0	0.0	26.0	53.0	0.0	39.0	0.0	49.0	0.0	5.0	0.0	0.0	0.0	0.0	0.0	0.0	24.0	68.0	37.0	94.0	44.0	82.0	69.0	38.0	0.0	31.0
87.0	52.0	0.0	80.0	36.0	0.0	7.0	0.0	0.0	4.0	0.0	0.0	0.0	0.0	49.0	0.0	0.0	44.0	0.0	94.0	39.0	63.0	0.0	0.0	0.0	0.0	16.0	79.0	0.0	47.0	0.0	43.0	0.0	91.0	59.0	58.0	69.0	85.0	23.0	0.0	80.0	0.0	0.0	0.0	0.0	0.0	62.0	98.0	4.0	91.0	0.0	80.0	93.0	0.0	0.0	14.0	75.0	0.0	9.0	0.0	92.0	61.0	6.0	4.0	0.0	73.0	0.0	0.0	37.0	5.0	73.0	0.0	0.0	0.0	95.0	1.0	86.0	17.0	0.0	0.0	87.0	0.0	3.0	63.0	0.0	0.0	72.0	13.0	0.0	0.0	0.0	0.0	49.0	0.0	0.0	15.0	16.0	0.0	0.0	0.0	0.0	65.0	0.0	0.0	35.0	64.0	70.0	0.0	0.0	83.0	0.0	0.0	74.0	76.0	70.0	72.0	0.0	34.0	0.0	91.0	0.0	0.0	0.0	0.0	7.0	0.0	0.0	57.0	0.0	38.0	0.0	39.0	78.0	14.0	6.0	0.0	0.0	63.0	43.0	19.0	0.0	0.0	0.0	0.0	71.0	0.0	90.0	0.0	0.0	0.0	2.0	0.0	0.0	0.0	72.0	95.0	0.0	48.0	0.0	0.0	0.0	0.0	57.0	62.0	31.0	12.0	0.0	98.0	0.0	47.0	0.0	0.0	10.0	0.0	36.0	0.0	59.0	0.0	0.0	0.0	28.0	0.0	0.0	0.0	0.0	0.0	0.0	0.0	0.0	11.0	0.0	4.0	39.0	19.0	7.0	0.0	0.0
0.0	45.0	93.0	0.0	97.0	0.0	93.0	0.0	0.0	0.0	0.0	54.0	61.0	83.0	26.0	0.0	17.0	0.0	0.0	17.0	0.0	0.0	64.0	0.0	0.0	0.0	18.0	0.0	0.0	0.0	0.0	0.0	23.0	0.0	0.0	0.0	6.0	47.0	73.0	0.0	0.0	0.0	58.0	0.0	0.0	0.0	0.0	0.0	0.0	0.0	0.0	19.0	42.0	0.0	77.0	0.0	0.0	58.0	0.0	75.0	19.0	21.0	0.0	94.0	0.0	0.0	0.0	0.0	25.0	21.0	87.0	48.0	49.0	71.0	0.0	0.0	57.0	26.0	0.0	33.0	0.0	0.0	7.0	0.0	0.0	49.0	0.0	65.0	0.0	0.0	0.0	34.0	53.0	0.0	44.0	0.0	27.0	71.0	0.0	0.0	0.0	3.0	0.0	43.0	0.0	0.0	55.0	63.0	23.0	0.0	0.0	0.0	41.0	0.0	29.0	44.0	35.0	98.0	0.0	0.0	0.0	0.0	0.0	0.0	0.0	37.0	91.0	74.0	0.0	23.0	43.0	0.0	0.0	0.0	0.0	0.0	75.0	2.0	0.0	0.0	0.0	0.0	0.0	80.0	0.0	0.0	0.0	0.0	0.0	18.0	67.0	56.0	0.0	0.0	0.0	0.0	0.0	54.0	0.0	0.0	0.0	68.0	0.0	75.0	100.0	0.0	0.0	46.0	35.0	0.0	69.0	1.0	2.0	46.0	0.0	83.0	94.0	82.0	0.0	0.0	74.0	0.0	36.0	79.0	0.0	0.0	0.0	66.0	0.0	0.0	0.0	0.0	0.0	0.0	0.0	0.0
0.0	45.0	0.0	34.0	91.0	0.0	0.0	2.0	0.0	70.0	41.0	66.0	18.0	0.0	33.0	59.0	11.0	0.0	19.0	8.0	0.0	27.0	39.0	0.0	0.0	0.0	0.0	63.0	0.0	0.0	21.0	0.0	60.0	29.0	0.0	0.0	24.0	7.0	67.0	0.0	0.0	0.0	34.0	92.0	39.0	0.0	0.0	0.0	79.0	59.0	0.0	36.0	0.0	0.0	0.0	0.0	36.0	16.0	44.0	0.0	0.0	80.0	0.0	0.0	0.0	4.0	0.0	0.0	63.0	38.0	8.0	0.0	0.0	59.0	0.0	92.0	89.0	0.0	0.0	37.0	59.0	72.0	99.0	84.0	0.0	0.0	0.0	0.0	72.0	81.0	100.0	0.0	0.0	36.0	63.0	1.0	14.0	0.0	0.0	18.0	80.0	0.0	13.0	0.0	0.0	71.0	54.0	1.0	0.0	75.0	54.0	0.0	42.0	2.0	82.0	0.0	0.0	18.0	0.0	0.0	51.0	35.0	0.0	42.0	35.0	0.0	61.0	0.0	88.0	0.0	20.0	40.0	0.0	83.0	53.0	0.0	83.0	0.0	8.0	22.0	71.0	89.0	1.0	68.0	0.0	1.0	0.0	98.0	0.0	0.0	0.0	0.0	97.0	32.0	38.0	64.0	0.0	75.0	88.0	0.0	0.0	0.0	0.0	51.0	0.0	93.0	58.0	0.0	0.0	60.0	29.0	93.0	0.0	0.0	0.0	3.0	21.0	47.0	0.0	0.0	48.0	54.0	85.0	0.0	68.0	63.0	92.0	0.0	23.0	0.0	0.0	0.0	35.0	70.0	64.0
0.0	7.0	0.0	0.0	0.0	80.0	0.0	0.0	0.0	83.0	6.0	26.0	0.0	84.0	0.0	82.0	13.0	6.0	17.0	0.0	50.0	25.0	81.0	60.0	53.0	86.0	0.0	29.0	0.0	0.0	31.0	55.0	0.0	0.0	34.0	0.0	0.0	0.0	77.0	0.0	22.0	40.0	34.0	43.0	0.0	0.0	0.0	69.0	0.0	0.0	30.0	82.0	0.0	100.0	0.0	0.0	25.0	33.0	89.0	68.0	0.0	0.0	0.0	76.0	0.0	0.0	0.0	0.0	35.0	0.0	16.0	8.0	89.0	66.0	77.0	91.0	52.0	69.0	0.0	0.0	37.0	0.0	31.0	7.0	0.0	0.0	88.0	0.0	4.0	92.0	55.0	77.0	42.0	0.0	0.0	0.0	0.0	12.0	0.0	0.0	0.0	0.0	0.0	0.0	6.0	0.0	0.0	56.0	39.0	21.0	0.0	0.0	50.0	82.0	0.0	25.0	0.0	0.0	0.0	42.0	0.0	0.0	99.0	10.0	29.0	25.0	52.0	89.0	0.0	0.0	8.0	0.0	0.0	0.0	48.0	0.0	0.0	32.0	76.0	52.0	0.0	52.0	0.0	0.0	0.0	67.0	19.0	13.0	23.0	0.0	56.0	0.0	0.0	0.0	0.0	65.0	92.0	53.0	93.0	68.0	95.0	88.0	14.0	7.0	0.0	0.0	39.0	68.0	0.0	0.0	0.0	0.0	92.0	0.0	8.0	0.0	94.0	0.0	0.0	0.0	20.0	0.0	28.0	0.0	0.0	0.0	15.0	0.0	70.0	40.0	39.0	50.0	0.0	39.0
44.0	69.0	88.0	0.0	43.0	34.0	22.0	0.0	53.0	0.0	97.0	45.0	0.0	84.0	0.0	54.0	0.0	0.0	44.0	84.0	0.0	51.0	52.0	12.0	70.0	4.0	0.0	0.0	0.0	15.0	23.0	75.0	0.0	75.0	39.0	0.0	80.0	32.0	55.0	0.0	0.0	67.0	0.0	37.0	87.0	0.0	45.0	67.0	0.0	51.0	0.0	0.0	0.0	0.0	0.0	90.0	0.0	0.0	0.0	0.0	18.0	0.0	68.0	0.0	0.0	35.0	95.0	83.0	37.0	0.0	0.0	0.0	0.0	0.0	0.0	0.0	0.0	98.0	0.0	89.0	0.0	0.0	0.0	28.0	0.0	0.0	0.0	86.0	12.0	37.0	0.0	0.0	0.0	16.0	42.0	0.0	23.0	39.0	8.0	0.0	36.0	0.0	0.0	0.0	24.0	0.0	0.0	19.0	0.0	30.0	75.0	37.0	0.0	0.0	0.0	90.0	0.0	95.0	79.0	0.0	0.0	0.0	56.0	0.0	0.0	0.0	72.0	0.0	92.0	0.0	0.0	81.0	51.0	0.0	0.0	79.0	0.0	0.0	62.0	0.0	33.0	0.0	32.0	0.0	45.0	0.0	45.0	37.0	0.0	0.0	66.0	0.0	0.0	0.0	0.0	0.0	15.0	0.0	0.0	0.0	0.0	62.0	0.0	0.0	0.0	0.0	27.0	82.0	0.0	19.0	0.0	38.0	27.0	66.0	40.0	0.0	0.0	24.0	0.0	17.0	0.0	34.0	84.0	21.0	0.0	91.0	0.0	90.0	0.0	57.0	94.0	64.0	61.0
60.0	87.0	0.0	20.0	0.0	0.0	0.0	7.0	0.0	54.0	0.0	85.0	4.0	0.0	79.0	14.0	0.0	95.0	94.0	50.0	77.0	58.0	0.0	0.0	0.0	50.0	0.0	78.0	19.0	0.0	54.0	9.0	0.0	0.0	84.0	0.0	21.0	0.0	0.0	0.0	0.0	81.0	0.0	98.0	0.0	0.0	4.0	85.0	0.0	50.0	94.0	0.0	0.0	62.0	0.0	64.0	97.0	0.0	0.0	11.0	0.0	17.0	14.0	11.0	68.0	84.0	0.0	0.0	38.0	60.0	20.0	40.0	0.0	26.0	0.0	18.0	73.0	59.0	0.0	0.0	7.0	26.0	0.0	0.0	0.0	56.0	0.0	71.0	89.0	38.0	29.0	10.0	0.0	0.0	0.0	0.0	47.0	0.0	0.0	15.0	26.0	9.0	44.0	84.0	0.0	0.0	0.0	0.0	61.0	0.0	0.0	12.0	0.0	39.0	0.0	0.0	86.0	0.0	40.0	0.0	78.0	46.0	0.0	76.0	0.0	0.0	48.0	15.0	0.0	2.0	0.0	0.0	12.0	23.0	82.0	0.0	67.0	27.0	23.0	0.0	25.0	0.0	0.0	0.0	0.0	18.0	59.0	68.0	90.0	100.0	86.0	0.0	94.0	27.0	0.0	14.0	0.0	65.0	0.0	89.0	0.0	0.0	0.0	0.0	0.0	46.0	55.0	0.0	29.0	100.0	26.0	0.0	0.0	65.0	82.0	0.0	9.0	25.0	15.0	97.0	63.0	16.0	41.0	0.0	0.0	4.0	0.0	0.0	0.0	13.0	55.0	0.0
0.0	43.0	53.0	44.0	0.0	81.0	41.0	0.0	49.0	72.0	0.0	28.0	80.0	0.0	47.0	0.0	61.0	0.0	67.0	28.0	56.0	0.0	0.0	28.0	9.0	0.0	0.0	0.0	0.0	33.0	0.0	97.0	39.0	0.0	26.0	15.0	57.0	64.0	0.0	0.0	0.0	55.0	0.0	0.0	0.0	0.0	0.0	7.0	0.0	0.0	0.0	0.0	0.0	0.0	13.0	55.0	40.0	0.0	0.0	42.0	19.0	24.0	44.0	0.0	0.0	0.0	0.0	0.0	0.0	0.0	5.0	0.0	0.0	0.0	22.0	60.0	72.0	0.0	59.0	1.0	0.0	0.0	42.0	82.0	0.0	0.0	66.0	68.0	0.0	54.0	0.0	0.0	38.0	49.0	0.0	45.0	0.0	96.0	90.0	0.0	0.0	100.0	0.0	14.0	0.0	39.0	34.0	0.0	0.0	46.0	47.0	0.0	89.0	0.0	7.0	0.0	2.0	0.0	63.0	72.0	27.0	53.0	5.0	22.0	27.0	0.0	0.0	0.0	0.0	0.0	50.0	0.0	0.0	52.0	52.0	0.0	0.0	59.0	0.0	0.0	0.0	0.0	0.0	0.0	67.0	0.0	87.0	75.0	0.0	0.0	0.0	0.0	0.0	19.0	0.0	0.0	0.0	0.0	8.0	93.0	0.0	0.0	0.0	0.0	72.0	0.0	0.0	54.0	0.0	20.0	0.0	0.0	0.0	0.0	0.0	0.0	54.0	0.0	0.0	61.0	28.0	0.0	89.0	95.0	0.0	25.0	43.0	0.0	0.0	0.0	45.0
95.0	91.0	0.0	52.0	0.0	76.0	0.0	36.0	0.0	0.0	0.0	0.0	0.0	28.0	0.0	0.0	90.0	0.0	0.0	41.0	78.0	0.0	0.0	27.0	24.0	0.0	25.0	0.0	13.0	0.0	99.0	0.0	90.0	0.0	60.0	76.0	88.0	29.0	0.0	0.0	96.0	16.0	0.0	0.0	0.0	0.0	72.0	0.0	0.0	0.0	58.0	0.0	0.0	0.0	39.0	0.0	89.0	0.0	67.0	13.0	0.0	35.0	13.0	0.0	47.0	80.0	40.0	0.0	93.0	0.0	51.0	0.0	18.0	19.0	22.0	56.0	71.0	0.0	0.0	0.0	11.0	58.0	0.0	0.0	0.0	76.0	0.0	33.0	0.0	0.0	49.0	0.0	37.0	0.0	14.0	0.0	0.0	5.0	40.0	0.0	84.0	31.0	9.0	60.0	62.0	0.0	13.0	0.0	0.0	40.0	0.0	64.0	64.0	61.0	56.0	69.0	0.0	87.0	29.0	0.0	0.0	0.0	16.0	73.0	0.0	22.0	0.0	78.0	0.0	0.0	99.0	62.0	0.0	99.0	54.0	0.0	18.0	0.0	0.0	0.0	81.0	2.0	0.0	72.0	87.0	0.0	36.0	58.0	0.0	91.0	11.0	0.0	86.0	0.0	33.0	41.0	0.0	78.0	0.0	25.0	0.0	0.0	91.0	0.0	83.0	74.0	78.0	0.0	28.0	0.0	19.0	0.0	0.0	0.0	24.0	63.0	34.0	71.0	8.0	87.0	0.0	17.0	59.0	0.0	0.0	0.0	0.0	0.0	15.0	0.0
0.0	32.0	16.0	78.0	0.0	0.0	95.0	68.0	78.0	72.0	0.0	71.0	0.0	0.0	0.0	51.0	0.0	0.0	45.0	8.0	34.0	0.0	0.0	0.0	88.0	9.0	0.0	82.0	45.0	0.0	81.0	0.0	0.0	83.0	87.0	0.0	41.0	0.0	94.0	43.0	50.0	68.0	95.0	0.0	35.0	38.0	0.0	0.0	19.0	27.0	0.0	0.0	99.0	0.0	0.0	0.0	0.0	0.0	0.0	0.0	0.0	0.0	0.0	0.0	0.0	32.0	0.0	88.0	0.0	80.0	0.0	0.0	49.0	0.0	60.0	0.0	93.0	0.0	0.0	0.0	47.0	0.0	90.0	0.0	96.0	92.0	0.0	40.0	57.0	0.0	0.0	0.0	0.0	0.0	37.0	77.0	97.0	14.0	0.0	67.0	42.0	0.0	31.0	34.0	0.0	56.0	0.0	38.0	4.0	69.0	0.0	21.0	0.0	79.0	0.0	29.0	45.0	12.0	80.0	69.0	89.0	65.0	98.0	88.0	37.0	0.0	7.0	43.0	35.0	0.0	0.0	0.0	0.0	64.0	0.0	0.0	85.0	42.0	96.0	53.0	0.0	53.0	0.0	0.0	0.0	0.0	0.0	14.0	1.0	0.0	94.0	38.0	0.0	43.0	26.0	16.0	4.0	12.0	0.0	0.0	68.0	47.0	0.0	0.0	71.0	33.0	0.0	60.0	72.0	33.0	47.0	0.0	47.0	0.0	21.0	0.0	0.0	0.0	0.0	0.0	0.0	34.0	25.0	97.0	0.0	75.0	81.0	0.0	0.0
0.0	74.0	69.0	0.0	0.0	0.0	0.0	15.0	0.0	87.0	0.0	42.0	0.0	0.0	54.0	0.0	0.0	0.0	0.0	0.0	0.0	0.0	0.0	24.0	100.0	56.0	59.0	89.0	27.0	86.0	36.0	0.0	89.0	7.0	0.0	77.0	32.0	7.0	0.0	39.0	46.0	0.0	0.0	0.0	75.0	0.0	0.0	49.0	0.0	61.0	28.0	0.0	7.0	43.0	19.0	34.0	97.0	0.0	32.0	70.0	21.0	75.0	11.0	98.0	9.0	69.0	0.0	0.0	76.0	0.0	65.0	59.0	46.0	24.0	0.0	20.0	11.0	13.0	61.0	0.0	33.0	0.0	68.0	82.0	63.0	0.0	0.0	53.0	0.0	5.0	60.0	0.0	55.0	93.0	62.0	57.0	60.0	0.0	5.0	0.0	0.0	0.0	0.0	51.0	12.0	0.0	12.0	0.0	52.0	4.0	0.0	79.0	100.0	0.0	34.0	71.0	0.0	85.0	90.0	75.0	0.0	0.0	0.0	69.0	0.0	96.0	0.0	13.0	0.0	0.0	67.0	8.0	0.0	0.0	0.0	84.0	0.0	2.0	57.0	6.0	22.0	0.0	32.0	47.0	0.0	39.0	0.0	32.0	18.0	6.0	79.0	0.0	0.0	15.0	0.0	62.0	0.0	0.0	0.0	89.0	35.0	40.0	60.0	20.0	0.0	79.0	0.0	0.0	11.0	0.0	0.0	3.0	92.0	86.0	0.0	36.0	0.0	0.0	9.0	0.0	0.0	0.0	0.0	0.0	16.0	0.0	21.0	0.0
0.0	0.0	0.0	19.0	34.0	0.0	0.0	0.0	84.0	14.0	10.0	0.0	52.0	0.0	35.0	0.0	0.0	0.0	36.0	28.0	0.0	87.0	69.0	55.0	0.0	0.0	50.0	0.0	33.0	0.0	0.0	56.0	0.0	59.0	0.0	72.0	86.0	0.0	0.0	88.0	0.0	63.0	0.0	0.0	0.0	0.0	0.0	0.0	48.0	66.0	0.0	0.0	0.0	68.0	0.0	0.0	0.0	0.0	9.0	0.0	56.0	10.0	66.0	34.0	43.0	0.0	0.0	0.0	0.0	0.0	0.0	0.0	0.0	0.0	95.0	0.0	0.0	54.0	96.0	0.0	0.0	99.0	0.0	55.0	0.0	0.0	4.0	78.0	63.0	0.0	92.0	0.0	31.0	0.0	2.0	0.0	0.0	0.0	46.0	54.0	0.0	9.0	0.0	71.0	0.0	0.0	0.0	66.0	93.0	80.0	59.0	15.0	19.0	0.0	10.0	0.0	58.0	0.0	0.0	0.0	0.0	0.0	48.0	0.0	19.0	0.0	23.0	20.0	12.0	0.0	76.0	8.0	0.0	4.0	74.0	0.0	70.0	0.0	49.0	60.0	0.0	0.0	94.0	0.0	0.0	0.0	0.0	0.0	91.0	53.0	49.0	0.0	0.0	0.0	31.0	0.0	40.0	24.0	0.0	0.0	77.0	0.0	0.0	61.0	0.0	7.0	10.0	86.0	28.0	0.0	14.0	38.0	0.0	0.0	0.0	0.0	74.0	87.0	0.0	75.0	0.0	0.0	0.0	0.0	100.0	70.0	0.0
85.0	0.0	0.0	0.0	51.0	47.0	0.0	0.0	6.0	0.0	26.0	83.0	40.0	0.0	0.0	0.0	46.0	36.0	0.0	0.0	0.0	25.0	5.0	100.0	88.0	0.0	39.0	27.0	44.0	0.0	0.0	63.0	76.0	23.0	11.0	61.0	0.0	0.0	43.0	32.0	17.0	96.0	42.0	0.0	0.0	5.0	49.0	24.0	54.0	0.0	0.0	0.0	0.0	12.0	0.0	21.0	0.0	0.0	0.0	0.0	84.0	0.0	42.0	68.0	90.0	0.0	0.0	0.0	31.0	0.0	0.0	94.0	80.0	0.0	63.0	81.0	100.0	0.0	86.0	5.0	44.0	0.0	24.0	57.0	0.0	28.0	0.0	0.0	41.0	24.0	0.0	1.0	98.0	81.0	0.0	11.0	73.0	0.0	0.0	0.0	0.0	0.0	0.0	0.0	7.0	43.0	0.0	78.0	18.0	0.0	0.0	0.0	0.0	81.0	0.0	0.0	35.0	35.0	0.0	0.0	0.0	83.0	46.0	0.0	0.0	0.0	42.0	1.0	10.0	62.0	63.0	0.0	0.0	0.0	63.0	0.0	0.0	97.0	0.0	8.0	1.0	0.0	0.0	0.0	0.0	0.0	0.0	11.0	57.0	66.0	0.0	46.0	0.0	0.0	39.0	0.0	0.0	49.0	0.0	47.0	5.0	25.0	33.0	0.0	75.0	0.0	94.0	0.0	0.0	2.0	7.0	0.0	7.0	13.0	0.0	0.0	100.0	0.0	49.0	94.0	73.0	0.0	93.0	0.0	67.0	61.0
0.0	0.0	0.0	26.0	0.0	69.0	55.0	3.0	0.0	0.0	0.0	82.0	38.0	0.0	20.0	0.0	75.0	51.0	0.0	12.0	65.0	0.0	20.0	71.0	0.0	0.0	0.0	96.0	0.0	0.0	6.0	13.0	100.0	0.0	99.0	44.0	0.0	0.0	0.0	93.0	44.0	0.0	40.0	0.0	72.0	52.0	1.0	0.0	0.0	0.0	0.0	26.0	64.0	13.0	24.0	0.0	0.0	0.0	55.0	0.0	0.0	78.0	0.0	8.0	53.0	0.0	0.0	0.0	99.0	0.0	93.0	0.0	0.0	0.0	0.0	10.0	0.0	0.0	47.0	3.0	25.0	19.0	77.0	0.0	23.0	5.0	65.0	94.0	16.0	30.0	30.0	0.0	100.0	21.0	0.0	80.0	93.0	71.0	0.0	20.0	82.0	0.0	9.0	0.0	73.0	0.0	68.0	0.0	38.0	0.0	0.0	60.0	0.0	17.0	40.0	0.0	65.0	0.0	40.0	0.0	0.0	0.0	0.0	0.0	31.0	88.0	55.0	31.0	0.0	20.0	43.0	1.0	8.0	0.0	0.0	14.0	62.0	0.0	0.0	24.0	41.0	0.0	31.0	0.0	36.0	0.0	76.0	38.0	79.0	30.0	54.0	74.0	0.0	88.0	21.0	37.0	0.0	0.0	13.0	89.0	0.0	0.0	66.0	71.0	17.0	29.0	88.0	46.0	61.0	29.0	0.0	0.0	0.0	63.0	31.0	0.0	0.0	0.0	9.0	46.0	22.0	36.0	0.0	32.0	0.0
0.0	0.0	0.0	0.0	38.0	0.0	98.0	0.0	0.0	20.0	0.0	45.0	73.0	0.0	50.0	22.0	25.0	0.0	0.0	0.0	0.0	0.0	0.0	59.0	66.0	0.0	0.0	0.0	51.0	100.0	0.0	15.0	36.0	0.0	68.0	99.0	0.0	81.0	0.0	0.0	24.0	70.0	0.0	26.0	91.0	73.0	0.0	6.0	29.0	14.0	0.0	37.0	20.0	0.0	0.0	0.0	0.0	50.0	0.0	97.0	0.0	0.0	83.0	10.0	0.0	0.0	20.0	0.0	44.0	0.0	0.0	0.0	0.0	0.0	14.0	0.0	0.0	0.0	0.0	58.0	0.0	100.0	0.0	14.0	57.0	45.0	70.0	0.0	79.0	61.0	30.0	0.0	0.0	0.0	77.0	0.0	0.0	28.0	2.0	100.0	0.0	0.0	0.0	0.0	35.0	50.0	0.0	0.0	0.0	0.0	0.0	0.0	0.0	48.0	60.0	42.0	5.0	0.0	0.0	6.0	22.0	0.0	0.0	4.0	0.0	0.0	24.0	21.0	0.0	36.0	0.0	60.0	0.0	0.0	37.0	26.0	49.0	0.0	0.0	79.0	0.0	84.0	0.0	100.0	35.0	0.0	12.0	92.0	8.0	0.0	38.0	61.0	80.0	80.0	23.0	0.0	0.0	0.0	17.0	3.0	0.0	0.0	0.0	92.0	0.0	89.0	0.0	0.0	0.0	5.0	68.0	37.0	0.0	42.0	0.0	93.0	0.0	0.0	0.0	69.0	0.0	85.0	61.0	60.0
27.0	0.0	53.0	78.0	0.0	0.0	11.0	69.0	0.0	85.0	48.0	35.0	46.0	76.0	68.0	86.0	90.0	0.0	79.0	0.0	22.0	0.0	0.0	0.0	55.0	0.0	0.0	9.0	0.0	0.0	11.0	0.0	78.0	0.0	0.0	34.0	0.0	89.0	0.0	59.0	75.0	63.0	0.0	0.0	78.0	0.0	98.0	78.0	92.0	0.0	55.0	0.0	0.0	12.0	0.0	99.0	0.0	0.0	99.0	0.0	0.0	0.0	0.0	0.0	0.0	0.0	80.0	0.0	0.0	9.0	37.0	12.0	0.0	0.0	77.0	81.0	0.0	0.0	98.0	0.0	0.0	0.0	0.0	0.0	51.0	0.0	53.0	43.0	0.0	70.0	0.0	0.0	67.0	62.0	0.0	0.0	11.0	93.0	0.0	0.0	78.0	0.0	65.0	97.0	61.0	0.0	0.0	0.0	0.0	79.0	9.0	0.0	0.0	0.0	12.0	32.0	53.0	0.0	0.0	0.0	0.0	0.0	72.0	81.0	0.0	0.0	1.0	53.0	0.0	0.0	81.0	0.0	99.0	0.0	21.0	30.0	0.0	16.0	25.0	89.0	0.0	0.0	0.0	0.0	33.0	68.0	0.0	72.0	39.0	0.0	0.0	22.0	74.0	0.0	78.0	14.0	0.0	0.0	0.0	0.0	45.0	0.0	41.0	0.0	0.0	75.0	87.0	0.0	0.0	0.0	0.0	0.0	0.0	47.0	0.0	0.0	0.0	0.0	93.0	0.0	39.0	6.0	0.0
0.0	0.0	0.0	29.0	0.0	34.0	0.0	0.0	0.0	98.0	48.0	0.0	14.0	1.0	96.0	0.0	0.0	96.0	55.0	0.0	62.0	1.0	75.0	0.0	58.0	0.0	0.0	28.0	19.0	88.0	0.0	0.0	0.0	100.0	56.0	0.0	40.0	0.0	0.0	93.0	44.0	30.0	51.0	26.0	0.0	0.0	95.0	0.0	0.0	8.0	100.0	0.0	0.0	0.0	0.0	0.0	0.0	0.0	79.0	97.0	87.0	96.0	30.0	0.0	0.0	0.0	97.0	0.0	20.0	0.0	0.0	0.0	94.0	46.0	27.0	32.0	0.0	98.0	0.0	0.0	66.0	21.0	47.0	0.0	0.0	0.0	0.0	71.0	46.0	66.0	33.0	88.0	27.0	61.0	0.0	0.0	0.0	95.0	0.0	54.0	0.0	75.0	13.0	0.0	0.0	12.0	9.0	0.0	0.0	0.0	0.0	61.0	0.0	94.0	82.0	0.0	11.0	33.0	79.0	15.0	0.0	1.0	0.0	56.0	0.0	87.0	42.0	41.0	0.0	45.0	90.0	80.0	0.0	70.0	97.0	46.0	0.0	60.0	0.0	0.0	36.0	46.0	0.0	0.0	76.0	0.0	5.0	0.0	0.0	26.0	25.0	55.0	0.0	35.0	0.0	0.0	45.0	82.0	0.0	23.0	70.0	0.0	0.0	78.0	68.0	0.0	54.0	0.0	0.0	42.0	0.0	31.0	15.0	0.0	0.0	0.0	0.0	0.0	0.0	63.0	0.0	0.0
9.0	1.0	0.0	0.0	0.0	0.0	0.0	52.0	0.0	92.0	21.0	15.0	18.0	0.0	68.0	55.0	0.0	0.0	0.0	0.0	19.0	0.0	0.0	24.0	18.0	29.0	0.0	12.0	26.0	75.0	21.0	0.0	0.0	36.0	0.0	50.0	99.0	0.0	0.0	32.0	0.0	18.0	24.0	0.0	22.0	84.0	65.0	0.0	0.0	91.0	65.0	0.0	71.0	22.0	0.0	0.0	74.0	0.0	45.0	2.0	55.0	81.0	0.0	0.0	14.0	68.0	29.0	64.0	0.0	0.0	50.0	0.0	45.0	0.0	0.0	0.0	0.0	44.0	27.0	0.0	55.0	0.0	5.0	0.0	1.0	60.0	79.0	0.0	24.0	0.0	0.0	0.0	0.0	0.0	0.0	49.0	70.0	0.0	89.0	0.0	0.0	0.0	13.0	18.0	0.0	0.0	94.0	33.0	43.0	82.0	68.0	71.0	74.0	0.0	24.0	0.0	49.0	80.0	0.0	0.0	94.0	90.0	0.0	71.0	9.0	0.0	70.0	15.0	0.0	0.0	0.0	0.0	9.0	13.0	0.0	0.0	76.0	99.0	31.0	0.0	0.0	23.0	100.0	83.0	0.0	42.0	11.0	0.0	22.0	34.0	0.0	0.0	0.0	80.0	0.0	34.0	3.0	0.0	58.0	10.0	4.0	15.0	0.0	62.0	0.0	0.0	38.0	0.0	0.0	0.0	0.0	0.0	0.0	61.0	59.0	13.0	74.0	2.0	33.0	36.0	31.0
12.0	54.0	0.0	48.0	55.0	95.0	0.0	0.0	0.0	3.0	27.0	53.0	0.0	19.0	1.0	77.0	19.0	0.0	30.0	12.0	29.0	0.0	0.0	59.0	92.0	59.0	26.0	16.0	71.0	0.0	0.0	0.0	25.0	54.0	43.0	72.0	40.0	26.0	36.0	0.0	36.0	0.0	0.0	0.0	0.0	86.0	30.0	0.0	0.0	0.0	72.0	24.0	0.0	47.0	0.0	0.0	0.0	0.0	0.0	0.0	0.0	0.0	0.0	0.0	33.0	97.0	0.0	0.0	0.0	0.0	0.0	0.0	0.0	0.0	0.0	88.0	0.0	25.0	0.0	45.0	51.0	0.0	60.0	0.0	60.0	84.0	30.0	0.0	73.0	78.0	0.0	38.0	0.0	0.0	64.0	98.0	0.0	87.0	0.0	0.0	17.0	62.0	43.0	78.0	73.0	44.0	0.0	1.0	0.0	3.0	36.0	56.0	92.0	0.0	0.0	0.0	18.0	0.0	43.0	12.0	0.0	38.0	58.0	0.0	77.0	0.0	36.0	92.0	0.0	0.0	19.0	0.0	0.0	0.0	0.0	0.0	90.0	38.0	0.0	0.0	24.0	71.0	0.0	34.0	1.0	35.0	0.0	0.0	0.0	0.0	94.0	77.0	38.0	0.0	21.0	28.0	87.0	10.0	0.0	2.0	11.0	73.0	20.0	0.0	0.0	6.0	0.0	16.0	0.0	0.0	0.0	93.0	41.0	50.0	24.0	0.0	42.0	0.0	99.0	0.0
0.0	65.0	0.0	0.0	40.0	30.0	0.0	47.0	0.0	80.0	0.0	0.0	47.0	0.0	74.0	40.0	55.0	67.0	0.0	39.0	87.0	0.0	0.0	8.0	83.0	11.0	0.0	0.0	0.0	73.0	0.0	70.0	0.0	31.0	0.0	55.0	7.0	21.0	19.0	0.0	67.0	80.0	0.0	33.0	0.0	15.0	0.0	85.0	29.0	28.0	0.0	71.0	0.0	94.0	0.0	25.0	72.0	64.0	1.0	55.0	13.0	0.0	99.0	41.0	0.0	55.0	0.0	59.0	0.0	50.0	0.0	33.0	100.0	98.0	0.0	91.0	0.0	0.0	90.0	0.0	89.0	0.0	0.0	0.0	0.0	97.0	10.0	57.0	0.0	0.0	0.0	2.0	91.0	0.0	59.0	39.0	42.0	0.0	70.0	0.0	0.0	0.0	0.0	0.0	89.0	2.0	0.0	32.0	36.0	0.0	0.0	10.0	0.0	83.0	75.0	22.0	11.0	54.0	61.0	99.0	0.0	0.0	0.0	72.0	0.0	75.0	79.0	0.0	0.0	56.0	0.0	87.0	19.0	0.0	97.0	68.0	72.0	0.0	0.0	24.0	52.0	0.0	84.0	88.0	85.0	99.0	0.0	0.0	97.0	43.0	44.0	85.0	0.0	3.0	0.0	66.0	36.0	0.0	0.0	0.0	4.0	94.0	62.0	51.0	97.0	59.0	0.0	0.0	0.0	33.0	6.0	5.0	9.0	8.0	0.0	0.0	0.0	0.0	0.0
0.0	57.0	0.0	0.0	72.0	0.0	63.0	0.0	0.0	24.0	60.0	84.0	0.0	0.0	83.0	82.0	68.0	0.0	0.0	0.0	0.0	73.0	33.0	0.0	65.0	29.0	0.0	84.0	0.0	0.0	28.0	0.0	0.0	34.0	23.0	0.0	99.0	0.0	47.0	0.0	0.0	25.0	0.0	57.0	3.0	28.0	70.0	100.0	82.0	36.0	22.0	41.0	0.0	33.0	4.0	34.0	0.0	17.0	65.0	0.0	0.0	0.0	0.0	37.0	6.0	0.0	0.0	99.0	0.0	0.0	0.0	70.0	11.0	0.0	0.0	18.0	0.0	0.0	20.0	27.0	0.0	94.0	83.0	48.0	0.0	0.0	19.0	14.0	0.0	0.0	0.0	61.0	0.0	75.0	0.0	69.0	69.0	0.0	19.0	30.0	0.0	0.0	2.0	96.0	0.0	40.0	0.0	19.0	66.0	0.0	0.0	60.0	0.0	0.0	0.0	0.0	14.0	47.0	0.0	0.0	0.0	15.0	0.0	0.0	77.0	0.0	0.0	8.0	76.0	30.0	40.0	25.0	57.0	0.0	6.0	0.0	0.0	0.0	0.0	0.0	0.0	0.0	84.0	60.0	77.0	0.0	0.0	0.0	0.0	19.0	3.0	93.0	0.0	0.0	0.0	78.0	0.0	1.0	0.0	0.0	52.0	0.0	37.0	37.0	0.0	0.0	0.0	0.0	0.0	0.0	0.0	91.0	14.0	57.0	91.0	96.0	0.0	85.0
36.0	56.0	55.0	0.0	75.0	0.0	0.0	8.0	0.0	17.0	93.0	0.0	29.0	0.0	0.0	10.0	30.0	27.0	81.0	0.0	0.0	0.0	0.0	0.0	0.0	0.0	0.0	0.0	87.0	0.0	79.0	22.0	0.0	82.0	0.0	48.0	0.0	0.0	76.0	0.0	9.0	0.0	40.0	89.0	46.0	94.0	18.0	0.0	94.0	92.0	0.0	1.0	16.0	0.0	0.0	0.0	0.0	0.0	0.0	74.0	46.0	44.0	0.0	0.0	5.0	0.0	0.0	0.0	0.0	74.0	0.0	0.0	0.0	97.0	90.0	0.0	78.0	0.0	16.0	0.0	0.0	79.0	0.0	0.0	0.0	82.0	93.0	0.0	0.0	11.0	0.0	0.0	0.0	0.0	0.0	5.0	34.0	86.0	0.0	0.0	0.0	0.0	85.0	67.0	46.0	0.0	0.0	0.0	29.0	66.0	12.0	32.0	37.0	0.0	9.0	79.0	49.0	0.0	0.0	0.0	71.0	0.0	49.0	0.0	0.0	0.0	83.0	0.0	0.0	32.0	0.0	8.0	0.0	63.0	0.0	53.0	0.0	44.0	0.0	60.0	54.0	68.0	0.0	0.0	0.0	94.0	43.0	0.0	86.0	0.0	15.0	0.0	80.0	13.0	0.0	86.0	0.0	70.0	66.0	72.0	0.0	55.0	95.0	0.0	0.0	0.0	89.0	0.0	29.0	0.0	39.0	61.0	0.0	0.0	0.0	0.0	51.0
79.0	0.0	11.0	66.0	12.0	67.0	48.0	0.0	13.0	0.0	0.0	3.0	0.0	100.0	25.0	85.0	23.0	66.0	82.0	0.0	41.0	49.0	8.0	37.0	0.0	90.0	58.0	6.0	0.0	0.0	71.0	40.0	62.0	0.0	28.0	0.0	0.0	7.0	43.0	0.0	0.0	0.0	29.0	38.0	0.0	0.0	0.0	0.0	0.0	4.0	2.0	0.0	21.0	0.0	0.0	57.0	0.0	0.0	88.0	26.0	12.0	0.0	30.0	65.0	18.0	0.0	53.0	85.0	0.0	0.0	0.0	0.0	51.0	98.0	77.0	0.0	0.0	70.0	34.0	69.0	0.0	0.0	0.0	0.0	0.0	0.0	0.0	0.0	61.0	35.0	53.0	49.0	32.0	0.0	57.0	0.0	80.0	83.0	0.0	0.0	58.0	0.0	31.0	0.0	65.0	0.0	97.0	0.0	0.0	0.0	69.0	25.0	90.0	0.0	0.0	0.0	0.0	12.0	8.0	64.0	0.0	76.0	23.0	0.0	55.0	17.0	2.0	0.0	0.0	0.0	67.0	86.0	0.0	0.0	88.0	0.0	79.0	46.0	0.0	40.0	0.0	0.0	0.0	0.0	0.0	90.0	79.0	0.0	0.0	0.0	36.0	59.0	28.0	0.0	0.0	0.0	29.0	86.0	55.0	0.0	0.0	0.0	69.0	39.0	2.0	26.0	0.0	0.0	0.0	60.0	0.0	0.0	80.0	40.0	4.0	0.0
0.0	0.0	41.0	0.0	38.0	0.0	51.0	0.0	93.0	0.0	71.0	24.0	0.0	2.0	0.0	0.0	52.0	0.0	0.0	84.0	0.0	97.0	0.0	30.0	32.0	59.0	0.0	0.0	0.0	72.0	0.0	0.0	25.0	0.0	85.0	0.0	70.0	0.0	39.0	0.0	83.0	0.0	23.0	69.0	0.0	0.0	79.0	94.0	7.0	46.0	95.0	0.0	0.0	43.0	100.0	0.0	0.0	0.0	0.0	75.0	0.0	74.0	0.0	20.0	0.0	0.0	27.0	0.0	95.0	0.0	99.0	68.0	0.0	25.0	76.0	61.0	0.0	87.0	0.0	0.0	5.0	23.0	14.0	0.0	0.0	93.0	37.0	0.0	0.0	0.0	51.0	90.0	94.0	0.0	0.0	0.0	0.0	38.0	0.0	0.0	82.0	70.0	98.0	0.0	0.0	84.0	0.0	33.0	60.0	0.0	24.0	34.0	88.0	3.0	0.0	0.0	25.0	99.0	0.0	3.0	57.0	21.0	6.0	1.0	59.0	0.0	51.0	4.0	100.0	0.0	3.0	63.0	46.0	0.0	0.0	0.0	0.0	68.0	11.0	0.0	0.0	31.0	90.0	0.0	56.0	28.0	0.0	0.0	0.0	0.0	18.0	0.0	20.0	0.0	0.0	0.0	27.0	0.0	0.0	73.0	65.0	0.0	0.0	0.0	52.0	50.0	0.0	97.0	0.0	0.0	0.0	0.0	0.0	0.0	42.0
88.0	12.0	0.0	0.0	49.0	37.0	23.0	96.0	87.0	0.0	0.0	0.0	0.0	22.0	0.0	82.0	0.0	0.0	45.0	0.0	34.0	51.0	0.0	28.0	38.0	0.0	0.0	0.0	0.0	0.0	46.0	23.0	33.0	0.0	0.0	0.0	95.0	0.0	0.0	0.0	27.0	0.0	0.0	0.0	0.0	47.0	57.0	0.0	32.0	90.0	38.0	24.0	56.0	0.0	0.0	0.0	0.0	62.0	40.0	20.0	0.0	67.0	0.0	0.0	0.0	10.0	47.0	0.0	0.0	0.0	0.0	0.0	56.0	15.0	73.0	28.0	0.0	26.0	47.0	6.0	0.0	0.0	39.0	83.0	0.0	0.0	0.0	97.0	64.0	0.0	84.0	0.0	0.0	59.0	27.0	0.0	31.0	31.0	19.0	95.0	0.0	62.0	43.0	79.0	57.0	0.0	0.0	89.0	90.0	0.0	0.0	46.0	0.0	0.0	36.0	47.0	13.0	37.0	0.0	36.0	0.0	30.0	99.0	0.0	11.0	0.0	0.0	0.0	0.0	0.0	99.0	54.0	90.0	0.0	40.0	0.0	88.0	30.0	0.0	41.0	63.0	0.0	55.0	69.0	0.0	0.0	0.0	97.0	0.0	0.0	0.0	64.0	48.0	0.0	0.0	41.0	0.0	0.0	3.0	99.0	0.0	17.0	0.0	3.0	7.0	38.0	0.0	96.0	0.0	0.0	0.0	0.0	0.0	61.0
0.0	0.0	34.0	0.0	0.0	9.0	98.0	0.0	36.0	70.0	30.0	29.0	0.0	0.0	0.0	35.0	3.0	0.0	3.0	68.0	20.0	46.0	0.0	100.0	0.0	0.0	0.0	64.0	0.0	0.0	0.0	0.0	0.0	0.0	0.0	57.0	22.0	11.0	32.0	44.0	70.0	0.0	19.0	0.0	17.0	21.0	62.0	0.0	6.0	0.0	0.0	32.0	30.0	68.0	0.0	0.0	0.0	42.0	66.0	23.0	73.0	0.0	0.0	0.0	0.0	0.0	15.0	0.0	0.0	2.0	2.0	0.0	0.0	0.0	11.0	0.0	0.0	99.0	57.0	74.0	0.0	0.0	53.0	0.0	94.0	0.0	8.0	0.0	93.0	10.0	0.0	0.0	59.0	0.0	0.0	0.0	11.0	0.0	0.0	0.0	99.0	0.0	47.0	63.0	0.0	39.0	5.0	82.0	34.0	27.0	4.0	94.0	96.0	9.0	0.0	0.0	0.0	78.0	0.0	100.0	6.0	0.0	0.0	0.0	97.0	0.0	0.0	30.0	0.0	42.0	0.0	0.0	0.0	0.0	1.0	0.0	0.0	68.0	74.0	53.0	12.0	31.0	91.0	88.0	1.0	73.0	0.0	0.0	33.0	3.0	74.0	0.0	0.0	0.0	0.0	42.0	95.0	11.0	0.0	98.0	62.0	0.0	0.0	0.0	97.0	12.0	68.0	0.0	0.0	0.0	2.0	50.0	0.0
18.0	90.0	22.0	14.0	0.0	0.0	40.0	46.0	38.0	96.0	39.0	8.0	0.0	50.0	0.0	98.0	0.0	0.0	52.0	8.0	64.0	9.0	0.0	100.0	0.0	86.0	0.0	63.0	0.0	47.0	0.0	45.0	0.0	30.0	0.0	0.0	0.0	0.0	48.0	11.0	74.0	0.0	3.0	77.0	0.0	0.0	14.0	0.0	90.0	8.0	78.0	83.0	77.0	28.0	42.0	0.0	51.0	15.0	8.0	66.0	19.0	0.0	68.0	41.0	0.0	0.0	0.0	0.0	0.0	36.0	0.0	0.0	6.0	45.0	0.0	0.0	0.0	0.0	65.0	66.0	90.0	31.0	0.0	92.0	0.0	0.0	0.0	0.0	9.0	32.0	0.0	0.0	0.0	96.0	0.0	0.0	39.0	0.0	35.0	97.0	53.0	5.0	72.0	0.0	60.0	0.0	0.0	0.0	0.0	0.0	71.0	64.0	34.0	0.0	89.0	26.0	63.0	0.0	0.0	0.0	25.0	0.0	59.0	0.0	0.0	0.0	32.0	0.0	0.0	46.0	60.0	0.0	68.0	33.0	76.0	23.0	9.0	46.0	0.0	65.0	0.0	70.0	21.0	36.0	0.0	52.0	0.0	0.0	6.0	0.0	0.0	49.0	86.0	0.0	15.0	76.0	90.0	0.0	0.0	0.0	91.0	17.0	59.0	0.0	0.0	0.0	9.0	0.0	55.0	0.0	0.0	100.0
37.0	0.0	0.0	0.0	0.0	0.0	49.0	4.0	0.0	60.0	38.0	0.0	48.0	6.0	1.0	36.0	0.0	1.0	69.0	0.0	0.0	0.0	17.0	93.0	55.0	0.0	30.0	0.0	0.0	63.0	90.0	94.0	0.0	54.0	0.0	33.0	0.0	0.0	81.0	0.0	82.0	26.0	0.0	0.0	0.0	74.0	0.0	30.0	5.0	77.0	0.0	0.0	0.0	0.0	0.0	19.0	55.0	66.0	0.0	39.0	0.0	28.0	0.0	0.0	0.0	54.0	0.0	0.0	0.0	0.0	0.0	30.0	56.0	92.0	29.0	12.0	68.0	86.0	84.0	0.0	28.0	4.0	0.0	59.0	0.0	49.0	74.0	12.0	0.0	45.0	13.0	48.0	0.0	44.0	32.0	0.0	97.0	76.0	58.0	0.0	0.0	17.0	21.0	0.0	0.0	39.0	21.0	0.0	23.0	62.0	0.0	0.0	60.0	36.0	0.0	55.0	1.0	0.0	80.0	0.0	59.0	0.0	87.0	0.0	82.0	0.0	0.0	37.0	0.0	7.0	56.0	77.0	82.0	0.0	94.0	0.0	0.0	0.0	0.0	9.0	0.0	0.0	0.0	78.0	0.0	0.0	35.0	67.0	0.0	2.0	0.0	0.0	0.0	0.0	71.0	77.0	54.0	0.0	65.0	0.0	0.0	43.0	0.0	0.0	28.0	90.0	0.0	0.0	0.0	38.0	0.0
0.0	0.0	57.0	17.0	0.0	73.0	0.0	82.0	0.0	76.0	0.0	77.0	97.0	50.0	16.0	49.0	26.0	0.0	0.0	87.0	0.0	41.0	9.0	75.0	0.0	61.0	53.0	0.0	0.0	0.0	0.0	57.0	0.0	0.0	0.0	0.0	40.0	0.0	0.0	0.0	76.0	0.0	0.0	11.0	35.0	0.0	0.0	0.0	0.0	87.0	0.0	43.0	0.0	66.0	0.0	76.0	23.0	58.0	0.0	0.0	0.0	0.0	84.0	0.0	0.0	11.0	34.0	0.0	1.0	0.0	88.0	54.0	0.0	0.0	0.0	72.0	75.0	9.0	15.0	38.0	0.0	0.0	0.0	42.0	42.0	43.0	0.0	31.0	0.0	0.0	48.0	0.0	16.0	10.0	0.0	10.0	0.0	99.0	20.0	41.0	0.0	0.0	0.0	0.0	0.0	0.0	0.0	88.0	49.0	20.0	0.0	73.0	68.0	7.0	0.0	0.0	39.0	81.0	0.0	0.0	0.0	0.0	0.0	0.0	63.0	0.0	0.0	0.0	40.0	99.0	90.0	0.0	0.0	0.0	35.0	2.0	74.0	0.0	0.0	61.0	95.0	68.0	0.0	34.0	0.0	42.0	55.0	0.0	0.0	0.0	72.0	45.0	0.0	0.0	96.0	0.0	48.0	0.0	85.0	0.0	34.0	0.0	0.0	0.0	0.0	0.0	0.0	18.0	26.0	0.0
64.0	0.0	30.0	0.0	42.0	0.0	0.0	0.0	31.0	83.0	66.0	0.0	4.0	0.0	0.0	97.0	97.0	30.0	0.0	29.0	55.0	65.0	33.0	40.0	74.0	0.0	0.0	0.0	0.0	8.0	3.0	23.0	0.0	0.0	0.0	3.0	68.0	0.0	0.0	0.0	0.0	99.0	0.0	0.0	0.0	77.0	0.0	0.0	27.0	0.0	0.0	41.0	42.0	16.0	84.0	0.0	41.0	84.0	76.0	33.0	0.0	78.0	2.0	0.0	0.0	0.0	0.0	42.0	13.0	0.0	0.0	60.0	51.0	59.0	19.0	0.0	10.0	63.0	0.0	93.0	97.0	0.0	0.0	76.0	0.0	59.0	92.0	0.0	0.0	0.0	40.0	58.0	64.0	0.0	0.0	34.0	52.0	52.0	36.0	33.0	0.0	0.0	0.0	50.0	0.0	0.0	0.0	80.0	16.0	68.0	88.0	0.0	99.0	0.0	88.0	13.0	22.0	0.0	0.0	0.0	45.0	0.0	97.0	14.0	9.0	0.0	7.0	87.0	0.0	0.0	13.0	82.0	33.0	0.0	7.0	93.0	0.0	0.0	51.0	37.0	2.0	0.0	0.0	0.0	0.0	45.0	92.0	45.0	0.0	3.0	9.0	5.0	0.0	0.0	0.0	0.0	66.0	0.0	46.0	0.0	6.0	0.0	76.0	43.0	0.0	1.0	7.0	21.0	0.0
0.0	0.0	0.0	0.0	0.0	76.0	53.0	100.0	36.0	0.0	70.0	59.0	6.0	1.0	0.0	52.0	24.0	65.0	0.0	0.0	89.0	6.0	74.0	7.0	0.0	0.0	56.0	12.0	27.0	46.0	89.0	21.0	79.0	0.0	0.0	79.0	57.0	46.0	0.0	37.0	84.0	0.0	0.0	66.0	0.0	69.0	95.0	0.0	0.0	0.0	0.0	1.0	14.0	77.0	0.0	0.0	54.0	0.0	78.0	8.0	0.0	0.0	0.0	0.0	59.0	6.0	0.0	1.0	0.0	0.0	0.0	0.0	0.0	86.0	100.0	40.0	0.0	0.0	50.0	49.0	95.0	9.0	3.0	90.0	7.0	47.0	1.0	0.0	10.0	0.0	77.0	47.0	22.0	75.0	32.0	0.0	0.0	0.0	57.0	0.0	56.0	93.0	89.0	0.0	0.0	0.0	69.0	0.0	0.0	73.0	88.0	0.0	83.0	83.0	0.0	7.0	0.0	70.0	61.0	28.0	0.0	0.0	7.0	74.0	2.0	0.0	0.0	0.0	63.0	45.0	89.0	0.0	27.0	9.0	0.0	0.0	37.0	0.0	96.0	0.0	52.0	0.0	0.0	60.0	0.0	2.0	54.0	0.0	0.0	0.0	0.0	30.0	0.0	0.0	0.0	6.0	37.0	30.0	51.0	0.0	0.0	46.0	8.0	0.0	0.0	0.0	92.0	0.0
38.0	84.0	57.0	0.0	0.0	40.0	0.0	29.0	83.0	8.0	0.0	18.0	0.0	35.0	0.0	28.0	0.0	0.0	14.0	26.0	0.0	30.0	0.0	42.0	15.0	67.0	0.0	0.0	0.0	81.0	0.0	18.0	0.0	0.0	0.0	18.0	0.0	0.0	75.0	0.0	88.0	0.0	37.0	0.0	72.0	58.0	7.0	20.0	0.0	99.0	0.0	28.0	0.0	37.0	0.0	24.0	33.0	20.0	75.0	93.0	0.0	0.0	68.0	9.0	77.0	0.0	0.0	0.0	0.0	0.0	48.0	86.0	0.0	0.0	100.0	0.0	1.0	28.0	0.0	58.0	0.0	0.0	79.0	13.0	86.0	15.0	0.0	0.0	0.0	0.0	29.0	38.0	94.0	0.0	0.0	0.0	36.0	0.0	66.0	56.0	26.0	0.0	40.0	0.0	68.0	11.0	0.0	88.0	0.0	2.0	0.0	0.0	0.0	0.0	45.0	0.0	0.0	0.0	0.0	87.0	69.0	77.0	73.0	5.0	0.0	0.0	0.0	11.0	68.0	0.0	37.0	0.0	0.0	91.0	0.0	41.0	76.0	0.0	32.0	13.0	12.0	0.0	99.0	0.0	0.0	0.0	0.0	0.0	5.0	17.0	0.0	78.0	27.0	72.0	0.0	0.0	0.0	88.0	0.0	49.0	11.0	12.0	93.0	62.0	73.0	92.0	0.0
72.0	0.0	0.0	0.0	0.0	0.0	0.0	0.0	20.0	0.0	53.0	44.0	86.0	92.0	6.0	0.0	0.0	78.0	23.0	0.0	86.0	41.0	0.0	62.0	24.0	9.0	0.0	42.0	0.0	0.0	0.0	97.0	0.0	0.0	84.0	0.0	0.0	45.0	0.0	51.0	24.0	6.0	49.0	0.0	0.0	65.0	66.0	0.0	0.0	0.0	18.0	0.0	0.0	12.0	1.0	46.0	0.0	41.0	0.0	0.0	0.0	0.0	0.0	0.0	60.0	0.0	6.0	0.0	0.0	0.0	86.0	95.0	6.0	0.0	10.0	0.0	65.0	0.0	0.0	56.0	0.0	72.0	36.0	67.0	97.0	94.0	2.0	0.0	0.0	0.0	56.0	12.0	5.0	0.0	0.0	0.0	0.0	0.0	0.0	0.0	0.0	0.0	40.0	0.0	10.0	0.0	64.0	0.0	0.0	61.0	0.0	89.0	23.0	77.0	0.0	0.0	0.0	13.0	0.0	0.0	0.0	92.0	8.0	73.0	48.0	93.0	0.0	0.0	7.0	53.0	41.0	68.0	0.0	57.0	83.0	0.0	0.0	32.0	44.0	0.0	44.0	0.0	0.0	68.0	56.0	0.0	0.0	0.0	0.0	0.0	0.0	0.0	0.0	0.0	49.0	58.0	86.0	89.0	69.0	0.0	98.0	31.0	33.0	37.0	79.0	57.0
66.0	56.0	0.0	0.0	37.0	66.0	93.0	72.0	36.0	0.0	14.0	40.0	95.0	0.0	0.0	0.0	42.0	20.0	88.0	22.0	1.0	89.0	0.0	61.0	77.0	56.0	0.0	0.0	0.0	0.0	91.0	0.0	0.0	0.0	0.0	0.0	86.0	0.0	0.0	0.0	0.0	27.0	0.0	0.0	84.0	0.0	17.0	59.0	95.0	0.0	0.0	0.0	0.0	0.0	0.0	98.0	0.0	54.0	6.0	32.0	0.0	35.0	0.0	0.0	17.0	0.0	0.0	0.0	0.0	0.0	0.0	0.0	44.0	0.0	0.0	0.0	29.0	0.0	0.0	70.0	0.0	63.0	0.0	85.0	12.0	0.0	57.0	0.0	26.0	0.0	30.0	0.0	0.0	0.0	81.0	0.0	34.0	21.0	83.0	19.0	90.0	90.0	18.0	0.0	74.0	44.0	100.0	0.0	8.0	49.0	0.0	61.0	60.0	24.0	18.0	33.0	0.0	0.0	0.0	0.0	40.0	15.0	0.0	56.0	0.0	88.0	61.0	28.0	0.0	0.0	0.0	56.0	0.0	0.0	0.0	78.0	0.0	0.0	0.0	17.0	48.0	0.0	0.0	0.0	0.0	0.0	26.0	0.0	72.0	81.0	0.0	0.0	80.0	99.0	13.0	26.0	0.0	97.0	0.0	76.0	85.0	0.0	0.0	0.0	81.0
33.0	40.0	83.0	35.0	0.0	0.0	51.0	90.0	34.0	0.0	19.0	58.0	94.0	44.0	26.0	40.0	94.0	83.0	10.0	0.0	0.0	0.0	0.0	0.0	37.0	0.0	63.0	77.0	0.0	52.0	42.0	57.0	0.0	19.0	77.0	0.0	8.0	0.0	58.0	0.0	41.0	34.0	0.0	0.0	78.0	0.0	0.0	0.0	12.0	71.0	13.0	0.0	96.0	0.0	22.0	0.0	0.0	59.0	0.0	0.0	91.0	0.0	0.0	0.0	0.0	42.0	2.0	17.0	0.0	0.0	74.0	0.0	0.0	17.0	0.0	24.0	0.0	0.0	61.0	0.0	9.0	0.0	0.0	39.0	0.0	0.0	18.0	0.0	0.0	43.0	0.0	0.0	0.0	69.0	82.0	75.0	36.0	0.0	68.0	88.0	0.0	0.0	79.0	50.0	0.0	0.0	89.0	65.0	64.0	0.0	23.0	0.0	0.0	0.0	0.0	0.0	0.0	0.0	0.0	0.0	0.0	23.0	0.0	0.0	0.0	0.0	0.0	0.0	0.0	0.0	74.0	0.0	60.0	0.0	0.0	4.0	0.0	0.0	13.0	0.0	0.0	0.0	92.0	43.0	0.0	0.0	90.0	98.0	0.0	0.0	42.0	83.0	44.0	0.0	66.0	0.0	0.0	0.0	0.0	0.0	73.0	58.0	84.0	0.0
40.0	17.0	0.0	70.0	0.0	0.0	75.0	5.0	66.0	58.0	73.0	0.0	30.0	95.0	35.0	0.0	51.0	0.0	34.0	77.0	36.0	7.0	0.0	0.0	85.0	85.0	8.0	14.0	0.0	0.0	0.0	67.0	2.0	18.0	23.0	41.0	0.0	0.0	0.0	0.0	98.0	5.0	0.0	41.0	0.0	0.0	8.0	66.0	19.0	82.0	0.0	85.0	65.0	0.0	0.0	0.0	29.0	0.0	0.0	0.0	16.0	80.0	98.0	0.0	0.0	0.0	0.0	13.0	0.0	0.0	34.0	0.0	0.0	43.0	0.0	37.0	10.0	74.0	48.0	58.0	24.0	0.0	0.0	0.0	0.0	60.0	0.0	0.0	0.0	0.0	0.0	0.0	0.0	93.0	63.0	56.0	31.0	67.0	0.0	0.0	0.0	68.0	99.0	69.0	24.0	82.0	82.0	0.0	0.0	45.0	0.0	0.0	0.0	30.0	60.0	92.0	0.0	0.0	0.0	19.0	0.0	90.0	71.0	0.0	24.0	14.0	0.0	0.0	0.0	20.0	0.0	0.0	12.0	0.0	57.0	9.0	0.0	29.0	6.0	77.0	0.0	96.0	0.0	0.0	0.0	0.0	0.0	0.0	0.0	0.0	0.0	0.0	0.0	20.0	0.0	65.0	32.0	0.0	88.0	0.0	0.0	0.0	0.0
0.0	19.0	0.0	67.0	10.0	73.0	56.0	40.0	48.0	0.0	58.0	84.0	0.0	0.0	0.0	0.0	0.0	25.0	0.0	91.0	90.0	0.0	66.0	0.0	0.0	0.0	11.0	74.0	0.0	81.0	7.0	28.0	0.0	66.0	18.0	0.0	0.0	0.0	0.0	0.0	0.0	95.0	0.0	99.0	16.0	0.0	0.0	0.0	15.0	46.0	0.0	0.0	0.0	0.0	27.0	0.0	54.0	93.0	100.0	0.0	0.0	42.0	0.0	0.0	0.0	0.0	0.0	49.0	41.0	0.0	0.0	0.0	0.0	0.0	0.0	0.0	21.0	0.0	88.0	0.0	58.0	0.0	17.0	89.0	76.0	0.0	0.0	100.0	28.0	85.0	0.0	0.0	0.0	35.0	2.0	48.0	0.0	0.0	0.0	12.0	0.0	70.0	79.0	0.0	0.0	0.0	95.0	41.0	0.0	0.0	70.0	56.0	0.0	21.0	52.0	0.0	31.0	75.0	0.0	20.0	0.0	0.0	0.0	6.0	92.0	4.0	9.0	10.0	66.0	0.0	63.0	82.0	37.0	0.0	0.0	0.0	34.0	78.0	0.0	0.0	0.0	98.0	0.0	9.0	0.0	0.0	40.0	85.0	12.0	23.0	95.0	54.0	0.0	0.0	0.0	0.0	0.0	88.0	98.0	0.0	0.0	97.0
9.0	64.0	15.0	40.0	55.0	13.0	0.0	0.0	25.0	19.0	0.0	0.0	22.0	0.0	0.0	0.0	47.0	0.0	66.0	0.0	0.0	0.0	14.0	23.0	14.0	88.0	0.0	0.0	0.0	70.0	73.0	36.0	0.0	39.0	0.0	94.0	0.0	24.0	0.0	0.0	100.0	0.0	0.0	22.0	35.0	0.0	45.0	40.0	43.0	0.0	99.0	0.0	0.0	28.0	0.0	0.0	22.0	0.0	53.0	0.0	61.0	52.0	38.0	0.0	30.0	0.0	0.0	89.0	98.0	0.0	38.0	10.0	6.0	0.0	14.0	46.0	24.0	68.0	0.0	0.0	69.0	61.0	20.0	0.0	16.0	0.0	39.0	0.0	0.0	57.0	0.0	75.0	0.0	61.0	100.0	36.0	49.0	0.0	0.0	48.0	0.0	53.0	0.0	97.0	0.0	0.0	100.0	39.0	60.0	77.0	75.0	0.0	0.0	0.0	51.0	0.0	0.0	84.0	74.0	0.0	0.0	83.0	80.0	0.0	0.0	0.0	87.0	39.0	5.0	83.0	56.0	41.0	86.0	62.0	0.0	70.0	1.0	8.0	21.0	0.0	48.0	87.0	73.0	0.0	0.0	0.0	93.0	11.0	97.0	0.0	0.0	13.0	8.0	0.0	0.0	88.0	0.0	61.0	94.0	0.0	0.0
0.0	27.0	12.0	0.0	0.0	0.0	0.0	0.0	15.0	0.0	26.0	11.0	0.0	0.0	74.0	0.0	30.0	72.0	0.0	62.0	0.0	10.0	71.0	8.0	34.0	0.0	0.0	0.0	0.0	21.0	76.0	0.0	0.0	66.0	0.0	88.0	46.0	81.0	38.0	0.0	86.0	0.0	53.0	0.0	73.0	92.0	8.0	46.0	0.0	0.0	0.0	0.0	0.0	0.0	14.0	48.0	0.0	0.0	0.0	90.0	55.0	42.0	96.0	27.0	89.0	44.0	0.0	7.0	0.0	33.0	0.0	0.0	3.0	25.0	86.0	6.0	85.0	0.0	0.0	38.0	82.0	0.0	0.0	82.0	71.0	80.0	3.0	0.0	0.0	68.0	0.0	42.0	0.0	1.0	0.0	50.0	65.0	0.0	9.0	13.0	0.0	46.0	0.0	0.0	0.0	40.0	78.0	0.0	0.0	95.0	72.0	8.0	0.0	28.0	27.0	96.0	39.0	0.0	74.0	0.0	0.0	21.0	0.0	80.0	0.0	0.0	21.0	55.0	20.0	0.0	0.0	52.0	57.0	0.0	0.0	0.0	0.0	80.0	77.0	0.0	88.0	0.0	0.0	0.0	81.0	39.0	0.0	0.0	95.0	77.0	0.0	0.0	16.0	0.0	19.0	0.0	0.0	0.0	61.0	0.0
13.0	0.0	0.0	82.0	38.0	0.0	0.0	24.0	0.0	0.0	0.0	11.0	0.0	0.0	96.0	0.0	0.0	77.0	59.0	2.0	78.0	0.0	0.0	0.0	35.0	37.0	0.0	88.0	1.0	65.0	79.0	66.0	45.0	0.0	0.0	20.0	0.0	0.0	68.0	6.0	32.0	76.0	59.0	0.0	25.0	11.0	0.0	37.0	53.0	0.0	0.0	62.0	32.0	18.0	92.0	94.0	0.0	14.0	0.0	44.0	75.0	0.0	77.0	0.0	89.0	30.0	3.0	46.0	38.0	0.0	0.0	27.0	0.0	35.0	63.0	0.0	23.0	0.0	68.0	80.0	0.0	0.0	94.0	0.0	56.0	72.0	0.0	86.0	0.0	76.0	28.0	5.0	36.0	0.0	0.0	0.0	0.0	0.0	22.0	50.0	0.0	12.0	0.0	94.0	0.0	48.0	0.0	0.0	0.0	0.0	0.0	13.0	0.0	0.0	0.0	51.0	0.0	0.0	23.0	0.0	0.0	82.0	0.0	36.0	35.0	0.0	19.0	0.0	50.0	0.0	0.0	62.0	0.0	0.0	68.0	0.0	0.0	82.0	43.0	5.0	64.0	2.0	7.0	0.0	80.0	77.0	76.0	99.0	0.0	0.0	40.0	0.0	0.0	0.0	85.0	0.0	0.0	12.0	86.0
21.0	0.0	22.0	33.0	14.0	0.0	0.0	21.0	40.0	100.0	0.0	0.0	0.0	13.0	94.0	43.0	0.0	22.0	98.0	0.0	57.0	0.0	0.0	0.0	0.0	0.0	0.0	0.0	92.0	78.0	48.0	97.0	87.0	0.0	48.0	52.0	52.0	18.0	10.0	36.0	18.0	0.0	36.0	0.0	0.0	9.0	65.0	0.0	20.0	18.0	0.0	0.0	96.0	84.0	59.0	24.0	0.0	0.0	84.0	0.0	32.0	0.0	70.0	0.0	100.0	28.0	0.0	0.0	75.0	0.0	0.0	0.0	0.0	88.0	0.0	86.0	48.0	82.0	57.0	94.0	3.0	0.0	6.0	59.0	0.0	0.0	0.0	0.0	0.0	0.0	0.0	96.0	0.0	74.0	0.0	58.0	47.0	0.0	0.0	0.0	48.0	0.0	0.0	0.0	52.0	14.0	0.0	51.0	55.0	57.0	0.0	68.0	0.0	0.0	86.0	77.0	86.0	62.0	84.0	0.0	0.0	0.0	48.0	66.0	0.0	74.0	0.0	0.0	0.0	70.0	0.0	94.0	63.0	54.0	0.0	33.0	84.0	0.0	51.0	0.0	27.0	0.0	0.0	49.0	0.0	82.0	57.0	68.0	80.0	2.0	0.0	0.0	0.0	0.0	0.0	57.0	77.0	85.0
0.0	51.0	0.0	0.0	82.0	41.0	65.0	4.0	8.0	4.0	0.0	3.0	30.0	0.0	0.0	99.0	0.0	90.0	13.0	32.0	63.0	49.0	58.0	69.0	0.0	0.0	0.0	19.0	91.0	0.0	0.0	0.0	23.0	0.0	71.0	0.0	41.0	0.0	31.0	0.0	0.0	4.0	0.0	0.0	4.0	30.0	0.0	15.0	19.0	51.0	32.0	33.0	0.0	0.0	50.0	97.0	58.0	0.0	0.0	0.0	99.0	17.0	0.0	49.0	0.0	2.0	26.0	0.0	0.0	0.0	19.0	0.0	0.0	20.0	73.0	7.0	86.0	0.0	0.0	0.0	34.0	68.0	0.0	29.0	53.0	25.0	0.0	0.0	24.0	62.0	0.0	27.0	12.0	67.0	0.0	0.0	0.0	0.0	0.0	0.0	42.0	44.0	29.0	0.0	0.0	9.0	92.0	0.0	0.0	0.0	0.0	0.0	98.0	0.0	0.0	0.0	74.0	0.0	36.0	75.0	0.0	22.0	0.0	0.0	17.0	38.0	0.0	0.0	29.0	41.0	0.0	86.0	0.0	0.0	9.0	79.0	0.0	0.0	0.0	63.0	100.0	49.0	36.0	0.0	32.0	0.0	0.0	37.0	5.0	0.0	34.0	77.0	10.0	0.0	0.0	0.0	16.0
0.0	61.0	61.0	0.0	0.0	0.0	92.0	0.0	0.0	0.0	55.0	33.0	0.0	30.0	20.0	0.0	0.0	0.0	0.0	0.0	0.0	24.0	13.0	0.0	100.0	49.0	57.0	0.0	60.0	50.0	39.0	74.0	54.0	0.0	0.0	0.0	44.0	0.0	0.0	0.0	58.0	0.0	0.0	0.0	0.0	0.0	0.0	0.0	43.0	0.0	0.0	0.0	0.0	0.0	59.0	0.0	0.0	0.0	0.0	24.0	74.0	0.0	74.0	0.0	0.0	36.0	0.0	70.0	0.0	44.0	60.0	89.0	0.0	79.0	71.0	0.0	0.0	51.0	27.0	90.0	0.0	75.0	0.0	0.0	0.0	50.0	56.0	70.0	90.0	0.0	0.0	0.0	99.0	0.0	68.0	73.0	77.0	0.0	0.0	89.0	0.0	0.0	92.0	0.0	8.0	0.0	0.0	0.0	55.0	3.0	58.0	85.0	0.0	17.0	0.0	0.0	17.0	0.0	0.0	31.0	76.0	24.0	39.0	0.0	0.0	86.0	0.0	19.0	15.0	0.0	0.0	56.0	69.0	59.0	7.0	87.0	0.0	13.0	0.0	55.0	0.0	0.0	57.0	0.0	0.0	5.0	0.0	18.0	93.0	81.0	0.0	12.0	65.0	0.0	0.0	0.0
0.0	18.0	38.0	0.0	0.0	0.0	0.0	53.0	0.0	0.0	42.0	0.0	0.0	72.0	0.0	39.0	0.0	4.0	44.0	0.0	1.0	81.0	0.0	30.0	0.0	0.0	0.0	8.0	0.0	22.0	0.0	99.0	0.0	21.0	48.0	0.0	100.0	0.0	0.0	0.0	0.0	92.0	0.0	0.0	0.0	0.0	0.0	0.0	0.0	88.0	0.0	76.0	77.0	54.0	0.0	42.0	0.0	0.0	0.0	95.0	72.0	0.0	0.0	16.0	0.0	61.0	11.0	0.0	0.0	65.0	82.0	0.0	0.0	94.0	96.0	49.0	0.0	51.0	0.0	43.0	0.0	0.0	99.0	30.0	0.0	0.0	0.0	57.0	0.0	59.0	0.0	8.0	0.0	86.0	98.0	0.0	58.0	0.0	0.0	30.0	0.0	0.0	15.0	0.0	0.0	0.0	0.0	41.0	0.0	0.0	0.0	0.0	0.0	0.0	58.0	0.0	0.0	61.0	77.0	0.0	0.0	83.0	0.0	0.0	84.0	31.0	0.0	0.0	0.0	0.0	24.0	0.0	62.0	0.0	20.0	94.0	0.0	1.0	14.0	25.0	0.0	0.0	54.0	0.0	0.0	44.0	0.0	0.0	17.0	0.0	24.0	0.0	40.0	0.0	0.0
43.0	89.0	0.0	48.0	40.0	0.0	61.0	0.0	58.0	37.0	83.0	49.0	9.0	0.0	77.0	73.0	0.0	0.0	42.0	23.0	0.0	0.0	0.0	0.0	96.0	19.0	97.0	0.0	0.0	0.0	0.0	0.0	64.0	33.0	29.0	51.0	0.0	0.0	0.0	85.0	0.0	0.0	87.0	15.0	86.0	55.0	0.0	51.0	0.0	30.0	58.0	52.0	0.0	76.0	87.0	20.0	81.0	0.0	0.0	0.0	10.0	45.0	45.0	0.0	0.0	30.0	0.0	0.0	0.0	11.0	70.0	0.0	6.0	3.0	6.0	0.0	0.0	0.0	0.0	0.0	70.0	0.0	0.0	43.0	27.0	0.0	61.0	10.0	97.0	76.0	0.0	0.0	97.0	53.0	0.0	0.0	0.0	19.0	0.0	0.0	0.0	0.0	32.0	0.0	3.0	16.0	0.0	77.0	0.0	0.0	0.0	23.0	37.0	46.0	0.0	0.0	0.0	4.0	0.0	0.0	0.0	0.0	85.0	0.0	0.0	4.0	62.0	22.0	0.0	0.0	0.0	73.0	28.0	1.0	42.0	5.0	0.0	0.0	90.0	0.0	0.0	9.0	0.0	0.0	0.0	0.0	0.0	48.0	0.0	0.0	94.0	86.0	0.0	83.0
0.0	64.0	84.0	81.0	75.0	0.0	96.0	35.0	0.0	19.0	12.0	0.0	43.0	81.0	0.0	0.0	0.0	0.0	64.0	0.0	0.0	0.0	0.0	51.0	63.0	0.0	0.0	0.0	0.0	6.0	47.0	0.0	0.0	0.0	0.0	68.0	0.0	0.0	0.0	0.0	90.0	12.0	0.0	0.0	50.0	67.0	0.0	0.0	0.0	81.0	0.0	53.0	0.0	0.0	0.0	0.0	89.0	0.0	0.0	0.0	0.0	45.0	58.0	0.0	0.0	65.0	31.0	27.0	0.0	0.0	0.0	12.0	0.0	0.0	0.0	5.0	98.0	0.0	0.0	0.0	0.0	0.0	0.0	0.0	0.0	68.0	12.0	46.0	98.0	0.0	0.0	29.0	0.0	59.0	0.0	58.0	0.0	0.0	0.0	0.0	95.0	0.0	3.0	57.0	17.0	22.0	0.0	0.0	0.0	64.0	97.0	0.0	0.0	95.0	41.0	0.0	36.0	76.0	0.0	0.0	33.0	80.0	0.0	19.0	78.0	50.0	85.0	1.0	2.0	0.0	1.0	20.0	83.0	46.0	0.0	45.0	32.0	13.0	0.0	88.0	0.0	85.0	56.0	83.0	68.0	0.0	26.0	37.0	0.0	27.0	0.0	0.0	0.0
49.0	38.0	0.0	0.0	0.0	0.0	31.0	0.0	49.0	59.0	18.0	14.0	0.0	63.0	0.0	70.0	0.0	0.0	7.0	75.0	30.0	97.0	2.0	0.0	0.0	64.0	91.0	0.0	94.0	87.0	52.0	0.0	0.0	31.0	0.0	0.0	0.0	14.0	52.0	0.0	0.0	0.0	0.0	0.0	92.0	0.0	0.0	0.0	35.0	0.0	0.0	0.0	0.0	89.0	0.0	0.0	0.0	0.0	6.0	0.0	52.0	0.0	0.0	10.0	0.0	0.0	6.0	9.0	69.0	0.0	50.0	0.0	0.0	78.0	0.0	34.0	0.0	0.0	0.0	0.0	0.0	0.0	0.0	0.0	0.0	98.0	0.0	0.0	29.0	0.0	7.0	0.0	0.0	0.0	0.0	0.0	0.0	61.0	0.0	100.0	0.0	19.0	60.0	0.0	94.0	0.0	17.0	7.0	64.0	0.0	0.0	60.0	86.0	23.0	57.0	0.0	0.0	0.0	0.0	36.0	52.0	89.0	0.0	39.0	51.0	0.0	40.0	60.0	60.0	89.0	0.0	0.0	5.0	0.0	67.0	93.0	87.0	67.0	0.0	0.0	0.0	0.0	0.0	46.0	0.0	0.0	68.0	0.0	54.0	0.0	75.0	46.0
62.0	0.0	94.0	0.0	46.0	58.0	84.0	91.0	16.0	18.0	27.0	0.0	0.0	0.0	0.0	0.0	10.0	0.0	0.0	97.0	0.0	57.0	80.0	0.0	3.0	0.0	0.0	0.0	42.0	0.0	81.0	97.0	50.0	23.0	0.0	64.0	45.0	0.0	0.0	0.0	0.0	0.0	24.0	0.0	0.0	100.0	3.0	0.0	0.0	0.0	48.0	90.0	2.0	0.0	61.0	0.0	0.0	97.0	0.0	36.0	0.0	48.0	57.0	35.0	3.0	47.0	22.0	56.0	50.0	50.0	0.0	77.0	98.0	4.0	4.0	64.0	54.0	0.0	38.0	75.0	91.0	66.0	0.0	0.0	63.0	0.0	0.0	0.0	0.0	0.0	97.0	0.0	91.0	99.0	51.0	0.0	0.0	75.0	0.0	0.0	0.0	0.0	0.0	0.0	62.0	51.0	0.0	0.0	65.0	0.0	0.0	23.0	0.0	81.0	34.0	0.0	97.0	0.0	74.0	0.0	34.0	0.0	60.0	35.0	18.0	0.0	24.0	0.0	76.0	0.0	45.0	8.0	37.0	69.0	0.0	86.0	9.0	22.0	0.0	0.0	0.0	0.0	25.0	72.0	0.0	0.0	0.0	33.0	0.0	0.0	76.0
0.0	0.0	62.0	0.0	0.0	1.0	0.0	0.0	70.0	89.0	7.0	0.0	0.0	33.0	0.0	0.0	84.0	95.0	22.0	92.0	0.0	0.0	28.0	35.0	69.0	42.0	0.0	0.0	8.0	0.0	19.0	0.0	45.0	0.0	8.0	13.0	11.0	0.0	0.0	59.0	0.0	0.0	0.0	80.0	0.0	18.0	58.0	56.0	0.0	0.0	0.0	13.0	46.0	0.0	0.0	31.0	0.0	29.0	99.0	90.0	9.0	0.0	0.0	0.0	0.0	51.0	67.0	49.0	36.0	0.0	2.0	31.0	0.0	0.0	0.0	81.0	88.0	0.0	41.0	57.0	23.0	0.0	71.0	0.0	0.0	49.0	0.0	1.0	12.0	0.0	25.0	34.0	0.0	57.0	0.0	87.0	33.0	41.0	54.0	0.0	21.0	56.0	0.0	0.0	0.0	0.0	13.0	0.0	0.0	36.0	29.0	91.0	2.0	0.0	51.0	37.0	92.0	0.0	42.0	0.0	18.0	80.0	0.0	12.0	0.0	50.0	70.0	80.0	0.0	0.0	97.0	88.0	0.0	32.0	2.0	61.0	0.0	35.0	0.0	98.0	75.0	54.0	0.0	0.0	3.0	46.0	0.0	0.0	0.0	86.0
0.0	0.0	92.0	0.0	94.0	0.0	58.0	0.0	0.0	93.0	47.0	77.0	0.0	0.0	47.0	0.0	27.0	0.0	30.0	28.0	0.0	14.0	0.0	0.0	0.0	0.0	0.0	48.0	0.0	0.0	32.0	11.0	88.0	1.0	67.0	0.0	57.0	69.0	100.0	30.0	35.0	0.0	49.0	0.0	0.0	0.0	0.0	0.0	0.0	78.0	75.0	0.0	0.0	0.0	24.0	41.0	2.0	0.0	32.0	80.0	0.0	66.0	0.0	25.0	0.0	0.0	0.0	81.0	0.0	60.0	18.0	37.0	21.0	0.0	0.0	0.0	40.0	0.0	50.0	93.0	0.0	0.0	71.0	80.0	0.0	0.0	6.0	0.0	11.0	0.0	0.0	64.0	0.0	0.0	0.0	57.0	0.0	0.0	83.0	0.0	79.0	11.0	0.0	45.0	84.0	26.0	0.0	25.0	0.0	41.0	0.0	61.0	82.0	11.0	32.0	0.0	0.0	48.0	11.0	43.0	0.0	98.0	0.0	0.0	0.0	0.0	95.0	78.0	0.0	0.0	74.0	23.0	0.0	36.0	59.0	88.0	35.0	35.0	15.0	82.0	50.0	0.0	0.0	0.0	0.0	41.0	80.0	80.0	0.0
85.0	75.0	0.0	0.0	90.0	4.0	0.0	5.0	6.0	0.0	0.0	0.0	6.0	91.0	0.0	0.0	0.0	0.0	85.0	0.0	49.0	0.0	0.0	72.0	50.0	46.0	98.0	0.0	37.0	0.0	35.0	64.0	0.0	79.0	75.0	0.0	0.0	0.0	23.0	0.0	52.0	0.0	40.0	0.0	0.0	100.0	0.0	91.0	76.0	12.0	0.0	0.0	80.0	0.0	0.0	86.0	16.0	0.0	10.0	0.0	31.0	60.0	4.0	55.0	99.0	51.0	52.0	60.0	0.0	0.0	0.0	0.0	90.0	80.0	0.0	27.0	0.0	84.0	0.0	0.0	0.0	44.0	0.0	91.0	0.0	0.0	0.0	34.0	0.0	0.0	35.0	13.0	44.0	0.0	0.0	25.0	79.0	5.0	0.0	83.0	0.0	0.0	58.0	0.0	48.0	32.0	0.0	91.0	46.0	0.0	23.0	26.0	62.0	0.0	55.0	32.0	0.0	8.0	0.0	0.0	76.0	17.0	74.0	87.0	14.0	55.0	0.0	40.0	0.0	0.0	11.0	5.0	69.0	91.0	4.0	23.0	45.0	0.0	0.0	0.0	0.0	0.0	0.0	56.0	22.0	41.0	96.0	0.0
0.0	0.0	0.0	97.0	0.0	0.0	0.0	68.0	60.0	0.0	0.0	88.0	57.0	72.0	0.0	0.0	64.0	28.0	0.0	0.0	0.0	0.0	0.0	0.0	0.0	0.0	70.0	0.0	28.0	0.0	95.0	71.0	0.0	0.0	4.0	0.0	0.0	0.0	88.0	19.0	68.0	94.0	11.0	93.0	94.0	55.0	0.0	0.0	6.0	0.0	0.0	0.0	41.0	0.0	0.0	56.0	0.0	0.0	0.0	0.0	0.0	20.0	47.0	64.0	0.0	0.0	46.0	0.0	0.0	0.0	0.0	5.0	16.0	85.0	54.0	0.0	62.0	99.0	16.0	0.0	0.0	0.0	39.0	0.0	0.0	0.0	74.0	0.0	0.0	0.0	0.0	11.0	0.0	0.0	0.0	0.0	0.0	0.0	0.0	31.0	54.0	97.0	0.0	0.0	58.0	8.0	57.0	0.0	83.0	0.0	65.0	63.0	0.0	0.0	0.0	0.0	28.0	37.0	2.0	58.0	46.0	67.0	0.0	74.0	36.0	34.0	75.0	60.0	27.0	0.0	0.0	64.0	0.0	35.0	80.0	36.0	0.0	0.0	42.0	54.0	0.0	85.0	64.0	85.0	20.0	0.0	60.0
45.0	15.0	6.0	0.0	0.0	73.0	61.0	66.0	0.0	79.0	72.0	0.0	86.0	76.0	0.0	58.0	11.0	0.0	98.0	45.0	0.0	60.0	0.0	0.0	9.0	51.0	31.0	77.0	63.0	61.0	17.0	0.0	0.0	100.0	0.0	0.0	95.0	0.0	0.0	0.0	0.0	0.0	0.0	57.0	0.0	0.0	91.0	0.0	0.0	79.0	0.0	0.0	88.0	47.0	88.0	29.0	12.0	0.0	0.0	0.0	0.0	0.0	0.0	28.0	0.0	0.0	0.0	62.0	0.0	0.0	0.0	21.0	91.0	0.0	77.0	0.0	0.0	41.0	68.0	0.0	0.0	0.0	0.0	24.0	24.0	0.0	38.0	0.0	0.0	52.0	41.0	90.0	0.0	0.0	0.0	0.0	0.0	0.0	0.0	90.0	17.0	0.0	0.0	0.0	0.0	0.0	0.0	0.0	4.0	28.0	0.0	0.0	33.0	0.0	0.0	93.0	45.0	0.0	4.0	0.0	0.0	25.0	0.0	0.0	0.0	90.0	22.0	34.0	0.0	0.0	28.0	5.0	85.0	0.0	58.0	5.0	0.0	88.0	52.0	0.0	98.0	0.0	10.0	30.0	0.0	0.0
0.0	0.0	64.0	0.0	6.0	0.0	0.0	0.0	16.0	92.0	87.0	75.0	0.0	0.0	0.0	50.0	7.0	2.0	0.0	0.0	0.0	0.0	67.0	56.0	63.0	0.0	0.0	0.0	0.0	0.0	0.0	19.0	0.0	0.0	0.0	0.0	0.0	96.0	54.0	42.0	77.0	28.0	5.0	0.0	100.0	91.0	39.0	0.0	0.0	0.0	0.0	0.0	0.0	30.0	0.0	17.0	0.0	18.0	98.0	34.0	0.0	26.0	80.0	82.0	0.0	0.0	0.0	0.0	73.0	34.0	15.0	77.0	0.0	89.0	0.0	0.0	0.0	0.0	0.0	45.0	92.0	0.0	0.0	85.0	0.0	46.0	1.0	0.0	0.0	96.0	0.0	0.0	0.0	0.0	0.0	0.0	0.0	0.0	48.0	0.0	78.0	0.0	0.0	0.0	0.0	0.0	63.0	76.0	36.0	97.0	73.0	0.0	3.0	0.0	48.0	90.0	33.0	31.0	17.0	0.0	83.0	0.0	57.0	64.0	0.0	0.0	0.0	31.0	0.0	76.0	74.0	0.0	0.0	0.0	82.0	0.0	0.0	0.0	12.0	0.0	0.0	75.0	0.0	0.0	0.0
7.0	15.0	0.0	0.0	66.0	0.0	67.0	68.0	0.0	0.0	37.0	83.0	0.0	7.0	0.0	11.0	20.0	49.0	0.0	45.0	88.0	0.0	0.0	0.0	0.0	8.0	63.0	38.0	67.0	80.0	0.0	87.0	61.0	42.0	93.0	63.0	3.0	81.0	44.0	0.0	42.0	1.0	80.0	0.0	0.0	84.0	0.0	75.0	0.0	0.0	56.0	60.0	0.0	0.0	0.0	73.0	0.0	35.0	0.0	32.0	0.0	79.0	0.0	22.0	0.0	0.0	38.0	0.0	78.0	5.0	78.0	38.0	63.0	0.0	71.0	0.0	0.0	0.0	15.0	51.0	0.0	0.0	0.0	0.0	0.0	77.0	2.0	15.0	0.0	0.0	94.0	0.0	70.0	25.0	86.0	84.0	0.0	0.0	0.0	33.0	85.0	0.0	69.0	78.0	27.0	0.0	61.0	0.0	0.0	0.0	69.0	0.0	75.0	0.0	0.0	0.0	0.0	21.0	0.0	0.0	47.0	76.0	77.0	0.0	0.0	87.0	0.0	0.0	51.0	32.0	96.0	23.0	0.0	0.0	0.0	0.0	0.0	0.0	58.0	0.0	3.0	46.0	0.0	79.0
0.0	0.0	0.0	100.0	64.0	0.0	0.0	0.0	1.0	0.0	70.0	28.0	78.0	68.0	47.0	0.0	95.0	70.0	0.0	0.0	0.0	0.0	23.0	45.0	0.0	23.0	0.0	65.0	0.0	43.0	97.0	0.0	80.0	0.0	0.0	47.0	12.0	41.0	95.0	82.0	45.0	95.0	54.0	0.0	0.0	0.0	80.0	31.0	0.0	88.0	37.0	99.0	0.0	0.0	0.0	48.0	37.0	31.0	0.0	20.0	0.0	0.0	33.0	0.0	22.0	36.0	72.0	0.0	0.0	0.0	29.0	71.0	0.0	0.0	42.0	0.0	99.0	46.0	0.0	22.0	0.0	33.0	0.0	0.0	0.0	41.0	0.0	0.0	48.0	88.0	26.0	7.0	0.0	19.0	21.0	68.0	61.0	0.0	0.0	0.0	48.0	0.0	0.0	36.0	46.0	0.0	54.0	94.0	0.0	0.0	31.0	0.0	7.0	0.0	0.0	0.0	0.0	17.0	47.0	0.0	76.0	72.0	66.0	0.0	0.0	0.0	0.0	0.0	0.0	80.0	0.0	0.0	98.0	0.0	0.0	0.0	0.0	70.0	0.0	0.0	0.0	64.0	0.0
34.0	67.0	32.0	70.0	0.0	100.0	0.0	0.0	0.0	10.0	0.0	0.0	80.0	65.0	61.0	0.0	0.0	0.0	66.0	41.0	94.0	0.0	18.0	0.0	5.0	0.0	75.0	0.0	90.0	41.0	5.0	0.0	0.0	0.0	0.0	0.0	0.0	0.0	76.0	20.0	22.0	99.0	0.0	90.0	16.0	16.0	84.0	0.0	0.0	0.0	47.0	0.0	0.0	0.0	44.0	0.0	0.0	87.0	0.0	47.0	0.0	30.0	88.0	0.0	0.0	1.0	0.0	53.0	0.0	97.0	77.0	19.0	0.0	64.0	83.0	0.0	68.0	0.0	71.0	35.0	82.0	0.0	0.0	0.0	4.0	0.0	49.0	0.0	0.0	3.0	0.0	79.0	0.0	0.0	44.0	0.0	0.0	0.0	0.0	63.0	96.0	10.0	19.0	0.0	0.0	0.0	0.0	0.0	24.0	62.0	0.0	77.0	76.0	0.0	67.0	22.0	62.0	16.0	0.0	0.0	69.0	0.0	0.0	0.0	0.0	58.0	60.0	0.0	0.0	49.0	6.0	0.0	0.0	17.0	0.0	25.0	0.0	16.0	37.0	0.0	0.0	0.0
0.0	0.0	0.0	0.0	0.0	0.0	0.0	58.0	100.0	0.0	28.0	36.0	0.0	0.0	84.0	26.0	0.0	64.0	0.0	67.0	72.0	51.0	0.0	25.0	0.0	0.0	0.0	0.0	0.0	53.0	0.0	0.0	0.0	0.0	19.0	17.0	0.0	0.0	0.0	0.0	0.0	0.0	0.0	12.0	81.0	0.0	0.0	36.0	22.0	0.0	60.0	86.0	52.0	83.0	0.0	32.0	0.0	36.0	63.0	0.0	0.0	0.0	74.0	0.0	0.0	81.0	82.0	0.0	0.0	0.0	74.0	9.0	87.0	0.0	9.0	0.0	0.0	0.0	0.0	0.0	0.0	51.0	1.0	94.0	77.0	0.0	7.0	46.0	0.0	0.0	0.0	0.0	84.0	83.0	66.0	0.0	0.0	99.0	0.0	0.0	0.0	9.0	0.0	0.0	80.0	50.0	82.0	0.0	0.0	82.0	0.0	89.0	77.0	0.0	51.0	4.0	33.0	0.0	95.0	3.0	0.0	0.0	0.0	0.0	57.0	0.0	96.0	0.0	79.0	30.0	0.0	0.0	52.0	0.0	91.0	34.0	0.0	21.0	10.0	11.0	0.0
0.0	0.0	0.0	86.0	43.0	0.0	18.0	0.0	0.0	0.0	0.0	0.0	0.0	44.0	0.0	0.0	75.0	0.0	0.0	0.0	64.0	0.0	0.0	83.0	78.0	58.0	100.0	0.0	34.0	0.0	0.0	0.0	65.0	0.0	66.0	100.0	0.0	36.0	0.0	92.0	26.0	57.0	23.0	14.0	84.0	0.0	88.0	12.0	60.0	18.0	0.0	33.0	0.0	0.0	0.0	0.0	8.0	0.0	0.0	0.0	64.0	0.0	0.0	57.0	0.0	0.0	0.0	0.0	0.0	0.0	70.0	95.0	4.0	63.0	95.0	65.0	20.0	96.0	0.0	0.0	12.0	60.0	0.0	100.0	0.0	0.0	0.0	0.0	86.0	64.0	0.0	77.0	41.0	54.0	0.0	49.0	3.0	0.0	0.0	33.0	94.0	0.0	0.0	0.0	59.0	80.0	11.0	96.0	80.0	52.0	8.0	0.0	0.0	24.0	0.0	91.0	0.0	0.0	0.0	0.0	90.0	11.0	15.0	42.0	0.0	0.0	31.0	0.0	26.0	0.0	0.0	0.0	23.0	0.0	0.0	0.0	73.0	11.0	44.0	75.0
0.0	0.0	0.0	43.0	0.0	0.0	0.0	32.0	62.0	50.0	0.0	62.0	0.0	0.0	0.0	16.0	0.0	76.0	82.0	0.0	0.0	85.0	5.0	0.0	75.0	4.0	0.0	0.0	16.0	86.0	27.0	55.0	24.0	0.0	0.0	66.0	80.0	92.0	0.0	79.0	0.0	0.0	0.0	66.0	0.0	25.0	88.0	0.0	70.0	0.0	0.0	68.0	77.0	5.0	88.0	35.0	80.0	65.0	19.0	0.0	0.0	47.0	0.0	86.0	89.0	0.0	0.0	68.0	19.0	0.0	0.0	11.0	0.0	0.0	1.0	50.0	0.0	84.0	32.0	0.0	0.0	0.0	33.0	34.0	22.0	6.0	0.0	63.0	0.0	0.0	0.0	0.0	0.0	0.0	47.0	53.0	0.0	0.0	49.0	65.0	0.0	0.0	0.0	15.0	29.0	0.0	0.0	43.0	100.0	0.0	0.0	12.0	0.0	69.0	75.0	49.0	91.0	0.0	0.0	85.0	25.0	46.0	0.0	0.0	30.0	52.0	68.0	98.0	0.0	36.0	28.0	65.0	0.0	0.0	92.0	0.0	55.0	20.0	0.0
87.0	0.0	0.0	18.0	4.0	0.0	0.0	0.0	0.0	0.0	0.0	28.0	0.0	0.0	0.0	90.0	60.0	0.0	8.0	81.0	14.0	72.0	76.0	62.0	93.0	74.0	0.0	0.0	70.0	67.0	40.0	30.0	0.0	10.0	0.0	0.0	77.0	95.0	0.0	43.0	49.0	67.0	0.0	0.0	55.0	42.0	47.0	0.0	0.0	0.0	0.0	80.0	0.0	0.0	0.0	65.0	61.0	0.0	0.0	51.0	63.0	40.0	6.0	66.0	0.0	52.0	0.0	26.0	69.0	0.0	83.0	0.0	28.0	67.0	15.0	0.0	76.0	74.0	0.0	11.0	29.0	0.0	0.0	0.0	0.0	0.0	4.0	0.0	77.0	0.0	0.0	0.0	73.0	0.0	0.0	0.0	12.0	94.0	0.0	0.0	0.0	45.0	67.0	49.0	4.0	70.0	0.0	39.0	47.0	0.0	0.0	49.0	0.0	0.0	0.0	0.0	0.0	0.0	0.0	0.0	48.0	52.0	0.0	0.0	0.0	0.0	0.0	0.0	70.0	0.0	49.0	0.0	21.0	50.0	100.0	94.0	0.0	0.0
95.0	61.0	0.0	5.0	0.0	0.0	57.0	0.0	76.0	26.0	0.0	0.0	0.0	35.0	71.0	67.0	88.0	0.0	32.0	74.0	0.0	40.0	0.0	20.0	0.0	15.0	87.0	98.0	0.0	47.0	76.0	0.0	0.0	0.0	30.0	0.0	56.0	9.0	0.0	60.0	0.0	86.0	90.0	100.0	77.0	0.0	0.0	93.0	0.0	0.0	23.0	0.0	43.0	0.0	0.0	0.0	72.0	0.0	0.0	20.0	0.0	0.0	3.0	0.0	0.0	53.0	59.0	0.0	90.0	0.0	67.0	90.0	0.0	0.0	29.0	0.0	0.0	0.0	0.0	26.0	50.0	30.0	40.0	0.0	82.0	68.0	0.0	41.0	0.0	40.0	0.0	0.0	17.0	0.0	18.0	0.0	14.0	0.0	0.0	0.0	0.0	0.0	0.0	0.0	0.0	32.0	0.0	71.0	0.0	10.0	66.0	6.0	27.0	74.0	15.0	88.0	62.0	0.0	89.0	14.0	0.0	16.0	59.0	56.0	86.0	0.0	86.0	33.0	14.0	0.0	33.0	0.0	0.0	0.0	0.0	0.0	73.0
36.0	60.0	0.0	0.0	0.0	85.0	0.0	77.0	12.0	5.0	0.0	57.0	76.0	0.0	27.0	9.0	0.0	0.0	37.0	73.0	55.0	33.0	0.0	54.0	89.0	0.0	96.0	0.0	0.0	0.0	0.0	0.0	0.0	0.0	0.0	45.0	0.0	0.0	75.0	0.0	0.0	21.0	10.0	70.0	0.0	0.0	0.0	50.0	0.0	0.0	0.0	0.0	2.0	15.0	86.0	40.0	0.0	0.0	0.0	15.0	65.0	0.0	0.0	0.0	89.0	0.0	0.0	0.0	0.0	52.0	53.0	0.0	35.0	0.0	0.0	87.0	0.0	53.0	76.0	0.0	0.0	60.0	99.0	8.0	0.0	0.0	0.0	23.0	91.0	0.0	0.0	75.0	56.0	18.0	0.0	6.0	13.0	0.0	9.0	0.0	3.0	57.0	0.0	40.0	98.0	85.0	93.0	63.0	17.0	0.0	0.0	69.0	1.0	0.0	16.0	0.0	18.0	27.0	6.0	38.0	0.0	26.0	0.0	0.0	22.0	44.0	91.0	15.0	56.0	55.0	6.0	0.0	0.0	10.0	94.0	0.0
0.0	0.0	0.0	14.0	0.0	0.0	64.0	0.0	65.0	68.0	0.0	60.0	0.0	100.0	23.0	0.0	50.0	92.0	0.0	72.0	0.0	49.0	0.0	0.0	0.0	0.0	0.0	88.0	0.0	71.0	0.0	0.0	53.0	87.0	0.0	66.0	15.0	0.0	0.0	88.0	77.0	0.0	0.0	75.0	63.0	0.0	0.0	28.0	92.0	0.0	53.0	0.0	88.0	52.0	0.0	0.0	100.0	90.0	0.0	0.0	0.0	67.0	0.0	0.0	18.0	96.0	0.0	59.0	44.0	79.0	19.0	0.0	58.0	85.0	40.0	23.0	13.0	0.0	48.0	72.0	22.0	0.0	0.0	0.0	56.0	84.0	94.0	0.0	0.0	0.0	53.0	0.0	0.0	0.0	92.0	91.0	0.0	0.0	66.0	0.0	0.0	84.0	37.0	0.0	89.0	24.0	85.0	46.0	58.0	0.0	0.0	65.0	24.0	97.0	0.0	2.0	0.0	60.0	52.0	0.0	95.0	0.0	0.0	0.0	83.0	76.0	0.0	0.0	0.0	0.0	34.0	29.0	21.0	55.0	45.0
86.0	9.0	70.0	94.0	65.0	10.0	0.0	0.0	74.0	0.0	0.0	0.0	89.0	8.0	0.0	0.0	0.0	0.0	0.0	0.0	0.0	0.0	0.0	20.0	0.0	0.0	72.0	24.0	0.0	0.0	0.0	0.0	0.0	0.0	0.0	51.0	0.0	0.0	66.0	0.0	0.0	0.0	0.0	22.0	68.0	0.0	84.0	92.0	0.0	0.0	30.0	59.0	35.0	0.0	70.0	79.0	0.0	50.0	0.0	0.0	52.0	0.0	81.0	36.0	58.0	0.0	78.0	0.0	92.0	0.0	27.0	82.0	0.0	0.0	93.0	0.0	67.0	0.0	0.0	0.0	0.0	79.0	20.0	0.0	64.0	0.0	0.0	0.0	0.0	0.0	0.0	0.0	0.0	0.0	0.0	97.0	0.0	42.0	0.0	0.0	52.0	0.0	8.0	23.0	50.0	30.0	78.0	27.0	44.0	75.0	0.0	19.0	0.0	0.0	32.0	13.0	16.0	0.0	0.0	71.0	73.0	0.0	86.0	0.0	29.0	0.0	2.0	0.0	39.0	0.0	57.0	9.0	64.0	34.0
12.0	46.0	0.0	0.0	0.0	0.0	0.0	92.0	0.0	7.0	0.0	0.0	90.0	0.0	40.0	64.0	54.0	16.0	41.0	54.0	12.0	0.0	0.0	0.0	39.0	0.0	95.0	0.0	0.0	83.0	60.0	0.0	0.0	50.0	0.0	55.0	34.0	0.0	0.0	0.0	0.0	12.0	8.0	0.0	85.0	32.0	0.0	0.0	64.0	0.0	0.0	0.0	33.0	23.0	0.0	89.0	53.0	0.0	0.0	62.0	0.0	43.0	67.0	68.0	0.0	82.0	71.0	0.0	77.0	1.0	0.0	3.0	74.0	18.0	0.0	60.0	13.0	0.0	0.0	93.0	71.0	29.0	0.0	69.0	0.0	2.0	0.0	14.0	0.0	78.0	0.0	96.0	0.0	0.0	19.0	0.0	0.0	90.0	0.0	0.0	0.0	87.0	6.0	29.0	4.0	0.0	98.0	0.0	4.0	0.0	52.0	34.0	0.0	0.0	48.0	73.0	19.0	0.0	0.0	8.0	0.0	0.0	0.0	0.0	0.0	70.0	43.0	0.0	0.0	0.0	0.0	77.0	92.0
0.0	0.0	0.0	0.0	0.0	0.0	0.0	27.0	34.0	0.0	23.0	12.0	0.0	0.0	91.0	76.0	0.0	40.0	0.0	0.0	35.0	23.0	39.0	82.0	41.0	62.0	98.0	79.0	0.0	3.0	0.0	0.0	33.0	62.0	46.0	0.0	63.0	17.0	81.0	62.0	100.0	96.0	79.0	0.0	0.0	92.0	9.0	81.0	0.0	0.0	0.0	0.0	64.0	65.0	36.0	87.0	87.0	0.0	58.0	31.0	24.0	0.0	0.0	96.0	83.0	41.0	0.0	4.0	90.0	56.0	0.0	62.0	0.0	0.0	50.0	33.0	52.0	0.0	0.0	51.0	0.0	0.0	14.0	34.0	0.0	51.0	0.0	63.0	0.0	0.0	48.0	0.0	69.0	0.0	92.0	0.0	0.0	0.0	0.0	0.0	73.0	0.0	0.0	65.0	0.0	0.0	0.0	47.0	68.0	27.0	26.0	0.0	69.0	11.0	0.0	74.0	0.0	87.0	18.0	0.0	38.0	0.0	15.0	16.0	0.0	96.0	0.0	0.0	9.0	92.0	75.0	0.0
0.0	0.0	0.0	0.0	0.0	70.0	0.0	0.0	23.0	34.0	0.0	84.0	47.0	0.0	0.0	9.0	86.0	0.0	79.0	0.0	0.0	84.0	0.0	0.0	6.0	0.0	26.0	17.0	1.0	0.0	54.0	0.0	86.0	57.0	84.0	0.0	67.0	19.0	10.0	0.0	0.0	0.0	0.0	0.0	0.0	0.0	0.0	0.0	83.0	39.0	0.0	27.0	0.0	0.0	0.0	20.0	0.0	0.0	76.0	49.0	0.0	29.0	71.0	22.0	14.0	0.0	0.0	0.0	87.0	0.0	0.0	30.0	0.0	0.0	80.0	0.0	0.0	0.0	0.0	56.0	0.0	0.0	22.0	0.0	0.0	0.0	46.0	0.0	0.0	0.0	71.0	3.0	0.0	76.0	75.0	21.0	63.0	23.0	0.0	90.0	58.0	0.0	61.0	43.0	59.0	0.0	37.0	0.0	63.0	0.0	0.0	0.0	0.0	29.0	24.0	0.0	0.0	0.0	0.0	81.0	56.0	97.0	0.0	0.0	0.0	90.0	69.0	0.0	0.0	0.0	83.0
11.0	0.0	0.0	0.0	9.0	0.0	0.0	66.0	0.0	0.0	58.0	0.0	0.0	0.0	90.0	0.0	0.0	0.0	26.0	10.0	0.0	0.0	95.0	90.0	16.0	97.0	48.0	4.0	0.0	0.0	0.0	2.0	13.0	40.0	0.0	10.0	0.0	15.0	33.0	29.0	21.0	76.0	34.0	46.0	0.0	0.0	0.0	24.0	34.0	0.0	0.0	94.0	6.0	52.0	0.0	100.0	0.0	95.0	45.0	0.0	57.0	0.0	0.0	92.0	0.0	46.0	31.0	0.0	23.0	0.0	0.0	34.0	9.0	24.0	4.0	0.0	39.0	0.0	1.0	45.0	0.0	0.0	0.0	52.0	57.0	0.0	77.0	0.0	0.0	14.0	44.0	0.0	22.0	27.0	10.0	0.0	60.0	21.0	0.0	65.0	21.0	0.0	0.0	0.0	0.0	83.0	98.0	38.0	21.0	40.0	81.0	35.0	30.0	0.0	39.0	16.0	38.0	0.0	10.0	77.0	0.0	11.0	0.0	0.0	39.0	3.0	0.0	0.0	0.0	98.0
6.0	69.0	0.0	45.0	0.0	12.0	0.0	0.0	0.0	0.0	11.0	11.0	0.0	0.0	75.0	0.0	43.0	9.0	43.0	0.0	36.0	84.0	0.0	0.0	40.0	79.0	24.0	0.0	54.0	0.0	0.0	0.0	52.0	84.0	88.0	0.0	0.0	0.0	30.0	0.0	83.0	0.0	0.0	0.0	53.0	0.0	0.0	31.0	44.0	0.0	0.0	3.0	53.0	79.0	0.0	0.0	0.0	8.0	0.0	71.0	0.0	0.0	59.0	0.0	49.0	28.0	9.0	0.0	77.0	0.0	32.0	0.0	0.0	0.0	62.0	2.0	81.0	0.0	56.0	24.0	0.0	41.0	40.0	0.0	0.0	37.0	0.0	0.0	0.0	0.0	0.0	11.0	0.0	0.0	49.0	0.0	13.0	55.0	17.0	3.0	72.0	0.0	0.0	79.0	64.0	28.0	21.0	0.0	3.0	0.0	0.0	6.0	0.0	47.0	0.0	0.0	0.0	0.0	6.0	51.0	0.0	0.0	0.0	0.0	0.0	0.0	0.0	9.0	0.0
0.0	0.0	0.0	0.0	19.0	47.0	0.0	0.0	62.0	52.0	67.0	0.0	0.0	0.0	45.0	75.0	0.0	0.0	16.0	0.0	0.0	0.0	0.0	4.0	0.0	12.0	2.0	89.0	0.0	0.0	98.0	52.0	0.0	66.0	10.0	37.0	0.0	0.0	0.0	18.0	0.0	52.0	70.0	0.0	64.0	62.0	32.0	13.0	0.0	0.0	0.0	26.0	10.0	75.0	0.0	0.0	81.0	0.0	0.0	41.0	55.0	3.0	88.0	40.0	0.0	0.0	10.0	66.0	66.0	17.0	91.0	0.0	77.0	0.0	0.0	0.0	0.0	0.0	0.0	0.0	100.0	8.0	0.0	0.0	0.0	90.0	0.0	0.0	0.0	0.0	28.0	57.0	93.0	0.0	51.0	0.0	0.0	0.0	26.0	0.0	58.0	0.0	66.0	1.0	28.0	11.0	0.0	89.0	84.0	5.0	47.0	0.0	94.0	76.0	0.0	16.0	65.0	0.0	0.0	34.0	0.0	0.0	0.0	0.0	48.0	0.0	0.0	0.0
19.0	0.0	0.0	0.0	0.0	96.0	88.0	20.0	0.0	50.0	14.0	94.0	0.0	71.0	0.0	84.0	5.0	82.0	61.0	0.0	0.0	0.0	0.0	0.0	0.0	0.0	91.0	99.0	0.0	17.0	0.0	0.0	62.0	33.0	18.0	0.0	0.0	0.0	42.0	0.0	0.0	92.0	52.0	0.0	58.0	0.0	94.0	25.0	0.0	0.0	22.0	0.0	13.0	92.0	22.0	0.0	59.0	76.0	0.0	0.0	5.0	23.0	0.0	0.0	40.0	0.0	37.0	62.0	45.0	0.0	0.0	0.0	0.0	87.0	81.0	77.0	10.0	70.0	32.0	19.0	36.0	92.0	0.0	0.0	2.0	0.0	51.0	0.0	13.0	10.0	38.0	53.0	26.0	42.0	43.0	21.0	0.0	0.0	97.0	0.0	100.0	74.0	0.0	82.0	0.0	94.0	99.0	0.0	4.0	5.0	9.0	79.0	0.0	77.0	0.0	30.0	0.0	0.0	69.0	93.0	29.0	0.0	97.0	0.0	0.0	7.0	7.0
0.0	94.0	100.0	73.0	70.0	0.0	97.0	87.0	59.0	0.0	74.0	6.0	18.0	54.0	0.0	84.0	2.0	0.0	0.0	94.0	0.0	10.0	0.0	0.0	48.0	94.0	22.0	0.0	44.0	73.0	95.0	96.0	0.0	0.0	0.0	54.0	17.0	0.0	0.0	0.0	0.0	91.0	3.0	4.0	38.0	64.0	0.0	75.0	89.0	0.0	4.0	5.0	37.0	0.0	40.0	71.0	16.0	0.0	0.0	1.0	0.0	46.0	0.0	74.0	17.0	0.0	0.0	84.0	99.0	82.0	0.0	0.0	95.0	0.0	69.0	0.0	0.0	40.0	0.0	0.0	66.0	43.0	25.0	7.0	0.0	0.0	0.0	97.0	0.0	0.0	0.0	0.0	0.0	0.0	23.0	51.0	0.0	0.0	0.0	0.0	0.0	48.0	25.0	28.0	0.0	57.0	5.0	82.0	0.0	0.0	0.0	0.0	89.0	87.0	0.0	0.0	0.0	46.0	0.0	0.0	7.0	0.0	0.0	0.0	44.0	0.0
76.0	0.0	58.0	0.0	0.0	55.0	0.0	0.0	36.0	0.0	77.0	79.0	0.0	63.0	0.0	0.0	18.0	0.0	2.0	94.0	0.0	21.0	95.0	0.0	0.0	0.0	95.0	0.0	66.0	0.0	95.0	0.0	0.0	0.0	98.0	51.0	53.0	46.0	84.0	89.0	81.0	98.0	0.0	0.0	14.0	89.0	0.0	57.0	61.0	18.0	86.0	9.0	0.0	0.0	0.0	58.0	0.0	0.0	0.0	49.0	97.0	11.0	72.0	0.0	47.0	0.0	0.0	0.0	0.0	64.0	49.0	70.0	69.0	0.0	0.0	0.0	0.0	0.0	0.0	1.0	0.0	0.0	0.0	83.0	0.0	0.0	0.0	90.0	45.0	41.0	0.0	96.0	91.0	66.0	47.0	5.0	73.0	0.0	0.0	17.0	35.0	0.0	0.0	9.0	42.0	92.0	0.0	0.0	87.0	35.0	23.0	0.0	0.0	33.0	5.0	62.0	0.0	0.0	3.0	35.0	18.0	0.0	3.0	92.0	6.0
94.0	0.0	0.0	11.0	0.0	0.0	0.0	34.0	8.0	41.0	96.0	30.0	81.0	14.0	63.0	0.0	97.0	0.0	0.0	0.0	0.0	38.0	34.0	0.0	0.0	0.0	79.0	57.0	0.0	67.0	0.0	19.0	49.0	0.0	53.0	89.0	10.0	15.0	18.0	54.0	0.0	0.0	18.0	0.0	49.0	0.0	4.0	0.0	87.0	41.0	0.0	18.0	3.0	6.0	36.0	60.0	0.0	0.0	0.0	0.0	0.0	83.0	41.0	33.0	0.0	58.0	0.0	0.0	0.0	85.0	60.0	61.0	0.0	0.0	69.0	0.0	0.0	32.0	78.0	0.0	80.0	0.0	0.0	71.0	4.0	0.0	80.0	5.0	55.0	0.0	0.0	46.0	74.0	90.0	0.0	0.0	9.0	4.0	28.0	22.0	95.0	50.0	0.0	0.0	0.0	93.0	0.0	0.0	0.0	98.0	0.0	0.0	0.0	6.0	74.0	75.0	96.0	92.0	0.0	99.0	0.0	0.0	0.0	74.0
0.0	45.0	73.0	66.0	40.0	34.0	0.0	0.0	0.0	34.0	0.0	54.0	0.0	0.0	0.0	82.0	0.0	15.0	42.0	0.0	0.0	88.0	7.0	51.0	14.0	34.0	0.0	0.0	0.0	0.0	12.0	62.0	94.0	62.0	96.0	0.0	0.0	0.0	0.0	0.0	0.0	0.0	43.0	0.0	62.0	0.0	43.0	100.0	0.0	27.0	0.0	0.0	0.0	0.0	68.0	0.0	0.0	1.0	0.0	40.0	82.0	78.0	93.0	100.0	0.0	17.0	0.0	1.0	93.0	100.0	0.0	22.0	0.0	0.0	17.0	0.0	0.0	0.0	36.0	0.0	89.0	0.0	0.0	89.0	79.0	0.0	41.0	0.0	0.0	0.0	9.0	66.0	77.0	0.0	0.0	0.0	100.0	49.0	3.0	0.0	16.0	87.0	11.0	58.0	0.0	40.0	0.0	2.0	0.0	58.0	0.0	0.0	87.0	0.0	0.0	27.0	22.0	57.0	64.0	0.0	0.0	42.0	24.0
27.0	52.0	20.0	72.0	11.0	48.0	15.0	66.0	90.0	0.0	0.0	0.0	0.0	0.0	26.0	0.0	90.0	38.0	0.0	0.0	0.0	0.0	80.0	0.0	55.0	41.0	0.0	0.0	0.0	85.0	0.0	0.0	92.0	28.0	0.0	0.0	74.0	29.0	33.0	42.0	0.0	40.0	0.0	0.0	45.0	4.0	0.0	72.0	38.0	52.0	0.0	0.0	4.0	0.0	0.0	51.0	0.0	28.0	55.0	86.0	43.0	0.0	0.0	0.0	0.0	59.0	58.0	0.0	66.0	0.0	0.0	1.0	0.0	0.0	0.0	45.0	0.0	71.0	40.0	36.0	9.0	46.0	34.0	0.0	0.0	13.0	80.0	0.0	89.0	0.0	5.0	0.0	49.0	29.0	0.0	0.0	24.0	0.0	16.0	0.0	50.0	0.0	20.0	27.0	56.0	60.0	90.0	0.0	49.0	0.0	0.0	28.0	0.0	26.0	0.0	88.0	8.0	0.0	67.0	0.0	0.0	0.0
58.0	0.0	94.0	0.0	37.0	16.0	49.0	81.0	0.0	0.0	59.0	63.0	85.0	41.0	0.0	0.0	0.0	0.0	89.0	0.0	56.0	15.0	0.0	53.0	0.0	80.0	61.0	0.0	0.0	0.0	48.0	0.0	37.0	0.0	80.0	0.0	86.0	95.0	0.0	99.0	27.0	0.0	0.0	0.0	0.0	0.0	0.0	0.0	0.0	43.0	1.0	92.0	76.0	0.0	96.0	3.0	27.0	0.0	22.0	0.0	0.0	27.0	0.0	0.0	0.0	74.0	0.0	0.0	0.0	51.0	47.0	0.0	0.0	37.0	67.0	75.0	6.0	0.0	15.0	0.0	0.0	60.0	27.0	33.0	43.0	0.0	0.0	40.0	5.0	0.0	97.0	0.0	97.0	0.0	0.0	0.0	40.0	27.0	0.0	50.0	77.0	94.0	0.0	0.0	0.0	91.0	0.0	38.0	60.0	48.0	53.0	9.0	54.0	0.0	0.0	54.0	52.0	0.0	0.0	55.0	39.0
0.0	33.0	95.0	0.0	0.0	21.0	44.0	23.0	87.0	0.0	59.0	0.0	54.0	0.0	0.0	0.0	0.0	0.0	95.0	83.0	61.0	9.0	0.0	16.0	23.0	87.0	0.0	71.0	97.0	10.0	0.0	0.0	0.0	0.0	0.0	0.0	37.0	0.0	88.0	26.0	62.0	31.0	0.0	19.0	68.0	0.0	82.0	87.0	0.0	24.0	22.0	14.0	82.0	89.0	20.0	0.0	52.0	0.0	72.0	0.0	80.0	26.0	0.0	32.0	0.0	86.0	0.0	0.0	58.0	0.0	21.0	35.0	69.0	0.0	0.0	0.0	44.0	0.0	2.0	5.0	0.0	16.0	0.0	0.0	0.0	0.0	15.0	8.0	34.0	0.0	97.0	0.0	0.0	0.0	0.0	0.0	0.0	82.0	0.0	61.0	0.0	0.0	42.0	0.0	0.0	50.0	0.0	34.0	0.0	0.0	74.0	0.0	0.0	44.0	0.0	0.0	0.0	39.0	0.0	0.0
0.0	67.0	80.0	0.0	0.0	47.0	0.0	58.0	97.0	0.0	0.0	95.0	96.0	70.0	0.0	0.0	0.0	0.0	0.0	0.0	0.0	0.0	0.0	0.0	50.0	0.0	0.0	77.0	3.0	0.0	89.0	42.0	0.0	97.0	0.0	62.0	0.0	22.0	27.0	0.0	0.0	0.0	0.0	62.0	52.0	0.0	0.0	0.0	0.0	49.0	0.0	71.0	0.0	3.0	98.0	0.0	0.0	18.0	0.0	78.0	4.0	89.0	0.0	0.0	22.0	0.0	100.0	77.0	0.0	0.0	92.0	0.0	0.0	96.0	0.0	0.0	80.0	0.0	19.0	32.0	97.0	13.0	49.0	65.0	0.0	0.0	0.0	0.0	98.0	14.0	0.0	15.0	0.0	88.0	25.0	0.0	79.0	54.0	0.0	0.0	15.0	0.0	12.0	0.0	0.0	0.0	0.0	0.0	89.0	27.0	47.0	0.0	71.0	71.0	0.0	43.0	90.0	47.0	0.0
0.0	62.0	15.0	0.0	93.0	0.0	18.0	83.0	74.0	89.0	0.0	0.0	0.0	0.0	36.0	0.0	0.0	0.0	0.0	95.0	87.0	88.0	0.0	18.0	0.0	21.0	76.0	91.0	77.0	0.0	18.0	15.0	0.0	78.0	0.0	52.0	0.0	0.0	40.0	0.0	0.0	0.0	0.0	0.0	12.0	0.0	58.0	0.0	55.0	0.0	0.0	0.0	0.0	48.0	0.0	34.0	0.0	0.0	0.0	0.0	17.0	0.0	9.0	0.0	0.0	0.0	9.0	0.0	77.0	0.0	32.0	87.0	0.0	61.0	0.0	55.0	61.0	0.0	0.0	84.0	48.0	25.0	0.0	0.0	0.0	89.0	0.0	78.0	11.0	0.0	0.0	51.0	0.0	0.0	97.0	0.0	0.0	0.0	70.0	0.0	0.0	0.0	71.0	89.0	0.0	0.0	0.0	0.0	0.0	77.0	38.0	0.0	0.0	0.0	58.0	35.0	79.0	40.0
15.0	0.0	60.0	0.0	0.0	96.0	0.0	24.0	95.0	22.0	0.0	0.0	0.0	16.0	0.0	0.0	55.0	0.0	0.0	0.0	29.0	0.0	79.0	0.0	0.0	2.0	51.0	0.0	91.0	0.0	99.0	0.0	93.0	0.0	19.0	0.0	0.0	0.0	2.0	0.0	0.0	66.0	0.0	0.0	0.0	94.0	0.0	63.0	0.0	0.0	0.0	0.0	77.0	0.0	99.0	96.0	0.0	83.0	97.0	1.0	8.0	0.0	31.0	16.0	97.0	0.0	0.0	0.0	32.0	0.0	0.0	65.0	89.0	0.0	0.0	10.0	0.0	0.0	47.0	55.0	0.0	0.0	0.0	0.0	0.0	52.0	0.0	0.0	0.0	0.0	0.0	30.0	8.0	0.0	36.0	3.0	0.0	0.0	0.0	81.0	0.0	4.0	0.0	100.0	15.0	81.0	51.0	0.0	59.0	0.0	99.0	32.0	0.0	81.0	0.0	0.0	0.0
74.0	5.0	0.0	0.0	0.0	0.0	0.0	24.0	0.0	55.0	0.0	0.0	0.0	52.0	0.0	0.0	11.0	0.0	0.0	87.0	0.0	4.0	71.0	0.0	65.0	66.0	21.0	0.0	0.0	0.0	29.0	22.0	82.0	30.0	13.0	0.0	0.0	29.0	0.0	0.0	0.0	52.0	0.0	24.0	21.0	0.0	0.0	51.0	46.0	55.0	79.0	52.0	0.0	56.0	0.0	65.0	59.0	0.0	0.0	0.0	0.0	62.0	99.0	25.0	8.0	0.0	0.0	41.0	0.0	49.0	13.0	71.0	0.0	40.0	0.0	0.0	0.0	0.0	2.0	0.0	17.0	44.0	0.0	0.0	38.0	22.0	14.0	0.0	13.0	0.0	0.0	67.0	0.0	22.0	0.0	79.0	0.0	0.0	0.0	17.0	53.0	27.0	0.0	36.0	25.0	0.0	38.0	5.0	100.0	40.0	72.0	45.0	37.0	15.0	18.0	89.0
21.0	56.0	12.0	0.0	6.0	0.0	0.0	0.0	22.0	100.0	65.0	0.0	83.0	79.0	61.0	21.0	8.0	78.0	0.0	0.0	44.0	19.0	82.0	0.0	72.0	92.0	0.0	0.0	0.0	0.0	0.0	0.0	65.0	50.0	97.0	95.0	4.0	86.0	0.0	0.0	0.0	0.0	55.0	69.0	94.0	0.0	74.0	6.0	40.0	91.0	63.0	0.0	0.0	10.0	0.0	41.0	95.0	0.0	0.0	25.0	0.0	39.0	0.0	0.0	36.0	84.0	0.0	43.0	0.0	78.0	79.0	0.0	30.0	57.0	34.0	2.0	0.0	78.0	5.0	62.0	54.0	29.0	25.0	0.0	0.0	83.0	0.0	34.0	29.0	75.0	0.0	66.0	9.0	0.0	0.0	79.0	72.0	87.0	89.0	0.0	34.0	7.0	0.0	2.0	24.0	75.0	0.0	0.0	35.0	77.0	32.0	0.0	41.0	60.0	52.0
0.0	42.0	71.0	84.0	39.0	0.0	21.0	92.0	2.0	90.0	49.0	63.0	34.0	0.0	0.0	0.0	0.0	8.0	100.0	12.0	29.0	71.0	0.0	0.0	0.0	0.0	39.0	0.0	0.0	0.0	15.0	51.0	86.0	20.0	7.0	0.0	31.0	54.0	88.0	0.0	0.0	16.0	44.0	0.0	0.0	56.0	0.0	36.0	0.0	0.0	21.0	0.0	0.0	0.0	35.0	73.0	26.0	2.0	91.0	0.0	46.0	13.0	95.0	0.0	0.0	0.0	0.0	4.0	0.0	0.0	95.0	53.0	45.0	0.0	6.0	0.0	62.0	0.0	0.0	40.0	47.0	0.0	20.0	16.0	69.0	70.0	0.0	62.0	26.0	0.0	20.0	22.0	44.0	85.0	42.0	82.0	89.0	0.0	0.0	0.0	90.0	0.0	60.0	56.0	74.0	84.0	58.0	45.0	71.0	0.0	83.0	1.0	0.0	43.0
23.0	0.0	28.0	0.0	0.0	77.0	0.0	0.0	39.0	0.0	0.0	32.0	42.0	0.0	0.0	0.0	29.0	0.0	29.0	6.0	0.0	43.0	0.0	0.0	0.0	0.0	0.0	18.0	0.0	98.0	0.0	0.0	88.0	0.0	61.0	94.0	22.0	0.0	0.0	0.0	40.0	54.0	93.0	16.0	0.0	0.0	88.0	0.0	71.0	33.0	0.0	69.0	0.0	0.0	18.0	56.0	26.0	0.0	0.0	2.0	0.0	0.0	0.0	0.0	0.0	2.0	11.0	0.0	0.0	0.0	2.0	0.0	0.0	0.0	0.0	0.0	87.0	83.0	1.0	99.0	85.0	13.0	0.0	37.0	0.0	0.0	72.0	49.0	0.0	39.0	72.0	0.0	32.0	0.0	90.0	0.0	0.0	0.0	0.0	79.0	63.0	0.0	46.0	80.0	0.0	0.0	55.0	85.0	0.0	59.0	0.0	0.0	0.0
0.0	0.0	24.0	0.0	0.0	0.0	52.0	0.0	63.0	0.0	0.0	4.0	0.0	0.0	0.0	0.0	26.0	60.0	0.0	49.0	0.0	63.0	2.0	0.0	12.0	0.0	13.0	57.0	0.0	0.0	0.0	15.0	0.0	55.0	24.0	40.0	19.0	2.0	0.0	0.0	0.0	62.0	0.0	40.0	0.0	15.0	0.0	28.0	24.0	0.0	0.0	54.0	0.0	0.0	72.0	0.0	0.0	10.0	0.0	0.0	0.0	0.0	0.0	24.0	0.0	7.0	0.0	0.0	0.0	26.0	0.0	0.0	18.0	0.0	66.0	62.0	69.0	0.0	0.0	74.0	0.0	73.0	48.0	34.0	0.0	0.0	89.0	0.0	86.0	96.0	34.0	78.0	0.0	3.0	0.0	0.0	28.0	0.0	0.0	10.0	0.0	70.0	24.0	76.0	26.0	69.0	85.0	0.0	0.0	0.0	0.0	46.0
0.0	14.0	61.0	49.0	63.0	0.0	0.0	49.0	59.0	98.0	66.0	0.0	0.0	72.0	8.0	0.0	64.0	63.0	60.0	0.0	0.0	0.0	82.0	25.0	14.0	93.0	0.0	0.0	0.0	32.0	0.0	0.0	13.0	0.0	56.0	0.0	0.0	0.0	0.0	0.0	0.0	0.0	16.0	49.0	40.0	84.0	16.0	0.0	88.0	0.0	0.0	0.0	0.0	8.0	0.0	18.0	86.0	76.0	0.0	85.0	21.0	84.0	0.0	0.0	67.0	24.0	29.0	0.0	0.0	0.0	48.0	0.0	0.0	56.0	29.0	81.0	98.0	74.0	0.0	93.0	12.0	0.0	83.0	0.0	0.0	0.0	0.0	85.0	21.0	0.0	0.0	0.0	0.0	0.0	17.0	41.0	46.0	87.0	73.0	0.0	88.0	55.0	0.0	0.0	0.0	0.0	76.0	0.0	48.0	13.0	0.0
50.0	0.0	0.0	0.0	29.0	96.0	85.0	0.0	0.0	31.0	0.0	0.0	92.0	5.0	0.0	13.0	34.0	30.0	76.0	0.0	63.0	0.0	0.0	56.0	13.0	0.0	93.0	0.0	78.0	9.0	61.0	0.0	0.0	0.0	0.0	18.0	0.0	0.0	96.0	2.0	0.0	0.0	0.0	81.0	3.0	93.0	0.0	45.0	22.0	57.0	66.0	0.0	0.0	40.0	0.0	0.0	41.0	36.0	91.0	0.0	77.0	0.0	0.0	18.0	47.0	0.0	0.0	7.0	0.0	0.0	61.0	0.0	0.0	54.0	97.0	93.0	0.0	18.0	0.0	0.0	90.0	38.0	0.0	0.0	79.0	0.0	60.0	0.0	0.0	0.0	20.0	0.0	0.0	98.0	0.0	0.0	63.0	28.0	36.0	0.0	0.0	4.0	31.0	0.0	9.0	100.0	0.0	46.0	6.0	35.0
79.0	0.0	30.0	0.0	0.0	64.0	0.0	0.0	0.0	30.0	0.0	0.0	3.0	0.0	0.0	10.0	0.0	0.0	29.0	43.0	49.0	86.0	17.0	0.0	36.0	7.0	0.0	79.0	22.0	0.0	0.0	92.0	41.0	0.0	33.0	0.0	0.0	0.0	0.0	48.0	0.0	99.0	0.0	81.0	0.0	0.0	12.0	15.0	86.0	0.0	70.0	34.0	0.0	36.0	41.0	0.0	12.0	0.0	0.0	77.0	0.0	91.0	0.0	59.0	18.0	46.0	0.0	42.0	1.0	9.0	0.0	94.0	0.0	0.0	0.0	0.0	0.0	30.0	0.0	0.0	0.0	15.0	34.0	91.0	0.0	20.0	0.0	43.0	81.0	0.0	6.0	0.0	30.0	0.0	0.0	0.0	49.0	0.0	36.0	0.0	0.0	0.0	25.0	0.0	0.0	0.0	80.0	35.0	0.0
54.0	0.0	0.0	0.0	0.0	0.0	2.0	7.0	24.0	0.0	0.0	0.0	0.0	40.0	0.0	10.0	25.0	39.0	0.0	97.0	0.0	0.0	53.0	94.0	0.0	76.0	41.0	0.0	0.0	0.0	0.0	0.0	89.0	0.0	0.0	0.0	30.0	0.0	5.0	0.0	9.0	0.0	0.0	28.0	27.0	0.0	7.0	0.0	88.0	0.0	95.0	0.0	60.0	50.0	97.0	0.0	68.0	0.0	5.0	38.0	0.0	46.0	75.0	60.0	31.0	20.0	18.0	0.0	13.0	90.0	19.0	0.0	4.0	60.0	17.0	27.0	95.0	77.0	0.0	0.0	73.0	95.0	0.0	0.0	89.0	13.0	36.0	62.0	73.0	0.0	0.0	77.0	0.0	52.0	36.0	0.0	2.0	32.0	13.0	0.0	0.0	0.0	0.0	0.0	0.0	13.0	21.0	0.0
61.0	65.0	0.0	0.0	0.0	0.0	0.0	67.0	0.0	0.0	57.0	98.0	38.0	58.0	10.0	0.0	0.0	42.0	57.0	3.0	20.0	58.0	1.0	0.0	81.0	0.0	0.0	0.0	36.0	99.0	0.0	0.0	30.0	99.0	63.0	0.0	0.0	0.0	54.0	14.0	23.0	0.0	0.0	31.0	42.0	0.0	0.0	0.0	20.0	0.0	66.0	0.0	0.0	78.0	7.0	38.0	0.0	0.0	18.0	33.0	6.0	0.0	16.0	70.0	68.0	0.0	51.0	0.0	0.0	0.0	0.0	0.0	0.0	92.0	19.0	0.0	75.0	0.0	35.0	0.0	0.0	0.0	67.0	0.0	32.0	71.0	0.0	0.0	56.0	61.0	22.0	0.0	60.0	0.0	48.0	0.0	0.0	93.0	0.0	85.0	91.0	0.0	66.0	0.0	18.0	53.0	0.0
75.0	94.0	49.0	0.0	0.0	0.0	0.0	83.0	83.0	21.0	0.0	0.0	0.0	73.0	0.0	0.0	16.0	50.0	0.0	53.0	89.0	89.0	50.0	0.0	21.0	0.0	0.0	41.0	0.0	91.0	34.0	0.0	66.0	0.0	48.0	0.0	0.0	26.0	100.0	0.0	0.0	70.0	1.0	98.0	0.0	47.0	25.0	36.0	0.0	78.0	0.0	0.0	0.0	0.0	26.0	0.0	0.0	0.0	34.0	0.0	72.0	0.0	0.0	41.0	0.0	94.0	80.0	34.0	25.0	0.0	22.0	13.0	5.0	0.0	36.0	17.0	0.0	59.0	21.0	2.0	0.0	21.0	48.0	53.0	67.0	89.0	0.0	0.0	100.0	61.0	29.0	0.0	59.0	0.0	0.0	16.0	0.0	21.0	0.0	47.0	6.0	0.0	0.0	0.0	84.0	85.0
87.0	65.0	22.0	30.0	27.0	0.0	24.0	93.0	0.0	94.0	0.0	0.0	0.0	50.0	0.0	0.0	46.0	34.0	72.0	0.0	51.0	0.0	0.0	0.0	0.0	0.0	39.0	0.0	17.0	20.0	16.0	0.0	0.0	0.0	0.0	0.0	54.0	0.0	99.0	49.0	2.0	34.0	5.0	0.0	41.0	9.0	4.0	67.0	11.0	10.0	0.0	81.0	3.0	0.0	72.0	0.0	0.0	0.0	0.0	0.0	0.0	0.0	18.0	75.0	0.0	34.0	0.0	0.0	0.0	90.0	0.0	51.0	89.0	0.0	62.0	0.0	0.0	0.0	0.0	99.0	63.0	86.0	0.0	78.0	0.0	0.0	0.0	0.0	49.0	65.0	83.0	0.0	18.0	0.0	0.0	0.0	45.0	0.0	54.0	0.0	8.0	8.0	50.0	51.0	0.0
0.0	0.0	51.0	69.0	87.0	0.0	24.0	0.0	0.0	89.0	0.0	0.0	14.0	0.0	0.0	77.0	83.0	0.0	3.0	0.0	94.0	0.0	0.0	32.0	70.0	0.0	5.0	66.0	11.0	96.0	64.0	85.0	86.0	70.0	0.0	78.0	0.0	0.0	78.0	0.0	80.0	0.0	65.0	92.0	97.0	52.0	3.0	0.0	0.0	89.0	0.0	0.0	1.0	64.0	38.0	0.0	0.0	24.0	30.0	0.0	0.0	79.0	43.0	0.0	14.0	0.0	0.0	98.0	0.0	98.0	0.0	0.0	0.0	0.0	34.0	0.0	61.0	8.0	63.0	10.0	76.0	38.0	77.0	0.0	0.0	0.0	97.0	0.0	0.0	6.0	0.0	0.0	0.0	63.0	38.0	0.0	0.0	0.0	0.0	97.0	73.0	0.0	0.0	57.0
78.0	36.0	68.0	50.0	94.0	0.0	0.0	35.0	0.0	0.0	0.0	0.0	43.0	94.0	46.0	66.0	0.0	89.0	3.0	31.0	12.0	0.0	65.0	59.0	0.0	78.0	27.0	0.0	0.0	0.0	0.0	0.0	0.0	7.0	0.0	0.0	49.0	47.0	0.0	0.0	0.0	90.0	0.0	0.0	0.0	40.0	61.0	42.0	3.0	11.0	3.0	61.0	0.0	96.0	0.0	8.0	0.0	19.0	0.0	0.0	79.0	0.0	0.0	0.0	0.0	0.0	0.0	54.0	0.0	85.0	50.0	63.0	0.0	17.0	33.0	53.0	0.0	0.0	20.0	67.0	0.0	24.0	97.0	84.0	23.0	56.0	0.0	0.0	87.0	53.0	31.0	19.0	0.0	0.0	82.0	30.0	54.0	0.0	70.0	33.0	0.0	0.0	25.0
37.0	64.0	12.0	0.0	0.0	4.0	74.0	60.0	0.0	0.0	0.0	0.0	17.0	0.0	0.0	0.0	33.0	46.0	0.0	0.0	0.0	0.0	0.0	72.0	0.0	43.0	53.0	18.0	0.0	52.0	82.0	0.0	37.0	18.0	34.0	69.0	46.0	83.0	0.0	0.0	0.0	0.0	10.0	0.0	27.0	18.0	0.0	11.0	28.0	0.0	0.0	0.0	34.0	0.0	0.0	0.0	0.0	66.0	0.0	15.0	0.0	16.0	24.0	0.0	0.0	0.0	0.0	0.0	0.0	96.0	0.0	0.0	0.0	20.0	0.0	0.0	33.0	0.0	8.0	0.0	0.0	93.0	0.0	97.0	0.0	0.0	18.0	0.0	0.0	33.0	0.0	0.0	0.0	0.0	0.0	0.0	0.0	0.0	0.0	0.0	0.0	71.0
0.0	32.0	0.0	14.0	0.0	65.0	0.0	0.0	30.0	89.0	0.0	100.0	0.0	61.0	0.0	44.0	0.0	0.0	36.0	49.0	0.0	0.0	61.0	68.0	79.0	16.0	100.0	10.0	0.0	11.0	0.0	89.0	0.0	57.0	14.0	82.0	33.0	15.0	55.0	0.0	0.0	0.0	38.0	88.0	9.0	48.0	0.0	67.0	0.0	44.0	0.0	23.0	0.0	0.0	0.0	0.0	0.0	58.0	42.0	0.0	0.0	0.0	75.0	0.0	11.0	87.0	67.0	36.0	29.0	0.0	0.0	0.0	81.0	81.0	98.0	0.0	0.0	0.0	53.0	66.0	0.0	0.0	0.0	0.0	0.0	46.0	0.0	34.0	66.0	0.0	15.0	0.0	16.0	83.0	0.0	91.0	11.0	0.0	64.0	0.0	7.0
0.0	59.0	0.0	20.0	0.0	20.0	68.0	98.0	0.0	95.0	0.0	7.0	0.0	61.0	90.0	0.0	72.0	24.0	0.0	0.0	30.0	0.0	0.0	32.0	0.0	0.0	0.0	50.0	0.0	0.0	22.0	0.0	77.0	0.0	73.0	41.0	0.0	97.0	0.0	0.0	0.0	9.0	0.0	75.0	28.0	74.0	69.0	0.0	4.0	0.0	0.0	68.0	40.0	23.0	0.0	0.0	40.0	0.0	78.0	88.0	0.0	34.0	75.0	0.0	82.0	65.0	0.0	0.0	27.0	25.0	3.0	0.0	0.0	0.0	89.0	0.0	0.0	20.0	97.0	50.0	14.0	0.0	0.0	20.0	0.0	10.0	0.0	52.0	8.0	72.0	58.0	0.0	42.0	41.0	36.0	84.0	46.0	0.0	0.0	0.0
0.0	0.0	0.0	73.0	91.0	84.0	0.0	85.0	0.0	54.0	4.0	0.0	0.0	3.0	94.0	0.0	0.0	0.0	59.0	0.0	0.0	0.0	0.0	0.0	17.0	0.0	57.0	0.0	0.0	0.0	0.0	37.0	48.0	0.0	26.0	0.0	97.0	50.0	0.0	0.0	30.0	0.0	40.0	0.0	0.0	0.0	7.0	0.0	0.0	0.0	47.0	0.0	0.0	0.0	20.0	0.0	0.0	25.0	0.0	35.0	44.0	0.0	0.0	0.0	31.0	0.0	54.0	0.0	3.0	0.0	0.0	0.0	78.0	0.0	1.0	0.0	0.0	91.0	18.0	0.0	51.0	8.0	0.0	0.0	63.0	0.0	32.0	0.0	83.0	71.0	0.0	30.0	52.0	67.0	0.0	0.0	0.0	39.0	36.0
0.0	51.0	24.0	0.0	0.0	0.0	9.0	43.0	32.0	0.0	0.0	0.0	83.0	0.0	24.0	46.0	72.0	26.0	0.0	20.0	0.0	13.0	62.0	0.0	11.0	0.0	0.0	0.0	0.0	84.0	48.0	0.0	0.0	24.0	69.0	42.0	65.0	0.0	0.0	33.0	40.0	100.0	0.0	0.0	0.0	64.0	0.0	0.0	0.0	0.0	64.0	0.0	0.0	21.0	0.0	0.0	86.0	0.0	0.0	0.0	16.0	86.0	61.0	57.0	0.0	34.0	0.0	0.0	0.0	31.0	58.0	84.0	55.0	96.0	0.0	24.0	14.0	53.0	33.0	0.0	0.0	0.0	0.0	0.0	0.0	0.0	83.0	12.0	0.0	66.0	0.0	0.0	0.0	14.0	97.0	71.0	41.0	83.0
73.0	0.0	86.0	14.0	34.0	0.0	0.0	23.0	10.0	45.0	0.0	0.0	0.0	0.0	0.0	0.0	74.0	46.0	8.0	0.0	2.0	42.0	0.0	0.0	0.0	0.0	0.0	0.0	0.0	89.0	0.0	64.0	0.0	63.0	28.0	65.0	0.0	0.0	94.0	0.0	45.0	70.0	0.0	75.0	0.0	0.0	0.0	0.0	48.0	2.0	53.0	0.0	0.0	0.0	0.0	0.0	0.0	0.0	50.0	0.0	0.0	32.0	0.0	0.0	18.0	81.0	70.0	60.0	0.0	0.0	67.0	19.0	93.0	0.0	0.0	0.0	49.0	0.0	90.0	0.0	67.0	30.0	0.0	0.0	97.0	93.0	18.0	42.0	0.0	24.0	0.0	26.0	87.0	96.0	41.0	0.0	0.0
65.0	0.0	0.0	22.0	76.0	23.0	36.0	0.0	0.0	16.0	82.0	0.0	94.0	0.0	52.0	96.0	42.0	0.0	0.0	1.0	0.0	0.0	78.0	28.0	41.0	99.0	0.0	0.0	0.0	54.0	92.0	0.0	0.0	53.0	0.0	0.0	0.0	65.0	0.0	0.0	67.0	9.0	20.0	0.0	17.0	99.0	0.0	0.0	58.0	0.0	42.0	37.0	0.0	72.0	0.0	51.0	59.0	0.0	0.0	81.0	52.0	76.0	67.0	0.0	38.0	41.0	72.0	19.0	0.0	0.0	0.0	0.0	0.0	0.0	99.0	0.0	13.0	0.0	0.0	0.0	72.0	0.0	0.0	0.0	5.0	0.0	54.0	17.0	17.0	0.0	82.0	53.0	96.0	0.0	0.0	0.0
92.0	6.0	75.0	65.0	0.0	25.0	17.0	0.0	0.0	0.0	35.0	77.0	75.0	0.0	0.0	0.0	0.0	75.0	0.0	0.0	0.0	66.0	31.0	52.0	100.0	96.0	0.0	0.0	16.0	16.0	79.0	0.0	0.0	14.0	80.0	0.0	21.0	0.0	0.0	27.0	0.0	50.0	81.0	0.0	0.0	28.0	5.0	31.0	0.0	0.0	0.0	0.0	0.0	80.0	0.0	99.0	42.0	0.0	0.0	70.0	80.0	0.0	71.0	3.0	59.0	0.0	0.0	22.0	62.0	55.0	0.0	0.0	0.0	0.0	0.0	11.0	10.0	69.0	37.0	0.0	47.0	0.0	8.0	65.0	9.0	84.0	0.0	1.0	0.0	0.0	0.0	74.0	0.0	0.0	30.0
38.0	41.0	14.0	34.0	24.0	0.0	0.0	0.0	0.0	0.0	0.0	88.0	0.0	0.0	0.0	82.0	64.0	0.0	0.0	0.0	0.0	69.0	7.0	0.0	0.0	56.0	52.0	98.0	0.0	48.0	83.0	0.0	1.0	49.0	0.0	0.0	50.0	29.0	0.0	0.0	0.0	0.0	0.0	0.0	13.0	0.0	15.0	0.0	71.0	15.0	98.0	41.0	0.0	0.0	0.0	68.0	0.0	83.0	0.0	0.0	66.0	55.0	55.0	0.0	93.0	26.0	98.0	16.0	75.0	99.0	0.0	33.0	0.0	0.0	0.0	0.0	0.0	0.0	0.0	70.0	72.0	0.0	45.0	0.0	42.0	0.0	0.0	68.0	0.0	0.0	92.0	0.0	0.0	0.0
95.0	0.0	0.0	45.0	90.0	0.0	0.0	35.0	0.0	0.0	11.0	0.0	0.0	0.0	34.0	44.0	93.0	2.0	0.0	60.0	72.0	55.0	93.0	0.0	0.0	0.0	50.0	0.0	94.0	0.0	0.0	0.0	0.0	5.0	51.0	0.0	14.0	16.0	0.0	0.0	79.0	71.0	0.0	11.0	36.0	0.0	0.0	0.0	53.0	0.0	0.0	45.0	0.0	16.0	64.0	0.0	64.0	56.0	40.0	0.0	0.0	69.0	71.0	94.0	94.0	67.0	23.0	77.0	0.0	6.0	0.0	0.0	0.0	53.0	0.0	41.0	86.0	0.0	0.0	0.0	28.0	65.0	0.0	0.0	36.0	22.0	0.0	0.0	0.0	0.0	24.0	0.0	0.0
100.0	0.0	0.0	18.0	0.0	35.0	0.0	0.0	73.0	73.0	0.0	0.0	16.0	49.0	0.0	0.0	0.0	0.0	0.0	38.0	0.0	0.0	99.0	0.0	0.0	0.0	23.0	1.0	0.0	72.0	95.0	0.0	88.0	0.0	49.0	18.0	26.0	79.0	93.0	82.0	0.0	82.0	47.0	29.0	78.0	0.0	3.0	15.0	0.0	49.0	63.0	0.0	0.0	19.0	0.0	0.0	92.0	0.0	0.0	23.0	84.0	70.0	22.0	0.0	0.0	28.0	0.0	48.0	0.0	0.0	3.0	0.0	0.0	0.0	0.0	0.0	0.0	74.0	0.0	0.0	0.0	2.0	38.0	0.0	0.0	59.0	0.0	6.0	0.0	80.0	0.0	0.0
0.0	0.0	81.0	0.0	94.0	0.0	91.0	0.0	46.0	86.0	1.0	98.0	0.0	0.0	0.0	0.0	7.0	86.0	0.0	74.0	27.0	0.0	0.0	16.0	4.0	0.0	99.0	36.0	28.0	51.0	0.0	12.0	7.0	80.0	0.0	24.0	0.0	85.0	22.0	0.0	39.0	84.0	23.0	0.0	0.0	95.0	18.0	0.0	78.0	48.0	0.0	7.0	0.0	0.0	0.0	0.0	80.0	0.0	0.0	95.0	0.0	0.0	29.0	0.0	30.0	0.0	0.0	64.0	63.0	14.0	68.0	42.0	9.0	0.0	0.0	12.0	88.0	15.0	0.0	0.0	0.0	21.0	43.0	18.0	0.0	35.0	67.0	0.0	67.0	0.0	51.0
0.0	0.0	21.0	17.0	45.0	55.0	0.0	12.0	28.0	0.0	43.0	0.0	0.0	0.0	0.0	0.0	53.0	50.0	0.0	33.0	86.0	1.0	22.0	48.0	0.0	45.0	0.0	0.0	0.0	0.0	0.0	0.0	0.0	0.0	3.0	71.0	42.0	6.0	0.0	77.0	0.0	0.0	0.0	0.0	0.0	0.0	0.0	0.0	78.0	0.0	42.0	68.0	74.0	66.0	25.0	21.0	56.0	0.0	15.0	0.0	11.0	0.0	0.0	0.0	40.0	74.0	0.0	0.0	55.0	9.0	25.0	43.0	0.0	92.0	95.0	21.0	0.0	45.0	0.0	0.0	0.0	0.0	0.0	0.0	53.0	45.0	0.0	0.0	25.0	0.0
0.0	0.0	26.0	83.0	0.0	0.0	23.0	44.0	37.0	0.0	0.0	34.0	0.0	0.0	55.0	93.0	36.0	0.0	0.0	17.0	0.0	0.0	85.0	0.0	34.0	56.0	37.0	0.0	93.0	0.0	0.0	34.0	75.0	54.0	62.0	0.0	0.0	0.0	56.0	36.0	0.0	0.0	81.0	0.0	0.0	10.0	0.0	71.0	31.0	14.0	65.0	0.0	7.0	19.0	0.0	9.0	16.0	0.0	32.0	0.0	0.0	0.0	0.0	0.0	44.0	0.0	0.0	0.0	0.0	0.0	93.0	0.0	37.0	0.0	0.0	0.0	0.0	72.0	0.0	80.0	0.0	0.0	0.0	0.0	0.0	42.0	67.0	0.0	74.0
68.0	0.0	0.0	70.0	0.0	0.0	92.0	0.0	1.0	99.0	0.0	21.0	49.0	37.0	79.0	0.0	0.0	11.0	0.0	7.0	0.0	0.0	0.0	78.0	88.0	35.0	0.0	12.0	82.0	43.0	0.0	0.0	4.0	0.0	0.0	15.0	4.0	0.0	0.0	91.0	0.0	6.0	0.0	0.0	0.0	93.0	75.0	0.0	0.0	43.0	0.0	33.0	12.0	0.0	52.0	0.0	36.0	48.0	0.0	41.0	0.0	0.0	0.0	0.0	0.0	0.0	0.0	0.0	47.0	28.0	87.0	0.0	28.0	57.0	0.0	0.0	0.0	51.0	0.0	58.0	0.0	57.0	0.0	0.0	0.0	66.0	84.0	65.0
89.0	59.0	0.0	0.0	0.0	0.0	0.0	86.0	0.0	56.0	71.0	0.0	0.0	99.0	43.0	92.0	28.0	0.0	73.0	0.0	0.0	21.0	0.0	0.0	0.0	68.0	0.0	98.0	13.0	55.0	0.0	6.0	25.0	100.0	0.0	0.0	0.0	59.0	68.0	0.0	0.0	0.0	0.0	70.0	96.0	0.0	0.0	39.0	0.0	80.0	27.0	11.0	0.0	19.0	98.0	0.0	0.0	77.0	0.0	31.0	80.0	89.0	19.0	0.0	46.0	50.0	56.0	57.0	0.0	63.0	0.0	40.0	4.0	0.0	27.0	60.0	40.0	0.0	0.0	0.0	1.0	52.0	98.0	0.0	0.0	0.0	0.0
0.0	83.0	0.0	50.0	0.0	0.0	28.0	35.0	6.0	0.0	0.0	84.0	0.0	86.0	27.0	65.0	54.0	18.0	67.0	0.0	0.0	0.0	0.0	43.0	0.0	0.0	51.0	6.0	49.0	15.0	74.0	10.0	0.0	82.0	83.0	92.0	63.0	0.0	12.0	97.0	31.0	0.0	0.0	0.0	24.0	13.0	58.0	83.0	65.0	90.0	0.0	81.0	0.0	5.0	0.0	0.0	0.0	63.0	41.0	13.0	0.0	0.0	37.0	0.0	83.0	0.0	18.0	67.0	0.0	0.0	0.0	48.0	0.0	0.0	0.0	55.0	69.0	8.0	0.0	44.0	0.0	0.0	43.0	0.0	0.0	47.0
7.0	0.0	0.0	0.0	79.0	0.0	0.0	0.0	49.0	0.0	40.0	11.0	0.0	0.0	12.0	59.0	0.0	57.0	25.0	0.0	0.0	68.0	0.0	0.0	22.0	0.0	0.0	18.0	32.0	72.0	75.0	30.0	0.0	23.0	0.0	0.0	35.0	50.0	0.0	32.0	0.0	0.0	0.0	61.0	77.0	0.0	0.0	0.0	0.0	0.0	0.0	0.0	0.0	65.0	0.0	32.0	30.0	55.0	0.0	37.0	0.0	62.0	0.0	65.0	0.0	0.0	0.0	0.0	35.0	20.0	0.0	0.0	76.0	0.0	0.0	0.0	9.0	0.0	0.0	97.0	0.0	54.0	0.0	26.0	93.0
14.0	0.0	51.0	90.0	0.0	0.0	0.0	14.0	0.0	76.0	0.0	0.0	0.0	68.0	55.0	5.0	33.0	0.0	89.0	0.0	0.0	0.0	0.0	0.0	76.0	86.0	0.0	0.0	89.0	43.0	63.0	0.0	0.0	0.0	43.0	32.0	85.0	0.0	5.0	0.0	0.0	72.0	0.0	38.0	0.0	0.0	0.0	72.0	6.0	0.0	43.0	0.0	91.0	80.0	0.0	31.0	92.0	91.0	49.0	0.0	0.0	99.0	0.0	29.0	89.0	70.0	64.0	0.0	29.0	44.0	50.0	0.0	52.0	0.0	0.0	84.0	0.0	0.0	0.0	0.0	0.0	0.0	73.0	86.0
0.0	0.0	76.0	13.0	0.0	0.0	37.0	0.0	28.0	96.0	0.0	0.0	0.0	0.0	59.0	36.0	0.0	0.0	54.0	0.0	0.0	0.0	37.0	11.0	30.0	0.0	65.0	0.0	0.0	0.0	0.0	11.0	91.0	0.0	0.0	53.0	0.0	0.0	0.0	0.0	0.0	0.0	0.0	23.0	0.0	99.0	20.0	63.0	28.0	53.0	9.0	6.0	0.0	74.0	15.0	0.0	0.0	0.0	74.0	16.0	0.0	38.0	0.0	0.0	86.0	45.0	0.0	1.0	87.0	1.0	89.0	0.0	0.0	34.0	0.0	0.0	0.0	88.0	35.0	0.0	82.0	33.0	0.0
47.0	93.0	48.0	97.0	44.0	40.0	75.0	0.0	0.0	88.0	0.0	0.0	11.0	0.0	0.0	0.0	27.0	32.0	0.0	100.0	31.0	9.0	33.0	67.0	38.0	0.0	97.0	0.0	72.0	0.0	0.0	0.0	0.0	24.0	30.0	11.0	0.0	0.0	0.0	0.0	0.0	68.0	0.0	76.0	82.0	0.0	0.0	20.0	0.0	0.0	0.0	93.0	0.0	0.0	55.0	11.0	0.0	0.0	0.0	0.0	84.0	37.0	0.0	0.0	0.0	14.0	0.0	44.0	0.0	0.0	0.0	0.0	57.0	27.0	14.0	0.0	25.0	0.0	0.0	28.0	0.0	0.0
50.0	98.0	40.0	0.0	0.0	0.0	0.0	0.0	0.0	0.0	0.0	82.0	14.0	0.0	0.0	51.0	88.0	49.0	32.0	0.0	66.0	0.0	31.0	0.0	0.0	0.0	68.0	0.0	31.0	90.0	0.0	0.0	47.0	0.0	41.0	0.0	38.0	83.0	0.0	0.0	0.0	0.0	0.0	0.0	42.0	0.0	89.0	28.0	34.0	0.0	20.0	89.0	0.0	50.0	0.0	3.0	0.0	0.0	0.0	33.0	95.0	0.0	89.0	14.0	0.0	98.0	0.0	99.0	0.0	70.0	51.0	0.0	32.0	90.0	52.0	0.0	16.0	15.0	12.0	96.0	0.0
0.0	0.0	46.0	84.0	68.0	5.0	62.0	5.0	0.0	0.0	93.0	0.0	0.0	5.0	0.0	5.0	0.0	0.0	0.0	13.0	0.0	47.0	62.0	0.0	34.0	0.0	0.0	0.0	0.0	0.0	30.0	38.0	27.0	29.0	0.0	19.0	0.0	0.0	0.0	0.0	0.0	0.0	0.0	0.0	0.0	34.0	0.0	12.0	96.0	0.0	51.0	44.0	48.0	0.0	26.0	0.0	83.0	71.0	86.0	100.0	39.0	0.0	72.0	0.0	88.0	94.0	60.0	0.0	0.0	0.0	77.0	0.0	45.0	39.0	44.0	32.0	0.0	0.0	0.0	49.0
0.0	28.0	0.0	0.0	99.0	88.0	9.0	14.0	40.0	0.0	0.0	23.0	59.0	11.0	28.0	22.0	72.0	37.0	0.0	32.0	94.0	80.0	0.0	0.0	0.0	87.0	0.0	57.0	0.0	82.0	0.0	0.0	5.0	0.0	36.0	0.0	0.0	0.0	0.0	87.0	68.0	0.0	0.0	0.0	0.0	0.0	0.0	39.0	84.0	0.0	72.0	0.0	0.0	0.0	15.0	0.0	0.0	27.0	0.0	33.0	27.0	10.0	65.0	2.0	0.0	64.0	0.0	0.0	71.0	92.0	0.0	0.0	71.0	89.0	46.0	1.0	0.0	0.0	0.0
0.0	0.0	0.0	0.0	0.0	0.0	91.0	0.0	93.0	0.0	74.0	0.0	92.0	33.0	0.0	0.0	0.0	0.0	20.0	0.0	65.0	59.0	15.0	0.0	0.0	6.0	25.0	0.0	41.0	11.0	0.0	0.0	0.0	98.0	7.0	23.0	0.0	0.0	0.0	1.0	0.0	0.0	0.0	22.0	0.0	10.0	0.0	56.0	0.0	0.0	0.0	27.0	95.0	0.0	0.0	46.0	0.0	28.0	52.0	98.0	70.0	0.0	26.0	0.0	0.0	0.0	0.0	0.0	0.0	96.0	0.0	42.0	0.0	0.0	7.0	96.0	0.0	0.0
0.0	77.0	3.0	53.0	0.0	0.0	53.0	0.0	75.0	0.0	80.0	0.0	29.0	0.0	0.0	72.0	10.0	97.0	0.0	51.0	96.0	71.0	85.0	7.0	0.0	90.0	0.0	0.0	6.0	0.0	0.0	0.0	17.0	0.0	16.0	0.0	0.0	61.0	5.0	10.0	0.0	0.0	63.0	0.0	14.0	93.0	0.0	91.0	0.0	0.0	59.0	0.0	0.0	0.0	87.0	0.0	36.0	88.0	76.0	0.0	33.0	0.0	52.0	0.0	0.0	55.0	34.0	58.0	0.0	0.0	0.0	59.0	0.0	0.0	16.0	0.0	0.0
44.0	0.0	0.0	47.0	0.0	0.0	90.0	0.0	0.0	0.0	0.0	0.0	29.0	0.0	0.0	73.0	52.0	29.0	0.0	0.0	0.0	22.0	0.0	72.0	0.0	0.0	0.0	0.0	80.0	94.0	0.0	20.0	0.0	0.0	0.0	0.0	0.0	0.0	0.0	55.0	0.0	40.0	0.0	42.0	0.0	0.0	0.0	0.0	19.0	66.0	0.0	0.0	52.0	0.0	0.0	13.0	11.0	0.0	0.0	71.0	0.0	0.0	0.0	0.0	0.0	0.0	3.0	0.0	26.0	29.0	0.0	19.0	0.0	0.0	31.0	37.0
28.0	2.0	0.0	24.0	0.0	0.0	60.0	60.0	19.0	0.0	0.0	16.0	0.0	0.0	28.0	0.0	31.0	0.0	0.0	55.0	0.0	0.0	0.0	25.0	0.0	0.0	0.0	0.0	4.0	0.0	0.0	0.0	22.0	18.0	72.0	99.0	80.0	0.0	0.0	0.0	0.0	0.0	0.0	0.0	96.0	4.0	94.0	0.0	28.0	0.0	0.0	0.0	37.0	65.0	0.0	0.0	27.0	54.0	46.0	0.0	30.0	0.0	0.0	54.0	49.0	0.0	92.0	23.0	0.0	0.0	48.0	36.0	78.0	0.0	21.0
0.0	0.0	16.0	77.0	35.0	0.0	0.0	77.0	0.0	28.0	0.0	0.0	0.0	0.0	0.0	0.0	0.0	76.0	1.0	55.0	21.0	37.0	0.0	3.0	2.0	0.0	83.0	87.0	30.0	0.0	0.0	80.0	11.0	20.0	0.0	0.0	0.0	6.0	45.0	11.0	67.0	0.0	0.0	84.0	71.0	37.0	0.0	73.0	90.0	12.0	72.0	89.0	0.0	0.0	73.0	88.0	45.0	55.0	96.0	0.0	0.0	0.0	6.0	91.0	82.0	0.0	0.0	0.0	0.0	67.0	85.0	77.0	0.0	21.0
0.0	83.0	36.0	0.0	0.0	0.0	35.0	65.0	46.0	0.0	66.0	0.0	0.0	0.0	27.0	0.0	0.0	0.0	26.0	0.0	0.0	0.0	0.0	0.0	36.0	50.0	0.0	0.0	0.0	0.0	0.0	0.0	5.0	57.0	90.0	0.0	47.0	0.0	0.0	0.0	20.0	35.0	98.0	0.0	6.0	15.0	0.0	15.0	0.0	0.0	0.0	91.0	0.0	0.0	0.0	95.0	0.0	30.0	0.0	42.0	0.0	20.0	54.0	33.0	0.0	0.0	0.0	86.0	0.0	0.0	88.0	0.0	51.0
0.0	95.0	0.0	0.0	0.0	14.0	17.0	0.0	0.0	47.0	21.0	0.0	24.0	0.0	0.0	0.0	35.0	1.0	72.0	0.0	46.0	0.0	50.0	0.0	0.0	0.0	20.0	80.0	47.0	6.0	0.0	65.0	0.0	6.0	0.0	18.0	0.0	0.0	0.0	80.0	43.0	51.0	30.0	91.0	17.0	94.0	76.0	0.0	0.0	88.0	26.0	6.0	48.0	0.0	0.0	0.0	0.0	17.0	83.0	0.0	28.0	93.0	16.0	98.0	0.0	0.0	0.0	6.0	51.0	53.0	90.0	40.0
0.0	0.0	70.0	0.0	0.0	22.0	0.0	43.0	0.0	44.0	0.0	0.0	0.0	0.0	0.0	27.0	0.0	0.0	0.0	0.0	0.0	78.0	0.0	0.0	57.0	0.0	98.0	0.0	44.0	0.0	76.0	66.0	0.0	69.0	0.0	63.0	0.0	0.0	67.0	0.0	0.0	37.0	73.0	44.0	63.0	0.0	14.0	0.0	0.0	0.0	0.0	63.0	20.0	0.0	0.0	0.0	26.0	44.0	20.0	86.0	19.0	0.0	15.0	11.0	0.0	0.0	0.0	18.0	54.0	58.0	0.0
0.0	89.0	0.0	57.0	0.0	0.0	0.0	7.0	95.0	13.0	71.0	25.0	0.0	0.0	0.0	0.0	0.0	7.0	0.0	0.0	0.0	90.0	78.0	33.0	0.0	0.0	0.0	0.0	0.0	72.0	41.0	73.0	4.0	0.0	0.0	14.0	0.0	0.0	0.0	35.0	0.0	0.0	35.0	0.0	0.0	8.0	48.0	1.0	15.0	69.0	85.0	0.0	0.0	0.0	83.0	0.0	88.0	0.0	55.0	31.0	0.0	14.0	0.0	46.0	86.0	0.0	0.0	0.0	0.0	0.0
20.0	0.0	82.0	0.0	0.0	0.0	10.0	0.0	48.0	63.0	0.0	94.0	80.0	92.0	65.0	0.0	0.0	0.0	53.0	5.0	47.0	0.0	0.0	0.0	0.0	77.0	0.0	5.0	21.0	0.0	72.0	69.0	0.0	98.0	0.0	82.0	0.0	0.0	0.0	0.0	26.0	0.0	0.0	0.0	0.0	0.0	0.0	57.0	38.0	0.0	0.0	1.0	63.0	0.0	0.0	25.0	0.0	0.0	0.0	36.0	0.0	0.0	0.0	0.0	0.0	45.0	0.0	0.0	30.0
0.0	0.0	88.0	46.0	94.0	0.0	0.0	0.0	19.0	0.0	0.0	97.0	38.0	31.0	68.0	0.0	81.0	0.0	0.0	39.0	0.0	62.0	0.0	0.0	0.0	0.0	39.0	75.0	82.0	79.0	66.0	0.0	0.0	17.0	0.0	45.0	87.0	2.0	88.0	0.0	54.0	0.0	64.0	0.0	25.0	0.0	3.0	48.0	92.0	21.0	1.0	0.0	0.0	59.0	0.0	0.0	82.0	0.0	0.0	76.0	30.0	0.0	97.0	0.0	73.0	43.0	69.0	0.0
0.0	0.0	0.0	0.0	0.0	0.0	0.0	0.0	0.0	21.0	70.0	0.0	0.0	18.0	50.0	69.0	72.0	0.0	0.0	0.0	0.0	32.0	0.0	0.0	52.0	0.0	59.0	66.0	0.0	59.0	0.0	20.0	51.0	0.0	0.0	68.0	17.0	0.0	82.0	92.0	0.0	0.0	49.0	0.0	0.0	72.0	81.0	0.0	30.0	0.0	96.0	91.0	0.0	0.0	65.0	60.0	0.0	0.0	0.0	75.0	34.0	0.0	0.0	0.0	0.0	87.0	90.0
76.0	0.0	31.0	0.0	0.0	0.0	0.0	61.0	30.0	57.0	11.0	15.0	65.0	17.0	0.0	55.0	0.0	58.0	73.0	69.0	53.0	0.0	88.0	21.0	91.0	0.0	59.0	99.0	0.0	59.0	0.0	0.0	79.0	72.0	93.0	8.0	67.0	67.0	14.0	96.0	5.0	92.0	0.0	0.0	68.0	0.0	0.0	0.0	0.0	0.0	0.0	0.0	82.0	35.0	4.0	80.0	47.0	0.0	0.0	67.0	0.0	14.0	78.0	99.0	86.0	77.0
8.0	25.0	54.0	84.0	20.0	0.0	49.0	0.0	92.0	51.0	57.0	91.0	0.0	42.0	0.0	46.0	38.0	56.0	80.0	24.0	17.0	0.0	0.0	0.0	0.0	59.0	0.0	48.0	17.0	18.0	37.0	10.0	24.0	0.0	0.0	46.0	82.0	0.0	0.0	44.0	63.0	66.0	16.0	99.0	0.0	92.0	22.0	0.0	0.0	9.0	100.0	0.0	0.0	0.0	0.0	46.0	0.0	0.0	2.0	31.0	57.0	41.0	71.0	50.0	69.0
48.0	0.0	12.0	59.0	44.0	75.0	0.0	0.0	0.0	48.0	74.0	72.0	0.0	74.0	0.0	0.0	75.0	0.0	0.0	78.0	0.0	0.0	64.0	0.0	0.0	90.0	11.0	5.0	0.0	81.0	19.0	0.0	0.0	0.0	0.0	82.0	38.0	0.0	0.0	95.0	11.0	73.0	17.0	0.0	0.0	1.0	0.0	0.0	72.0	62.0	2.0	76.0	26.0	0.0	0.0	81.0	0.0	92.0	72.0	0.0	0.0	49.0	0.0	25.0
4.0	3.0	73.0	0.0	0.0	72.0	18.0	0.0	79.0	14.0	98.0	19.0	85.0	65.0	0.0	0.0	57.0	0.0	26.0	94.0	90.0	0.0	0.0	89.0	0.0	18.0	0.0	0.0	69.0	0.0	0.0	0.0	0.0	0.0	4.0	98.0	0.0	50.0	87.0	0.0	10.0	100.0	0.0	0.0	81.0	0.0	26.0	69.0	0.0	0.0	0.0	0.0	45.0	6.0	0.0	0.0	7.0	0.0	3.0	74.0	53.0	0.0	32.0
0.0	0.0	0.0	0.0	90.0	0.0	0.0	41.0	0.0	0.0	0.0	0.0	0.0	31.0	86.0	0.0	0.0	37.0	0.0	15.0	25.0	83.0	70.0	92.0	59.0	0.0	58.0	83.0	31.0	59.0	0.0	43.0	12.0	79.0	0.0	29.0	0.0	67.0	45.0	0.0	27.0	61.0	0.0	82.0	0.0	49.0	0.0	0.0	0.0	0.0	12.0	84.0	0.0	0.0	62.0	17.0	0.0	12.0	29.0	0.0	0.0	0.0
14.0	17.0	0.0	0.0	0.0	59.0	0.0	0.0	20.0	81.0	81.0	12.0	51.0	86.0	0.0	0.0	55.0	0.0	0.0	79.0	0.0	0.0	0.0	0.0	0.0	95.0	4.0	0.0	0.0	45.0	0.0	22.0	0.0	42.0	94.0	0.0	28.0	86.0	0.0	0.0	0.0	85.0	0.0	9.0	0.0	39.0	0.0	0.0	80.0	28.0	0.0	0.0	7.0	45.0	0.0	8.0	0.0	0.0	67.0	0.0	0.0
0.0	100.0	40.0	0.0	0.0	0.0	74.0	6.0	0.0	93.0	0.0	8.0	0.0	0.0	41.0	77.0	0.0	100.0	31.0	0.0	0.0	0.0	0.0	4.0	39.0	0.0	15.0	0.0	0.0	9.0	37.0	0.0	11.0	32.0	44.0	57.0	95.0	53.0	0.0	0.0	70.0	0.0	54.0	0.0	66.0	0.0	35.0	48.0	38.0	38.0	12.0	0.0	0.0	59.0	0.0	77.0	0.0	9.0	0.0	0.0
0.0	0.0	0.0	0.0	0.0	68.0	41.0	0.0	34.0	25.0	56.0	4.0	0.0	0.0	0.0	22.0	41.0	25.0	65.0	98.0	0.0	0.0	0.0	91.0	36.0	0.0	0.0	79.0	0.0	97.0	33.0	46.0	26.0	0.0	0.0	0.0	0.0	0.0	61.0	15.0	57.0	76.0	0.0	74.0	22.0	88.0	0.0	0.0	20.0	28.0	0.0	0.0	0.0	0.0	0.0	0.0	0.0	41.0	27.0
0.0	0.0	14.0	72.0	0.0	40.0	11.0	0.0	0.0	0.0	65.0	93.0	27.0	30.0	59.0	0.0	20.0	20.0	62.0	6.0	0.0	88.0	68.0	0.0	57.0	73.0	0.0	26.0	20.0	0.0	32.0	0.0	20.0	44.0	0.0	70.0	0.0	71.0	49.0	0.0	0.0	0.0	71.0	0.0	0.0	0.0	70.0	19.0	0.0	47.0	0.0	0.0	0.0	0.0	0.0	0.0	29.0	0.0
0.0	0.0	0.0	0.0	56.0	0.0	0.0	19.0	66.0	0.0	0.0	0.0	0.0	9.0	19.0	0.0	0.0	19.0	19.0	0.0	0.0	3.0	0.0	86.0	64.0	20.0	0.0	11.0	0.0	0.0	45.0	0.0	0.0	0.0	0.0	38.0	32.0	0.0	98.0	0.0	0.0	0.0	48.0	30.0	43.0	52.0	0.0	26.0	100.0	0.0	87.0	0.0	13.0	38.0	0.0	0.0	70.0
38.0	0.0	18.0	68.0	70.0	0.0	0.0	92.0	0.0	26.0	83.0	21.0	72.0	0.0	71.0	46.0	68.0	0.0	0.0	70.0	25.0	44.0	0.0	45.0	5.0	0.0	0.0	0.0	0.0	0.0	0.0	81.0	72.0	31.0	0.0	78.0	0.0	24.0	72.0	26.0	0.0	0.0	0.0	0.0	0.0	26.0	41.0	61.0	39.0	11.0	0.0	0.0	27.0	0.0	0.0	0.0
76.0	57.0	50.0	75.0	42.0	0.0	0.0	0.0	73.0	0.0	0.0	76.0	0.0	0.0	0.0	18.0	0.0	0.0	13.0	80.0	0.0	0.0	37.0	0.0	0.0	13.0	0.0	0.0	0.0	24.0	16.0	32.0	0.0	62.0	36.0	25.0	0.0	0.0	0.0	77.0	0.0	56.0	0.0	0.0	0.0	0.0	95.0	0.0	59.0	0.0	0.0	0.0	67.0	0.0	34.0
0.0	0.0	31.0	0.0	93.0	64.0	28.0	0.0	78.0	39.0	14.0	0.0	0.0	47.0	88.0	56.0	96.0	13.0	0.0	0.0	0.0	0.0	37.0	97.0	64.0	0.0	45.0	0.0	59.0	99.0	0.0	73.0	68.0	32.0	0.0	12.0	0.0	49.0	87.0	70.0	19.0	92.0	0.0	0.0	65.0	39.0	97.0	95.0	0.0	0.0	95.0	0.0	91.0	0.0
31.0	35.0	0.0	86.0	0.0	90.0	0.0	34.0	29.0	0.0	28.0	37.0	0.0	86.0	12.0	82.0	0.0	80.0	10.0	30.0	54.0	0.0	0.0	81.0	47.0	23.0	15.0	0.0	46.0	0.0	0.0	13.0	0.0	0.0	0.0	0.0	85.0	0.0	0.0	0.0	0.0	96.0	0.0	0.0	0.0	0.0	0.0	68.0	42.0	13.0	85.0	69.0	21.0
0.0	22.0	0.0	10.0	18.0	0.0	0.0	68.0	0.0	48.0	62.0	69.0	75.0	46.0	0.0	2.0	0.0	0.0	99.0	31.0	0.0	0.0	48.0	0.0	0.0	0.0	0.0	0.0	0.0	35.0	81.0	0.0	46.0	23.0	15.0	17.0	0.0	0.0	54.0	20.0	15.0	0.0	0.0	27.0	27.0	0.0	1.0	0.0	0.0	0.0	0.0	38.0
57.0	87.0	76.0	0.0	10.0	0.0	0.0	77.0	0.0	28.0	54.0	0.0	34.0	93.0	79.0	52.0	0.0	0.0	59.0	18.0	96.0	0.0	0.0	0.0	0.0	82.0	0.0	90.0	87.0	0.0	0.0	0.0	0.0	0.0	0.0	25.0	4.0	74.0	0.0	0.0	61.0	0.0	17.0	0.0	4.0	52.0	19.0	0.0	75.0	0.0	0.0
22.0	94.0	7.0	0.0	0.0	0.0	0.0	0.0	0.0	54.0	84.0	90.0	33.0	55.0	0.0	23.0	0.0	0.0	0.0	0.0	43.0	14.0	0.0	0.0	0.0	84.0	30.0	0.0	0.0	0.0	97.0	31.0	0.0	13.0	0.0	61.0	26.0	88.0	91.0	5.0	0.0	29.0	8.0	0.0	3.0	11.0	0.0	0.0	47.0	0.0
47.0	14.0	0.0	30.0	10.0	67.0	90.0	28.0	0.0	59.0	0.0	0.0	87.0	86.0	54.0	100.0	0.0	52.0	0.0	0.0	0.0	0.0	27.0	0.0	0.0	3.0	0.0	0.0	0.0	94.0	0.0	0.0	36.0	1.0	14.0	0.0	91.0	5.0	97.0	31.0	0.0	61.0	46.0	0.0	0.0	11.0	97.0	0.0	34.0
42.0	0.0	78.0	0.0	0.0	34.0	0.0	0.0	91.0	84.0	26.0	54.0	0.0	18.0	0.0	21.0	0.0	59.0	0.0	0.0	37.0	0.0	0.0	0.0	27.0	45.0	68.0	19.0	0.0	0.0	58.0	99.0	0.0	24.0	86.0	9.0	0.0	87.0	0.0	30.0	60.0	49.0	0.0	0.0	0.0	0.0	0.0	44.0
82.0	0.0	39.0	0.0	78.0	14.0	64.0	74.0	0.0	0.0	83.0	0.0	74.0	0.0	0.0	68.0	0.0	55.0	85.0	20.0	78.0	0.0	0.0	0.0	0.0	26.0	0.0	74.0	0.0	88.0	54.0	6.0	73.0	0.0	0.0	0.0	0.0	0.0	0.0	0.0	0.0	35.0	39.0	4.0	40.0	9.0	50.0
88.0	80.0	0.0	25.0	22.0	6.0	57.0	0.0	0.0	0.0	0.0	64.0	86.0	54.0	78.0	64.0	0.0	90.0	18.0	0.0	84.0	0.0	64.0	26.0	0.0	0.0	0.0	0.0	58.0	31.0	25.0	0.0	3.0	14.0	0.0	15.0	62.0	56.0	0.0	0.0	71.0	53.0	0.0	0.0	0.0	67.0
0.0	0.0	74.0	61.0	40.0	82.0	36.0	0.0	0.0	0.0	0.0	6.0	0.0	35.0	100.0	0.0	0.0	0.0	0.0	0.0	28.0	35.0	85.0	15.0	0.0	0.0	32.0	5.0	0.0	5.0	0.0	39.0	0.0	63.0	24.0	0.0	59.0	0.0	0.0	0.0	0.0	0.0	43.0	0.0	6.0
0.0	82.0	0.0	14.0	0.0	73.0	57.0	0.0	0.0	87.0	0.0	50.0	0.0	0.0	0.0	0.0	0.0	0.0	0.0	98.0	0.0	0.0	16.0	59.0	17.0	0.0	53.0	0.0	88.0	16.0	0.0	92.0	62.0	0.0	100.0	0.0	0.0	0.0	0.0	0.0	45.0	24.0	0.0	80.0
0.0	0.0	0.0	79.0	0.0	9.0	82.0	0.0	35.0	93.0	0.0	0.0	0.0	0.0	0.0	92.0	95.0	0.0	74.0	25.0	0.0	34.0	81.0	0.0	0.0	0.0	0.0	0.0	39.0	63.0	0.0	0.0	0.0	0.0	0.0	0.0	5.0	3.0	65.0	8.0	63.0	0.0	0.0
91.0	0.0	0.0	0.0	0.0	0.0	92.0	54.0	31.0	65.0	50.0	11.0	6.0	0.0	0.0	0.0	96.0	0.0	41.0	33.0	0.0	85.0	0.0	0.0	0.0	0.0	0.0	2.0	44.0	2.0	84.0	3.0	4.0	25.0	0.0	50.0	35.0	0.0	5.0	0.0	0.0	0.0
0.0	88.0	0.0	0.0	34.0	0.0	0.0	56.0	92.0	0.0	0.0	0.0	9.0	0.0	0.0	0.0	7.0	0.0	13.0	62.0	0.0	81.0	0.0	17.0	79.0	66.0	87.0	80.0	37.0	57.0	0.0	12.0	31.0	95.0	0.0	55.0	43.0	0.0	17.0	93.0	6.0
35.0	97.0	2.0	34.0	97.0	58.0	0.0	73.0	41.0	0.0	0.0	0.0	78.0	0.0	95.0	0.0	0.0	0.0	0.0	21.0	0.0	0.0	100.0	36.0	38.0	0.0	0.0	0.0	65.0	0.0	0.0	3.0	0.0	37.0	0.0	19.0	62.0	0.0	46.0	24.0
58.0	0.0	0.0	6.0	87.0	69.0	0.0	0.0	29.0	0.0	0.0	21.0	0.0	0.0	0.0	0.0	94.0	0.0	43.0	15.0	0.0	3.0	0.0	22.0	0.0	92.0	69.0	67.0	26.0	4.0	9.0	23.0	93.0	41.0	0.0	0.0	0.0	62.0	0.0
0.0	0.0	38.0	42.0	22.0	0.0	0.0	24.0	0.0	70.0	0.0	0.0	25.0	0.0	61.0	0.0	0.0	18.0	0.0	0.0	0.0	2.0	71.0	83.0	0.0	0.0	0.0	98.0	0.0	42.0	0.0	27.0	97.0	55.0	71.0	0.0	87.0	0.0
0.0	36.0	0.0	73.0	0.0	89.0	11.0	0.0	0.0	83.0	0.0	0.0	0.0	0.0	76.0	0.0	4.0	71.0	26.0	0.0	59.0	0.0	43.0	98.0	94.0	3.0	72.0	0.0	21.0	9.0	30.0	54.0	18.0	26.0	32.0	0.0	0.0
85.0	0.0	0.0	5.0	0.0	71.0	0.0	7.0	74.0	23.0	0.0	0.0	49.0	9.0	0.0	0.0	94.0	0.0	81.0	0.0	0.0	0.0	34.0	78.0	70.0	0.0	0.0	0.0	0.0	57.0	0.0	0.0	30.0	10.0	0.0	0.0
50.0	0.0	0.0	0.0	45.0	0.0	46.0	78.0	0.0	0.0	68.0	13.0	83.0	25.0	0.0	33.0	28.0	0.0	0.0	96.0	0.0	28.0	0.0	0.0	0.0	40.0	0.0	0.0	28.0	0.0	40.0	0.0	0.0	73.0	54.0
1.0	0.0	37.0	0.0	0.0	66.0	86.0	2.0	0.0	1.0	0.0	61.0	51.0	57.0	59.0	53.0	98.0	29.0	0.0	16.0	0.0	27.0	32.0	0.0	74.0	61.0	0.0	0.0	0.0	0.0	69.0	0.0	0.0	0.0
0.0	0.0	0.0	6.0	0.0	0.0	41.0	28.0	69.0	0.0	13.0	7.0	27.0	41.0	0.0	0.0	0.0	0.0	0.0	0.0	0.0	0.0	0.0	92.0	21.0	15.0	77.0	88.0	0.0	92.0	65.0	0.0	20.0
0.0	0.0	27.0	84.0	0.0	40.0	0.0	3.0	0.0	9.0	0.0	86.0	0.0	0.0	0.0	59.0	86.0	82.0	0.0	90.0	29.0	95.0	1.0	0.0	92.0	0.0	84.0	28.0	0.0	91.0	0.0	0.0
4.0	0.0	69.0	0.0	80.0	0.0	0.0	0.0	0.0	0.0	88.0	56.0	21.0	15.0	0.0	73.0	74.0	0.0	28.0	29.0	54.0	0.0	0.0	65.0	48.0	0.0	0.0	78.0	71.0	90.0	72.0
0.0	26.0	78.0	0.0	0.0	0.0	0.0	8.0	0.0	0.0	0.0	0.0	49.0	0.0	0.0	47.0	6.0	78.0	28.0	0.0	39.0	0.0	0.0	0.0	0.0	55.0	0.0	48.0	0.0	0.0
18.0	0.0	55.0	2.0	57.0	50.0	0.0	49.0	0.0	11.0	0.0	0.0	75.0	6.0	51.0	52.0	0.0	0.0	37.0	0.0	0.0	32.0	91.0	0.0	0.0	93.0	74.0	0.0	0.0
0.0	63.0	74.0	0.0	0.0	0.0	0.0	41.0	2.0	69.0	0.0	0.0	4.0	0.0	0.0	93.0	0.0	0.0	0.0	97.0	15.0	39.0	0.0	70.0	0.0	18.0	61.0	41.0
74.0	0.0	83.0	0.0	0.0	0.0	53.0	34.0	0.0	86.0	0.0	0.0	45.0	0.0	72.0	0.0	54.0	0.0	79.0	0.0	0.0	0.0	80.0	0.0	38.0	0.0	0.0
0.0	43.0	8.0	0.0	0.0	38.0	0.0	0.0	0.0	16.0	75.0	54.0	84.0	0.0	4.0	0.0	0.0	0.0	1.0	0.0	36.0	91.0	90.0	70.0	0.0	70.0
0.0	0.0	0.0	34.0	30.0	81.0	17.0	0.0	51.0	0.0	0.0	0.0	0.0	0.0	41.0	28.0	1.0	38.0	0.0	0.0	0.0	89.0	0.0	0.0	0.0
0.0	20.0	94.0	0.0	0.0	24.0	0.0	18.0	0.0	76.0	0.0	72.0	0.0	69.0	0.0	85.0	87.0	60.0	0.0	0.0	75.0	1.0	75.0	0.0
85.0	0.0	0.0	0.0	0.0	2.0	76.0	0.0	0.0	0.0	0.0	90.0	0.0	7.0	81.0	81.0	0.0	0.0	0.0	0.0	0.0	11.0	0.0
0.0	13.0	0.0	98.0	0.0	0.0	94.0	53.0	0.0	58.0	0.0	64.0	0.0	34.0	91.0	57.0	0.0	34.0	47.0	0.0	0.0	50.0
28.0	0.0	9.0	0.0	0.0	80.0	0.0	31.0	43.0	75.0	0.0	0.0	0.0	0.0	14.0	70.0	65.0	43.0	72.0	0.0	0.0
83.0	97.0	35.0	92.0	0.0	0.0	0.0	18.0	0.0	14.0	12.0	0.0	31.0	0.0	80.0	0.0	0.0	17.0	0.0	0.0
50.0	30.0	0.0	97.0	0.0	0.0	0.0	0.0	74.0	25.0	0.0	0.0	0.0	0.0	0.0	100.0	73.0	43.0	80.0
0.0	0.0	0.0	0.0	0.0	0.0	0.0	21.0	83.0	0.0	0.0	0.0	80.0	60.0	0.0	0.0	0.0	65.0
0.0	0.0	18.0	0.0	19.0	34.0	0.0	0.0	0.0	0.0	74.0	23.0	0.0	0.0	65.0	43.0	22.0
0.0	76.0	75.0	0.0	0.0	64.0	0.0	0.0	100.0	0.0	0.0	0.0	0.0	18.0	90.0	86.0
0.0	0.0	51.0	0.0	84.0	46.0	0.0	0.0	0.0	6.0	0.0	0.0	0.0	0.0	0.0
0.0	0.0	55.0	0.0	52.0	0.0	0.0	0.0	67.0	32.0	87.0	3.0	0.0	0.0
0.0	8.0	51.0	20.0	96.0	56.0	0.0	5.0	0.0	85.0	61.0	0.0	0.0
91.0	63.0	73.0	66.0	81.0	0.0	83.0	0.0	0.0	86.0	0.0	0.0
0.0	0.0	0.0	69.0	0.0	30.0	0.0	0.0	0.0	0.0	38.0
0.0	58.0	0.0	0.0	0.0	24.0	0.0	0.0	85.0	0.0
18.0	66.0	31.0	94.0	13.0	84.0	27.0	0.0	65.0
0.0	0.0	0.0	0.0	0.0	1.0	41.0	0.0
0.0	0.0	0.0	25.0	0.0	0.0	25.0
84.0	44.0	0.0	18.0	74.0	0.0
0.0	18.0	88.0	0.0	0.0
0.0	41.0	0.0	0.0
63.0	17.0	0.0
66.0	0.0
0.0

16.0	37.0	20.0	5.0	32.0	47.0	49.0	8.0	8.0	36.0	26.0	13.0	22.0	7.0	43.0	48.0	11.0	32.0	24.0	10.0	15.0	46.0	20.0	46.0	50.0	33.0	2.0	50.0	13.0	3.0	4.0	18.0	43.0	4.0	12.0	49.0	41.0	13.0	42.0	34.0	20.0	10.0	27.0	28.0	42.0	5.0	19.0	27.0	27.0	43.0	44.0	20.0	16.0	34.0	40.0	19.0	14.0	21.0	27.0	42.0	23.0	29.0	22.0	13.0	32.0	22.0	22.0	45.0	13.0	29.0	29.0	32.0	12.0	14.0	43.0	11.0	5.0	12.0	13.0	25.0	23.0	5.0	9.0	41.0	42.0	16.0	11.0	13.0	50.0	24.0	1.0	30.0	44.0	5.0	26.0	26.0	12.0	30.0	44.0	12.0	4.0	10.0	46.0	42.0	17.0	21.0	47.0	46.0	35.0	46.0	46.0	32.0	33.0	46.0	12.0	37.0	11.0	6.0	1.0	44.0	7.0	7.0	45.0	17.0	28.0	2.0	36.0	40.0	11.0	41.0	50.0	12.0	11.0	49.0	19.0	13.0	26.0	45.0	29.0	1.0	18.0	10.0	34.0	13.0	41.0	41.0	31.0	38.0	19.0	38.0	36.0	13.0	34.0	15.0	28.0	1.0	24.0	39.0	17.0	5.0	28.0	4.0	26.0	18.0	26.0	44.0	15.0	8.0	36.0	4.0	6.0	3.0	28.0	33.0	26.0	2.0	19.0	2.0	12.0	17.0	1.0	40.0	3.0	47.0	17.0	11.0	19.0	45.0	42.0	35.0	39.0	50.0	8.0	43.0	22.0	4.0	50.0	9.0	29.0	39.0

1318.1333333333334	1318.1333333333334	1318.1333333333334
