qmkp_200_50_10_006
200
10

52.0	0.0	51.0	7.0	0.0	0.0	91.0	53.0	21.0	0.0	75.0	35.0	0.0	0.0	58.0	0.0	43.0	0.0	0.0	99.0	0.0	0.0	98.0	0.0	0.0	0.0	53.0	82.0	0.0	85.0	21.0	0.0	0.0	73.0	0.0	9.0	89.0	2.0	23.0	19.0	31.0	53.0	0.0	0.0	0.0	39.0	68.0	100.0	17.0	0.0	46.0	74.0	0.0	0.0	0.0	0.0	0.0	9.0	0.0	74.0	32.0	37.0	40.0	1.0	92.0	32.0	0.0	25.0	42.0	2.0	43.0	0.0	73.0	0.0	17.0	0.0	0.0	90.0	47.0	0.0	0.0	10.0	89.0	51.0	0.0	94.0	0.0	0.0	0.0	0.0	0.0	98.0	95.0	97.0	15.0	9.0	0.0	0.0	0.0	0.0	0.0	80.0	0.0	90.0	84.0	0.0	0.0	11.0	11.0	86.0	0.0	22.0	12.0	0.0	0.0	36.0	0.0	0.0	92.0	22.0	10.0	0.0	0.0	3.0	0.0	79.0	0.0	0.0	0.0	0.0	1.0	0.0	93.0	0.0	0.0	0.0	28.0	0.0	0.0	0.0	0.0	0.0	92.0	23.0	0.0	68.0	0.0	8.0	0.0	0.0	76.0	68.0	0.0	0.0	0.0	7.0	0.0	5.0	81.0	36.0	76.0	8.0	88.0	91.0	0.0	14.0	0.0	0.0	0.0	35.0	21.0	14.0	0.0	25.0	0.0	0.0	0.0	0.0	77.0	0.0	31.0	41.0	0.0	55.0	48.0	24.0	0.0	99.0	62.0	0.0	0.0	25.0	33.0	0.0	0.0	0.0	0.0	19.0	72.0	80.0
0.0	0.0	0.0	0.0	88.0	17.0	0.0	0.0	95.0	80.0	0.0	0.0	53.0	6.0	0.0	23.0	100.0	0.0	74.0	11.0	99.0	1.0	0.0	40.0	0.0	91.0	0.0	0.0	0.0	94.0	77.0	75.0	0.0	0.0	59.0	42.0	23.0	51.0	0.0	14.0	27.0	98.0	0.0	0.0	69.0	12.0	100.0	46.0	0.0	0.0	93.0	9.0	31.0	66.0	2.0	67.0	52.0	72.0	0.0	0.0	61.0	0.0	0.0	69.0	0.0	10.0	69.0	0.0	0.0	79.0	43.0	0.0	71.0	0.0	100.0	0.0	19.0	0.0	0.0	0.0	92.0	0.0	13.0	86.0	23.0	28.0	35.0	49.0	72.0	0.0	0.0	0.0	58.0	0.0	57.0	0.0	0.0	0.0	31.0	0.0	0.0	0.0	73.0	0.0	28.0	0.0	0.0	0.0	0.0	7.0	0.0	0.0	17.0	31.0	88.0	69.0	83.0	0.0	0.0	27.0	60.0	33.0	58.0	9.0	0.0	18.0	0.0	0.0	0.0	1.0	0.0	63.0	79.0	0.0	36.0	49.0	0.0	0.0	0.0	60.0	59.0	0.0	0.0	0.0	0.0	0.0	0.0	0.0	0.0	32.0	29.0	7.0	77.0	41.0	0.0	67.0	0.0	0.0	38.0	29.0	38.0	73.0	55.0	47.0	24.0	26.0	68.0	54.0	0.0	0.0	0.0	26.0	100.0	0.0	0.0	0.0	0.0	97.0	50.0	0.0	0.0	0.0	0.0	0.0	0.0	66.0	0.0	0.0	67.0	57.0	0.0	0.0	76.0	74.0	22.0	11.0	89.0	0.0	40.0
0.0	79.0	0.0	4.0	0.0	9.0	97.0	0.0	0.0	0.0	0.0	0.0	0.0	22.0	97.0	25.0	0.0	0.0	14.0	0.0	0.0	96.0	0.0	0.0	0.0	0.0	83.0	0.0	13.0	14.0	0.0	0.0	0.0	0.0	48.0	0.0	22.0	0.0	2.0	0.0	0.0	0.0	0.0	70.0	0.0	59.0	30.0	0.0	0.0	18.0	4.0	90.0	83.0	0.0	0.0	0.0	41.0	0.0	0.0	34.0	0.0	0.0	40.0	0.0	0.0	0.0	0.0	81.0	0.0	46.0	60.0	38.0	0.0	0.0	97.0	16.0	0.0	0.0	0.0	0.0	0.0	0.0	0.0	84.0	0.0	0.0	0.0	0.0	0.0	4.0	0.0	0.0	0.0	46.0	64.0	97.0	0.0	3.0	77.0	19.0	88.0	71.0	0.0	0.0	0.0	98.0	0.0	78.0	38.0	27.0	58.0	0.0	0.0	44.0	0.0	0.0	50.0	95.0	0.0	26.0	4.0	69.0	0.0	0.0	3.0	0.0	78.0	82.0	88.0	66.0	0.0	79.0	0.0	0.0	23.0	25.0	8.0	25.0	0.0	0.0	56.0	13.0	0.0	67.0	0.0	24.0	0.0	0.0	0.0	35.0	7.0	10.0	0.0	0.0	0.0	18.0	53.0	18.0	44.0	0.0	0.0	64.0	51.0	66.0	0.0	46.0	54.0	64.0	60.0	0.0	51.0	40.0	0.0	92.0	0.0	74.0	0.0	60.0	46.0	0.0	15.0	61.0	0.0	0.0	0.0	0.0	0.0	0.0	0.0	0.0	9.0	0.0	57.0	0.0	30.0	94.0	73.0	0.0
0.0	44.0	62.0	0.0	39.0	65.0	0.0	96.0	53.0	8.0	62.0	88.0	43.0	0.0	22.0	3.0	0.0	0.0	25.0	0.0	44.0	14.0	0.0	0.0	65.0	50.0	42.0	0.0	41.0	0.0	0.0	21.0	0.0	57.0	0.0	0.0	14.0	0.0	95.0	48.0	0.0	17.0	0.0	0.0	0.0	27.0	0.0	30.0	0.0	0.0	64.0	0.0	0.0	88.0	10.0	0.0	0.0	0.0	61.0	0.0	43.0	3.0	19.0	0.0	0.0	25.0	0.0	0.0	0.0	60.0	0.0	88.0	29.0	47.0	0.0	97.0	0.0	0.0	0.0	18.0	86.0	0.0	69.0	23.0	0.0	16.0	71.0	19.0	18.0	2.0	0.0	0.0	21.0	0.0	0.0	7.0	0.0	0.0	0.0	0.0	34.0	0.0	0.0	74.0	0.0	26.0	49.0	71.0	0.0	22.0	0.0	81.0	31.0	0.0	9.0	36.0	29.0	10.0	0.0	27.0	0.0	0.0	0.0	100.0	0.0	86.0	41.0	0.0	3.0	0.0	95.0	0.0	78.0	34.0	0.0	4.0	0.0	76.0	68.0	0.0	0.0	0.0	0.0	83.0	0.0	48.0	87.0	38.0	0.0	0.0	0.0	0.0	29.0	60.0	0.0	0.0	0.0	0.0	0.0	41.0	27.0	80.0	27.0	82.0	0.0	79.0	0.0	0.0	36.0	0.0	0.0	63.0	41.0	52.0	97.0	58.0	1.0	65.0	0.0	0.0	52.0	0.0	12.0	0.0	0.0	0.0	0.0	6.0	97.0	6.0	0.0	87.0	24.0	0.0	2.0	27.0	0.0
80.0	33.0	0.0	27.0	0.0	0.0	0.0	5.0	92.0	0.0	0.0	0.0	0.0	0.0	63.0	0.0	69.0	0.0	0.0	0.0	0.0	36.0	45.0	47.0	9.0	0.0	63.0	59.0	0.0	52.0	66.0	0.0	17.0	4.0	10.0	0.0	0.0	0.0	0.0	0.0	0.0	55.0	0.0	0.0	31.0	0.0	67.0	20.0	18.0	74.0	0.0	0.0	52.0	0.0	23.0	94.0	48.0	96.0	53.0	36.0	4.0	68.0	0.0	0.0	2.0	0.0	36.0	85.0	11.0	0.0	39.0	88.0	0.0	0.0	0.0	0.0	86.0	87.0	0.0	59.0	0.0	0.0	100.0	13.0	0.0	9.0	0.0	57.0	0.0	0.0	20.0	35.0	0.0	81.0	42.0	36.0	0.0	58.0	0.0	66.0	84.0	51.0	18.0	0.0	0.0	33.0	0.0	0.0	51.0	42.0	0.0	65.0	80.0	67.0	0.0	88.0	10.0	6.0	0.0	0.0	54.0	0.0	0.0	0.0	0.0	0.0	80.0	0.0	5.0	0.0	38.0	85.0	0.0	0.0	0.0	54.0	24.0	0.0	79.0	53.0	16.0	0.0	0.0	0.0	15.0	0.0	4.0	50.0	0.0	44.0	0.0	20.0	70.0	0.0	17.0	0.0	0.0	0.0	54.0	0.0	80.0	0.0	31.0	0.0	78.0	92.0	81.0	1.0	0.0	59.0	0.0	83.0	0.0	0.0	31.0	85.0	0.0	0.0	12.0	0.0	0.0	33.0	79.0	62.0	41.0	39.0	0.0	0.0	0.0	0.0	0.0	0.0	18.0	80.0	0.0	44.0
0.0	90.0	0.0	0.0	82.0	53.0	82.0	38.0	12.0	0.0	0.0	0.0	29.0	0.0	0.0	0.0	86.0	0.0	0.0	0.0	0.0	0.0	0.0	0.0	0.0	0.0	39.0	0.0	0.0	0.0	24.0	18.0	36.0	42.0	29.0	0.0	68.0	26.0	9.0	63.0	0.0	0.0	0.0	81.0	0.0	0.0	0.0	0.0	93.0	0.0	0.0	0.0	0.0	0.0	88.0	0.0	61.0	71.0	0.0	0.0	0.0	89.0	32.0	82.0	24.0	0.0	0.0	0.0	73.0	0.0	81.0	0.0	0.0	0.0	0.0	0.0	0.0	15.0	38.0	39.0	0.0	44.0	0.0	57.0	39.0	0.0	86.0	41.0	64.0	9.0	91.0	0.0	0.0	82.0	3.0	16.0	0.0	2.0	47.0	32.0	0.0	97.0	29.0	86.0	28.0	81.0	45.0	27.0	80.0	10.0	58.0	0.0	81.0	0.0	0.0	96.0	96.0	85.0	0.0	43.0	91.0	40.0	0.0	0.0	27.0	32.0	9.0	88.0	0.0	0.0	15.0	90.0	0.0	0.0	0.0	0.0	0.0	0.0	79.0	0.0	0.0	44.0	5.0	0.0	0.0	10.0	54.0	0.0	20.0	27.0	96.0	0.0	0.0	24.0	80.0	0.0	83.0	0.0	36.0	0.0	70.0	64.0	72.0	70.0	0.0	81.0	0.0	0.0	99.0	88.0	0.0	100.0	50.0	33.0	3.0	0.0	49.0	0.0	80.0	36.0	8.0	0.0	0.0	18.0	0.0	66.0	57.0	0.0	0.0	0.0	0.0	61.0	14.0	0.0	0.0
0.0	38.0	95.0	95.0	41.0	0.0	0.0	61.0	0.0	17.0	78.0	0.0	0.0	78.0	0.0	0.0	31.0	0.0	89.0	81.0	0.0	0.0	30.0	64.0	40.0	0.0	7.0	6.0	0.0	28.0	5.0	0.0	0.0	15.0	0.0	0.0	0.0	0.0	0.0	0.0	0.0	0.0	0.0	97.0	18.0	24.0	70.0	0.0	0.0	0.0	79.0	0.0	30.0	0.0	0.0	0.0	92.0	29.0	0.0	0.0	0.0	85.0	0.0	21.0	0.0	0.0	78.0	0.0	92.0	0.0	0.0	0.0	0.0	0.0	0.0	0.0	0.0	34.0	0.0	0.0	0.0	99.0	0.0	0.0	36.0	0.0	29.0	0.0	0.0	0.0	0.0	0.0	0.0	42.0	27.0	65.0	0.0	0.0	0.0	0.0	0.0	25.0	0.0	0.0	0.0	0.0	68.0	68.0	0.0	73.0	5.0	37.0	0.0	4.0	0.0	0.0	8.0	0.0	0.0	0.0	67.0	4.0	0.0	0.0	97.0	0.0	0.0	0.0	0.0	76.0	0.0	78.0	0.0	0.0	97.0	0.0	34.0	0.0	0.0	98.0	89.0	0.0	6.0	0.0	0.0	0.0	35.0	0.0	0.0	51.0	0.0	0.0	19.0	0.0	0.0	16.0	71.0	0.0	0.0	69.0	93.0	0.0	36.0	78.0	0.0	26.0	77.0	81.0	0.0	68.0	0.0	14.0	63.0	51.0	53.0	0.0	0.0	99.0	0.0	34.0	79.0	0.0	0.0	13.0	0.0	64.0	0.0	0.0	0.0	0.0	9.0	0.0	0.0	0.0
32.0	0.0	0.0	20.0	21.0	72.0	0.0	68.0	0.0	69.0	28.0	0.0	0.0	0.0	0.0	36.0	71.0	85.0	0.0	3.0	17.0	0.0	0.0	0.0	38.0	25.0	0.0	0.0	0.0	0.0	0.0	0.0	3.0	28.0	0.0	92.0	0.0	100.0	26.0	18.0	0.0	84.0	84.0	5.0	0.0	0.0	0.0	19.0	76.0	73.0	0.0	73.0	0.0	37.0	34.0	0.0	0.0	0.0	0.0	0.0	67.0	0.0	0.0	0.0	72.0	55.0	8.0	95.0	0.0	0.0	48.0	0.0	0.0	0.0	50.0	0.0	0.0	51.0	0.0	0.0	0.0	0.0	19.0	28.0	0.0	7.0	28.0	0.0	72.0	72.0	0.0	74.0	64.0	0.0	0.0	18.0	69.0	49.0	0.0	86.0	79.0	0.0	0.0	93.0	0.0	0.0	0.0	0.0	2.0	0.0	94.0	94.0	41.0	0.0	0.0	0.0	63.0	16.0	0.0	15.0	40.0	0.0	51.0	0.0	79.0	39.0	0.0	0.0	22.0	93.0	89.0	5.0	0.0	0.0	0.0	37.0	2.0	0.0	31.0	85.0	34.0	0.0	0.0	89.0	66.0	24.0	31.0	0.0	0.0	0.0	0.0	15.0	0.0	0.0	0.0	0.0	0.0	0.0	0.0	0.0	49.0	0.0	60.0	1.0	0.0	0.0	0.0	94.0	10.0	45.0	21.0	39.0	0.0	0.0	26.0	83.0	0.0	0.0	98.0	0.0	0.0	20.0	0.0	0.0	0.0	0.0	0.0	7.0	0.0	0.0	0.0	0.0	0.0
17.0	0.0	0.0	0.0	93.0	0.0	58.0	47.0	0.0	46.0	0.0	12.0	38.0	0.0	0.0	0.0	21.0	82.0	56.0	0.0	0.0	0.0	36.0	97.0	11.0	93.0	0.0	6.0	0.0	52.0	0.0	0.0	37.0	60.0	0.0	0.0	35.0	0.0	33.0	0.0	0.0	0.0	40.0	97.0	100.0	0.0	1.0	32.0	0.0	0.0	0.0	38.0	76.0	0.0	0.0	67.0	70.0	26.0	72.0	0.0	94.0	0.0	0.0	53.0	10.0	85.0	0.0	0.0	13.0	20.0	11.0	0.0	1.0	94.0	90.0	91.0	0.0	0.0	83.0	0.0	66.0	61.0	9.0	51.0	0.0	0.0	15.0	80.0	0.0	44.0	0.0	0.0	67.0	0.0	0.0	35.0	1.0	59.0	0.0	78.0	87.0	79.0	0.0	0.0	0.0	0.0	0.0	25.0	66.0	0.0	76.0	0.0	0.0	63.0	0.0	0.0	87.0	0.0	94.0	0.0	40.0	0.0	0.0	90.0	0.0	0.0	0.0	56.0	0.0	90.0	64.0	0.0	0.0	37.0	46.0	0.0	2.0	53.0	0.0	18.0	48.0	33.0	0.0	0.0	14.0	26.0	8.0	17.0	0.0	0.0	56.0	0.0	69.0	0.0	85.0	32.0	0.0	0.0	22.0	43.0	0.0	12.0	0.0	43.0	0.0	58.0	0.0	0.0	0.0	90.0	84.0	0.0	19.0	0.0	0.0	2.0	0.0	59.0	0.0	27.0	0.0	42.0	8.0	31.0	68.0	0.0	29.0	0.0	0.0	0.0	0.0	92.0
71.0	43.0	43.0	35.0	70.0	62.0	0.0	0.0	2.0	0.0	0.0	95.0	0.0	0.0	0.0	0.0	0.0	38.0	32.0	0.0	44.0	0.0	0.0	0.0	0.0	0.0	81.0	42.0	77.0	11.0	0.0	0.0	0.0	85.0	0.0	82.0	90.0	0.0	15.0	27.0	68.0	0.0	0.0	0.0	96.0	0.0	35.0	0.0	0.0	37.0	0.0	0.0	0.0	31.0	95.0	0.0	0.0	90.0	53.0	0.0	26.0	0.0	0.0	0.0	0.0	0.0	43.0	63.0	0.0	93.0	0.0	72.0	0.0	48.0	81.0	20.0	0.0	62.0	80.0	0.0	0.0	0.0	19.0	0.0	0.0	0.0	0.0	0.0	49.0	59.0	0.0	5.0	95.0	0.0	0.0	0.0	0.0	0.0	0.0	0.0	0.0	5.0	0.0	64.0	99.0	0.0	0.0	20.0	0.0	32.0	0.0	0.0	19.0	0.0	0.0	0.0	0.0	0.0	80.0	0.0	0.0	30.0	11.0	0.0	19.0	0.0	0.0	54.0	85.0	0.0	52.0	0.0	77.0	31.0	33.0	35.0	0.0	0.0	0.0	0.0	51.0	62.0	1.0	28.0	0.0	14.0	0.0	94.0	73.0	48.0	95.0	0.0	0.0	31.0	81.0	21.0	0.0	57.0	0.0	12.0	62.0	3.0	0.0	0.0	83.0	0.0	0.0	28.0	0.0	33.0	0.0	0.0	0.0	0.0	97.0	43.0	53.0	0.0	0.0	84.0	0.0	86.0	88.0	0.0	0.0	12.0	96.0	25.0	77.0	35.0	2.0
8.0	0.0	0.0	25.0	16.0	0.0	0.0	64.0	62.0	23.0	7.0	0.0	30.0	48.0	0.0	0.0	0.0	0.0	5.0	39.0	0.0	0.0	86.0	62.0	0.0	27.0	56.0	0.0	0.0	59.0	0.0	0.0	0.0	0.0	0.0	48.0	15.0	2.0	41.0	37.0	0.0	0.0	0.0	0.0	45.0	99.0	0.0	70.0	3.0	15.0	11.0	45.0	0.0	0.0	0.0	0.0	81.0	0.0	13.0	0.0	25.0	70.0	0.0	0.0	97.0	8.0	67.0	0.0	0.0	6.0	0.0	57.0	0.0	68.0	66.0	81.0	83.0	0.0	0.0	0.0	0.0	0.0	81.0	0.0	0.0	68.0	57.0	0.0	0.0	73.0	0.0	49.0	0.0	0.0	90.0	0.0	87.0	0.0	0.0	0.0	0.0	99.0	0.0	0.0	0.0	88.0	78.0	56.0	79.0	88.0	50.0	0.0	34.0	0.0	84.0	0.0	0.0	25.0	0.0	0.0	0.0	24.0	77.0	88.0	22.0	49.0	0.0	0.0	86.0	88.0	32.0	0.0	0.0	0.0	47.0	0.0	0.0	0.0	59.0	0.0	73.0	91.0	0.0	0.0	3.0	89.0	0.0	63.0	0.0	0.0	38.0	6.0	11.0	0.0	0.0	0.0	0.0	74.0	0.0	0.0	0.0	66.0	0.0	88.0	58.0	0.0	0.0	0.0	6.0	0.0	0.0	0.0	0.0	98.0	30.0	0.0	0.0	5.0	0.0	0.0	19.0	0.0	0.0	37.0	58.0	0.0	0.0	88.0	0.0	0.0
33.0	0.0	99.0	40.0	0.0	0.0	0.0	0.0	0.0	21.0	11.0	50.0	12.0	0.0	0.0	91.0	59.0	0.0	0.0	0.0	0.0	28.0	97.0	0.0	18.0	0.0	0.0	0.0	55.0	77.0	24.0	38.0	100.0	98.0	0.0	0.0	58.0	64.0	0.0	0.0	27.0	75.0	58.0	0.0	6.0	0.0	31.0	13.0	34.0	98.0	21.0	2.0	0.0	0.0	0.0	0.0	48.0	0.0	37.0	0.0	59.0	18.0	12.0	0.0	0.0	65.0	100.0	65.0	0.0	0.0	42.0	3.0	0.0	0.0	27.0	0.0	52.0	93.0	0.0	27.0	69.0	47.0	89.0	70.0	0.0	62.0	0.0	0.0	0.0	37.0	0.0	89.0	51.0	0.0	0.0	0.0	0.0	94.0	0.0	14.0	37.0	0.0	44.0	67.0	9.0	79.0	49.0	0.0	29.0	37.0	36.0	68.0	0.0	36.0	0.0	0.0	34.0	0.0	8.0	98.0	52.0	45.0	0.0	0.0	0.0	0.0	0.0	0.0	0.0	0.0	0.0	0.0	85.0	12.0	2.0	0.0	16.0	0.0	0.0	59.0	0.0	0.0	0.0	0.0	0.0	0.0	10.0	16.0	39.0	19.0	0.0	0.0	0.0	0.0	0.0	67.0	38.0	0.0	0.0	0.0	0.0	0.0	0.0	0.0	79.0	0.0	49.0	59.0	0.0	0.0	0.0	0.0	0.0	51.0	66.0	37.0	74.0	0.0	9.0	5.0	52.0	10.0	39.0	0.0	0.0	88.0	52.0	0.0	72.0
88.0	0.0	0.0	9.0	81.0	25.0	0.0	44.0	87.0	6.0	30.0	80.0	0.0	0.0	0.0	66.0	27.0	0.0	0.0	23.0	0.0	8.0	0.0	32.0	0.0	44.0	0.0	13.0	6.0	0.0	0.0	0.0	0.0	0.0	0.0	0.0	8.0	1.0	0.0	0.0	54.0	0.0	0.0	0.0	34.0	0.0	0.0	0.0	0.0	0.0	0.0	0.0	0.0	0.0	54.0	81.0	5.0	0.0	0.0	0.0	0.0	32.0	0.0	0.0	0.0	0.0	0.0	0.0	48.0	0.0	0.0	7.0	0.0	0.0	69.0	20.0	0.0	44.0	0.0	0.0	58.0	77.0	0.0	74.0	87.0	73.0	0.0	40.0	31.0	0.0	83.0	0.0	0.0	85.0	0.0	0.0	0.0	12.0	0.0	65.0	62.0	93.0	28.0	89.0	0.0	25.0	3.0	0.0	0.0	59.0	0.0	0.0	0.0	50.0	21.0	0.0	0.0	78.0	82.0	66.0	0.0	0.0	0.0	0.0	0.0	15.0	0.0	90.0	19.0	0.0	19.0	0.0	0.0	31.0	0.0	0.0	0.0	0.0	81.0	14.0	34.0	0.0	71.0	26.0	0.0	71.0	0.0	2.0	98.0	0.0	0.0	0.0	97.0	0.0	0.0	0.0	0.0	72.0	45.0	0.0	72.0	81.0	77.0	13.0	0.0	36.0	0.0	44.0	55.0	0.0	0.0	0.0	37.0	23.0	93.0	45.0	84.0	0.0	0.0	0.0	0.0	0.0	22.0	15.0	3.0	15.0	9.0	0.0
34.0	0.0	0.0	25.0	0.0	48.0	0.0	0.0	0.0	0.0	0.0	51.0	0.0	0.0	0.0	60.0	0.0	44.0	0.0	86.0	43.0	0.0	0.0	24.0	15.0	0.0	25.0	70.0	0.0	0.0	0.0	23.0	6.0	0.0	74.0	7.0	0.0	0.0	71.0	87.0	0.0	70.0	57.0	0.0	0.0	81.0	71.0	46.0	17.0	0.0	0.0	0.0	41.0	77.0	0.0	18.0	0.0	56.0	0.0	52.0	0.0	0.0	0.0	6.0	0.0	79.0	0.0	0.0	53.0	0.0	0.0	31.0	50.0	0.0	84.0	0.0	1.0	39.0	0.0	92.0	30.0	90.0	3.0	0.0	0.0	48.0	98.0	85.0	0.0	63.0	0.0	71.0	0.0	0.0	0.0	7.0	58.0	48.0	50.0	0.0	79.0	10.0	0.0	85.0	4.0	57.0	0.0	0.0	68.0	33.0	0.0	49.0	73.0	74.0	27.0	16.0	0.0	34.0	0.0	5.0	0.0	0.0	6.0	0.0	31.0	76.0	0.0	61.0	0.0	40.0	0.0	58.0	0.0	0.0	0.0	44.0	0.0	0.0	63.0	69.0	6.0	0.0	0.0	0.0	0.0	0.0	0.0	22.0	86.0	60.0	9.0	28.0	0.0	0.0	0.0	0.0	0.0	54.0	0.0	11.0	7.0	0.0	0.0	7.0	99.0	0.0	46.0	0.0	0.0	0.0	14.0	11.0	0.0	18.0	29.0	8.0	0.0	3.0	35.0	0.0	21.0	12.0	0.0	0.0	3.0	73.0	29.0
16.0	13.0	0.0	0.0	0.0	0.0	0.0	0.0	87.0	19.0	66.0	37.0	45.0	92.0	0.0	41.0	0.0	94.0	92.0	36.0	21.0	0.0	0.0	0.0	33.0	31.0	1.0	79.0	0.0	56.0	0.0	0.0	0.0	73.0	0.0	0.0	0.0	0.0	57.0	0.0	95.0	44.0	70.0	35.0	52.0	21.0	0.0	36.0	0.0	0.0	95.0	82.0	47.0	0.0	12.0	0.0	39.0	0.0	0.0	16.0	32.0	0.0	7.0	0.0	83.0	73.0	52.0	17.0	0.0	0.0	48.0	31.0	83.0	0.0	0.0	0.0	0.0	76.0	0.0	0.0	54.0	66.0	92.0	0.0	0.0	5.0	0.0	79.0	0.0	0.0	0.0	0.0	19.0	44.0	15.0	0.0	0.0	0.0	9.0	0.0	0.0	15.0	0.0	57.0	59.0	0.0	47.0	0.0	0.0	28.0	0.0	90.0	0.0	0.0	0.0	0.0	0.0	0.0	0.0	68.0	25.0	53.0	0.0	0.0	36.0	0.0	72.0	32.0	45.0	0.0	29.0	52.0	0.0	57.0	100.0	90.0	25.0	0.0	66.0	98.0	0.0	23.0	85.0	85.0	0.0	49.0	38.0	0.0	53.0	0.0	44.0	0.0	7.0	24.0	20.0	0.0	0.0	61.0	0.0	92.0	0.0	59.0	0.0	0.0	0.0	0.0	49.0	68.0	82.0	0.0	0.0	86.0	89.0	0.0	1.0	3.0	0.0	71.0	50.0	21.0	1.0	85.0	0.0	0.0	0.0	23.0
0.0	26.0	64.0	0.0	50.0	27.0	0.0	0.0	80.0	28.0	0.0	20.0	95.0	0.0	0.0	88.0	0.0	0.0	55.0	0.0	70.0	0.0	0.0	0.0	0.0	5.0	0.0	59.0	0.0	88.0	38.0	0.0	54.0	75.0	68.0	53.0	61.0	0.0	37.0	0.0	0.0	54.0	0.0	27.0	19.0	0.0	0.0	26.0	0.0	13.0	0.0	22.0	0.0	84.0	0.0	0.0	1.0	0.0	17.0	65.0	0.0	3.0	0.0	0.0	0.0	35.0	0.0	69.0	0.0	0.0	67.0	0.0	0.0	81.0	0.0	0.0	5.0	31.0	40.0	75.0	0.0	83.0	45.0	69.0	96.0	0.0	0.0	68.0	92.0	0.0	0.0	18.0	91.0	28.0	0.0	0.0	30.0	45.0	95.0	71.0	0.0	63.0	0.0	17.0	0.0	25.0	80.0	0.0	0.0	34.0	56.0	86.0	0.0	75.0	0.0	68.0	0.0	0.0	64.0	0.0	56.0	0.0	0.0	1.0	0.0	0.0	0.0	0.0	0.0	0.0	51.0	0.0	0.0	58.0	37.0	55.0	6.0	0.0	41.0	0.0	64.0	0.0	0.0	67.0	98.0	0.0	0.0	40.0	14.0	0.0	0.0	0.0	56.0	0.0	99.0	72.0	0.0	0.0	74.0	18.0	0.0	32.0	65.0	13.0	0.0	85.0	0.0	100.0	0.0	29.0	0.0	0.0	90.0	39.0	0.0	4.0	27.0	81.0	71.0	0.0	64.0	0.0	0.0	65.0	0.0
75.0	91.0	0.0	28.0	62.0	86.0	91.0	0.0	0.0	3.0	84.0	0.0	27.0	0.0	48.0	0.0	0.0	0.0	83.0	0.0	85.0	0.0	0.0	16.0	0.0	0.0	0.0	71.0	87.0	83.0	17.0	39.0	37.0	0.0	0.0	12.0	0.0	0.0	0.0	0.0	0.0	0.0	0.0	0.0	0.0	80.0	26.0	0.0	83.0	72.0	0.0	0.0	85.0	56.0	18.0	37.0	0.0	41.0	0.0	5.0	0.0	55.0	8.0	88.0	68.0	0.0	75.0	0.0	25.0	0.0	100.0	21.0	0.0	10.0	0.0	0.0	0.0	0.0	0.0	0.0	26.0	51.0	87.0	78.0	22.0	9.0	45.0	0.0	100.0	0.0	0.0	72.0	99.0	71.0	0.0	29.0	1.0	0.0	0.0	0.0	0.0	28.0	0.0	98.0	34.0	44.0	0.0	98.0	0.0	99.0	74.0	0.0	45.0	69.0	0.0	0.0	18.0	0.0	24.0	0.0	25.0	83.0	0.0	0.0	64.0	0.0	0.0	34.0	0.0	99.0	0.0	0.0	84.0	0.0	0.0	47.0	0.0	88.0	44.0	66.0	84.0	17.0	27.0	98.0	0.0	58.0	46.0	0.0	0.0	0.0	0.0	31.0	0.0	13.0	0.0	78.0	95.0	0.0	60.0	0.0	0.0	91.0	85.0	0.0	52.0	58.0	94.0	0.0	49.0	94.0	0.0	0.0	12.0	0.0	31.0	0.0	0.0	0.0	37.0	33.0	88.0	96.0	94.0	0.0
88.0	0.0	93.0	22.0	0.0	0.0	87.0	0.0	89.0	49.0	25.0	0.0	0.0	54.0	9.0	71.0	13.0	0.0	66.0	54.0	85.0	76.0	98.0	30.0	0.0	86.0	16.0	46.0	70.0	0.0	0.0	0.0	0.0	6.0	0.0	27.0	0.0	0.0	0.0	5.0	59.0	0.0	15.0	0.0	18.0	2.0	0.0	17.0	18.0	0.0	18.0	0.0	21.0	0.0	0.0	0.0	66.0	0.0	18.0	0.0	85.0	0.0	0.0	76.0	80.0	40.0	0.0	0.0	0.0	0.0	0.0	0.0	49.0	0.0	55.0	11.0	7.0	48.0	82.0	75.0	48.0	46.0	0.0	0.0	0.0	69.0	0.0	0.0	0.0	0.0	0.0	0.0	11.0	77.0	0.0	0.0	98.0	0.0	72.0	26.0	37.0	0.0	0.0	9.0	0.0	2.0	0.0	17.0	0.0	58.0	15.0	0.0	59.0	0.0	0.0	0.0	0.0	0.0	0.0	0.0	22.0	0.0	40.0	0.0	66.0	50.0	60.0	0.0	0.0	0.0	99.0	0.0	0.0	0.0	0.0	0.0	41.0	44.0	0.0	10.0	17.0	8.0	0.0	0.0	0.0	86.0	77.0	40.0	0.0	0.0	0.0	85.0	47.0	0.0	70.0	0.0	19.0	0.0	99.0	0.0	0.0	19.0	0.0	54.0	33.0	88.0	83.0	0.0	0.0	0.0	42.0	0.0	90.0	83.0	23.0	0.0	0.0	8.0	64.0	58.0	0.0	0.0	0.0
6.0	68.0	0.0	19.0	0.0	75.0	39.0	0.0	0.0	96.0	0.0	87.0	0.0	0.0	38.0	12.0	58.0	52.0	0.0	0.0	0.0	46.0	74.0	45.0	0.0	0.0	0.0	98.0	64.0	0.0	66.0	0.0	0.0	0.0	0.0	69.0	0.0	0.0	85.0	47.0	0.0	0.0	0.0	43.0	59.0	72.0	98.0	76.0	0.0	46.0	0.0	77.0	0.0	12.0	98.0	63.0	0.0	38.0	0.0	0.0	47.0	0.0	1.0	92.0	57.0	0.0	0.0	0.0	5.0	53.0	10.0	17.0	0.0	0.0	0.0	35.0	0.0	0.0	46.0	84.0	96.0	0.0	0.0	0.0	36.0	8.0	60.0	70.0	77.0	0.0	20.0	0.0	70.0	0.0	0.0	0.0	25.0	0.0	6.0	96.0	99.0	0.0	61.0	38.0	72.0	98.0	58.0	56.0	45.0	0.0	16.0	0.0	0.0	0.0	0.0	0.0	0.0	0.0	0.0	81.0	0.0	0.0	77.0	63.0	0.0	1.0	0.0	0.0	22.0	0.0	0.0	0.0	0.0	0.0	76.0	42.0	0.0	0.0	0.0	95.0	22.0	0.0	0.0	0.0	76.0	0.0	41.0	0.0	0.0	0.0	19.0	67.0	0.0	0.0	0.0	0.0	0.0	0.0	0.0	41.0	0.0	0.0	39.0	63.0	83.0	55.0	5.0	78.0	0.0	0.0	14.0	85.0	57.0	56.0	0.0	0.0	82.0	41.0	79.0	0.0	97.0	0.0
0.0	0.0	5.0	0.0	20.0	0.0	83.0	0.0	93.0	13.0	0.0	91.0	0.0	21.0	0.0	0.0	8.0	0.0	0.0	27.0	30.0	75.0	1.0	0.0	0.0	0.0	57.0	0.0	82.0	0.0	100.0	0.0	13.0	39.0	58.0	0.0	0.0	0.0	0.0	0.0	0.0	41.0	77.0	19.0	0.0	0.0	70.0	58.0	0.0	0.0	30.0	16.0	13.0	25.0	0.0	38.0	4.0	21.0	0.0	0.0	35.0	17.0	49.0	0.0	11.0	0.0	0.0	0.0	0.0	22.0	0.0	26.0	0.0	62.0	0.0	70.0	83.0	72.0	100.0	0.0	0.0	64.0	0.0	0.0	0.0	0.0	41.0	40.0	94.0	0.0	0.0	0.0	0.0	12.0	16.0	79.0	0.0	0.0	47.0	75.0	0.0	97.0	73.0	0.0	0.0	10.0	83.0	0.0	88.0	58.0	0.0	79.0	56.0	0.0	52.0	10.0	38.0	0.0	31.0	87.0	3.0	0.0	0.0	74.0	17.0	0.0	19.0	78.0	0.0	0.0	0.0	13.0	47.0	2.0	0.0	68.0	0.0	82.0	0.0	48.0	0.0	0.0	0.0	0.0	29.0	5.0	0.0	3.0	69.0	0.0	86.0	0.0	58.0	28.0	0.0	52.0	80.0	34.0	0.0	0.0	72.0	14.0	0.0	93.0	0.0	64.0	59.0	0.0	91.0	32.0	0.0	0.0	0.0	0.0	0.0	0.0	46.0	0.0	0.0	56.0	0.0
0.0	5.0	0.0	21.0	90.0	0.0	17.0	0.0	0.0	2.0	0.0	100.0	0.0	2.0	23.0	12.0	0.0	59.0	0.0	0.0	0.0	43.0	0.0	42.0	0.0	18.0	74.0	61.0	0.0	0.0	35.0	38.0	50.0	0.0	0.0	0.0	0.0	12.0	91.0	82.0	0.0	4.0	0.0	71.0	42.0	72.0	74.0	36.0	37.0	0.0	24.0	25.0	0.0	0.0	0.0	43.0	0.0	13.0	0.0	0.0	76.0	89.0	0.0	0.0	41.0	0.0	5.0	27.0	39.0	19.0	0.0	95.0	0.0	0.0	98.0	0.0	34.0	2.0	97.0	0.0	0.0	0.0	19.0	51.0	97.0	60.0	98.0	5.0	91.0	82.0	45.0	76.0	0.0	0.0	0.0	77.0	0.0	32.0	39.0	0.0	0.0	0.0	0.0	7.0	0.0	0.0	0.0	0.0	0.0	0.0	74.0	0.0	0.0	85.0	21.0	0.0	52.0	0.0	1.0	0.0	28.0	47.0	83.0	70.0	83.0	0.0	19.0	0.0	83.0	0.0	22.0	45.0	93.0	57.0	0.0	76.0	11.0	0.0	0.0	28.0	0.0	73.0	75.0	0.0	0.0	0.0	15.0	97.0	0.0	20.0	0.0	0.0	73.0	0.0	0.0	0.0	63.0	37.0	0.0	69.0	33.0	1.0	0.0	0.0	93.0	27.0	0.0	64.0	0.0	40.0	32.0	4.0	0.0	0.0	73.0	0.0	24.0	0.0	0.0	27.0
54.0	0.0	45.0	97.0	0.0	36.0	25.0	0.0	87.0	5.0	13.0	0.0	89.0	0.0	91.0	38.0	0.0	0.0	0.0	75.0	0.0	98.0	41.0	1.0	88.0	0.0	0.0	0.0	0.0	0.0	63.0	67.0	0.0	80.0	61.0	71.0	20.0	6.0	13.0	39.0	6.0	14.0	71.0	24.0	0.0	0.0	92.0	18.0	0.0	92.0	0.0	0.0	80.0	2.0	0.0	0.0	45.0	86.0	0.0	0.0	69.0	4.0	3.0	61.0	0.0	24.0	18.0	25.0	0.0	64.0	0.0	0.0	23.0	0.0	75.0	51.0	1.0	43.0	61.0	0.0	0.0	73.0	16.0	92.0	10.0	54.0	0.0	40.0	71.0	0.0	0.0	0.0	0.0	0.0	99.0	0.0	67.0	0.0	0.0	50.0	0.0	44.0	78.0	91.0	0.0	0.0	0.0	50.0	85.0	87.0	40.0	88.0	0.0	0.0	48.0	79.0	43.0	0.0	40.0	47.0	47.0	69.0	0.0	39.0	85.0	58.0	0.0	98.0	86.0	12.0	10.0	10.0	14.0	0.0	0.0	0.0	0.0	0.0	0.0	77.0	25.0	0.0	0.0	68.0	0.0	0.0	36.0	0.0	48.0	77.0	0.0	0.0	65.0	0.0	18.0	0.0	24.0	5.0	22.0	33.0	9.0	20.0	39.0	70.0	0.0	0.0	0.0	68.0	50.0	0.0	0.0	0.0	61.0	0.0	0.0	47.0	44.0	23.0	0.0
94.0	0.0	0.0	0.0	0.0	27.0	0.0	39.0	87.0	0.0	0.0	29.0	23.0	0.0	0.0	0.0	0.0	0.0	14.0	40.0	0.0	45.0	0.0	88.0	65.0	0.0	7.0	28.0	0.0	31.0	53.0	0.0	81.0	39.0	0.0	74.0	16.0	0.0	0.0	81.0	0.0	12.0	0.0	0.0	52.0	0.0	9.0	0.0	0.0	0.0	13.0	0.0	68.0	68.0	0.0	0.0	100.0	0.0	0.0	49.0	0.0	15.0	0.0	50.0	92.0	43.0	70.0	77.0	85.0	81.0	55.0	0.0	0.0	0.0	5.0	61.0	94.0	0.0	4.0	100.0	98.0	57.0	31.0	0.0	31.0	94.0	8.0	67.0	0.0	84.0	0.0	0.0	32.0	0.0	62.0	10.0	0.0	5.0	0.0	0.0	84.0	0.0	0.0	0.0	82.0	0.0	0.0	16.0	1.0	1.0	0.0	58.0	0.0	0.0	0.0	44.0	74.0	0.0	0.0	79.0	0.0	52.0	0.0	100.0	27.0	0.0	40.0	0.0	0.0	93.0	0.0	0.0	0.0	0.0	0.0	0.0	0.0	0.0	74.0	0.0	1.0	0.0	74.0	0.0	0.0	26.0	0.0	0.0	0.0	7.0	0.0	76.0	52.0	0.0	0.0	0.0	0.0	17.0	0.0	0.0	0.0	0.0	0.0	74.0	6.0	0.0	0.0	0.0	0.0	0.0	31.0	0.0	0.0	21.0	57.0	0.0	0.0	0.0
0.0	0.0	67.0	18.0	0.0	89.0	0.0	24.0	0.0	0.0	0.0	0.0	0.0	0.0	60.0	0.0	0.0	0.0	0.0	0.0	0.0	0.0	54.0	0.0	12.0	53.0	0.0	61.0	0.0	0.0	0.0	73.0	0.0	0.0	26.0	0.0	43.0	20.0	33.0	0.0	42.0	0.0	73.0	86.0	0.0	0.0	26.0	73.0	0.0	0.0	0.0	0.0	0.0	0.0	27.0	12.0	0.0	3.0	0.0	0.0	97.0	5.0	0.0	0.0	88.0	0.0	31.0	31.0	0.0	0.0	0.0	0.0	29.0	12.0	68.0	35.0	67.0	19.0	0.0	0.0	55.0	0.0	0.0	0.0	0.0	0.0	0.0	0.0	0.0	0.0	0.0	0.0	0.0	0.0	0.0	0.0	0.0	59.0	0.0	0.0	0.0	87.0	67.0	0.0	0.0	10.0	0.0	0.0	27.0	0.0	0.0	23.0	98.0	0.0	0.0	45.0	36.0	69.0	91.0	15.0	9.0	13.0	0.0	74.0	99.0	0.0	45.0	13.0	0.0	94.0	80.0	6.0	97.0	0.0	0.0	0.0	0.0	0.0	21.0	10.0	12.0	0.0	56.0	0.0	46.0	18.0	93.0	75.0	0.0	52.0	0.0	18.0	0.0	7.0	72.0	87.0	49.0	28.0	14.0	68.0	0.0	0.0	0.0	0.0	0.0	0.0	0.0	89.0	0.0	95.0	95.0	0.0	67.0	0.0	0.0	0.0	9.0
0.0	0.0	0.0	0.0	0.0	49.0	0.0	0.0	4.0	99.0	0.0	13.0	48.0	0.0	0.0	0.0	34.0	76.0	26.0	3.0	67.0	0.0	87.0	0.0	15.0	0.0	0.0	0.0	0.0	83.0	44.0	24.0	36.0	0.0	0.0	0.0	0.0	22.0	0.0	26.0	0.0	66.0	0.0	0.0	0.0	0.0	0.0	8.0	2.0	74.0	0.0	0.0	0.0	81.0	0.0	29.0	0.0	91.0	0.0	0.0	34.0	0.0	50.0	18.0	12.0	0.0	5.0	38.0	66.0	10.0	4.0	0.0	33.0	29.0	0.0	0.0	64.0	100.0	50.0	67.0	0.0	80.0	0.0	0.0	84.0	11.0	0.0	35.0	0.0	80.0	88.0	12.0	0.0	0.0	11.0	0.0	0.0	0.0	22.0	0.0	0.0	23.0	0.0	0.0	88.0	0.0	45.0	88.0	0.0	0.0	0.0	0.0	57.0	0.0	0.0	0.0	9.0	25.0	41.0	0.0	8.0	0.0	4.0	4.0	0.0	93.0	62.0	0.0	14.0	47.0	53.0	0.0	61.0	0.0	17.0	45.0	82.0	83.0	0.0	69.0	0.0	83.0	78.0	0.0	0.0	0.0	0.0	13.0	0.0	0.0	0.0	55.0	92.0	0.0	76.0	0.0	22.0	36.0	19.0	83.0	48.0	58.0	85.0	0.0	0.0	0.0	70.0	0.0	94.0	76.0	0.0	95.0	0.0	0.0	77.0	0.0
71.0	0.0	50.0	0.0	0.0	0.0	0.0	75.0	41.0	50.0	71.0	0.0	27.0	100.0	0.0	0.0	0.0	18.0	0.0	0.0	0.0	0.0	0.0	58.0	94.0	27.0	73.0	35.0	0.0	83.0	27.0	3.0	0.0	0.0	14.0	0.0	68.0	0.0	0.0	72.0	89.0	0.0	0.0	74.0	0.0	88.0	21.0	47.0	0.0	0.0	24.0	75.0	0.0	51.0	64.0	0.0	0.0	0.0	13.0	0.0	8.0	0.0	74.0	0.0	34.0	67.0	0.0	55.0	0.0	0.0	50.0	0.0	56.0	0.0	0.0	19.0	0.0	0.0	0.0	41.0	0.0	2.0	0.0	0.0	0.0	38.0	0.0	11.0	21.0	0.0	35.0	21.0	0.0	0.0	0.0	0.0	0.0	40.0	61.0	90.0	19.0	0.0	80.0	23.0	0.0	0.0	29.0	0.0	0.0	0.0	93.0	77.0	52.0	0.0	94.0	0.0	49.0	0.0	71.0	91.0	0.0	37.0	0.0	0.0	78.0	42.0	0.0	74.0	2.0	0.0	10.0	58.0	20.0	0.0	0.0	0.0	0.0	18.0	74.0	95.0	0.0	20.0	0.0	0.0	0.0	66.0	84.0	0.0	0.0	0.0	9.0	11.0	0.0	70.0	2.0	59.0	0.0	47.0	53.0	78.0	0.0	65.0	0.0	0.0	0.0	68.0	0.0	0.0	0.0	0.0	77.0	13.0	0.0	13.0	15.0
40.0	0.0	0.0	73.0	0.0	50.0	0.0	0.0	0.0	9.0	0.0	0.0	0.0	0.0	0.0	0.0	39.0	100.0	0.0	93.0	0.0	0.0	0.0	0.0	0.0	0.0	0.0	17.0	0.0	66.0	0.0	60.0	19.0	1.0	73.0	0.0	0.0	6.0	32.0	4.0	87.0	0.0	0.0	71.0	8.0	0.0	0.0	76.0	0.0	58.0	0.0	0.0	0.0	26.0	16.0	0.0	0.0	0.0	0.0	96.0	36.0	0.0	89.0	77.0	0.0	0.0	51.0	0.0	0.0	0.0	0.0	0.0	44.0	30.0	7.0	0.0	33.0	0.0	94.0	0.0	0.0	97.0	0.0	90.0	21.0	72.0	0.0	0.0	0.0	0.0	34.0	69.0	15.0	80.0	0.0	86.0	0.0	0.0	14.0	0.0	5.0	56.0	67.0	0.0	0.0	81.0	95.0	0.0	0.0	0.0	91.0	0.0	100.0	83.0	13.0	45.0	77.0	57.0	11.0	90.0	41.0	0.0	0.0	8.0	0.0	76.0	0.0	0.0	17.0	0.0	53.0	0.0	62.0	0.0	46.0	94.0	0.0	54.0	0.0	0.0	15.0	0.0	0.0	0.0	27.0	15.0	82.0	0.0	11.0	0.0	9.0	2.0	0.0	0.0	0.0	100.0	25.0	16.0	0.0	6.0	41.0	47.0	0.0	0.0	0.0	62.0	0.0	0.0	0.0	0.0	85.0	2.0	0.0	93.0
0.0	16.0	0.0	0.0	2.0	93.0	0.0	74.0	0.0	62.0	0.0	0.0	46.0	0.0	0.0	0.0	0.0	23.0	0.0	31.0	16.0	12.0	0.0	0.0	60.0	58.0	53.0	26.0	0.0	86.0	0.0	0.0	86.0	0.0	0.0	97.0	0.0	0.0	0.0	91.0	46.0	12.0	0.0	12.0	0.0	0.0	0.0	90.0	96.0	0.0	14.0	11.0	0.0	0.0	98.0	40.0	26.0	36.0	73.0	96.0	50.0	0.0	37.0	0.0	0.0	98.0	0.0	95.0	0.0	0.0	74.0	0.0	46.0	25.0	72.0	2.0	0.0	0.0	22.0	24.0	0.0	97.0	37.0	41.0	0.0	0.0	26.0	63.0	0.0	0.0	0.0	60.0	96.0	44.0	0.0	46.0	0.0	84.0	0.0	0.0	7.0	0.0	37.0	8.0	66.0	94.0	0.0	58.0	0.0	0.0	79.0	2.0	0.0	35.0	0.0	44.0	0.0	0.0	88.0	0.0	0.0	67.0	25.0	5.0	55.0	91.0	33.0	2.0	40.0	0.0	0.0	99.0	0.0	61.0	89.0	0.0	0.0	0.0	11.0	0.0	55.0	19.0	61.0	0.0	0.0	21.0	66.0	0.0	50.0	0.0	0.0	52.0	0.0	0.0	83.0	0.0	96.0	0.0	0.0	7.0	0.0	0.0	94.0	0.0	85.0	0.0	0.0	0.0	22.0	23.0	0.0	15.0	63.0
0.0	0.0	99.0	1.0	0.0	0.0	0.0	84.0	39.0	0.0	0.0	0.0	90.0	0.0	92.0	18.0	0.0	0.0	0.0	0.0	0.0	0.0	17.0	0.0	90.0	0.0	0.0	0.0	89.0	46.0	94.0	65.0	95.0	72.0	9.0	91.0	57.0	87.0	0.0	0.0	47.0	22.0	46.0	65.0	0.0	100.0	23.0	0.0	52.0	0.0	5.0	21.0	5.0	26.0	40.0	8.0	0.0	63.0	0.0	15.0	52.0	69.0	0.0	84.0	50.0	50.0	0.0	0.0	16.0	47.0	65.0	0.0	0.0	9.0	55.0	87.0	38.0	100.0	0.0	0.0	0.0	0.0	93.0	51.0	91.0	0.0	36.0	22.0	0.0	0.0	0.0	31.0	0.0	0.0	0.0	18.0	89.0	58.0	0.0	100.0	0.0	0.0	11.0	36.0	28.0	25.0	0.0	64.0	0.0	0.0	0.0	0.0	0.0	82.0	98.0	6.0	16.0	0.0	86.0	71.0	60.0	85.0	43.0	21.0	4.0	0.0	56.0	87.0	0.0	0.0	0.0	4.0	4.0	11.0	25.0	9.0	98.0	53.0	36.0	41.0	20.0	57.0	60.0	0.0	0.0	37.0	51.0	0.0	0.0	0.0	0.0	0.0	0.0	1.0	0.0	52.0	0.0	0.0	15.0	0.0	0.0	0.0	0.0	0.0	0.0	0.0	41.0	43.0	47.0	0.0	4.0	0.0
0.0	0.0	9.0	0.0	24.0	0.0	44.0	0.0	1.0	3.0	79.0	31.0	37.0	22.0	26.0	0.0	0.0	0.0	82.0	2.0	56.0	98.0	100.0	0.0	26.0	93.0	21.0	0.0	0.0	0.0	71.0	37.0	1.0	0.0	0.0	0.0	0.0	1.0	58.0	0.0	0.0	20.0	0.0	96.0	88.0	0.0	69.0	7.0	0.0	89.0	10.0	50.0	0.0	63.0	0.0	16.0	0.0	0.0	0.0	0.0	16.0	0.0	0.0	0.0	84.0	0.0	67.0	7.0	10.0	30.0	0.0	87.0	37.0	71.0	39.0	0.0	41.0	30.0	80.0	70.0	0.0	32.0	0.0	0.0	0.0	0.0	0.0	0.0	85.0	0.0	77.0	3.0	0.0	0.0	12.0	62.0	52.0	45.0	82.0	28.0	0.0	0.0	3.0	0.0	59.0	57.0	41.0	0.0	0.0	0.0	38.0	0.0	0.0	0.0	0.0	0.0	0.0	0.0	0.0	28.0	0.0	0.0	0.0	54.0	0.0	12.0	81.0	35.0	0.0	0.0	0.0	0.0	0.0	0.0	0.0	22.0	19.0	0.0	0.0	0.0	0.0	0.0	0.0	23.0	0.0	0.0	0.0	67.0	7.0	0.0	0.0	0.0	0.0	0.0	0.0	55.0	57.0	0.0	1.0	84.0	60.0	0.0	50.0	72.0	9.0	64.0	72.0	76.0	0.0	79.0	0.0
0.0	0.0	34.0	0.0	0.0	39.0	81.0	91.0	97.0	0.0	0.0	0.0	22.0	0.0	55.0	0.0	0.0	20.0	0.0	49.0	0.0	0.0	0.0	78.0	0.0	0.0	85.0	35.0	0.0	63.0	100.0	16.0	0.0	28.0	36.0	61.0	12.0	68.0	0.0	0.0	49.0	0.0	0.0	12.0	0.0	0.0	0.0	88.0	0.0	0.0	62.0	39.0	2.0	93.0	75.0	48.0	0.0	0.0	0.0	0.0	90.0	0.0	43.0	0.0	89.0	42.0	90.0	85.0	0.0	0.0	0.0	0.0	0.0	23.0	0.0	57.0	28.0	0.0	0.0	38.0	0.0	66.0	0.0	4.0	38.0	0.0	0.0	51.0	0.0	90.0	39.0	0.0	0.0	69.0	44.0	0.0	0.0	0.0	75.0	39.0	99.0	0.0	34.0	23.0	76.0	53.0	0.0	11.0	66.0	0.0	74.0	49.0	0.0	0.0	0.0	9.0	49.0	37.0	88.0	0.0	8.0	0.0	0.0	77.0	0.0	0.0	37.0	0.0	6.0	23.0	67.0	0.0	10.0	65.0	89.0	84.0	0.0	16.0	82.0	4.0	0.0	76.0	0.0	95.0	69.0	0.0	28.0	53.0	21.0	0.0	22.0	48.0	30.0	95.0	62.0	33.0	11.0	0.0	96.0	0.0	0.0	33.0	0.0	14.0	0.0	24.0	0.0	0.0	0.0	44.0
0.0	52.0	0.0	43.0	27.0	14.0	0.0	46.0	95.0	0.0	0.0	0.0	17.0	0.0	0.0	0.0	68.0	6.0	16.0	99.0	0.0	0.0	4.0	9.0	0.0	0.0	24.0	80.0	79.0	0.0	0.0	89.0	13.0	84.0	0.0	50.0	69.0	6.0	0.0	52.0	93.0	95.0	57.0	0.0	0.0	49.0	0.0	94.0	0.0	74.0	0.0	57.0	82.0	0.0	15.0	0.0	60.0	3.0	0.0	0.0	0.0	0.0	30.0	0.0	11.0	72.0	76.0	0.0	55.0	1.0	0.0	0.0	0.0	0.0	0.0	31.0	0.0	29.0	0.0	11.0	20.0	66.0	58.0	38.0	68.0	72.0	0.0	0.0	83.0	0.0	89.0	81.0	0.0	0.0	10.0	13.0	0.0	87.0	0.0	0.0	0.0	71.0	61.0	0.0	0.0	0.0	0.0	3.0	19.0	77.0	6.0	0.0	0.0	56.0	61.0	1.0	56.0	84.0	45.0	0.0	42.0	50.0	0.0	0.0	0.0	0.0	0.0	18.0	0.0	0.0	0.0	12.0	0.0	0.0	93.0	0.0	0.0	49.0	46.0	10.0	15.0	25.0	97.0	8.0	0.0	0.0	25.0	0.0	0.0	0.0	0.0	0.0	0.0	23.0	99.0	0.0	8.0	0.0	75.0	0.0	0.0	0.0	60.0	0.0	15.0	90.0	0.0	0.0	0.0
27.0	0.0	53.0	0.0	0.0	21.0	99.0	0.0	47.0	26.0	7.0	0.0	0.0	7.0	0.0	39.0	79.0	0.0	27.0	0.0	72.0	18.0	0.0	0.0	0.0	32.0	51.0	27.0	0.0	0.0	46.0	75.0	0.0	3.0	0.0	0.0	65.0	0.0	0.0	46.0	62.0	0.0	81.0	23.0	0.0	0.0	25.0	32.0	0.0	2.0	69.0	0.0	0.0	73.0	0.0	0.0	0.0	26.0	0.0	0.0	0.0	0.0	0.0	0.0	27.0	52.0	33.0	0.0	0.0	40.0	0.0	2.0	15.0	0.0	0.0	81.0	0.0	22.0	77.0	0.0	0.0	24.0	0.0	0.0	66.0	0.0	24.0	40.0	0.0	0.0	38.0	99.0	70.0	8.0	0.0	25.0	0.0	0.0	0.0	98.0	9.0	6.0	0.0	95.0	0.0	52.0	10.0	21.0	58.0	0.0	0.0	0.0	74.0	0.0	77.0	0.0	64.0	100.0	0.0	36.0	0.0	0.0	71.0	6.0	55.0	25.0	55.0	13.0	99.0	19.0	0.0	55.0	86.0	0.0	54.0	0.0	93.0	96.0	0.0	66.0	97.0	82.0	0.0	73.0	0.0	0.0	51.0	0.0	0.0	87.0	0.0	75.0	0.0	90.0	46.0	87.0	0.0	14.0	0.0	0.0	0.0	84.0	0.0	0.0	0.0	0.0	0.0	3.0
0.0	0.0	0.0	10.0	0.0	0.0	0.0	94.0	0.0	27.0	46.0	28.0	37.0	0.0	0.0	0.0	0.0	0.0	0.0	0.0	0.0	0.0	86.0	0.0	79.0	0.0	50.0	52.0	0.0	0.0	13.0	11.0	0.0	0.0	12.0	76.0	55.0	58.0	0.0	63.0	34.0	0.0	0.0	0.0	5.0	0.0	59.0	0.0	36.0	0.0	0.0	99.0	20.0	2.0	0.0	0.0	0.0	0.0	0.0	0.0	0.0	0.0	59.0	0.0	78.0	0.0	88.0	66.0	0.0	50.0	19.0	67.0	37.0	24.0	69.0	6.0	85.0	30.0	39.0	0.0	18.0	0.0	0.0	0.0	40.0	0.0	81.0	0.0	0.0	85.0	74.0	0.0	5.0	50.0	13.0	0.0	0.0	54.0	86.0	0.0	18.0	0.0	87.0	88.0	77.0	0.0	0.0	0.0	0.0	0.0	51.0	0.0	0.0	99.0	0.0	63.0	23.0	94.0	0.0	39.0	86.0	46.0	0.0	0.0	0.0	0.0	32.0	41.0	95.0	0.0	53.0	30.0	15.0	0.0	44.0	49.0	0.0	0.0	0.0	65.0	50.0	19.0	0.0	0.0	25.0	23.0	71.0	0.0	0.0	0.0	31.0	38.0	0.0	91.0	0.0	36.0	0.0	23.0	0.0	0.0	0.0	52.0	0.0	67.0	0.0	87.0	31.0
0.0	0.0	0.0	0.0	0.0	0.0	0.0	2.0	0.0	6.0	0.0	0.0	0.0	0.0	0.0	0.0	12.0	26.0	0.0	0.0	16.0	0.0	73.0	0.0	49.0	84.0	43.0	0.0	84.0	0.0	0.0	0.0	61.0	0.0	0.0	0.0	46.0	25.0	18.0	53.0	65.0	38.0	0.0	0.0	70.0	94.0	0.0	92.0	71.0	42.0	26.0	12.0	44.0	0.0	100.0	2.0	85.0	0.0	0.0	0.0	79.0	32.0	48.0	34.0	43.0	0.0	6.0	0.0	26.0	96.0	94.0	75.0	0.0	53.0	0.0	5.0	61.0	0.0	0.0	0.0	10.0	0.0	4.0	69.0	63.0	0.0	24.0	7.0	17.0	21.0	0.0	0.0	97.0	21.0	91.0	0.0	0.0	0.0	20.0	82.0	0.0	0.0	100.0	50.0	0.0	5.0	85.0	66.0	0.0	24.0	0.0	0.0	24.0	9.0	0.0	0.0	78.0	0.0	0.0	0.0	0.0	0.0	37.0	0.0	40.0	4.0	14.0	0.0	43.0	0.0	0.0	0.0	38.0	0.0	0.0	14.0	0.0	0.0	0.0	0.0	0.0	0.0	0.0	0.0	0.0	43.0	0.0	89.0	0.0	0.0	71.0	0.0	90.0	0.0	65.0	0.0	0.0	20.0	30.0	74.0	0.0	0.0	92.0	0.0	49.0	23.0
0.0	35.0	94.0	53.0	0.0	50.0	0.0	94.0	0.0	6.0	99.0	59.0	0.0	0.0	0.0	100.0	1.0	35.0	0.0	74.0	0.0	0.0	0.0	0.0	49.0	88.0	56.0	8.0	0.0	53.0	0.0	0.0	64.0	70.0	0.0	0.0	0.0	0.0	29.0	15.0	24.0	0.0	0.0	63.0	70.0	0.0	0.0	54.0	62.0	0.0	0.0	19.0	82.0	0.0	0.0	0.0	40.0	0.0	46.0	60.0	0.0	63.0	3.0	48.0	14.0	0.0	0.0	13.0	90.0	0.0	3.0	0.0	0.0	63.0	0.0	0.0	0.0	0.0	77.0	83.0	15.0	5.0	0.0	85.0	0.0	0.0	0.0	0.0	0.0	46.0	59.0	0.0	0.0	0.0	0.0	16.0	0.0	0.0	0.0	0.0	0.0	0.0	0.0	97.0	0.0	0.0	23.0	0.0	22.0	59.0	99.0	0.0	0.0	57.0	58.0	0.0	0.0	0.0	0.0	33.0	28.0	0.0	19.0	5.0	0.0	82.0	0.0	0.0	97.0	25.0	36.0	0.0	0.0	0.0	0.0	0.0	0.0	0.0	25.0	88.0	0.0	0.0	35.0	0.0	0.0	0.0	0.0	0.0	0.0	0.0	0.0	52.0	81.0	37.0	0.0	0.0	0.0	53.0	0.0	0.0	0.0	35.0	6.0	74.0	28.0
41.0	42.0	85.0	0.0	73.0	0.0	0.0	0.0	21.0	75.0	99.0	0.0	79.0	0.0	74.0	44.0	0.0	0.0	0.0	87.0	77.0	0.0	0.0	74.0	94.0	29.0	89.0	0.0	0.0	27.0	31.0	11.0	63.0	0.0	33.0	0.0	18.0	0.0	0.0	0.0	95.0	0.0	0.0	0.0	0.0	0.0	0.0	90.0	0.0	75.0	0.0	0.0	0.0	27.0	43.0	66.0	85.0	0.0	40.0	0.0	0.0	33.0	86.0	0.0	52.0	79.0	0.0	86.0	15.0	0.0	80.0	43.0	0.0	0.0	0.0	13.0	0.0	0.0	27.0	0.0	35.0	37.0	4.0	36.0	87.0	0.0	43.0	0.0	0.0	0.0	0.0	0.0	30.0	19.0	96.0	0.0	0.0	41.0	0.0	5.0	33.0	0.0	0.0	0.0	24.0	30.0	0.0	0.0	61.0	62.0	0.0	70.0	98.0	0.0	56.0	45.0	0.0	44.0	49.0	58.0	0.0	0.0	44.0	3.0	68.0	0.0	0.0	0.0	0.0	70.0	0.0	87.0	64.0	63.0	62.0	15.0	0.0	0.0	0.0	0.0	0.0	0.0	0.0	0.0	0.0	19.0	81.0	0.0	0.0	0.0	0.0	0.0	17.0	21.0	0.0	15.0	20.0	91.0	0.0	0.0	0.0	0.0	14.0	91.0
0.0	7.0	0.0	80.0	42.0	0.0	0.0	0.0	0.0	61.0	26.0	89.0	0.0	33.0	0.0	57.0	0.0	70.0	67.0	0.0	51.0	45.0	0.0	0.0	59.0	20.0	0.0	0.0	50.0	0.0	0.0	19.0	85.0	0.0	0.0	55.0	0.0	98.0	99.0	0.0	0.0	0.0	0.0	0.0	0.0	72.0	89.0	0.0	0.0	18.0	0.0	24.0	100.0	0.0	0.0	0.0	0.0	48.0	29.0	3.0	0.0	86.0	0.0	0.0	0.0	0.0	66.0	0.0	97.0	61.0	0.0	51.0	0.0	0.0	19.0	0.0	31.0	0.0	0.0	0.0	72.0	0.0	77.0	82.0	0.0	0.0	0.0	6.0	0.0	65.0	64.0	78.0	0.0	0.0	0.0	59.0	0.0	96.0	14.0	73.0	0.0	0.0	32.0	29.0	92.0	14.0	0.0	54.0	0.0	0.0	20.0	0.0	36.0	24.0	0.0	0.0	64.0	25.0	70.0	0.0	0.0	15.0	97.0	0.0	0.0	43.0	0.0	0.0	1.0	19.0	81.0	0.0	0.0	0.0	32.0	0.0	0.0	0.0	60.0	35.0	0.0	14.0	0.0	0.0	17.0	0.0	0.0	0.0	0.0	73.0	0.0	11.0	0.0	46.0	1.0	0.0	0.0	0.0	91.0	1.0	0.0	44.0	0.0
0.0	0.0	0.0	0.0	0.0	51.0	0.0	0.0	47.0	52.0	98.0	0.0	0.0	43.0	0.0	54.0	0.0	22.0	70.0	0.0	19.0	0.0	11.0	0.0	0.0	0.0	0.0	0.0	63.0	28.0	77.0	74.0	44.0	0.0	69.0	10.0	0.0	75.0	10.0	0.0	0.0	27.0	5.0	50.0	55.0	1.0	0.0	79.0	41.0	0.0	0.0	71.0	0.0	0.0	0.0	2.0	0.0	0.0	28.0	51.0	0.0	0.0	6.0	74.0	0.0	0.0	68.0	22.0	0.0	0.0	29.0	80.0	36.0	42.0	45.0	0.0	0.0	0.0	0.0	0.0	0.0	87.0	46.0	0.0	84.0	94.0	0.0	0.0	72.0	0.0	79.0	0.0	93.0	58.0	0.0	27.0	0.0	60.0	0.0	0.0	30.0	0.0	0.0	45.0	26.0	0.0	0.0	0.0	0.0	72.0	0.0	72.0	17.0	0.0	0.0	0.0	87.0	0.0	71.0	45.0	55.0	19.0	97.0	0.0	76.0	2.0	0.0	37.0	22.0	0.0	0.0	58.0	1.0	0.0	0.0	0.0	54.0	0.0	27.0	0.0	37.0	82.0	15.0	47.0	0.0	0.0	57.0	4.0	0.0	73.0	70.0	73.0	56.0	0.0	28.0	25.0	92.0	0.0	70.0	90.0	0.0	0.0
10.0	0.0	21.0	43.0	24.0	0.0	0.0	100.0	0.0	92.0	0.0	0.0	0.0	3.0	81.0	72.0	0.0	0.0	67.0	0.0	0.0	10.0	89.0	30.0	0.0	93.0	0.0	100.0	0.0	21.0	0.0	67.0	39.0	0.0	23.0	5.0	36.0	68.0	65.0	78.0	0.0	0.0	99.0	0.0	94.0	45.0	0.0	11.0	0.0	72.0	12.0	0.0	14.0	0.0	0.0	0.0	30.0	0.0	0.0	0.0	0.0	0.0	20.0	98.0	5.0	76.0	6.0	0.0	0.0	93.0	0.0	81.0	74.0	81.0	44.0	20.0	92.0	13.0	53.0	1.0	45.0	0.0	0.0	0.0	55.0	55.0	0.0	0.0	18.0	0.0	54.0	8.0	22.0	18.0	73.0	6.0	0.0	43.0	0.0	53.0	39.0	82.0	0.0	0.0	50.0	16.0	0.0	75.0	0.0	37.0	18.0	15.0	0.0	41.0	54.0	0.0	0.0	84.0	0.0	0.0	10.0	0.0	74.0	0.0	80.0	45.0	0.0	0.0	22.0	0.0	16.0	0.0	30.0	90.0	64.0	0.0	55.0	0.0	0.0	0.0	0.0	74.0	80.0	1.0	0.0	0.0	2.0	0.0	0.0	51.0	0.0	0.0	20.0	0.0	0.0	0.0	19.0	78.0	0.0	0.0	60.0
0.0	71.0	36.0	0.0	0.0	0.0	0.0	0.0	35.0	30.0	0.0	74.0	56.0	0.0	0.0	58.0	0.0	0.0	0.0	56.0	0.0	0.0	18.0	77.0	87.0	81.0	16.0	0.0	84.0	70.0	0.0	38.0	72.0	96.0	64.0	0.0	12.0	0.0	90.0	56.0	51.0	0.0	0.0	0.0	3.0	0.0	0.0	0.0	26.0	0.0	94.0	0.0	7.0	49.0	0.0	32.0	27.0	0.0	0.0	50.0	0.0	0.0	0.0	100.0	0.0	46.0	64.0	0.0	0.0	0.0	66.0	0.0	26.0	0.0	0.0	0.0	81.0	79.0	0.0	43.0	54.0	95.0	0.0	10.0	0.0	0.0	84.0	52.0	0.0	75.0	0.0	0.0	13.0	48.0	0.0	61.0	56.0	50.0	0.0	0.0	0.0	43.0	45.0	0.0	1.0	0.0	48.0	0.0	76.0	21.0	0.0	4.0	0.0	69.0	89.0	0.0	12.0	0.0	0.0	12.0	71.0	89.0	7.0	0.0	0.0	0.0	0.0	0.0	13.0	19.0	42.0	0.0	0.0	8.0	0.0	0.0	0.0	0.0	52.0	0.0	0.0	34.0	0.0	0.0	0.0	2.0	88.0	0.0	0.0	0.0	0.0	0.0	0.0	0.0	45.0	0.0	0.0	0.0	68.0	95.0
0.0	28.0	75.0	0.0	0.0	76.0	61.0	0.0	0.0	0.0	13.0	0.0	79.0	0.0	94.0	0.0	2.0	17.0	0.0	81.0	0.0	77.0	0.0	0.0	0.0	0.0	0.0	87.0	77.0	0.0	90.0	78.0	18.0	51.0	32.0	5.0	0.0	0.0	3.0	38.0	0.0	0.0	36.0	33.0	0.0	26.0	0.0	0.0	0.0	0.0	78.0	0.0	83.0	51.0	0.0	36.0	0.0	0.0	0.0	28.0	10.0	0.0	77.0	39.0	65.0	31.0	0.0	0.0	0.0	85.0	0.0	0.0	56.0	34.0	87.0	0.0	0.0	56.0	3.0	11.0	75.0	0.0	84.0	0.0	0.0	96.0	0.0	21.0	0.0	0.0	0.0	0.0	0.0	0.0	57.0	0.0	53.0	96.0	94.0	16.0	0.0	0.0	0.0	0.0	73.0	0.0	0.0	31.0	55.0	0.0	37.0	0.0	0.0	17.0	87.0	62.0	0.0	51.0	10.0	55.0	76.0	0.0	2.0	60.0	46.0	0.0	59.0	62.0	0.0	16.0	91.0	92.0	0.0	49.0	0.0	87.0	0.0	14.0	50.0	93.0	0.0	0.0	0.0	81.0	0.0	0.0	0.0	0.0	39.0	0.0	0.0	0.0	7.0	0.0	25.0	67.0	0.0	0.0	16.0
85.0	0.0	5.0	0.0	9.0	0.0	0.0	0.0	0.0	0.0	50.0	50.0	90.0	0.0	10.0	95.0	0.0	44.0	39.0	37.0	60.0	97.0	0.0	96.0	0.0	0.0	40.0	68.0	1.0	0.0	0.0	14.0	73.0	84.0	19.0	0.0	45.0	0.0	58.0	0.0	0.0	0.0	90.0	73.0	0.0	0.0	0.0	0.0	0.0	62.0	87.0	0.0	0.0	0.0	0.0	0.0	0.0	71.0	5.0	0.0	61.0	82.0	0.0	0.0	0.0	0.0	0.0	0.0	0.0	80.0	0.0	0.0	0.0	94.0	4.0	22.0	90.0	48.0	62.0	89.0	0.0	21.0	0.0	0.0	0.0	84.0	94.0	0.0	6.0	0.0	0.0	85.0	0.0	0.0	53.0	0.0	77.0	0.0	56.0	11.0	3.0	0.0	0.0	57.0	0.0	0.0	0.0	0.0	3.0	0.0	46.0	85.0	0.0	0.0	0.0	0.0	0.0	36.0	22.0	0.0	10.0	39.0	100.0	0.0	65.0	23.0	0.0	0.0	0.0	12.0	54.0	0.0	3.0	64.0	69.0	0.0	0.0	55.0	46.0	98.0	0.0	8.0	0.0	0.0	77.0	0.0	0.0	0.0	0.0	0.0	15.0	0.0	61.0	0.0	0.0	100.0	46.0	60.0
0.0	24.0	17.0	0.0	0.0	0.0	0.0	87.0	95.0	0.0	49.0	57.0	24.0	8.0	0.0	79.0	0.0	0.0	0.0	0.0	0.0	0.0	81.0	34.0	0.0	16.0	0.0	56.0	30.0	0.0	0.0	0.0	0.0	0.0	5.0	60.0	0.0	34.0	57.0	0.0	36.0	0.0	56.0	0.0	97.0	0.0	58.0	0.0	0.0	93.0	53.0	17.0	63.0	0.0	0.0	0.0	17.0	6.0	12.0	2.0	0.0	81.0	0.0	0.0	18.0	91.0	0.0	62.0	80.0	28.0	0.0	2.0	30.0	0.0	65.0	17.0	0.0	0.0	0.0	68.0	0.0	80.0	0.0	0.0	0.0	0.0	78.0	0.0	0.0	0.0	50.0	0.0	0.0	0.0	0.0	0.0	0.0	0.0	77.0	34.0	0.0	0.0	0.0	77.0	0.0	0.0	0.0	17.0	44.0	64.0	59.0	0.0	49.0	57.0	0.0	99.0	0.0	0.0	0.0	4.0	62.0	0.0	0.0	18.0	0.0	0.0	0.0	0.0	0.0	0.0	0.0	0.0	4.0	75.0	12.0	73.0	53.0	0.0	0.0	77.0	0.0	94.0	5.0	94.0	0.0	0.0	89.0	0.0	75.0	0.0	0.0	43.0	87.0	0.0	0.0	0.0	99.0
0.0	63.0	4.0	72.0	0.0	22.0	14.0	39.0	0.0	47.0	0.0	0.0	0.0	100.0	38.0	36.0	55.0	28.0	4.0	0.0	0.0	66.0	51.0	53.0	0.0	42.0	0.0	0.0	86.0	35.0	0.0	0.0	16.0	49.0	0.0	0.0	27.0	27.0	41.0	24.0	20.0	57.0	13.0	25.0	0.0	44.0	0.0	0.0	83.0	43.0	0.0	82.0	0.0	35.0	27.0	0.0	55.0	66.0	0.0	80.0	67.0	72.0	90.0	0.0	91.0	0.0	0.0	0.0	0.0	32.0	0.0	30.0	0.0	58.0	30.0	60.0	0.0	85.0	0.0	19.0	0.0	83.0	0.0	52.0	0.0	73.0	0.0	0.0	6.0	0.0	0.0	0.0	0.0	0.0	33.0	31.0	67.0	0.0	26.0	81.0	41.0	19.0	62.0	0.0	0.0	0.0	55.0	0.0	0.0	69.0	0.0	0.0	99.0	0.0	59.0	0.0	0.0	0.0	74.0	44.0	0.0	0.0	0.0	0.0	25.0	0.0	0.0	0.0	91.0	30.0	42.0	0.0	0.0	0.0	87.0	0.0	0.0	46.0	74.0	0.0	0.0	54.0	87.0	0.0	98.0	4.0	0.0	0.0	47.0	74.0	34.0	0.0	0.0	28.0	84.0	100.0
76.0	53.0	0.0	93.0	72.0	0.0	88.0	58.0	0.0	99.0	72.0	58.0	0.0	96.0	0.0	28.0	0.0	24.0	0.0	0.0	60.0	0.0	0.0	22.0	0.0	0.0	0.0	57.0	0.0	23.0	0.0	7.0	69.0	71.0	4.0	0.0	35.0	32.0	86.0	89.0	30.0	79.0	0.0	0.0	79.0	50.0	0.0	53.0	47.0	77.0	0.0	0.0	53.0	0.0	0.0	65.0	79.0	12.0	11.0	0.0	1.0	56.0	53.0	0.0	99.0	82.0	0.0	0.0	64.0	5.0	93.0	16.0	0.0	0.0	78.0	0.0	95.0	0.0	68.0	0.0	0.0	90.0	33.0	0.0	0.0	61.0	36.0	57.0	4.0	75.0	0.0	0.0	52.0	0.0	0.0	0.0	66.0	0.0	80.0	2.0	0.0	96.0	0.0	88.0	75.0	86.0	12.0	0.0	0.0	0.0	38.0	0.0	0.0	0.0	24.0	0.0	16.0	0.0	0.0	85.0	81.0	83.0	0.0	98.0	79.0	18.0	0.0	0.0	61.0	51.0	0.0	37.0	0.0	46.0	78.0	50.0	0.0	0.0	0.0	15.0	0.0	0.0	94.0	0.0	0.0	7.0	40.0	13.0	73.0	0.0	76.0	0.0	0.0	0.0	81.0
0.0	0.0	0.0	0.0	3.0	17.0	0.0	71.0	0.0	0.0	55.0	38.0	97.0	1.0	38.0	0.0	9.0	58.0	0.0	0.0	1.0	86.0	0.0	0.0	0.0	0.0	35.0	0.0	74.0	0.0	0.0	0.0	0.0	0.0	51.0	53.0	0.0	0.0	34.0	0.0	39.0	0.0	58.0	76.0	72.0	32.0	49.0	27.0	47.0	0.0	0.0	0.0	78.0	0.0	3.0	0.0	2.0	59.0	0.0	0.0	94.0	0.0	0.0	17.0	0.0	0.0	96.0	92.0	0.0	32.0	45.0	34.0	0.0	55.0	0.0	38.0	0.0	38.0	0.0	68.0	0.0	0.0	0.0	94.0	76.0	0.0	0.0	0.0	45.0	9.0	0.0	72.0	0.0	52.0	4.0	16.0	3.0	0.0	35.0	25.0	38.0	0.0	0.0	84.0	0.0	2.0	0.0	0.0	0.0	0.0	0.0	4.0	36.0	93.0	36.0	0.0	55.0	0.0	0.0	0.0	0.0	26.0	62.0	80.0	0.0	96.0	20.0	0.0	0.0	45.0	0.0	65.0	0.0	0.0	0.0	0.0	93.0	9.0	83.0	31.0	31.0	77.0	8.0	0.0	73.0	4.0	90.0	91.0	37.0	83.0	0.0	0.0	0.0	79.0
53.0	0.0	0.0	35.0	0.0	65.0	0.0	43.0	62.0	0.0	52.0	3.0	0.0	61.0	0.0	8.0	0.0	0.0	49.0	0.0	0.0	0.0	0.0	86.0	70.0	0.0	0.0	41.0	22.0	0.0	70.0	30.0	26.0	76.0	0.0	57.0	0.0	0.0	65.0	100.0	0.0	0.0	0.0	72.0	0.0	0.0	0.0	60.0	0.0	69.0	0.0	31.0	26.0	0.0	73.0	0.0	0.0	0.0	0.0	0.0	74.0	0.0	69.0	0.0	0.0	64.0	0.0	0.0	0.0	40.0	0.0	72.0	0.0	0.0	0.0	0.0	57.0	15.0	0.0	15.0	0.0	0.0	97.0	80.0	0.0	32.0	24.0	10.0	36.0	0.0	0.0	0.0	62.0	18.0	64.0	87.0	72.0	0.0	0.0	0.0	39.0	0.0	0.0	0.0	85.0	17.0	3.0	0.0	53.0	97.0	0.0	65.0	0.0	44.0	0.0	94.0	0.0	0.0	81.0	0.0	64.0	36.0	91.0	3.0	3.0	85.0	20.0	0.0	88.0	39.0	0.0	34.0	0.0	95.0	0.0	56.0	1.0	0.0	0.0	36.0	0.0	76.0	70.0	7.0	0.0	0.0	75.0	0.0	82.0	56.0	0.0	99.0	0.0
0.0	0.0	49.0	0.0	29.0	0.0	49.0	0.0	4.0	66.0	28.0	0.0	0.0	83.0	0.0	68.0	0.0	94.0	15.0	85.0	0.0	78.0	46.0	70.0	0.0	56.0	32.0	66.0	0.0	73.0	0.0	48.0	83.0	79.0	0.0	72.0	73.0	29.0	72.0	0.0	0.0	0.0	64.0	44.0	31.0	0.0	0.0	0.0	99.0	0.0	0.0	0.0	66.0	65.0	90.0	46.0	0.0	63.0	0.0	0.0	0.0	18.0	0.0	0.0	0.0	35.0	68.0	33.0	0.0	35.0	71.0	0.0	90.0	10.0	100.0	0.0	13.0	13.0	0.0	0.0	35.0	0.0	0.0	0.0	0.0	0.0	0.0	0.0	44.0	0.0	0.0	0.0	0.0	0.0	60.0	0.0	34.0	0.0	94.0	72.0	0.0	0.0	8.0	0.0	0.0	29.0	0.0	80.0	46.0	93.0	11.0	0.0	93.0	0.0	90.0	0.0	64.0	0.0	50.0	0.0	89.0	0.0	18.0	0.0	13.0	0.0	77.0	1.0	5.0	0.0	66.0	25.0	83.0	26.0	0.0	82.0	0.0	98.0	32.0	0.0	0.0	8.0	0.0	0.0	0.0	0.0	67.0	0.0	91.0	0.0	0.0	0.0
0.0	82.0	11.0	60.0	54.0	0.0	50.0	8.0	7.0	0.0	0.0	0.0	0.0	0.0	37.0	90.0	0.0	0.0	42.0	0.0	17.0	24.0	0.0	28.0	0.0	0.0	0.0	6.0	0.0	0.0	52.0	59.0	0.0	0.0	93.0	0.0	0.0	47.0	97.0	21.0	0.0	58.0	2.0	25.0	39.0	0.0	0.0	36.0	0.0	0.0	0.0	0.0	0.0	0.0	0.0	0.0	0.0	0.0	0.0	33.0	0.0	0.0	0.0	33.0	0.0	11.0	0.0	0.0	95.0	0.0	0.0	21.0	2.0	0.0	0.0	27.0	0.0	0.0	15.0	97.0	0.0	0.0	0.0	0.0	0.0	17.0	0.0	51.0	21.0	0.0	1.0	0.0	59.0	0.0	63.0	20.0	91.0	0.0	0.0	68.0	0.0	0.0	0.0	6.0	91.0	0.0	76.0	0.0	60.0	32.0	3.0	29.0	37.0	0.0	85.0	46.0	12.0	0.0	0.0	0.0	0.0	83.0	0.0	96.0	55.0	0.0	0.0	0.0	8.0	0.0	22.0	85.0	0.0	94.0	0.0	95.0	8.0	20.0	0.0	0.0	0.0	0.0	34.0	58.0	0.0	81.0	0.0	0.0	27.0	0.0	0.0
0.0	77.0	0.0	98.0	0.0	0.0	0.0	0.0	0.0	20.0	0.0	0.0	4.0	92.0	38.0	11.0	8.0	17.0	0.0	0.0	0.0	82.0	11.0	0.0	35.0	0.0	54.0	0.0	33.0	0.0	0.0	0.0	0.0	32.0	0.0	0.0	0.0	84.0	66.0	0.0	0.0	0.0	0.0	52.0	29.0	0.0	0.0	0.0	0.0	0.0	0.0	0.0	60.0	0.0	0.0	2.0	78.0	0.0	82.0	0.0	52.0	0.0	0.0	0.0	0.0	62.0	1.0	29.0	6.0	84.0	23.0	20.0	2.0	91.0	0.0	0.0	0.0	84.0	0.0	0.0	44.0	69.0	91.0	0.0	87.0	97.0	48.0	0.0	89.0	0.0	0.0	61.0	3.0	0.0	13.0	0.0	0.0	56.0	0.0	0.0	72.0	0.0	0.0	0.0	100.0	74.0	73.0	0.0	0.0	0.0	53.0	0.0	0.0	85.0	0.0	0.0	0.0	0.0	26.0	62.0	29.0	71.0	0.0	100.0	0.0	41.0	80.0	98.0	0.0	0.0	54.0	0.0	0.0	96.0	0.0	87.0	36.0	79.0	71.0	0.0	61.0	54.0	57.0	25.0	0.0	0.0	87.0	48.0	0.0	70.0
0.0	0.0	96.0	0.0	47.0	0.0	14.0	0.0	0.0	91.0	0.0	34.0	31.0	0.0	18.0	0.0	100.0	6.0	0.0	0.0	65.0	0.0	82.0	54.0	12.0	7.0	47.0	3.0	0.0	74.0	9.0	0.0	89.0	0.0	0.0	4.0	0.0	80.0	0.0	66.0	0.0	15.0	88.0	93.0	85.0	0.0	0.0	0.0	55.0	62.0	71.0	9.0	93.0	0.0	0.0	81.0	0.0	90.0	0.0	0.0	88.0	0.0	52.0	8.0	0.0	0.0	0.0	42.0	0.0	56.0	47.0	70.0	7.0	0.0	0.0	79.0	0.0	0.0	0.0	57.0	72.0	0.0	37.0	0.0	0.0	71.0	0.0	0.0	0.0	63.0	37.0	0.0	42.0	41.0	6.0	0.0	0.0	1.0	0.0	93.0	44.0	0.0	91.0	0.0	8.0	68.0	64.0	0.0	0.0	0.0	0.0	0.0	76.0	0.0	56.0	0.0	0.0	80.0	90.0	20.0	0.0	0.0	0.0	55.0	84.0	89.0	0.0	31.0	0.0	2.0	1.0	11.0	69.0	64.0	13.0	34.0	0.0	0.0	0.0	20.0	69.0	45.0	57.0	0.0	12.0	0.0	0.0	0.0	0.0
32.0	0.0	0.0	0.0	0.0	87.0	46.0	0.0	0.0	66.0	0.0	55.0	34.0	7.0	18.0	0.0	0.0	0.0	0.0	0.0	0.0	53.0	0.0	76.0	0.0	0.0	0.0	0.0	0.0	0.0	50.0	0.0	98.0	53.0	0.0	71.0	0.0	0.0	7.0	0.0	0.0	0.0	0.0	0.0	69.0	0.0	0.0	0.0	52.0	63.0	0.0	56.0	0.0	0.0	50.0	17.0	69.0	57.0	0.0	0.0	39.0	0.0	0.0	97.0	0.0	58.0	30.0	25.0	39.0	16.0	0.0	77.0	56.0	29.0	0.0	0.0	0.0	4.0	0.0	0.0	9.0	94.0	12.0	0.0	0.0	0.0	57.0	0.0	0.0	10.0	90.0	30.0	0.0	16.0	96.0	0.0	19.0	0.0	0.0	95.0	85.0	26.0	57.0	62.0	52.0	21.0	1.0	0.0	22.0	0.0	81.0	0.0	0.0	60.0	0.0	0.0	0.0	0.0	36.0	0.0	0.0	0.0	10.0	0.0	97.0	0.0	0.0	17.0	0.0	0.0	68.0	82.0	0.0	9.0	58.0	18.0	0.0	91.0	31.0	0.0	86.0	22.0	59.0	3.0	0.0	0.0	91.0	97.0
0.0	52.0	0.0	97.0	0.0	4.0	56.0	0.0	81.0	82.0	15.0	79.0	0.0	0.0	40.0	0.0	48.0	0.0	80.0	3.0	0.0	0.0	13.0	55.0	0.0	0.0	0.0	0.0	47.0	67.0	0.0	40.0	0.0	55.0	0.0	0.0	0.0	0.0	54.0	33.0	0.0	0.0	16.0	0.0	0.0	28.0	0.0	33.0	64.0	0.0	79.0	85.0	29.0	88.0	0.0	0.0	0.0	0.0	35.0	0.0	26.0	59.0	0.0	53.0	0.0	9.0	57.0	0.0	24.0	0.0	77.0	97.0	98.0	8.0	0.0	0.0	0.0	50.0	0.0	85.0	0.0	57.0	0.0	81.0	28.0	38.0	41.0	98.0	0.0	0.0	32.0	91.0	13.0	47.0	0.0	10.0	60.0	0.0	93.0	0.0	0.0	40.0	0.0	0.0	0.0	0.0	44.0	28.0	0.0	0.0	0.0	32.0	84.0	84.0	16.0	7.0	88.0	0.0	0.0	29.0	40.0	0.0	0.0	0.0	0.0	0.0	97.0	0.0	66.0	0.0	0.0	9.0	0.0	0.0	0.0	87.0	0.0	0.0	0.0	0.0	0.0	0.0	39.0	24.0	34.0	69.0	47.0
84.0	0.0	2.0	12.0	0.0	66.0	0.0	0.0	0.0	17.0	0.0	81.0	0.0	64.0	16.0	11.0	23.0	0.0	28.0	0.0	96.0	0.0	0.0	0.0	0.0	0.0	0.0	44.0	94.0	0.0	0.0	13.0	93.0	3.0	57.0	0.0	0.0	75.0	0.0	50.0	0.0	65.0	0.0	0.0	99.0	9.0	65.0	0.0	0.0	0.0	0.0	0.0	0.0	57.0	0.0	0.0	0.0	0.0	46.0	39.0	0.0	0.0	51.0	96.0	0.0	0.0	33.0	0.0	76.0	0.0	0.0	63.0	0.0	53.0	0.0	0.0	69.0	0.0	0.0	81.0	0.0	0.0	0.0	10.0	0.0	0.0	0.0	29.0	100.0	24.0	7.0	3.0	28.0	19.0	46.0	0.0	0.0	0.0	0.0	0.0	0.0	0.0	88.0	0.0	0.0	0.0	73.0	0.0	0.0	70.0	15.0	95.0	0.0	13.0	41.0	57.0	90.0	48.0	0.0	37.0	0.0	0.0	0.0	44.0	82.0	0.0	0.0	0.0	2.0	88.0	37.0	80.0	0.0	11.0	0.0	0.0	8.0	0.0	0.0	78.0	41.0	0.0	0.0	0.0	0.0	0.0
58.0	0.0	83.0	0.0	0.0	0.0	41.0	0.0	92.0	0.0	0.0	0.0	0.0	66.0	0.0	75.0	61.0	2.0	7.0	37.0	0.0	0.0	0.0	0.0	0.0	35.0	0.0	4.0	44.0	0.0	0.0	86.0	0.0	66.0	0.0	0.0	0.0	72.0	0.0	75.0	0.0	0.0	0.0	21.0	76.0	0.0	59.0	0.0	0.0	53.0	3.0	0.0	0.0	24.0	70.0	85.0	0.0	0.0	80.0	80.0	0.0	0.0	92.0	82.0	0.0	0.0	83.0	0.0	0.0	0.0	0.0	41.0	0.0	40.0	24.0	0.0	97.0	0.0	73.0	0.0	0.0	0.0	38.0	71.0	0.0	0.0	31.0	0.0	0.0	0.0	26.0	99.0	61.0	0.0	4.0	0.0	85.0	10.0	0.0	14.0	0.0	71.0	58.0	23.0	0.0	31.0	11.0	34.0	41.0	0.0	0.0	81.0	0.0	24.0	40.0	0.0	0.0	0.0	81.0	0.0	62.0	0.0	0.0	46.0	0.0	90.0	0.0	34.0	0.0	0.0	0.0	0.0	4.0	0.0	0.0	0.0	0.0	0.0	73.0	0.0	0.0	0.0	74.0	0.0	4.0
0.0	0.0	0.0	12.0	17.0	0.0	10.0	0.0	1.0	84.0	67.0	50.0	29.0	0.0	83.0	0.0	0.0	0.0	15.0	0.0	0.0	46.0	27.0	99.0	0.0	0.0	57.0	0.0	16.0	65.0	0.0	21.0	0.0	0.0	44.0	26.0	0.0	44.0	0.0	0.0	26.0	12.0	0.0	0.0	2.0	0.0	84.0	37.0	92.0	0.0	80.0	0.0	63.0	52.0	0.0	0.0	82.0	0.0	0.0	0.0	0.0	48.0	21.0	51.0	24.0	39.0	17.0	14.0	0.0	100.0	36.0	47.0	27.0	0.0	0.0	0.0	0.0	0.0	0.0	0.0	53.0	0.0	0.0	0.0	55.0	69.0	0.0	0.0	23.0	0.0	90.0	0.0	0.0	0.0	0.0	66.0	52.0	0.0	18.0	87.0	15.0	0.0	17.0	40.0	0.0	0.0	39.0	0.0	0.0	21.0	59.0	62.0	0.0	0.0	0.0	0.0	82.0	0.0	89.0	30.0	0.0	52.0	96.0	47.0	0.0	0.0	0.0	38.0	39.0	0.0	53.0	17.0	0.0	44.0	96.0	70.0	0.0	68.0	51.0	59.0	75.0	46.0	0.0	0.0
39.0	0.0	0.0	60.0	29.0	0.0	0.0	0.0	0.0	0.0	25.0	27.0	99.0	15.0	90.0	34.0	0.0	33.0	8.0	0.0	0.0	69.0	0.0	66.0	4.0	60.0	0.0	71.0	9.0	38.0	10.0	63.0	19.0	0.0	74.0	0.0	0.0	0.0	0.0	84.0	0.0	0.0	28.0	2.0	52.0	0.0	44.0	0.0	0.0	82.0	0.0	0.0	0.0	14.0	0.0	91.0	69.0	24.0	70.0	0.0	0.0	68.0	0.0	7.0	44.0	65.0	98.0	52.0	0.0	94.0	0.0	28.0	0.0	58.0	0.0	77.0	0.0	0.0	65.0	0.0	3.0	0.0	95.0	0.0	82.0	0.0	24.0	90.0	0.0	77.0	0.0	0.0	7.0	42.0	23.0	0.0	0.0	12.0	46.0	0.0	37.0	0.0	0.0	85.0	90.0	46.0	0.0	0.0	0.0	52.0	0.0	0.0	73.0	0.0	0.0	0.0	0.0	0.0	13.0	17.0	9.0	39.0	83.0	0.0	100.0	0.0	0.0	71.0	0.0	27.0	0.0	0.0	0.0	96.0	32.0	0.0	51.0	0.0	0.0	73.0	73.0	5.0	0.0
0.0	92.0	98.0	9.0	0.0	88.0	20.0	100.0	21.0	0.0	0.0	100.0	59.0	76.0	53.0	37.0	0.0	0.0	0.0	26.0	0.0	82.0	24.0	0.0	0.0	79.0	76.0	26.0	52.0	66.0	0.0	26.0	0.0	0.0	0.0	25.0	0.0	15.0	0.0	0.0	80.0	66.0	2.0	0.0	0.0	0.0	0.0	6.0	64.0	0.0	0.0	99.0	31.0	55.0	53.0	49.0	74.0	45.0	0.0	0.0	53.0	0.0	0.0	0.0	9.0	2.0	15.0	94.0	0.0	30.0	0.0	0.0	0.0	44.0	0.0	0.0	0.0	0.0	0.0	26.0	52.0	94.0	17.0	0.0	0.0	0.0	0.0	0.0	0.0	0.0	0.0	2.0	0.0	0.0	0.0	0.0	92.0	0.0	0.0	2.0	0.0	0.0	63.0	82.0	94.0	0.0	53.0	0.0	8.0	50.0	0.0	0.0	59.0	28.0	0.0	0.0	43.0	0.0	24.0	0.0	45.0	0.0	36.0	31.0	74.0	5.0	0.0	64.0	0.0	57.0	10.0	0.0	53.0	0.0	0.0	0.0	58.0	19.0	77.0	0.0	31.0	0.0
83.0	9.0	0.0	35.0	0.0	0.0	50.0	34.0	99.0	0.0	85.0	74.0	0.0	0.0	98.0	61.0	44.0	71.0	0.0	0.0	0.0	76.0	83.0	76.0	65.0	64.0	0.0	0.0	56.0	54.0	73.0	32.0	0.0	91.0	0.0	0.0	0.0	0.0	0.0	13.0	0.0	77.0	60.0	0.0	0.0	0.0	5.0	0.0	47.0	28.0	19.0	0.0	85.0	0.0	76.0	91.0	47.0	0.0	0.0	0.0	0.0	32.0	66.0	0.0	0.0	38.0	10.0	0.0	0.0	91.0	78.0	60.0	0.0	67.0	85.0	0.0	88.0	0.0	21.0	19.0	0.0	85.0	28.0	25.0	0.0	17.0	0.0	49.0	0.0	9.0	30.0	70.0	8.0	0.0	36.0	0.0	0.0	0.0	0.0	69.0	0.0	0.0	98.0	13.0	34.0	0.0	3.0	46.0	0.0	45.0	0.0	1.0	0.0	0.0	4.0	84.0	24.0	54.0	43.0	20.0	0.0	64.0	0.0	26.0	55.0	4.0	0.0	0.0	0.0	0.0	31.0	28.0	55.0	67.0	95.0	0.0	4.0	0.0	76.0	0.0	0.0
0.0	0.0	7.0	0.0	10.0	0.0	26.0	95.0	89.0	51.0	69.0	90.0	18.0	28.0	4.0	22.0	9.0	49.0	55.0	11.0	6.0	0.0	0.0	75.0	0.0	24.0	0.0	0.0	0.0	38.0	42.0	0.0	0.0	0.0	58.0	0.0	0.0	0.0	6.0	0.0	35.0	0.0	50.0	42.0	0.0	0.0	82.0	0.0	0.0	61.0	0.0	80.0	64.0	0.0	0.0	53.0	99.0	29.0	0.0	0.0	0.0	0.0	0.0	92.0	0.0	75.0	72.0	34.0	60.0	41.0	0.0	0.0	41.0	38.0	0.0	0.0	0.0	0.0	0.0	17.0	0.0	0.0	0.0	0.0	50.0	92.0	47.0	0.0	0.0	0.0	100.0	0.0	0.0	30.0	0.0	0.0	73.0	0.0	0.0	2.0	22.0	25.0	89.0	48.0	78.0	0.0	36.0	0.0	0.0	58.0	0.0	87.0	0.0	85.0	0.0	0.0	21.0	3.0	82.0	14.0	99.0	4.0	55.0	0.0	0.0	60.0	0.0	91.0	0.0	0.0	0.0	51.0	4.0	68.0	0.0	74.0	10.0	0.0	48.0	0.0
64.0	0.0	0.0	0.0	33.0	0.0	0.0	4.0	38.0	99.0	0.0	87.0	0.0	0.0	0.0	6.0	0.0	0.0	7.0	59.0	55.0	0.0	0.0	99.0	0.0	0.0	0.0	0.0	0.0	65.0	43.0	0.0	0.0	14.0	0.0	86.0	0.0	96.0	0.0	64.0	66.0	23.0	41.0	49.0	0.0	35.0	48.0	0.0	0.0	71.0	0.0	0.0	0.0	0.0	77.0	41.0	64.0	0.0	0.0	0.0	0.0	0.0	0.0	0.0	0.0	0.0	0.0	36.0	62.0	0.0	10.0	65.0	89.0	0.0	0.0	0.0	0.0	0.0	0.0	0.0	0.0	0.0	82.0	0.0	3.0	84.0	19.0	0.0	0.0	0.0	0.0	0.0	25.0	0.0	95.0	47.0	0.0	0.0	0.0	69.0	47.0	0.0	26.0	4.0	36.0	0.0	0.0	75.0	73.0	0.0	0.0	0.0	0.0	42.0	52.0	0.0	0.0	17.0	0.0	0.0	74.0	0.0	19.0	0.0	85.0	78.0	83.0	79.0	0.0	22.0	74.0	0.0	0.0	0.0	15.0	0.0	0.0	8.0	0.0
98.0	0.0	63.0	2.0	5.0	0.0	0.0	68.0	0.0	0.0	0.0	0.0	0.0	37.0	0.0	0.0	54.0	88.0	34.0	48.0	0.0	0.0	65.0	0.0	39.0	0.0	65.0	30.0	87.0	0.0	11.0	43.0	48.0	10.0	30.0	17.0	0.0	44.0	0.0	51.0	21.0	0.0	0.0	8.0	11.0	0.0	12.0	0.0	81.0	64.0	0.0	0.0	0.0	35.0	0.0	71.0	0.0	74.0	6.0	89.0	0.0	36.0	0.0	0.0	4.0	70.0	0.0	0.0	20.0	0.0	13.0	62.0	49.0	0.0	0.0	0.0	74.0	42.0	3.0	51.0	0.0	15.0	60.0	0.0	78.0	7.0	56.0	0.0	70.0	39.0	0.0	0.0	43.0	28.0	94.0	0.0	23.0	50.0	25.0	0.0	0.0	97.0	33.0	61.0	36.0	95.0	10.0	0.0	0.0	18.0	0.0	0.0	0.0	30.0	0.0	52.0	3.0	45.0	68.0	54.0	0.0	7.0	0.0	89.0	85.0	0.0	0.0	0.0	0.0	59.0	84.0	3.0	95.0	0.0	84.0	0.0	0.0	41.0
52.0	0.0	97.0	50.0	0.0	0.0	0.0	0.0	81.0	0.0	26.0	30.0	7.0	78.0	0.0	0.0	93.0	13.0	87.0	0.0	0.0	67.0	0.0	0.0	86.0	0.0	0.0	0.0	0.0	17.0	0.0	55.0	0.0	0.0	19.0	5.0	50.0	0.0	0.0	61.0	81.0	65.0	86.0	79.0	0.0	36.0	97.0	66.0	99.0	0.0	65.0	86.0	64.0	24.0	0.0	0.0	80.0	86.0	59.0	94.0	0.0	69.0	19.0	33.0	0.0	84.0	80.0	25.0	0.0	63.0	0.0	0.0	0.0	0.0	0.0	0.0	46.0	0.0	0.0	53.0	0.0	48.0	0.0	0.0	0.0	99.0	0.0	0.0	61.0	0.0	20.0	0.0	23.0	81.0	0.0	0.0	79.0	0.0	0.0	92.0	39.0	0.0	29.0	25.0	45.0	47.0	54.0	2.0	75.0	35.0	33.0	0.0	0.0	0.0	0.0	30.0	0.0	93.0	0.0	0.0	0.0	61.0	0.0	0.0	65.0	0.0	0.0	0.0	77.0	37.0	8.0	81.0	51.0	37.0	73.0	0.0	58.0
0.0	0.0	42.0	0.0	0.0	0.0	0.0	0.0	6.0	0.0	82.0	0.0	0.0	0.0	45.0	40.0	0.0	0.0	0.0	3.0	0.0	0.0	0.0	0.0	0.0	83.0	2.0	11.0	0.0	0.0	0.0	63.0	0.0	67.0	50.0	0.0	0.0	77.0	0.0	0.0	0.0	0.0	67.0	7.0	99.0	16.0	48.0	6.0	40.0	90.0	0.0	0.0	0.0	0.0	0.0	0.0	0.0	8.0	0.0	0.0	59.0	68.0	0.0	0.0	0.0	32.0	57.0	82.0	0.0	0.0	28.0	0.0	0.0	0.0	28.0	75.0	0.0	82.0	82.0	16.0	63.0	47.0	0.0	0.0	62.0	0.0	0.0	24.0	17.0	100.0	73.0	60.0	0.0	94.0	0.0	0.0	14.0	87.0	62.0	0.0	0.0	26.0	0.0	0.0	0.0	0.0	0.0	39.0	92.0	58.0	0.0	0.0	0.0	60.0	0.0	14.0	0.0	0.0	63.0	54.0	0.0	0.0	82.0	0.0	0.0	0.0	0.0	0.0	31.0	0.0	69.0	53.0	94.0	70.0	0.0	59.0
29.0	68.0	62.0	76.0	25.0	0.0	0.0	40.0	50.0	0.0	0.0	93.0	0.0	17.0	61.0	0.0	0.0	3.0	0.0	91.0	34.0	64.0	0.0	93.0	0.0	83.0	68.0	0.0	65.0	0.0	0.0	0.0	0.0	4.0	0.0	0.0	0.0	0.0	0.0	44.0	0.0	0.0	0.0	90.0	64.0	78.0	82.0	99.0	75.0	0.0	0.0	0.0	18.0	0.0	0.0	20.0	0.0	29.0	0.0	0.0	41.0	13.0	0.0	0.0	96.0	70.0	0.0	90.0	0.0	1.0	76.0	0.0	90.0	89.0	0.0	46.0	0.0	0.0	65.0	46.0	31.0	74.0	13.0	0.0	50.0	0.0	65.0	91.0	0.0	17.0	88.0	66.0	34.0	92.0	0.0	0.0	0.0	26.0	50.0	73.0	0.0	29.0	0.0	94.0	60.0	0.0	51.0	88.0	0.0	0.0	21.0	0.0	0.0	2.0	0.0	0.0	88.0	78.0	0.0	0.0	0.0	5.0	0.0	29.0	0.0	0.0	40.0	15.0	80.0	12.0	41.0	0.0	0.0	0.0	6.0
0.0	79.0	0.0	0.0	0.0	0.0	0.0	0.0	18.0	0.0	0.0	0.0	21.0	12.0	0.0	37.0	47.0	37.0	0.0	76.0	0.0	0.0	14.0	0.0	20.0	0.0	54.0	13.0	0.0	12.0	52.0	0.0	41.0	0.0	86.0	89.0	0.0	7.0	0.0	0.0	0.0	0.0	12.0	84.0	73.0	0.0	64.0	30.0	22.0	68.0	0.0	0.0	20.0	0.0	67.0	87.0	0.0	0.0	24.0	73.0	21.0	0.0	81.0	0.0	0.0	0.0	0.0	0.0	89.0	0.0	0.0	0.0	0.0	44.0	0.0	0.0	0.0	0.0	0.0	0.0	89.0	13.0	67.0	0.0	0.0	4.0	9.0	6.0	1.0	0.0	52.0	85.0	50.0	61.0	0.0	0.0	0.0	73.0	49.0	56.0	6.0	0.0	67.0	0.0	0.0	0.0	60.0	0.0	12.0	31.0	61.0	0.0	0.0	0.0	0.0	67.0	0.0	0.0	0.0	0.0	68.0	0.0	91.0	68.0	59.0	0.0	0.0	18.0	0.0	0.0	0.0	0.0	0.0	96.0
0.0	100.0	23.0	0.0	0.0	50.0	66.0	94.0	0.0	33.0	0.0	0.0	0.0	0.0	84.0	0.0	25.0	23.0	0.0	0.0	27.0	0.0	0.0	50.0	0.0	0.0	0.0	0.0	0.0	0.0	39.0	0.0	76.0	88.0	0.0	94.0	0.0	7.0	0.0	0.0	83.0	29.0	0.0	0.0	81.0	0.0	0.0	7.0	32.0	69.0	0.0	0.0	0.0	32.0	21.0	87.0	2.0	0.0	71.0	0.0	74.0	12.0	0.0	0.0	0.0	0.0	0.0	89.0	73.0	0.0	73.0	22.0	0.0	3.0	0.0	32.0	51.0	29.0	0.0	0.0	50.0	0.0	15.0	0.0	0.0	0.0	79.0	88.0	0.0	31.0	63.0	0.0	0.0	15.0	0.0	0.0	0.0	40.0	15.0	0.0	0.0	20.0	69.0	0.0	19.0	0.0	93.0	34.0	12.0	30.0	68.0	38.0	92.0	42.0	45.0	12.0	15.0	0.0	47.0	0.0	91.0	0.0	0.0	0.0	0.0	34.0	99.0	0.0	0.0	0.0	33.0	0.0	0.0
38.0	0.0	68.0	55.0	31.0	95.0	0.0	50.0	0.0	10.0	87.0	0.0	48.0	0.0	68.0	88.0	0.0	0.0	14.0	0.0	0.0	87.0	0.0	0.0	10.0	0.0	0.0	82.0	62.0	53.0	0.0	0.0	28.0	0.0	0.0	0.0	56.0	0.0	3.0	0.0	52.0	0.0	44.0	0.0	42.0	0.0	63.0	0.0	0.0	0.0	55.0	0.0	0.0	0.0	52.0	0.0	0.0	84.0	77.0	0.0	0.0	3.0	82.0	100.0	0.0	43.0	0.0	0.0	0.0	0.0	0.0	0.0	73.0	21.0	0.0	52.0	0.0	4.0	59.0	31.0	88.0	0.0	40.0	0.0	0.0	21.0	79.0	22.0	0.0	54.0	81.0	0.0	0.0	0.0	0.0	0.0	45.0	0.0	6.0	66.0	0.0	13.0	61.0	0.0	11.0	98.0	0.0	56.0	34.0	23.0	0.0	0.0	31.0	0.0	0.0	0.0	0.0	0.0	0.0	83.0	75.0	75.0	0.0	0.0	0.0	17.0	0.0	0.0	30.0	96.0	0.0	0.0
70.0	0.0	33.0	81.0	0.0	0.0	0.0	34.0	0.0	0.0	62.0	0.0	87.0	6.0	77.0	11.0	0.0	93.0	91.0	58.0	90.0	0.0	71.0	0.0	43.0	0.0	32.0	0.0	55.0	0.0	0.0	36.0	0.0	92.0	0.0	0.0	56.0	49.0	16.0	0.0	99.0	26.0	0.0	0.0	0.0	0.0	11.0	0.0	6.0	11.0	58.0	22.0	0.0	66.0	0.0	0.0	0.0	23.0	0.0	87.0	0.0	0.0	35.0	67.0	61.0	0.0	0.0	0.0	40.0	0.0	68.0	89.0	19.0	94.0	88.0	0.0	0.0	0.0	68.0	15.0	0.0	74.0	85.0	95.0	0.0	0.0	20.0	34.0	36.0	0.0	0.0	21.0	82.0	0.0	0.0	0.0	0.0	32.0	18.0	59.0	0.0	49.0	69.0	37.0	57.0	0.0	89.0	55.0	26.0	2.0	77.0	0.0	57.0	0.0	0.0	0.0	65.0	86.0	0.0	0.0	82.0	24.0	0.0	60.0	0.0	98.0	0.0	13.0	13.0	23.0	49.0
0.0	0.0	0.0	75.0	0.0	27.0	5.0	92.0	4.0	0.0	55.0	0.0	26.0	0.0	96.0	0.0	0.0	47.0	64.0	36.0	25.0	33.0	54.0	0.0	0.0	69.0	52.0	0.0	0.0	9.0	0.0	0.0	0.0	74.0	0.0	79.0	69.0	93.0	76.0	97.0	0.0	18.0	31.0	0.0	0.0	0.0	11.0	29.0	7.0	0.0	8.0	91.0	0.0	0.0	0.0	0.0	79.0	0.0	0.0	0.0	26.0	38.0	60.0	0.0	27.0	0.0	0.0	98.0	0.0	53.0	0.0	13.0	0.0	56.0	0.0	40.0	0.0	53.0	0.0	0.0	0.0	0.0	0.0	0.0	89.0	0.0	0.0	46.0	17.0	14.0	0.0	0.0	78.0	28.0	74.0	0.0	0.0	85.0	0.0	79.0	0.0	0.0	0.0	0.0	0.0	72.0	0.0	70.0	93.0	0.0	40.0	0.0	51.0	0.0	80.0	76.0	33.0	0.0	0.0	0.0	0.0	74.0	37.0	0.0	0.0	0.0	48.0	0.0	29.0	0.0
0.0	0.0	0.0	0.0	0.0	3.0	0.0	0.0	16.0	8.0	10.0	0.0	74.0	0.0	0.0	41.0	0.0	33.0	0.0	0.0	70.0	0.0	0.0	0.0	53.0	0.0	79.0	0.0	0.0	45.0	26.0	0.0	45.0	0.0	0.0	0.0	0.0	0.0	20.0	41.0	3.0	0.0	86.0	0.0	0.0	90.0	0.0	0.0	41.0	68.0	73.0	57.0	0.0	31.0	87.0	0.0	0.0	0.0	0.0	0.0	0.0	23.0	56.0	0.0	0.0	0.0	97.0	0.0	66.0	4.0	0.0	27.0	0.0	0.0	0.0	36.0	0.0	0.0	0.0	17.0	0.0	0.0	22.0	68.0	0.0	0.0	4.0	21.0	0.0	0.0	0.0	0.0	0.0	30.0	0.0	0.0	0.0	33.0	0.0	98.0	5.0	0.0	96.0	0.0	94.0	0.0	0.0	0.0	26.0	11.0	32.0	90.0	0.0	0.0	0.0	38.0	98.0	0.0	0.0	0.0	0.0	82.0	0.0	0.0	0.0	23.0	17.0	0.0	0.0
92.0	60.0	98.0	0.0	85.0	0.0	0.0	23.0	0.0	0.0	6.0	16.0	0.0	0.0	33.0	0.0	40.0	39.0	0.0	35.0	13.0	0.0	0.0	0.0	0.0	44.0	94.0	0.0	10.0	80.0	0.0	0.0	0.0	31.0	45.0	0.0	0.0	8.0	81.0	0.0	0.0	0.0	0.0	40.0	85.0	82.0	0.0	0.0	0.0	97.0	59.0	0.0	32.0	0.0	0.0	5.0	0.0	0.0	0.0	0.0	0.0	81.0	0.0	0.0	17.0	4.0	0.0	10.0	78.0	0.0	54.0	26.0	0.0	62.0	78.0	0.0	0.0	31.0	0.0	45.0	0.0	0.0	0.0	0.0	0.0	0.0	0.0	0.0	0.0	0.0	0.0	0.0	0.0	33.0	0.0	0.0	0.0	51.0	0.0	45.0	39.0	0.0	0.0	0.0	0.0	0.0	34.0	98.0	36.0	8.0	0.0	0.0	0.0	78.0	19.0	7.0	0.0	0.0	0.0	57.0	0.0	37.0	0.0	0.0	16.0	4.0	44.0	79.0
65.0	0.0	9.0	0.0	6.0	0.0	0.0	0.0	48.0	33.0	0.0	0.0	48.0	0.0	53.0	0.0	87.0	49.0	0.0	32.0	0.0	46.0	52.0	4.0	0.0	78.0	44.0	0.0	10.0	7.0	0.0	52.0	0.0	26.0	0.0	0.0	41.0	0.0	0.0	0.0	0.0	0.0	0.0	0.0	44.0	0.0	54.0	0.0	22.0	0.0	0.0	79.0	0.0	54.0	0.0	41.0	0.0	75.0	27.0	0.0	6.0	0.0	24.0	0.0	0.0	0.0	71.0	0.0	0.0	17.0	88.0	39.0	0.0	0.0	0.0	2.0	58.0	97.0	17.0	32.0	0.0	90.0	0.0	78.0	36.0	0.0	27.0	0.0	0.0	73.0	0.0	22.0	0.0	0.0	0.0	79.0	0.0	78.0	10.0	32.0	68.0	23.0	0.0	0.0	0.0	0.0	74.0	100.0	0.0	80.0	74.0	0.0	0.0	0.0	60.0	0.0	3.0	54.0	36.0	0.0	67.0	79.0	70.0	0.0	90.0	0.0	50.0
0.0	0.0	58.0	0.0	0.0	0.0	0.0	0.0	42.0	0.0	45.0	0.0	85.0	0.0	90.0	0.0	90.0	0.0	41.0	0.0	46.0	91.0	11.0	100.0	0.0	0.0	19.0	62.0	77.0	0.0	24.0	42.0	61.0	83.0	0.0	0.0	58.0	69.0	23.0	0.0	32.0	0.0	0.0	0.0	16.0	50.0	0.0	91.0	0.0	15.0	83.0	68.0	0.0	22.0	0.0	50.0	91.0	15.0	0.0	0.0	29.0	34.0	0.0	0.0	0.0	0.0	0.0	0.0	83.0	0.0	0.0	0.0	0.0	0.0	0.0	0.0	0.0	55.0	31.0	0.0	0.0	0.0	0.0	0.0	0.0	0.0	74.0	0.0	0.0	22.0	0.0	0.0	47.0	0.0	51.0	0.0	37.0	0.0	87.0	17.0	0.0	0.0	78.0	56.0	0.0	20.0	0.0	0.0	0.0	93.0	0.0	0.0	0.0	9.0	0.0	0.0	0.0	61.0	8.0	0.0	0.0	5.0	0.0	0.0	0.0	74.0
0.0	0.0	0.0	18.0	35.0	0.0	0.0	48.0	0.0	10.0	68.0	0.0	0.0	0.0	43.0	74.0	0.0	54.0	0.0	71.0	0.0	30.0	0.0	0.0	0.0	75.0	0.0	0.0	0.0	42.0	0.0	87.0	0.0	65.0	0.0	70.0	0.0	54.0	0.0	67.0	86.0	0.0	57.0	54.0	0.0	63.0	74.0	34.0	51.0	19.0	0.0	0.0	0.0	93.0	16.0	15.0	64.0	0.0	0.0	18.0	0.0	0.0	0.0	0.0	0.0	0.0	29.0	9.0	0.0	0.0	86.0	0.0	88.0	0.0	0.0	15.0	67.0	0.0	0.0	12.0	0.0	62.0	37.0	30.0	89.0	0.0	8.0	0.0	17.0	52.0	89.0	0.0	10.0	0.0	13.0	49.0	0.0	0.0	0.0	0.0	26.0	38.0	0.0	3.0	44.0	0.0	88.0	0.0	0.0	84.0	0.0	56.0	0.0	0.0	49.0	94.0	0.0	28.0	17.0	0.0	0.0	0.0	93.0	8.0	89.0
64.0	61.0	45.0	0.0	32.0	0.0	87.0	48.0	92.0	0.0	0.0	0.0	60.0	97.0	60.0	0.0	18.0	0.0	12.0	86.0	0.0	39.0	0.0	15.0	79.0	0.0	0.0	0.0	0.0	48.0	0.0	0.0	22.0	43.0	56.0	100.0	0.0	0.0	60.0	0.0	1.0	0.0	0.0	0.0	72.0	0.0	79.0	54.0	0.0	0.0	0.0	0.0	0.0	0.0	0.0	31.0	0.0	30.0	50.0	30.0	0.0	90.0	32.0	67.0	0.0	31.0	0.0	0.0	0.0	0.0	0.0	0.0	8.0	39.0	0.0	22.0	0.0	1.0	0.0	0.0	0.0	73.0	11.0	16.0	14.0	46.0	29.0	7.0	50.0	0.0	46.0	66.0	31.0	5.0	67.0	0.0	40.0	31.0	40.0	94.0	98.0	3.0	0.0	50.0	0.0	78.0	42.0	15.0	0.0	61.0	0.0	82.0	1.0	0.0	9.0	0.0	85.0	0.0	0.0	72.0	0.0	58.0	98.0	54.0
45.0	43.0	0.0	50.0	0.0	99.0	61.0	0.0	65.0	49.0	0.0	0.0	80.0	0.0	0.0	99.0	0.0	8.0	0.0	51.0	25.0	46.0	35.0	0.0	0.0	0.0	27.0	49.0	33.0	0.0	0.0	37.0	98.0	0.0	0.0	95.0	8.0	18.0	58.0	62.0	19.0	40.0	0.0	70.0	0.0	95.0	0.0	0.0	0.0	0.0	47.0	1.0	0.0	0.0	8.0	0.0	0.0	16.0	20.0	76.0	0.0	0.0	0.0	65.0	99.0	0.0	7.0	0.0	0.0	0.0	46.0	10.0	0.0	0.0	0.0	27.0	41.0	0.0	52.0	0.0	15.0	0.0	87.0	29.0	24.0	0.0	94.0	0.0	0.0	94.0	0.0	5.0	66.0	96.0	0.0	16.0	43.0	0.0	61.0	59.0	39.0	79.0	0.0	53.0	0.0	77.0	0.0	1.0	0.0	37.0	55.0	59.0	98.0	0.0	0.0	0.0	0.0	0.0	0.0	0.0	70.0	27.0	0.0
85.0	89.0	10.0	0.0	0.0	28.0	3.0	30.0	0.0	0.0	83.0	0.0	98.0	0.0	0.0	52.0	17.0	88.0	0.0	0.0	53.0	0.0	0.0	0.0	0.0	0.0	0.0	0.0	0.0	2.0	0.0	53.0	0.0	0.0	0.0	0.0	0.0	0.0	0.0	0.0	40.0	88.0	54.0	5.0	87.0	0.0	0.0	0.0	97.0	0.0	0.0	76.0	0.0	0.0	97.0	34.0	30.0	13.0	0.0	34.0	60.0	0.0	0.0	5.0	43.0	10.0	51.0	84.0	0.0	9.0	0.0	0.0	0.0	0.0	0.0	0.0	19.0	0.0	14.0	50.0	73.0	48.0	78.0	0.0	92.0	0.0	97.0	0.0	0.0	43.0	4.0	0.0	0.0	0.0	82.0	0.0	52.0	0.0	5.0	14.0	0.0	6.0	7.0	0.0	0.0	0.0	0.0	28.0	17.0	0.0	0.0	26.0	0.0	48.0	7.0	82.0	0.0	65.0	0.0	5.0	0.0	4.0
0.0	14.0	23.0	86.0	0.0	0.0	0.0	0.0	0.0	94.0	0.0	50.0	0.0	10.0	0.0	81.0	0.0	91.0	58.0	52.0	0.0	0.0	0.0	78.0	79.0	0.0	0.0	0.0	0.0	0.0	74.0	0.0	0.0	48.0	0.0	49.0	0.0	37.0	73.0	44.0	0.0	74.0	74.0	0.0	53.0	29.0	33.0	75.0	0.0	51.0	77.0	0.0	21.0	75.0	0.0	0.0	0.0	40.0	0.0	0.0	59.0	0.0	50.0	0.0	4.0	44.0	15.0	1.0	0.0	0.0	43.0	0.0	0.0	7.0	0.0	0.0	34.0	0.0	0.0	76.0	84.0	16.0	71.0	29.0	55.0	82.0	0.0	97.0	21.0	0.0	62.0	0.0	0.0	18.0	0.0	0.0	66.0	9.0	73.0	92.0	14.0	0.0	0.0	44.0	51.0	18.0	98.0	0.0	2.0	0.0	72.0	78.0	0.0	24.0	31.0	33.0	0.0	59.0	35.0	0.0	0.0
0.0	41.0	0.0	36.0	0.0	0.0	89.0	0.0	0.0	49.0	8.0	45.0	34.0	52.0	0.0	56.0	0.0	22.0	22.0	0.0	24.0	0.0	0.0	0.0	29.0	0.0	0.0	0.0	0.0	31.0	0.0	0.0	73.0	0.0	0.0	0.0	0.0	0.0	0.0	0.0	43.0	0.0	78.0	73.0	0.0	0.0	0.0	0.0	45.0	0.0	0.0	0.0	74.0	71.0	35.0	0.0	0.0	78.0	14.0	58.0	31.0	0.0	0.0	0.0	69.0	0.0	0.0	0.0	96.0	21.0	0.0	41.0	83.0	46.0	0.0	11.0	0.0	0.0	0.0	0.0	86.0	0.0	86.0	94.0	0.0	15.0	77.0	7.0	19.0	0.0	40.0	0.0	0.0	75.0	91.0	0.0	0.0	77.0	94.0	26.0	0.0	89.0	2.0	0.0	0.0	0.0	0.0	61.0	0.0	81.0	10.0	49.0	0.0	28.0	0.0	91.0	0.0	70.0	0.0	10.0
49.0	0.0	8.0	0.0	28.0	0.0	23.0	0.0	29.0	3.0	0.0	24.0	0.0	0.0	77.0	24.0	53.0	0.0	8.0	0.0	0.0	0.0	37.0	79.0	54.0	0.0	0.0	0.0	0.0	0.0	100.0	90.0	6.0	0.0	0.0	93.0	0.0	0.0	29.0	0.0	0.0	12.0	98.0	0.0	0.0	0.0	0.0	7.0	0.0	6.0	0.0	3.0	9.0	49.0	0.0	38.0	0.0	82.0	0.0	0.0	25.0	0.0	28.0	0.0	60.0	0.0	29.0	0.0	47.0	5.0	0.0	0.0	5.0	43.0	82.0	0.0	25.0	61.0	7.0	48.0	78.0	0.0	92.0	0.0	0.0	98.0	0.0	33.0	0.0	0.0	1.0	0.0	21.0	97.0	62.0	30.0	0.0	0.0	0.0	0.0	21.0	56.0	0.0	45.0	4.0	17.0	19.0	53.0	0.0	0.0	59.0	0.0	0.0	27.0	0.0	0.0	0.0	0.0	66.0
89.0	35.0	12.0	0.0	0.0	96.0	0.0	0.0	0.0	0.0	19.0	0.0	0.0	0.0	0.0	0.0	72.0	0.0	0.0	22.0	50.0	82.0	0.0	45.0	68.0	0.0	8.0	0.0	0.0	62.0	0.0	86.0	94.0	0.0	11.0	93.0	0.0	34.0	29.0	3.0	16.0	46.0	0.0	0.0	19.0	84.0	89.0	45.0	0.0	0.0	6.0	0.0	0.0	0.0	37.0	44.0	0.0	94.0	0.0	0.0	0.0	0.0	97.0	78.0	27.0	40.0	0.0	6.0	4.0	78.0	50.0	0.0	0.0	0.0	0.0	0.0	38.0	0.0	38.0	76.0	0.0	68.0	7.0	97.0	0.0	51.0	0.0	66.0	0.0	0.0	98.0	0.0	33.0	4.0	0.0	0.0	24.0	0.0	46.0	64.0	0.0	37.0	47.0	0.0	0.0	0.0	0.0	33.0	22.0	0.0	0.0	0.0	42.0	5.0	0.0	35.0	0.0	10.0
91.0	76.0	0.0	0.0	0.0	91.0	0.0	0.0	0.0	24.0	38.0	40.0	85.0	3.0	0.0	0.0	0.0	0.0	70.0	64.0	50.0	98.0	3.0	0.0	44.0	9.0	0.0	0.0	52.0	0.0	62.0	0.0	0.0	0.0	0.0	0.0	0.0	0.0	1.0	76.0	37.0	0.0	0.0	0.0	71.0	0.0	0.0	0.0	15.0	0.0	0.0	0.0	78.0	0.0	0.0	48.0	0.0	57.0	0.0	0.0	0.0	0.0	0.0	0.0	0.0	38.0	0.0	0.0	72.0	59.0	60.0	0.0	0.0	0.0	0.0	0.0	34.0	0.0	75.0	35.0	0.0	70.0	74.0	0.0	24.0	0.0	94.0	41.0	79.0	0.0	70.0	99.0	50.0	0.0	0.0	0.0	37.0	18.0	56.0	0.0	0.0	0.0	68.0	60.0	91.0	90.0	34.0	61.0	0.0	0.0	0.0	72.0	86.0	40.0	0.0	0.0	44.0
0.0	16.0	0.0	79.0	3.0	65.0	0.0	0.0	26.0	83.0	34.0	0.0	18.0	81.0	0.0	0.0	0.0	0.0	96.0	0.0	90.0	0.0	0.0	26.0	8.0	87.0	17.0	0.0	0.0	0.0	21.0	0.0	0.0	16.0	0.0	49.0	87.0	12.0	0.0	0.0	0.0	100.0	0.0	84.0	16.0	0.0	19.0	26.0	9.0	93.0	0.0	0.0	0.0	0.0	31.0	0.0	78.0	0.0	0.0	91.0	56.0	2.0	0.0	0.0	0.0	0.0	0.0	0.0	43.0	2.0	22.0	54.0	0.0	14.0	0.0	40.0	25.0	44.0	0.0	0.0	0.0	72.0	100.0	74.0	0.0	16.0	75.0	98.0	52.0	0.0	0.0	19.0	96.0	74.0	59.0	39.0	69.0	0.0	96.0	50.0	0.0	20.0	0.0	82.0	0.0	0.0	0.0	69.0	0.0	64.0	0.0	30.0	64.0	0.0	0.0	0.0
0.0	0.0	34.0	0.0	53.0	0.0	13.0	0.0	0.0	51.0	0.0	1.0	54.0	0.0	0.0	0.0	0.0	13.0	0.0	0.0	0.0	0.0	0.0	6.0	0.0	1.0	33.0	14.0	0.0	0.0	0.0	74.0	30.0	0.0	55.0	56.0	97.0	21.0	0.0	0.0	70.0	8.0	97.0	99.0	38.0	26.0	0.0	0.0	0.0	79.0	0.0	92.0	25.0	0.0	26.0	99.0	0.0	68.0	0.0	68.0	3.0	0.0	73.0	0.0	0.0	68.0	17.0	84.0	43.0	0.0	62.0	0.0	51.0	45.0	1.0	0.0	0.0	0.0	22.0	78.0	82.0	39.0	0.0	86.0	61.0	39.0	93.0	0.0	50.0	53.0	46.0	0.0	8.0	6.0	5.0	15.0	20.0	3.0	0.0	12.0	0.0	0.0	15.0	67.0	0.0	46.0	0.0	0.0	0.0	0.0	3.0	70.0	0.0	24.0	8.0
0.0	53.0	15.0	72.0	28.0	0.0	33.0	83.0	0.0	60.0	2.0	0.0	45.0	68.0	0.0	0.0	16.0	0.0	16.0	0.0	12.0	0.0	88.0	0.0	0.0	0.0	0.0	48.0	47.0	2.0	0.0	85.0	0.0	0.0	11.0	47.0	0.0	99.0	0.0	0.0	36.0	0.0	0.0	66.0	76.0	0.0	0.0	43.0	0.0	0.0	51.0	0.0	50.0	0.0	81.0	45.0	0.0	73.0	0.0	0.0	93.0	0.0	0.0	0.0	90.0	13.0	77.0	62.0	77.0	0.0	0.0	72.0	37.0	0.0	90.0	0.0	13.0	14.0	17.0	0.0	0.0	0.0	0.0	0.0	11.0	0.0	0.0	98.0	0.0	31.0	0.0	39.0	13.0	40.0	0.0	0.0	0.0	0.0	0.0	12.0	74.0	0.0	95.0	0.0	97.0	52.0	42.0	0.0	9.0	56.0	0.0	73.0	0.0	0.0
0.0	0.0	0.0	0.0	47.0	0.0	0.0	0.0	0.0	84.0	59.0	0.0	43.0	0.0	0.0	0.0	0.0	100.0	76.0	87.0	48.0	17.0	0.0	55.0	0.0	0.0	44.0	1.0	67.0	11.0	66.0	37.0	98.0	0.0	80.0	9.0	0.0	61.0	0.0	59.0	0.0	18.0	0.0	8.0	0.0	0.0	15.0	0.0	40.0	3.0	88.0	11.0	94.0	0.0	0.0	37.0	61.0	52.0	0.0	12.0	0.0	0.0	80.0	97.0	53.0	28.0	93.0	0.0	56.0	0.0	53.0	14.0	0.0	50.0	38.0	15.0	97.0	0.0	55.0	0.0	0.0	0.0	0.0	0.0	78.0	64.0	0.0	93.0	88.0	0.0	0.0	44.0	0.0	0.0	43.0	0.0	7.0	70.0	11.0	62.0	0.0	0.0	50.0	0.0	0.0	61.0	77.0	0.0	0.0	74.0	0.0	0.0	7.0
4.0	0.0	74.0	0.0	93.0	89.0	0.0	0.0	100.0	0.0	0.0	0.0	85.0	26.0	57.0	84.0	49.0	1.0	19.0	77.0	48.0	0.0	0.0	0.0	66.0	100.0	37.0	28.0	0.0	44.0	65.0	87.0	7.0	85.0	0.0	0.0	3.0	0.0	43.0	94.0	0.0	89.0	88.0	42.0	78.0	41.0	0.0	0.0	95.0	63.0	0.0	0.0	38.0	0.0	45.0	0.0	0.0	0.0	0.0	4.0	44.0	0.0	41.0	64.0	72.0	85.0	0.0	55.0	0.0	79.0	0.0	0.0	14.0	0.0	0.0	0.0	74.0	84.0	0.0	0.0	81.0	23.0	84.0	0.0	88.0	46.0	0.0	2.0	0.0	0.0	16.0	0.0	0.0	0.0	35.0	0.0	1.0	68.0	77.0	0.0	0.0	50.0	0.0	51.0	0.0	0.0	30.0	76.0	52.0	0.0	0.0	50.0
4.0	0.0	97.0	81.0	0.0	96.0	0.0	0.0	33.0	1.0	25.0	0.0	0.0	0.0	0.0	85.0	0.0	0.0	0.0	0.0	0.0	0.0	0.0	56.0	0.0	89.0	94.0	0.0	0.0	59.0	0.0	26.0	97.0	0.0	48.0	24.0	17.0	0.0	0.0	32.0	0.0	61.0	7.0	0.0	0.0	85.0	0.0	0.0	0.0	77.0	0.0	6.0	0.0	52.0	0.0	78.0	0.0	52.0	0.0	9.0	6.0	64.0	65.0	62.0	0.0	0.0	66.0	0.0	0.0	88.0	0.0	4.0	3.0	0.0	0.0	0.0	39.0	91.0	58.0	80.0	0.0	0.0	1.0	69.0	0.0	0.0	0.0	0.0	48.0	0.0	60.0	0.0	30.0	0.0	42.0	0.0	0.0	32.0	62.0	43.0	0.0	21.0	23.0	0.0	11.0	50.0	0.0	21.0	0.0	76.0	0.0
0.0	43.0	0.0	22.0	0.0	0.0	63.0	72.0	43.0	2.0	0.0	0.0	0.0	72.0	0.0	60.0	0.0	31.0	87.0	0.0	20.0	16.0	75.0	30.0	92.0	63.0	3.0	50.0	59.0	11.0	0.0	39.0	42.0	0.0	42.0	0.0	34.0	68.0	14.0	0.0	8.0	0.0	28.0	0.0	0.0	81.0	0.0	0.0	0.0	40.0	0.0	0.0	0.0	0.0	0.0	0.0	15.0	81.0	15.0	66.0	0.0	0.0	0.0	0.0	0.0	3.0	0.0	31.0	0.0	23.0	0.0	14.0	0.0	0.0	15.0	0.0	99.0	0.0	77.0	0.0	47.0	36.0	17.0	0.0	71.0	17.0	0.0	49.0	0.0	31.0	0.0	94.0	0.0	0.0	33.0	53.0	0.0	0.0	100.0	0.0	90.0	0.0	96.0	35.0	52.0	36.0	0.0	0.0	0.0	14.0
50.0	0.0	0.0	64.0	100.0	33.0	0.0	0.0	0.0	0.0	75.0	18.0	25.0	0.0	0.0	5.0	58.0	3.0	66.0	0.0	37.0	0.0	0.0	64.0	91.0	0.0	0.0	63.0	0.0	0.0	0.0	0.0	0.0	0.0	59.0	0.0	0.0	0.0	57.0	97.0	0.0	37.0	25.0	0.0	9.0	54.0	68.0	48.0	4.0	34.0	14.0	13.0	53.0	41.0	21.0	0.0	0.0	0.0	40.0	40.0	56.0	2.0	94.0	0.0	53.0	0.0	65.0	0.0	10.0	0.0	0.0	94.0	12.0	0.0	37.0	0.0	0.0	59.0	0.0	2.0	63.0	0.0	62.0	2.0	0.0	0.0	0.0	14.0	45.0	12.0	0.0	68.0	9.0	0.0	37.0	15.0	95.0	100.0	95.0	59.0	0.0	0.0	0.0	36.0	82.0	2.0	22.0	0.0	0.0
72.0	0.0	0.0	20.0	9.0	0.0	0.0	0.0	40.0	0.0	0.0	92.0	39.0	56.0	0.0	13.0	32.0	0.0	0.0	72.0	0.0	0.0	0.0	96.0	67.0	0.0	0.0	0.0	0.0	0.0	0.0	0.0	0.0	0.0	0.0	30.0	91.0	16.0	0.0	95.0	0.0	0.0	0.0	69.0	23.0	30.0	28.0	52.0	0.0	0.0	37.0	0.0	0.0	0.0	0.0	0.0	26.0	0.0	0.0	0.0	13.0	0.0	0.0	0.0	75.0	0.0	34.0	98.0	0.0	0.0	18.0	0.0	8.0	0.0	0.0	0.0	23.0	58.0	2.0	0.0	55.0	0.0	1.0	77.0	72.0	44.0	56.0	0.0	40.0	6.0	0.0	18.0	0.0	0.0	0.0	0.0	33.0	43.0	18.0	30.0	12.0	0.0	0.0	0.0	0.0	21.0	0.0	98.0
0.0	0.0	0.0	0.0	0.0	0.0	77.0	20.0	74.0	97.0	25.0	18.0	0.0	13.0	0.0	0.0	0.0	0.0	89.0	80.0	0.0	0.0	0.0	49.0	0.0	0.0	0.0	10.0	13.0	0.0	0.0	0.0	82.0	23.0	68.0	0.0	0.0	13.0	57.0	25.0	0.0	0.0	48.0	47.0	0.0	0.0	0.0	0.0	87.0	0.0	0.0	0.0	0.0	32.0	40.0	0.0	0.0	0.0	0.0	0.0	0.0	0.0	0.0	22.0	0.0	61.0	0.0	96.0	86.0	43.0	63.0	52.0	0.0	97.0	0.0	3.0	0.0	0.0	0.0	0.0	0.0	21.0	0.0	39.0	0.0	0.0	0.0	88.0	0.0	0.0	0.0	18.0	45.0	0.0	13.0	0.0	70.0	0.0	0.0	30.0	58.0	63.0	0.0	0.0	6.0	0.0	0.0
0.0	75.0	0.0	55.0	0.0	0.0	0.0	0.0	0.0	0.0	51.0	36.0	0.0	0.0	44.0	97.0	60.0	0.0	0.0	34.0	4.0	25.0	8.0	90.0	83.0	0.0	0.0	94.0	0.0	47.0	0.0	0.0	0.0	0.0	0.0	0.0	0.0	0.0	48.0	75.0	0.0	53.0	81.0	0.0	95.0	62.0	18.0	44.0	53.0	0.0	0.0	0.0	0.0	85.0	0.0	0.0	67.0	38.0	0.0	0.0	8.0	51.0	95.0	20.0	0.0	83.0	0.0	0.0	0.0	0.0	0.0	0.0	38.0	0.0	0.0	88.0	87.0	89.0	98.0	0.0	0.0	0.0	0.0	61.0	0.0	0.0	0.0	0.0	85.0	35.0	55.0	0.0	0.0	0.0	0.0	0.0	54.0	0.0	0.0	0.0	37.0	0.0	0.0	0.0	0.0	90.0
0.0	85.0	0.0	19.0	0.0	74.0	81.0	0.0	31.0	0.0	0.0	0.0	32.0	66.0	35.0	100.0	91.0	26.0	0.0	0.0	0.0	0.0	59.0	0.0	0.0	0.0	0.0	58.0	0.0	95.0	0.0	0.0	35.0	22.0	0.0	77.0	15.0	0.0	0.0	43.0	3.0	6.0	0.0	61.0	69.0	60.0	84.0	16.0	0.0	57.0	51.0	43.0	0.0	0.0	65.0	92.0	0.0	0.0	0.0	41.0	0.0	0.0	0.0	6.0	25.0	79.0	56.0	80.0	0.0	31.0	0.0	91.0	0.0	90.0	0.0	80.0	34.0	0.0	0.0	15.0	0.0	0.0	88.0	0.0	49.0	0.0	0.0	57.0	18.0	33.0	0.0	34.0	0.0	22.0	0.0	0.0	0.0	82.0	0.0	0.0	78.0	0.0	0.0	95.0	83.0
91.0	0.0	0.0	45.0	15.0	22.0	0.0	52.0	0.0	62.0	55.0	15.0	0.0	6.0	0.0	0.0	28.0	12.0	0.0	4.0	0.0	9.0	0.0	0.0	0.0	90.0	0.0	79.0	0.0	100.0	67.0	64.0	0.0	97.0	0.0	99.0	75.0	29.0	95.0	0.0	0.0	0.0	22.0	0.0	0.0	62.0	14.0	0.0	0.0	0.0	65.0	0.0	0.0	0.0	11.0	0.0	0.0	0.0	98.0	0.0	0.0	0.0	0.0	0.0	35.0	0.0	0.0	0.0	0.0	0.0	0.0	0.0	2.0	88.0	0.0	17.0	0.0	0.0	87.0	17.0	24.0	18.0	62.0	0.0	0.0	4.0	0.0	0.0	0.0	38.0	24.0	19.0	27.0	0.0	0.0	0.0	64.0	62.0	11.0	22.0	53.0	0.0	0.0	0.0
95.0	0.0	48.0	0.0	0.0	0.0	0.0	94.0	0.0	90.0	31.0	77.0	5.0	76.0	0.0	0.0	0.0	0.0	91.0	0.0	69.0	0.0	0.0	0.0	86.0	0.0	53.0	80.0	0.0	0.0	0.0	24.0	0.0	7.0	96.0	0.0	50.0	22.0	0.0	0.0	45.0	0.0	0.0	2.0	0.0	64.0	0.0	0.0	0.0	0.0	0.0	0.0	0.0	0.0	69.0	58.0	18.0	0.0	93.0	18.0	0.0	0.0	64.0	0.0	0.0	75.0	27.0	0.0	22.0	19.0	0.0	94.0	9.0	0.0	21.0	0.0	51.0	58.0	0.0	75.0	82.0	5.0	84.0	0.0	0.0	20.0	0.0	100.0	5.0	21.0	0.0	0.0	15.0	0.0	53.0	0.0	0.0	93.0	71.0	30.0	0.0	0.0	86.0
0.0	0.0	0.0	0.0	41.0	0.0	0.0	0.0	21.0	0.0	0.0	78.0	0.0	87.0	85.0	0.0	0.0	0.0	95.0	0.0	40.0	0.0	19.0	0.0	0.0	41.0	87.0	90.0	80.0	0.0	56.0	28.0	87.0	0.0	0.0	0.0	0.0	18.0	0.0	0.0	79.0	74.0	71.0	4.0	0.0	0.0	0.0	0.0	45.0	0.0	0.0	15.0	33.0	0.0	0.0	19.0	52.0	90.0	0.0	0.0	11.0	2.0	3.0	11.0	67.0	0.0	78.0	96.0	3.0	89.0	0.0	0.0	84.0	0.0	4.0	93.0	8.0	0.0	18.0	0.0	0.0	90.0	0.0	0.0	0.0	0.0	91.0	0.0	0.0	79.0	96.0	83.0	64.0	0.0	39.0	21.0	85.0	1.0	89.0	30.0	11.0	0.0
82.0	0.0	0.0	78.0	0.0	0.0	0.0	37.0	62.0	8.0	0.0	22.0	0.0	90.0	45.0	92.0	0.0	14.0	0.0	11.0	61.0	0.0	87.0	0.0	36.0	0.0	0.0	0.0	98.0	71.0	85.0	0.0	0.0	6.0	34.0	0.0	0.0	23.0	0.0	0.0	96.0	0.0	39.0	94.0	0.0	0.0	0.0	82.0	79.0	0.0	97.0	77.0	66.0	18.0	0.0	30.0	0.0	0.0	0.0	0.0	0.0	58.0	0.0	0.0	55.0	98.0	72.0	87.0	0.0	65.0	46.0	0.0	0.0	62.0	17.0	0.0	0.0	27.0	0.0	55.0	0.0	0.0	12.0	11.0	0.0	15.0	0.0	89.0	10.0	12.0	71.0	79.0	46.0	0.0	93.0	0.0	49.0	27.0	0.0	89.0	0.0
22.0	0.0	0.0	0.0	0.0	58.0	0.0	28.0	32.0	0.0	0.0	0.0	4.0	94.0	3.0	0.0	58.0	55.0	44.0	0.0	59.0	0.0	0.0	0.0	47.0	80.0	4.0	18.0	72.0	0.0	87.0	95.0	0.0	13.0	73.0	0.0	10.0	0.0	5.0	10.0	0.0	0.0	96.0	0.0	69.0	0.0	72.0	56.0	0.0	0.0	0.0	0.0	11.0	13.0	0.0	0.0	0.0	0.0	39.0	24.0	0.0	80.0	11.0	0.0	9.0	26.0	3.0	19.0	0.0	25.0	0.0	88.0	100.0	0.0	32.0	98.0	66.0	0.0	0.0	0.0	0.0	0.0	50.0	0.0	78.0	64.0	0.0	0.0	0.0	34.0	53.0	54.0	0.0	0.0	92.0	4.0	93.0	30.0	65.0	0.0
79.0	5.0	87.0	0.0	0.0	15.0	44.0	0.0	0.0	65.0	27.0	0.0	0.0	89.0	0.0	39.0	0.0	89.0	0.0	2.0	74.0	0.0	0.0	64.0	0.0	0.0	0.0	0.0	39.0	94.0	0.0	87.0	0.0	0.0	0.0	0.0	0.0	0.0	0.0	20.0	28.0	56.0	0.0	58.0	0.0	0.0	61.0	85.0	7.0	35.0	97.0	0.0	29.0	51.0	0.0	56.0	0.0	96.0	0.0	33.0	26.0	95.0	2.0	93.0	0.0	0.0	0.0	0.0	35.0	0.0	85.0	0.0	95.0	7.0	94.0	69.0	2.0	0.0	0.0	0.0	64.0	47.0	40.0	0.0	0.0	29.0	53.0	0.0	0.0	0.0	0.0	0.0	70.0	47.0	0.0	63.0	92.0	0.0	0.0
0.0	0.0	0.0	11.0	0.0	0.0	0.0	0.0	0.0	38.0	5.0	0.0	23.0	0.0	45.0	99.0	70.0	0.0	0.0	40.0	0.0	64.0	0.0	65.0	0.0	0.0	92.0	0.0	0.0	73.0	0.0	0.0	0.0	0.0	0.0	73.0	50.0	93.0	47.0	82.0	0.0	0.0	0.0	31.0	0.0	99.0	0.0	0.0	0.0	48.0	4.0	3.0	24.0	0.0	0.0	14.0	0.0	0.0	0.0	0.0	34.0	74.0	0.0	75.0	100.0	0.0	18.0	37.0	0.0	66.0	0.0	0.0	35.0	74.0	27.0	16.0	83.0	34.0	9.0	17.0	0.0	0.0	36.0	64.0	0.0	97.0	17.0	81.0	45.0	0.0	57.0	63.0	0.0	70.0	0.0	34.0	39.0	0.0
41.0	0.0	69.0	32.0	0.0	0.0	0.0	56.0	0.0	0.0	17.0	72.0	20.0	98.0	93.0	0.0	0.0	0.0	72.0	0.0	0.0	0.0	14.0	33.0	17.0	0.0	98.0	0.0	5.0	92.0	0.0	84.0	77.0	40.0	79.0	23.0	27.0	0.0	28.0	6.0	0.0	46.0	0.0	59.0	0.0	59.0	74.0	0.0	27.0	30.0	47.0	0.0	0.0	0.0	0.0	12.0	71.0	36.0	76.0	38.0	0.0	0.0	0.0	0.0	47.0	35.0	29.0	0.0	0.0	0.0	35.0	0.0	0.0	73.0	43.0	76.0	0.0	0.0	0.0	0.0	87.0	37.0	0.0	42.0	0.0	38.0	98.0	0.0	0.0	22.0	79.0	23.0	77.0	0.0	0.0	0.0	0.0
81.0	10.0	36.0	0.0	0.0	0.0	0.0	0.0	7.0	73.0	0.0	0.0	79.0	0.0	25.0	80.0	0.0	51.0	0.0	56.0	0.0	0.0	0.0	0.0	0.0	38.0	90.0	30.0	0.0	0.0	55.0	42.0	37.0	0.0	0.0	0.0	48.0	0.0	8.0	94.0	67.0	74.0	56.0	0.0	27.0	0.0	0.0	0.0	0.0	0.0	83.0	0.0	0.0	89.0	0.0	38.0	0.0	65.0	0.0	71.0	55.0	77.0	75.0	9.0	0.0	1.0	43.0	64.0	0.0	0.0	0.0	0.0	0.0	0.0	87.0	0.0	24.0	64.0	0.0	48.0	37.0	0.0	64.0	0.0	32.0	66.0	54.0	12.0	57.0	0.0	0.0	0.0	0.0	0.0	0.0	0.0
0.0	0.0	74.0	0.0	81.0	45.0	0.0	75.0	6.0	76.0	0.0	0.0	0.0	8.0	54.0	0.0	0.0	59.0	11.0	0.0	28.0	0.0	50.0	81.0	0.0	100.0	0.0	32.0	0.0	24.0	82.0	18.0	63.0	0.0	6.0	0.0	0.0	0.0	78.0	63.0	4.0	3.0	4.0	73.0	0.0	0.0	36.0	0.0	0.0	0.0	0.0	54.0	0.0	0.0	33.0	0.0	66.0	47.0	39.0	0.0	0.0	10.0	0.0	0.0	0.0	95.0	90.0	62.0	68.0	0.0	3.0	97.0	86.0	4.0	35.0	81.0	47.0	0.0	38.0	86.0	5.0	0.0	0.0	35.0	0.0	0.0	0.0	84.0	0.0	0.0	0.0	0.0	0.0	0.0	0.0
41.0	93.0	97.0	0.0	0.0	94.0	79.0	14.0	0.0	0.0	27.0	0.0	0.0	86.0	72.0	0.0	47.0	0.0	0.0	42.0	0.0	0.0	0.0	0.0	0.0	52.0	0.0	0.0	0.0	0.0	0.0	0.0	0.0	88.0	0.0	0.0	63.0	0.0	82.0	32.0	36.0	95.0	9.0	31.0	33.0	41.0	85.0	0.0	11.0	0.0	78.0	0.0	39.0	61.0	2.0	14.0	0.0	10.0	0.0	18.0	95.0	96.0	68.0	0.0	0.0	0.0	0.0	54.0	0.0	0.0	0.0	0.0	0.0	0.0	0.0	14.0	18.0	44.0	92.0	0.0	77.0	0.0	0.0	0.0	0.0	0.0	81.0	36.0	36.0	0.0	0.0	21.0	0.0	0.0
87.0	0.0	0.0	66.0	79.0	0.0	70.0	0.0	17.0	0.0	0.0	0.0	0.0	44.0	66.0	0.0	0.0	0.0	0.0	2.0	73.0	61.0	0.0	0.0	0.0	50.0	0.0	0.0	60.0	0.0	0.0	0.0	0.0	0.0	0.0	0.0	23.0	11.0	29.0	47.0	0.0	0.0	0.0	0.0	16.0	84.0	17.0	31.0	0.0	0.0	0.0	96.0	48.0	49.0	0.0	0.0	0.0	0.0	85.0	0.0	0.0	0.0	0.0	72.0	0.0	0.0	0.0	24.0	0.0	0.0	0.0	46.0	0.0	6.0	31.0	0.0	0.0	32.0	34.0	15.0	0.0	98.0	0.0	0.0	0.0	0.0	44.0	0.0	46.0	75.0	0.0	0.0	0.0
0.0	97.0	28.0	55.0	0.0	0.0	6.0	0.0	0.0	0.0	67.0	0.0	76.0	19.0	0.0	0.0	0.0	0.0	12.0	0.0	0.0	0.0	0.0	84.0	1.0	0.0	0.0	0.0	4.0	82.0	0.0	24.0	63.0	9.0	85.0	0.0	0.0	47.0	2.0	50.0	65.0	0.0	0.0	7.0	56.0	7.0	0.0	70.0	56.0	0.0	0.0	36.0	64.0	42.0	37.0	0.0	99.0	0.0	0.0	2.0	32.0	96.0	78.0	0.0	11.0	21.0	42.0	0.0	16.0	34.0	0.0	70.0	3.0	0.0	4.0	0.0	0.0	30.0	82.0	0.0	9.0	34.0	0.0	0.0	0.0	0.0	0.0	88.0	82.0	0.0	0.0	0.0
0.0	16.0	0.0	86.0	60.0	39.0	0.0	0.0	60.0	0.0	0.0	0.0	0.0	0.0	0.0	0.0	83.0	100.0	0.0	0.0	0.0	0.0	0.0	93.0	34.0	45.0	42.0	84.0	0.0	0.0	0.0	0.0	0.0	25.0	88.0	0.0	0.0	0.0	37.0	0.0	83.0	98.0	86.0	0.0	0.0	94.0	44.0	0.0	0.0	1.0	93.0	62.0	0.0	0.0	61.0	0.0	34.0	38.0	0.0	0.0	92.0	0.0	0.0	0.0	1.0	51.0	0.0	89.0	0.0	0.0	0.0	0.0	0.0	21.0	0.0	97.0	0.0	0.0	16.0	19.0	91.0	0.0	0.0	99.0	0.0	0.0	89.0	71.0	44.0	70.0	0.0
0.0	27.0	0.0	93.0	0.0	0.0	21.0	55.0	0.0	0.0	0.0	26.0	83.0	0.0	38.0	33.0	0.0	42.0	0.0	0.0	55.0	31.0	0.0	0.0	0.0	0.0	16.0	0.0	31.0	0.0	0.0	0.0	65.0	52.0	23.0	0.0	4.0	27.0	34.0	97.0	0.0	21.0	0.0	62.0	0.0	22.0	22.0	84.0	17.0	0.0	0.0	0.0	62.0	0.0	0.0	0.0	0.0	0.0	0.0	69.0	69.0	63.0	44.0	0.0	50.0	85.0	80.0	93.0	21.0	0.0	0.0	95.0	0.0	19.0	0.0	91.0	0.0	0.0	0.0	0.0	94.0	87.0	0.0	0.0	52.0	0.0	72.0	9.0	28.0	49.0
0.0	0.0	75.0	39.0	41.0	97.0	0.0	0.0	7.0	63.0	0.0	83.0	48.0	88.0	0.0	93.0	0.0	89.0	90.0	0.0	90.0	0.0	46.0	12.0	0.0	13.0	0.0	0.0	33.0	69.0	0.0	0.0	47.0	17.0	78.0	0.0	0.0	0.0	77.0	92.0	0.0	59.0	55.0	61.0	0.0	0.0	69.0	70.0	70.0	4.0	0.0	20.0	0.0	59.0	7.0	0.0	28.0	0.0	0.0	0.0	57.0	0.0	17.0	82.0	0.0	92.0	15.0	82.0	50.0	0.0	0.0	97.0	0.0	48.0	82.0	0.0	53.0	33.0	80.0	87.0	0.0	22.0	97.0	42.0	0.0	0.0	15.0	0.0	78.0
0.0	0.0	46.0	0.0	65.0	74.0	67.0	0.0	26.0	0.0	55.0	0.0	0.0	24.0	79.0	0.0	38.0	0.0	21.0	45.0	68.0	85.0	0.0	0.0	0.0	100.0	71.0	42.0	71.0	0.0	79.0	11.0	2.0	0.0	77.0	0.0	46.0	0.0	79.0	0.0	0.0	0.0	0.0	25.0	66.0	72.0	0.0	70.0	96.0	62.0	0.0	62.0	34.0	27.0	95.0	0.0	79.0	0.0	0.0	0.0	0.0	38.0	70.0	0.0	83.0	75.0	0.0	0.0	0.0	71.0	0.0	0.0	82.0	59.0	86.0	63.0	0.0	54.0	28.0	35.0	55.0	0.0	0.0	0.0	0.0	50.0	0.0	0.0
0.0	94.0	0.0	0.0	0.0	23.0	76.0	19.0	0.0	5.0	0.0	0.0	0.0	0.0	0.0	0.0	0.0	16.0	100.0	42.0	80.0	0.0	0.0	0.0	57.0	66.0	31.0	0.0	39.0	0.0	0.0	0.0	17.0	0.0	0.0	0.0	0.0	34.0	84.0	36.0	7.0	0.0	0.0	0.0	46.0	0.0	0.0	0.0	0.0	2.0	86.0	84.0	42.0	64.0	49.0	15.0	0.0	74.0	68.0	62.0	0.0	65.0	0.0	17.0	39.0	66.0	0.0	82.0	0.0	0.0	98.0	2.0	51.0	13.0	97.0	0.0	0.0	0.0	36.0	54.0	74.0	10.0	77.0	67.0	36.0	0.0	0.0
18.0	0.0	48.0	83.0	92.0	40.0	83.0	1.0	3.0	24.0	0.0	0.0	98.0	0.0	0.0	35.0	0.0	23.0	0.0	74.0	55.0	57.0	74.0	13.0	77.0	0.0	16.0	21.0	0.0	0.0	0.0	0.0	0.0	53.0	84.0	0.0	49.0	0.0	0.0	49.0	98.0	36.0	53.0	0.0	0.0	41.0	45.0	33.0	0.0	100.0	0.0	0.0	79.0	67.0	57.0	40.0	33.0	0.0	0.0	0.0	0.0	0.0	25.0	0.0	26.0	25.0	33.0	3.0	67.0	7.0	0.0	0.0	0.0	0.0	0.0	0.0	0.0	0.0	12.0	6.0	0.0	0.0	53.0	44.0	0.0	0.0
74.0	0.0	0.0	25.0	56.0	0.0	0.0	50.0	59.0	0.0	0.0	0.0	96.0	0.0	0.0	0.0	14.0	87.0	70.0	0.0	4.0	0.0	39.0	20.0	85.0	0.0	7.0	0.0	0.0	0.0	0.0	49.0	41.0	78.0	0.0	87.0	0.0	0.0	82.0	0.0	87.0	65.0	0.0	0.0	30.0	42.0	0.0	0.0	0.0	0.0	100.0	86.0	1.0	0.0	23.0	0.0	54.0	62.0	0.0	0.0	0.0	0.0	0.0	47.0	76.0	0.0	0.0	89.0	4.0	0.0	65.0	0.0	75.0	7.0	23.0	78.0	27.0	14.0	0.0	0.0	74.0	40.0	17.0	0.0	30.0
0.0	0.0	0.0	12.0	32.0	0.0	0.0	0.0	10.0	41.0	0.0	0.0	0.0	5.0	0.0	0.0	0.0	32.0	0.0	0.0	16.0	20.0	75.0	18.0	13.0	44.0	0.0	0.0	0.0	0.0	0.0	0.0	21.0	0.0	0.0	49.0	22.0	86.0	39.0	0.0	22.0	0.0	0.0	93.0	74.0	0.0	0.0	73.0	0.0	3.0	28.0	54.0	93.0	14.0	0.0	0.0	0.0	0.0	25.0	0.0	72.0	25.0	57.0	0.0	3.0	0.0	99.0	0.0	0.0	91.0	77.0	0.0	63.0	56.0	0.0	0.0	21.0	0.0	5.0	36.0	0.0	0.0	70.0	0.0
0.0	0.0	58.0	0.0	88.0	77.0	0.0	45.0	80.0	58.0	0.0	25.0	0.0	0.0	88.0	69.0	0.0	0.0	0.0	95.0	17.0	72.0	0.0	73.0	79.0	0.0	19.0	0.0	51.0	42.0	89.0	0.0	66.0	68.0	61.0	0.0	47.0	26.0	74.0	0.0	87.0	95.0	10.0	0.0	0.0	0.0	0.0	0.0	0.0	0.0	0.0	60.0	0.0	1.0	10.0	11.0	38.0	42.0	0.0	0.0	0.0	47.0	57.0	2.0	68.0	57.0	0.0	6.0	26.0	54.0	0.0	18.0	29.0	77.0	0.0	0.0	0.0	34.0	71.0	79.0	0.0	72.0	67.0
55.0	0.0	0.0	66.0	0.0	0.0	0.0	73.0	67.0	87.0	0.0	0.0	20.0	14.0	27.0	0.0	16.0	79.0	11.0	2.0	65.0	0.0	45.0	0.0	0.0	58.0	90.0	0.0	0.0	0.0	0.0	0.0	0.0	42.0	28.0	0.0	92.0	0.0	0.0	0.0	58.0	0.0	39.0	0.0	0.0	0.0	98.0	0.0	0.0	0.0	0.0	0.0	97.0	45.0	0.0	0.0	0.0	0.0	0.0	54.0	0.0	85.0	62.0	0.0	40.0	0.0	32.0	0.0	0.0	0.0	12.0	57.0	0.0	80.0	85.0	0.0	14.0	60.0	0.0	0.0	0.0	84.0
26.0	31.0	0.0	61.0	0.0	53.0	58.0	0.0	0.0	31.0	76.0	0.0	58.0	73.0	83.0	0.0	46.0	97.0	78.0	0.0	92.0	21.0	0.0	10.0	31.0	0.0	0.0	0.0	0.0	56.0	0.0	0.0	0.0	82.0	97.0	72.0	9.0	34.0	85.0	0.0	35.0	0.0	0.0	0.0	51.0	0.0	0.0	0.0	0.0	87.0	46.0	52.0	76.0	0.0	1.0	14.0	0.0	0.0	0.0	5.0	91.0	36.0	33.0	46.0	0.0	0.0	42.0	0.0	96.0	0.0	0.0	58.0	0.0	100.0	0.0	0.0	0.0	32.0	0.0	94.0	0.0
0.0	0.0	63.0	10.0	0.0	10.0	0.0	0.0	80.0	84.0	0.0	0.0	51.0	75.0	0.0	0.0	0.0	90.0	0.0	0.0	93.0	61.0	0.0	0.0	92.0	0.0	33.0	0.0	2.0	0.0	84.0	0.0	0.0	53.0	0.0	89.0	15.0	83.0	0.0	15.0	11.0	54.0	45.0	30.0	5.0	0.0	0.0	0.0	0.0	43.0	0.0	0.0	10.0	0.0	0.0	0.0	0.0	84.0	0.0	82.0	68.0	50.0	0.0	28.0	0.0	0.0	0.0	0.0	93.0	46.0	38.0	68.0	0.0	29.0	0.0	0.0	0.0	52.0	0.0	61.0
0.0	84.0	0.0	0.0	0.0	0.0	0.0	51.0	0.0	0.0	28.0	0.0	22.0	58.0	34.0	0.0	64.0	0.0	24.0	22.0	0.0	8.0	19.0	20.0	0.0	0.0	0.0	7.0	0.0	44.0	63.0	0.0	0.0	0.0	21.0	0.0	0.0	0.0	36.0	0.0	81.0	25.0	0.0	0.0	0.0	76.0	0.0	66.0	46.0	0.0	0.0	0.0	15.0	0.0	0.0	0.0	42.0	0.0	25.0	0.0	19.0	0.0	0.0	28.0	0.0	0.0	0.0	0.0	25.0	18.0	12.0	0.0	0.0	0.0	26.0	0.0	0.0	0.0	42.0
93.0	63.0	93.0	65.0	71.0	90.0	83.0	0.0	0.0	0.0	80.0	0.0	33.0	85.0	0.0	0.0	0.0	0.0	50.0	0.0	0.0	79.0	0.0	0.0	27.0	0.0	31.0	0.0	53.0	8.0	77.0	0.0	66.0	81.0	6.0	0.0	0.0	14.0	5.0	0.0	76.0	23.0	89.0	85.0	80.0	0.0	0.0	0.0	0.0	0.0	0.0	0.0	18.0	0.0	0.0	50.0	56.0	79.0	28.0	3.0	28.0	26.0	42.0	93.0	0.0	0.0	12.0	27.0	0.0	0.0	18.0	0.0	9.0	0.0	57.0	33.0	33.0	73.0
0.0	38.0	0.0	0.0	0.0	0.0	33.0	0.0	0.0	42.0	14.0	38.0	0.0	84.0	0.0	80.0	0.0	100.0	79.0	64.0	0.0	0.0	2.0	39.0	0.0	11.0	28.0	86.0	0.0	49.0	23.0	12.0	1.0	100.0	76.0	31.0	86.0	0.0	0.0	0.0	0.0	40.0	0.0	0.0	27.0	58.0	0.0	0.0	0.0	0.0	51.0	0.0	25.0	7.0	0.0	0.0	49.0	0.0	50.0	0.0	66.0	0.0	0.0	57.0	4.0	58.0	0.0	16.0	4.0	0.0	33.0	82.0	19.0	91.0	24.0	13.0	0.0
0.0	0.0	57.0	0.0	0.0	80.0	58.0	1.0	58.0	6.0	26.0	0.0	61.0	0.0	0.0	0.0	0.0	0.0	0.0	94.0	0.0	69.0	28.0	0.0	3.0	0.0	0.0	19.0	0.0	0.0	0.0	29.0	0.0	19.0	63.0	35.0	42.0	0.0	95.0	27.0	0.0	62.0	6.0	10.0	35.0	0.0	33.0	14.0	67.0	33.0	78.0	0.0	77.0	0.0	0.0	0.0	0.0	0.0	57.0	77.0	0.0	11.0	22.0	7.0	27.0	0.0	0.0	7.0	75.0	0.0	0.0	60.0	19.0	0.0	9.0	0.0
75.0	0.0	0.0	22.0	19.0	0.0	0.0	0.0	37.0	28.0	54.0	68.0	0.0	0.0	38.0	68.0	11.0	0.0	97.0	99.0	8.0	0.0	0.0	17.0	0.0	0.0	88.0	32.0	0.0	83.0	78.0	0.0	0.0	62.0	0.0	12.0	0.0	39.0	0.0	94.0	49.0	0.0	19.0	0.0	0.0	86.0	27.0	75.0	0.0	31.0	0.0	9.0	32.0	0.0	13.0	40.0	49.0	52.0	0.0	16.0	0.0	0.0	0.0	0.0	0.0	12.0	0.0	0.0	0.0	13.0	0.0	49.0	62.0	0.0	0.0
0.0	0.0	60.0	0.0	95.0	0.0	0.0	36.0	0.0	0.0	0.0	84.0	0.0	0.0	0.0	10.0	0.0	0.0	0.0	74.0	0.0	0.0	48.0	75.0	31.0	0.0	0.0	39.0	0.0	56.0	0.0	0.0	44.0	11.0	58.0	0.0	0.0	0.0	71.0	92.0	0.0	13.0	0.0	49.0	0.0	0.0	0.0	0.0	0.0	23.0	0.0	0.0	69.0	34.0	50.0	6.0	0.0	46.0	0.0	0.0	1.0	0.0	60.0	48.0	0.0	80.0	42.0	39.0	39.0	82.0	0.0	0.0	0.0	0.0
0.0	82.0	0.0	0.0	0.0	0.0	40.0	92.0	43.0	0.0	0.0	0.0	0.0	0.0	76.0	29.0	0.0	33.0	18.0	0.0	0.0	44.0	4.0	0.0	19.0	0.0	0.0	2.0	0.0	0.0	40.0	0.0	0.0	0.0	0.0	65.0	0.0	0.0	0.0	64.0	57.0	61.0	41.0	91.0	41.0	0.0	29.0	0.0	94.0	0.0	65.0	58.0	0.0	91.0	69.0	0.0	76.0	17.0	0.0	35.0	0.0	45.0	89.0	0.0	0.0	0.0	88.0	48.0	0.0	0.0	54.0	0.0	0.0
0.0	50.0	0.0	5.0	80.0	0.0	0.0	30.0	95.0	0.0	70.0	0.0	28.0	0.0	0.0	0.0	67.0	0.0	86.0	22.0	0.0	0.0	0.0	61.0	66.0	0.0	47.0	0.0	0.0	0.0	91.0	0.0	0.0	92.0	0.0	80.0	0.0	0.0	0.0	20.0	0.0	2.0	96.0	0.0	0.0	12.0	0.0	72.0	0.0	0.0	81.0	16.0	0.0	52.0	35.0	36.0	0.0	0.0	0.0	0.0	7.0	0.0	0.0	21.0	0.0	14.0	0.0	87.0	0.0	35.0	17.0	72.0
83.0	31.0	0.0	0.0	65.0	0.0	0.0	0.0	0.0	35.0	0.0	35.0	0.0	0.0	0.0	87.0	52.0	76.0	60.0	24.0	95.0	0.0	76.0	0.0	0.0	0.0	0.0	0.0	0.0	0.0	83.0	0.0	0.0	0.0	25.0	0.0	84.0	22.0	0.0	0.0	44.0	0.0	0.0	0.0	47.0	0.0	0.0	18.0	0.0	32.0	0.0	0.0	0.0	0.0	93.0	23.0	75.0	77.0	0.0	0.0	0.0	2.0	0.0	0.0	0.0	37.0	0.0	86.0	0.0	0.0	26.0
0.0	75.0	0.0	0.0	0.0	15.0	21.0	0.0	0.0	74.0	11.0	27.0	46.0	0.0	0.0	0.0	0.0	28.0	46.0	0.0	0.0	36.0	0.0	0.0	0.0	0.0	0.0	0.0	28.0	85.0	0.0	0.0	44.0	41.0	81.0	71.0	80.0	0.0	75.0	0.0	84.0	0.0	68.0	19.0	55.0	98.0	26.0	59.0	38.0	0.0	30.0	17.0	89.0	0.0	44.0	0.0	0.0	53.0	0.0	0.0	0.0	0.0	13.0	0.0	0.0	9.0	0.0	0.0	14.0	0.0
16.0	0.0	0.0	0.0	0.0	81.0	0.0	0.0	87.0	69.0	0.0	0.0	16.0	0.0	0.0	33.0	0.0	0.0	0.0	74.0	34.0	0.0	0.0	0.0	0.0	0.0	75.0	0.0	0.0	60.0	0.0	33.0	0.0	70.0	0.0	79.0	93.0	85.0	82.0	89.0	0.0	46.0	0.0	67.0	26.0	0.0	44.0	23.0	0.0	69.0	30.0	17.0	0.0	0.0	0.0	0.0	19.0	49.0	0.0	52.0	0.0	0.0	43.0	0.0	0.0	39.0	0.0	67.0	94.0
100.0	26.0	70.0	72.0	34.0	70.0	0.0	98.0	0.0	69.0	69.0	83.0	0.0	0.0	35.0	0.0	43.0	0.0	0.0	42.0	0.0	62.0	74.0	89.0	2.0	0.0	0.0	38.0	0.0	0.0	46.0	58.0	52.0	56.0	0.0	0.0	0.0	0.0	0.0	61.0	28.0	29.0	0.0	0.0	0.0	3.0	0.0	29.0	0.0	0.0	43.0	95.0	0.0	0.0	20.0	0.0	70.0	0.0	34.0	0.0	0.0	85.0	49.0	98.0	0.0	94.0	0.0	0.0
2.0	97.0	0.0	0.0	24.0	0.0	59.0	22.0	0.0	0.0	59.0	0.0	17.0	0.0	48.0	90.0	38.0	64.0	6.0	55.0	0.0	0.0	0.0	53.0	96.0	0.0	0.0	78.0	0.0	43.0	0.0	0.0	0.0	95.0	70.0	51.0	21.0	0.0	0.0	0.0	37.0	17.0	39.0	10.0	0.0	8.0	0.0	51.0	0.0	4.0	0.0	49.0	50.0	71.0	65.0	0.0	0.0	0.0	0.0	75.0	0.0	18.0	0.0	0.0	51.0	45.0	0.0
82.0	0.0	0.0	95.0	27.0	27.0	0.0	73.0	0.0	92.0	0.0	68.0	11.0	0.0	49.0	0.0	0.0	69.0	46.0	0.0	1.0	0.0	7.0	79.0	91.0	0.0	0.0	1.0	63.0	89.0	38.0	47.0	79.0	100.0	0.0	52.0	0.0	94.0	0.0	72.0	5.0	24.0	20.0	0.0	0.0	56.0	0.0	0.0	0.0	61.0	0.0	0.0	86.0	77.0	27.0	0.0	0.0	0.0	0.0	34.0	0.0	0.0	28.0	10.0	0.0	0.0
0.0	0.0	53.0	34.0	0.0	0.0	0.0	56.0	27.0	84.0	33.0	73.0	5.0	0.0	74.0	0.0	48.0	0.0	0.0	67.0	72.0	0.0	87.0	20.0	0.0	49.0	0.0	5.0	0.0	0.0	0.0	0.0	0.0	74.0	0.0	0.0	1.0	0.0	0.0	0.0	16.0	0.0	100.0	75.0	0.0	0.0	35.0	0.0	0.0	9.0	0.0	81.0	0.0	47.0	9.0	0.0	0.0	0.0	54.0	40.0	0.0	52.0	8.0	0.0	0.0
0.0	95.0	0.0	0.0	0.0	17.0	0.0	0.0	91.0	25.0	0.0	0.0	21.0	84.0	0.0	0.0	88.0	0.0	0.0	0.0	33.0	47.0	82.0	0.0	0.0	0.0	76.0	0.0	0.0	38.0	0.0	0.0	0.0	0.0	0.0	0.0	46.0	0.0	44.0	0.0	30.0	0.0	0.0	20.0	7.0	0.0	0.0	47.0	0.0	0.0	54.0	78.0	0.0	79.0	0.0	0.0	39.0	0.0	0.0	67.0	0.0	87.0	42.0	20.0
38.0	46.0	72.0	0.0	0.0	60.0	0.0	0.0	20.0	0.0	29.0	78.0	0.0	31.0	99.0	0.0	0.0	0.0	39.0	0.0	59.0	70.0	57.0	58.0	0.0	84.0	0.0	0.0	69.0	0.0	0.0	30.0	20.0	0.0	0.0	0.0	64.0	38.0	0.0	35.0	0.0	60.0	0.0	0.0	28.0	97.0	0.0	0.0	91.0	0.0	34.0	0.0	0.0	0.0	0.0	0.0	64.0	83.0	94.0	0.0	0.0	20.0	61.0
0.0	0.0	0.0	6.0	0.0	11.0	33.0	55.0	27.0	0.0	0.0	0.0	0.0	0.0	0.0	0.0	50.0	0.0	0.0	0.0	0.0	0.0	0.0	49.0	0.0	0.0	4.0	71.0	61.0	0.0	0.0	73.0	0.0	0.0	0.0	0.0	0.0	30.0	0.0	15.0	97.0	65.0	82.0	0.0	0.0	33.0	72.0	71.0	0.0	80.0	0.0	0.0	91.0	37.0	37.0	0.0	70.0	0.0	44.0	0.0	33.0	69.0
89.0	88.0	0.0	0.0	75.0	29.0	0.0	5.0	0.0	85.0	25.0	33.0	0.0	82.0	0.0	0.0	100.0	13.0	51.0	43.0	52.0	39.0	0.0	0.0	55.0	64.0	0.0	92.0	0.0	0.0	69.0	53.0	0.0	0.0	0.0	94.0	0.0	0.0	31.0	71.0	61.0	7.0	55.0	99.0	78.0	16.0	16.0	0.0	30.0	0.0	89.0	64.0	0.0	71.0	0.0	0.0	0.0	94.0	0.0	55.0	67.0
0.0	0.0	0.0	69.0	41.0	0.0	0.0	0.0	36.0	38.0	0.0	0.0	0.0	91.0	61.0	0.0	85.0	14.0	0.0	84.0	79.0	0.0	0.0	61.0	0.0	0.0	53.0	0.0	0.0	0.0	0.0	21.0	0.0	93.0	86.0	0.0	61.0	0.0	0.0	0.0	49.0	81.0	0.0	0.0	6.0	49.0	17.0	35.0	52.0	5.0	99.0	0.0	61.0	18.0	24.0	0.0	10.0	0.0	66.0	70.0
9.0	0.0	0.0	41.0	0.0	91.0	63.0	80.0	66.0	16.0	0.0	0.0	0.0	59.0	0.0	18.0	96.0	48.0	0.0	0.0	0.0	0.0	72.0	81.0	0.0	85.0	77.0	30.0	0.0	0.0	44.0	0.0	95.0	63.0	91.0	49.0	12.0	21.0	0.0	0.0	0.0	0.0	0.0	0.0	0.0	47.0	99.0	39.0	0.0	0.0	72.0	27.0	0.0	40.0	0.0	44.0	0.0	0.0	95.0
29.0	0.0	52.0	89.0	64.0	0.0	50.0	17.0	4.0	18.0	7.0	85.0	0.0	63.0	96.0	36.0	0.0	44.0	84.0	0.0	0.0	0.0	87.0	0.0	0.0	75.0	95.0	0.0	15.0	0.0	87.0	26.0	37.0	4.0	0.0	0.0	0.0	0.0	54.0	0.0	0.0	0.0	38.0	18.0	87.0	96.0	0.0	0.0	75.0	0.0	58.0	94.0	0.0	0.0	0.0	5.0	0.0	11.0
0.0	93.0	84.0	0.0	0.0	0.0	0.0	38.0	0.0	0.0	35.0	33.0	0.0	0.0	70.0	0.0	33.0	34.0	0.0	0.0	99.0	10.0	0.0	37.0	0.0	11.0	0.0	0.0	26.0	36.0	91.0	0.0	71.0	53.0	0.0	0.0	89.0	35.0	0.0	66.0	7.0	0.0	0.0	0.0	29.0	76.0	68.0	45.0	63.0	92.0	0.0	0.0	69.0	0.0	0.0	87.0	0.0
0.0	0.0	21.0	35.0	0.0	61.0	0.0	50.0	0.0	0.0	0.0	39.0	60.0	11.0	0.0	25.0	0.0	43.0	0.0	37.0	0.0	0.0	0.0	64.0	61.0	0.0	66.0	82.0	0.0	0.0	60.0	0.0	0.0	0.0	0.0	47.0	67.0	0.0	0.0	92.0	0.0	89.0	0.0	98.0	87.0	84.0	0.0	32.0	0.0	0.0	63.0	43.0	0.0	5.0	0.0	0.0
0.0	26.0	0.0	0.0	0.0	40.0	78.0	0.0	0.0	51.0	74.0	38.0	0.0	13.0	0.0	70.0	79.0	0.0	88.0	0.0	0.0	0.0	19.0	79.0	97.0	0.0	5.0	0.0	41.0	96.0	75.0	0.0	0.0	0.0	0.0	15.0	56.0	5.0	83.0	67.0	0.0	0.0	0.0	21.0	79.0	54.0	0.0	83.0	0.0	0.0	54.0	0.0	1.0	0.0	54.0
0.0	11.0	57.0	66.0	79.0	0.0	0.0	57.0	0.0	0.0	24.0	93.0	69.0	0.0	0.0	0.0	27.0	0.0	96.0	5.0	0.0	0.0	54.0	0.0	62.0	0.0	63.0	47.0	24.0	0.0	0.0	99.0	32.0	0.0	0.0	0.0	0.0	0.0	0.0	0.0	0.0	40.0	78.0	90.0	55.0	0.0	0.0	0.0	34.0	0.0	0.0	0.0	0.0	47.0
15.0	0.0	0.0	0.0	59.0	43.0	0.0	0.0	0.0	0.0	0.0	0.0	0.0	0.0	15.0	0.0	0.0	5.0	13.0	0.0	69.0	0.0	39.0	0.0	74.0	0.0	0.0	89.0	79.0	63.0	29.0	0.0	0.0	0.0	74.0	0.0	31.0	0.0	92.0	39.0	0.0	56.0	0.0	16.0	0.0	0.0	0.0	11.0	44.0	0.0	81.0	0.0	82.0
0.0	31.0	22.0	77.0	0.0	13.0	77.0	78.0	0.0	24.0	8.0	44.0	67.0	0.0	0.0	0.0	0.0	0.0	54.0	0.0	0.0	0.0	50.0	0.0	34.0	0.0	0.0	36.0	45.0	0.0	0.0	0.0	61.0	0.0	48.0	67.0	0.0	0.0	0.0	0.0	28.0	39.0	0.0	6.0	94.0	27.0	14.0	32.0	53.0	61.0	0.0	0.0
84.0	0.0	0.0	0.0	83.0	71.0	0.0	0.0	68.0	42.0	50.0	0.0	0.0	0.0	85.0	0.0	97.0	0.0	11.0	47.0	67.0	0.0	0.0	0.0	0.0	40.0	43.0	41.0	0.0	0.0	69.0	13.0	61.0	0.0	86.0	75.0	21.0	72.0	72.0	0.0	0.0	32.0	0.0	0.0	25.0	0.0	4.0	48.0	0.0	49.0	0.0
69.0	0.0	99.0	81.0	83.0	12.0	0.0	0.0	13.0	95.0	20.0	0.0	0.0	71.0	0.0	68.0	64.0	94.0	5.0	0.0	3.0	77.0	6.0	41.0	81.0	0.0	0.0	0.0	0.0	18.0	83.0	74.0	57.0	66.0	55.0	80.0	0.0	51.0	0.0	0.0	0.0	0.0	0.0	39.0	1.0	26.0	0.0	14.0	0.0	22.0
19.0	0.0	75.0	57.0	0.0	30.0	0.0	40.0	45.0	0.0	0.0	0.0	0.0	84.0	0.0	18.0	62.0	0.0	0.0	85.0	71.0	9.0	54.0	67.0	72.0	0.0	60.0	79.0	0.0	95.0	73.0	89.0	0.0	0.0	0.0	0.0	0.0	0.0	0.0	65.0	0.0	91.0	0.0	64.0	0.0	86.0	4.0	0.0	0.0
0.0	49.0	0.0	0.0	0.0	14.0	46.0	0.0	1.0	23.0	0.0	0.0	81.0	12.0	0.0	0.0	0.0	71.0	0.0	0.0	0.0	91.0	0.0	10.0	0.0	0.0	53.0	19.0	0.0	55.0	0.0	61.0	0.0	0.0	78.0	65.0	93.0	0.0	78.0	0.0	6.0	95.0	0.0	0.0	0.0	0.0	0.0	0.0
0.0	0.0	0.0	0.0	0.0	0.0	0.0	49.0	0.0	3.0	63.0	0.0	46.0	0.0	0.0	28.0	0.0	0.0	34.0	4.0	5.0	68.0	36.0	0.0	0.0	47.0	91.0	0.0	14.0	75.0	87.0	0.0	0.0	12.0	0.0	0.0	3.0	44.0	0.0	0.0	86.0	0.0	0.0	0.0	79.0	3.0	70.0
0.0	39.0	0.0	0.0	22.0	0.0	0.0	59.0	0.0	0.0	0.0	3.0	84.0	0.0	92.0	0.0	76.0	0.0	92.0	0.0	8.0	0.0	38.0	70.0	86.0	66.0	11.0	72.0	0.0	0.0	0.0	0.0	69.0	0.0	0.0	1.0	0.0	0.0	12.0	62.0	40.0	0.0	0.0	56.0	24.0	0.0
0.0	0.0	0.0	41.0	0.0	0.0	13.0	42.0	0.0	0.0	0.0	56.0	88.0	0.0	51.0	0.0	0.0	0.0	66.0	68.0	32.0	0.0	0.0	0.0	58.0	0.0	0.0	13.0	9.0	0.0	0.0	0.0	0.0	0.0	34.0	0.0	0.0	28.0	49.0	0.0	85.0	0.0	29.0	0.0	0.0
68.0	74.0	0.0	8.0	100.0	0.0	0.0	0.0	0.0	46.0	21.0	38.0	0.0	35.0	82.0	0.0	3.0	0.0	28.0	97.0	0.0	6.0	0.0	0.0	8.0	19.0	84.0	76.0	98.0	0.0	92.0	0.0	79.0	6.0	0.0	84.0	47.0	78.0	0.0	90.0	0.0	81.0	0.0	30.0
0.0	0.0	0.0	0.0	18.0	15.0	0.0	91.0	84.0	0.0	23.0	0.0	0.0	0.0	0.0	65.0	93.0	0.0	59.0	15.0	0.0	0.0	99.0	17.0	66.0	56.0	0.0	0.0	94.0	0.0	23.0	21.0	0.0	6.0	14.0	15.0	0.0	31.0	0.0	0.0	0.0	68.0	0.0
0.0	64.0	59.0	46.0	53.0	10.0	0.0	22.0	21.0	0.0	0.0	93.0	47.0	0.0	0.0	15.0	0.0	0.0	0.0	0.0	0.0	16.0	0.0	0.0	84.0	30.0	59.0	0.0	0.0	77.0	0.0	0.0	11.0	51.0	0.0	71.0	0.0	0.0	98.0	49.0	45.0	0.0
0.0	61.0	0.0	0.0	11.0	0.0	76.0	0.0	12.0	0.0	0.0	61.0	17.0	0.0	0.0	99.0	93.0	0.0	90.0	23.0	0.0	0.0	0.0	0.0	0.0	0.0	66.0	0.0	0.0	0.0	0.0	0.0	0.0	23.0	0.0	42.0	38.0	0.0	24.0	0.0	65.0
0.0	0.0	12.0	84.0	66.0	0.0	81.0	7.0	7.0	76.0	0.0	9.0	78.0	89.0	0.0	61.0	55.0	0.0	0.0	2.0	93.0	0.0	77.0	0.0	0.0	95.0	61.0	0.0	0.0	0.0	0.0	34.0	0.0	58.0	0.0	0.0	34.0	0.0	21.0	14.0
74.0	0.0	0.0	0.0	0.0	73.0	0.0	0.0	0.0	31.0	0.0	20.0	81.0	0.0	15.0	0.0	0.0	75.0	50.0	15.0	63.0	1.0	82.0	0.0	40.0	0.0	0.0	99.0	0.0	0.0	3.0	0.0	74.0	0.0	0.0	0.0	0.0	0.0	0.0
0.0	0.0	0.0	0.0	0.0	33.0	37.0	0.0	0.0	0.0	0.0	100.0	60.0	30.0	0.0	0.0	0.0	21.0	0.0	0.0	0.0	96.0	75.0	45.0	74.0	92.0	40.0	0.0	0.0	0.0	0.0	11.0	0.0	31.0	89.0	0.0	75.0	0.0
15.0	0.0	73.0	0.0	0.0	0.0	9.0	0.0	0.0	0.0	15.0	53.0	92.0	0.0	52.0	0.0	0.0	5.0	0.0	60.0	6.0	0.0	90.0	98.0	0.0	0.0	66.0	92.0	49.0	0.0	0.0	20.0	0.0	0.0	36.0	84.0	0.0
0.0	0.0	65.0	14.0	0.0	0.0	58.0	0.0	75.0	0.0	0.0	0.0	0.0	0.0	0.0	56.0	70.0	0.0	0.0	10.0	0.0	58.0	0.0	0.0	0.0	96.0	31.0	0.0	9.0	6.0	0.0	23.0	55.0	0.0	0.0	63.0
0.0	6.0	0.0	0.0	9.0	100.0	0.0	0.0	0.0	0.0	39.0	36.0	0.0	2.0	0.0	0.0	47.0	0.0	0.0	0.0	0.0	0.0	0.0	60.0	43.0	50.0	8.0	54.0	4.0	49.0	0.0	0.0	71.0	4.0	1.0
0.0	0.0	0.0	0.0	49.0	10.0	0.0	0.0	0.0	0.0	0.0	0.0	0.0	0.0	76.0	0.0	0.0	28.0	0.0	22.0	0.0	0.0	0.0	0.0	0.0	95.0	0.0	72.0	69.0	80.0	0.0	0.0	0.0	0.0
0.0	0.0	90.0	0.0	42.0	0.0	0.0	0.0	100.0	0.0	78.0	0.0	16.0	0.0	0.0	51.0	21.0	0.0	0.0	14.0	11.0	33.0	28.0	0.0	0.0	0.0	7.0	30.0	32.0	0.0	0.0	59.0	48.0
67.0	30.0	82.0	21.0	0.0	0.0	0.0	91.0	83.0	0.0	12.0	0.0	51.0	0.0	70.0	1.0	0.0	44.0	70.0	58.0	98.0	11.0	0.0	55.0	21.0	0.0	0.0	0.0	0.0	0.0	0.0	0.0
0.0	31.0	59.0	0.0	0.0	0.0	0.0	73.0	82.0	0.0	0.0	98.0	0.0	60.0	5.0	0.0	83.0	60.0	0.0	25.0	0.0	0.0	0.0	37.0	0.0	0.0	80.0	0.0	0.0	0.0	0.0
0.0	0.0	0.0	62.0	0.0	28.0	42.0	0.0	66.0	0.0	0.0	40.0	7.0	0.0	0.0	18.0	0.0	0.0	17.0	20.0	0.0	0.0	76.0	55.0	0.0	0.0	77.0	0.0	0.0	7.0
92.0	0.0	14.0	43.0	44.0	0.0	44.0	0.0	0.0	0.0	0.0	0.0	33.0	8.0	0.0	63.0	18.0	0.0	28.0	26.0	46.0	96.0	0.0	87.0	0.0	0.0	0.0	100.0	0.0
93.0	85.0	19.0	0.0	0.0	0.0	21.0	21.0	0.0	0.0	0.0	0.0	25.0	0.0	37.0	0.0	65.0	46.0	19.0	90.0	100.0	0.0	9.0	84.0	16.0	48.0	35.0	0.0
70.0	11.0	33.0	0.0	49.0	0.0	0.0	60.0	32.0	11.0	0.0	55.0	0.0	43.0	34.0	0.0	33.0	27.0	13.0	33.0	17.0	100.0	0.0	0.0	42.0	95.0	0.0
0.0	45.0	0.0	0.0	0.0	95.0	0.0	30.0	0.0	81.0	52.0	22.0	1.0	0.0	17.0	0.0	30.0	0.0	14.0	66.0	6.0	62.0	0.0	0.0	93.0	0.0
0.0	87.0	31.0	68.0	49.0	22.0	1.0	0.0	0.0	47.0	11.0	0.0	0.0	0.0	0.0	59.0	0.0	95.0	8.0	0.0	0.0	0.0	0.0	0.0	58.0
0.0	1.0	0.0	36.0	43.0	41.0	100.0	0.0	0.0	0.0	95.0	70.0	0.0	0.0	88.0	0.0	0.0	0.0	0.0	86.0	0.0	28.0	0.0	69.0
70.0	30.0	40.0	0.0	8.0	69.0	9.0	0.0	82.0	0.0	0.0	0.0	88.0	55.0	84.0	0.0	17.0	0.0	0.0	52.0	75.0	0.0	0.0
0.0	42.0	88.0	18.0	55.0	0.0	1.0	79.0	22.0	2.0	0.0	11.0	0.0	51.0	40.0	0.0	0.0	16.0	0.0	0.0	0.0	0.0
0.0	0.0	0.0	0.0	76.0	0.0	0.0	0.0	0.0	62.0	29.0	0.0	0.0	0.0	0.0	3.0	41.0	0.0	0.0	23.0	0.0
82.0	33.0	0.0	7.0	95.0	27.0	0.0	33.0	0.0	0.0	0.0	50.0	59.0	0.0	0.0	0.0	98.0	83.0	45.0	100.0
52.0	0.0	80.0	4.0	67.0	0.0	0.0	73.0	97.0	100.0	18.0	0.0	70.0	77.0	0.0	0.0	0.0	89.0	82.0
15.0	0.0	12.0	0.0	0.0	50.0	0.0	39.0	14.0	0.0	59.0	0.0	0.0	83.0	58.0	58.0	31.0	99.0
0.0	44.0	8.0	27.0	24.0	31.0	0.0	67.0	77.0	0.0	0.0	0.0	75.0	92.0	6.0	0.0	0.0
0.0	64.0	0.0	64.0	0.0	0.0	0.0	35.0	0.0	41.0	53.0	21.0	0.0	0.0	0.0	16.0
0.0	0.0	0.0	0.0	11.0	0.0	81.0	24.0	0.0	11.0	0.0	22.0	0.0	0.0	0.0
57.0	90.0	0.0	0.0	99.0	0.0	0.0	0.0	0.0	0.0	0.0	45.0	9.0	0.0
0.0	77.0	5.0	73.0	40.0	0.0	27.0	28.0	52.0	69.0	0.0	65.0	0.0
0.0	0.0	2.0	0.0	42.0	58.0	82.0	23.0	0.0	37.0	53.0	0.0
83.0	89.0	32.0	79.0	18.0	14.0	84.0	23.0	0.0	62.0	96.0
0.0	0.0	0.0	22.0	79.0	0.0	8.0	0.0	0.0	48.0
0.0	0.0	50.0	22.0	0.0	0.0	7.0	75.0	59.0
0.0	0.0	0.0	0.0	74.0	0.0	86.0	46.0
0.0	0.0	0.0	0.0	0.0	0.0	30.0
0.0	12.0	0.0	65.0	0.0	0.0
0.0	0.0	99.0	0.0	0.0
23.0	28.0	51.0	93.0
72.0	57.0	91.0
0.0	0.0
22.0

18.0	12.0	18.0	39.0	38.0	5.0	22.0	4.0	29.0	47.0	40.0	34.0	15.0	40.0	2.0	8.0	19.0	17.0	33.0	25.0	2.0	24.0	11.0	35.0	34.0	41.0	42.0	35.0	28.0	49.0	48.0	33.0	14.0	3.0	32.0	31.0	41.0	8.0	35.0	23.0	13.0	15.0	19.0	11.0	49.0	16.0	2.0	39.0	3.0	44.0	6.0	35.0	4.0	9.0	8.0	42.0	18.0	19.0	31.0	22.0	49.0	26.0	26.0	11.0	9.0	39.0	26.0	33.0	31.0	43.0	30.0	34.0	1.0	30.0	43.0	36.0	36.0	48.0	25.0	30.0	44.0	30.0	35.0	44.0	14.0	16.0	39.0	39.0	44.0	46.0	30.0	10.0	12.0	49.0	36.0	8.0	49.0	20.0	46.0	13.0	21.0	36.0	2.0	40.0	43.0	43.0	45.0	39.0	49.0	11.0	32.0	36.0	7.0	43.0	41.0	34.0	45.0	27.0	5.0	34.0	17.0	15.0	39.0	37.0	4.0	44.0	27.0	32.0	27.0	11.0	6.0	2.0	4.0	7.0	29.0	10.0	2.0	40.0	1.0	48.0	7.0	6.0	42.0	4.0	2.0	1.0	10.0	39.0	31.0	50.0	29.0	2.0	39.0	40.0	36.0	20.0	4.0	27.0	16.0	26.0	2.0	23.0	18.0	1.0	15.0	46.0	21.0	25.0	36.0	11.0	10.0	38.0	23.0	17.0	24.0	18.0	49.0	13.0	15.0	35.0	18.0	38.0	47.0	47.0	18.0	38.0	5.0	7.0	8.0	7.0	24.0	42.0	34.0	27.0	31.0	17.0	10.0	44.0	47.0	29.0

409.04	409.04	409.04	409.04	409.04	409.04	409.04	409.04	409.04	409.04
