qmkp_100_25_5_007
100
5

0.0	0.0	72.0	73.0	0.0	0.0	41.0	0.0	33.0	92.0	0.0	0.0	4.0	0.0	0.0	0.0	0.0	0.0	0.0	0.0	0.0	0.0	0.0	62.0	0.0	0.0	0.0	0.0	0.0	0.0	0.0	0.0	69.0	0.0	0.0	0.0	0.0	0.0	0.0	50.0	0.0	0.0	0.0	0.0	0.0	26.0	0.0	0.0	0.0	7.0	0.0	0.0	0.0	0.0	0.0	0.0	39.0	71.0	23.0	61.0	0.0	39.0	18.0	0.0	0.0	0.0	33.0	12.0	0.0	0.0	0.0	0.0	0.0	0.0	78.0	0.0	0.0	95.0	0.0	0.0	0.0	0.0	0.0	50.0	0.0	47.0	0.0	0.0	0.0	77.0	0.0	0.0	0.0	0.0	0.0	52.0	0.0	0.0	0.0	84.0
31.0	0.0	0.0	98.0	0.0	0.0	6.0	74.0	0.0	0.0	0.0	0.0	0.0	13.0	0.0	0.0	0.0	83.0	0.0	41.0	0.0	0.0	0.0	0.0	69.0	0.0	0.0	7.0	0.0	39.0	0.0	0.0	0.0	76.0	0.0	0.0	0.0	0.0	0.0	0.0	81.0	0.0	0.0	61.0	0.0	0.0	0.0	0.0	0.0	82.0	0.0	5.0	0.0	93.0	0.0	0.0	0.0	0.0	0.0	0.0	0.0	0.0	10.0	0.0	0.0	15.0	0.0	59.0	0.0	0.0	88.0	0.0	0.0	0.0	0.0	70.0	0.0	0.0	0.0	38.0	0.0	0.0	89.0	0.0	51.0	0.0	0.0	2.0	0.0	0.0	0.0	0.0	68.0	88.0	90.0	0.0	0.0	0.0	0.0
0.0	0.0	0.0	0.0	0.0	97.0	0.0	0.0	0.0	0.0	0.0	0.0	29.0	0.0	0.0	50.0	28.0	0.0	0.0	0.0	0.0	0.0	0.0	0.0	0.0	0.0	0.0	0.0	0.0	0.0	0.0	72.0	88.0	0.0	0.0	6.0	50.0	0.0	0.0	0.0	12.0	0.0	0.0	0.0	0.0	0.0	68.0	0.0	0.0	0.0	0.0	0.0	0.0	83.0	4.0	81.0	0.0	0.0	0.0	0.0	47.0	0.0	35.0	0.0	56.0	7.0	0.0	28.0	0.0	0.0	0.0	0.0	0.0	27.0	88.0	78.0	0.0	40.0	0.0	0.0	49.0	0.0	81.0	0.0	38.0	0.0	0.0	0.0	0.0	0.0	0.0	0.0	0.0	0.0	0.0	0.0	0.0	0.0
0.0	0.0	0.0	7.0	93.0	37.0	0.0	0.0	0.0	0.0	0.0	17.0	0.0	0.0	0.0	2.0	0.0	0.0	0.0	0.0	0.0	0.0	0.0	0.0	0.0	0.0	0.0	72.0	0.0	0.0	29.0	0.0	0.0	21.0	0.0	0.0	0.0	0.0	0.0	0.0	0.0	0.0	0.0	1.0	0.0	0.0	91.0	0.0	0.0	0.0	0.0	0.0	0.0	0.0	82.0	26.0	90.0	78.0	74.0	0.0	0.0	0.0	16.0	0.0	0.0	31.0	0.0	0.0	0.0	4.0	0.0	89.0	0.0	0.0	5.0	20.0	62.0	0.0	56.0	16.0	0.0	0.0	56.0	0.0	0.0	0.0	0.0	49.0	8.0	6.0	91.0	0.0	86.0	0.0	9.0	9.0	0.0
0.0	0.0	0.0	0.0	0.0	0.0	0.0	0.0	50.0	4.0	0.0	0.0	0.0	0.0	0.0	0.0	0.0	0.0	0.0	0.0	0.0	44.0	0.0	0.0	0.0	0.0	0.0	0.0	0.0	0.0	0.0	0.0	17.0	0.0	0.0	0.0	43.0	0.0	0.0	0.0	0.0	0.0	0.0	0.0	0.0	0.0	22.0	56.0	0.0	63.0	0.0	0.0	0.0	0.0	33.0	70.0	0.0	0.0	10.0	23.0	0.0	0.0	52.0	54.0	0.0	0.0	0.0	0.0	52.0	0.0	0.0	0.0	0.0	0.0	0.0	36.0	0.0	87.0	0.0	54.0	83.0	0.0	0.0	65.0	62.0	0.0	46.0	0.0	0.0	0.0	0.0	0.0	20.0	0.0	0.0	0.0
0.0	0.0	0.0	0.0	0.0	0.0	0.0	0.0	0.0	0.0	0.0	1.0	0.0	54.0	0.0	0.0	0.0	0.0	0.0	7.0	83.0	0.0	18.0	0.0	0.0	0.0	69.0	0.0	0.0	0.0	0.0	0.0	0.0	0.0	0.0	0.0	0.0	0.0	86.0	0.0	0.0	0.0	31.0	0.0	74.0	0.0	0.0	0.0	0.0	69.0	0.0	0.0	89.0	0.0	9.0	0.0	0.0	0.0	0.0	0.0	0.0	45.0	48.0	0.0	71.0	47.0	0.0	0.0	0.0	0.0	39.0	0.0	0.0	0.0	0.0	0.0	0.0	0.0	0.0	0.0	0.0	0.0	0.0	0.0	30.0	0.0	0.0	0.0	0.0	0.0	94.0	19.0	0.0	0.0	93.0
0.0	0.0	0.0	86.0	0.0	0.0	0.0	0.0	0.0	92.0	0.0	0.0	39.0	21.0	0.0	0.0	0.0	0.0	70.0	0.0	0.0	0.0	0.0	0.0	17.0	0.0	57.0	0.0	0.0	0.0	0.0	0.0	0.0	95.0	0.0	0.0	77.0	0.0	0.0	0.0	0.0	0.0	0.0	74.0	0.0	0.0	0.0	0.0	38.0	0.0	0.0	85.0	0.0	0.0	0.0	0.0	0.0	3.0	22.0	0.0	3.0	0.0	72.0	0.0	31.0	0.0	0.0	0.0	0.0	0.0	49.0	82.0	0.0	0.0	0.0	44.0	0.0	31.0	12.0	33.0	0.0	0.0	12.0	0.0	0.0	86.0	0.0	0.0	0.0	0.0	0.0	12.0	79.0	0.0
23.0	0.0	0.0	0.0	0.0	48.0	0.0	47.0	0.0	31.0	0.0	0.0	80.0	89.0	0.0	0.0	46.0	83.0	0.0	0.0	0.0	0.0	0.0	0.0	0.0	15.0	0.0	0.0	47.0	0.0	0.0	0.0	0.0	20.0	0.0	0.0	76.0	0.0	9.0	0.0	0.0	77.0	0.0	48.0	0.0	0.0	0.0	0.0	26.0	0.0	0.0	0.0	0.0	0.0	75.0	0.0	0.0	0.0	0.0	0.0	23.0	14.0	0.0	5.0	0.0	0.0	0.0	0.0	0.0	0.0	0.0	0.0	0.0	0.0	0.0	0.0	0.0	74.0	0.0	0.0	66.0	0.0	0.0	0.0	0.0	0.0	0.0	2.0	77.0	54.0	0.0	28.0	0.0
0.0	0.0	0.0	0.0	7.0	0.0	21.0	0.0	0.0	0.0	71.0	0.0	0.0	0.0	72.0	0.0	68.0	0.0	0.0	0.0	78.0	0.0	0.0	66.0	0.0	0.0	0.0	0.0	0.0	0.0	0.0	66.0	0.0	0.0	32.0	0.0	0.0	0.0	28.0	0.0	0.0	25.0	0.0	0.0	27.0	0.0	0.0	0.0	0.0	91.0	46.0	47.0	0.0	0.0	0.0	0.0	0.0	0.0	0.0	13.0	0.0	0.0	0.0	37.0	0.0	0.0	95.0	0.0	0.0	67.0	9.0	0.0	0.0	0.0	58.0	28.0	0.0	57.0	0.0	0.0	0.0	15.0	0.0	50.0	68.0	0.0	0.0	0.0	0.0	0.0	0.0	43.0
0.0	15.0	0.0	0.0	0.0	84.0	0.0	29.0	0.0	0.0	0.0	36.0	0.0	46.0	0.0	32.0	0.0	0.0	0.0	0.0	96.0	0.0	0.0	0.0	0.0	0.0	0.0	0.0	59.0	0.0	0.0	0.0	0.0	1.0	0.0	0.0	89.0	0.0	0.0	0.0	0.0	0.0	0.0	0.0	0.0	0.0	78.0	59.0	78.0	0.0	0.0	0.0	0.0	35.0	0.0	0.0	0.0	0.0	0.0	29.0	64.0	0.0	0.0	0.0	0.0	0.0	0.0	0.0	56.0	0.0	0.0	0.0	41.0	94.0	0.0	0.0	0.0	75.0	0.0	83.0	34.0	0.0	0.0	0.0	0.0	0.0	0.0	0.0	0.0	0.0	20.0
0.0	67.0	18.0	0.0	0.0	0.0	0.0	0.0	0.0	79.0	0.0	0.0	33.0	0.0	0.0	47.0	62.0	72.0	40.0	0.0	0.0	0.0	0.0	0.0	0.0	0.0	0.0	21.0	0.0	0.0	0.0	0.0	10.0	0.0	67.0	0.0	0.0	82.0	14.0	0.0	25.0	26.0	26.0	0.0	0.0	0.0	0.0	0.0	0.0	0.0	0.0	0.0	0.0	0.0	49.0	22.0	89.0	66.0	0.0	0.0	0.0	0.0	0.0	0.0	0.0	2.0	0.0	0.0	68.0	0.0	0.0	39.0	0.0	0.0	62.0	7.0	0.0	0.0	0.0	0.0	0.0	0.0	0.0	0.0	0.0	0.0	79.0	0.0	0.0	21.0
0.0	0.0	0.0	0.0	0.0	0.0	0.0	0.0	88.0	0.0	94.0	23.0	0.0	0.0	0.0	0.0	0.0	0.0	0.0	0.0	81.0	0.0	0.0	87.0	0.0	95.0	0.0	0.0	30.0	0.0	0.0	0.0	0.0	0.0	32.0	0.0	74.0	0.0	0.0	0.0	24.0	0.0	0.0	0.0	0.0	74.0	65.0	0.0	0.0	0.0	19.0	0.0	0.0	97.0	0.0	0.0	0.0	0.0	0.0	0.0	64.0	40.0	0.0	12.0	0.0	0.0	0.0	100.0	0.0	19.0	0.0	0.0	68.0	0.0	0.0	91.0	24.0	0.0	0.0	99.0	0.0	0.0	0.0	0.0	0.0	0.0	0.0	0.0	0.0
0.0	0.0	0.0	0.0	0.0	91.0	0.0	0.0	0.0	56.0	0.0	56.0	0.0	23.0	52.0	11.0	0.0	0.0	0.0	0.0	29.0	0.0	0.0	0.0	0.0	0.0	0.0	0.0	0.0	0.0	0.0	0.0	0.0	0.0	16.0	0.0	0.0	0.0	80.0	0.0	0.0	0.0	0.0	0.0	0.0	0.0	0.0	52.0	0.0	0.0	0.0	0.0	0.0	0.0	0.0	0.0	0.0	0.0	0.0	0.0	0.0	0.0	0.0	0.0	0.0	0.0	24.0	0.0	0.0	0.0	0.0	0.0	0.0	0.0	0.0	0.0	82.0	96.0	0.0	0.0	85.0	0.0	0.0	0.0	35.0	0.0	0.0	0.0
0.0	71.0	0.0	0.0	0.0	69.0	0.0	0.0	0.0	12.0	0.0	0.0	1.0	95.0	0.0	0.0	0.0	82.0	27.0	0.0	0.0	0.0	32.0	0.0	40.0	0.0	40.0	0.0	0.0	72.0	0.0	0.0	0.0	0.0	22.0	0.0	0.0	0.0	0.0	0.0	14.0	0.0	8.0	0.0	0.0	0.0	0.0	34.0	85.0	47.0	0.0	0.0	0.0	71.0	0.0	42.0	94.0	18.0	0.0	11.0	0.0	0.0	0.0	0.0	0.0	0.0	0.0	0.0	0.0	0.0	0.0	0.0	20.0	0.0	0.0	0.0	22.0	0.0	0.0	0.0	0.0	43.0	0.0	94.0	0.0	91.0	0.0
56.0	39.0	0.0	0.0	0.0	0.0	88.0	0.0	0.0	0.0	0.0	0.0	0.0	33.0	0.0	52.0	0.0	0.0	0.0	0.0	0.0	22.0	0.0	0.0	0.0	0.0	0.0	0.0	0.0	0.0	0.0	0.0	0.0	0.0	0.0	0.0	0.0	0.0	0.0	0.0	20.0	0.0	23.0	0.0	0.0	66.0	0.0	0.0	0.0	0.0	0.0	0.0	0.0	30.0	0.0	0.0	18.0	0.0	0.0	0.0	0.0	0.0	0.0	0.0	0.0	0.0	0.0	98.0	0.0	0.0	0.0	0.0	0.0	0.0	43.0	97.0	0.0	0.0	35.0	0.0	0.0	0.0	43.0	0.0	0.0	0.0
0.0	0.0	0.0	0.0	0.0	0.0	83.0	0.0	0.0	0.0	0.0	88.0	85.0	0.0	0.0	0.0	0.0	0.0	0.0	0.0	49.0	0.0	0.0	0.0	6.0	0.0	0.0	0.0	0.0	0.0	37.0	0.0	0.0	0.0	0.0	0.0	0.0	0.0	0.0	88.0	0.0	95.0	0.0	0.0	0.0	0.0	32.0	0.0	0.0	0.0	0.0	90.0	0.0	0.0	0.0	8.0	0.0	0.0	51.0	35.0	0.0	79.0	0.0	74.0	0.0	0.0	0.0	0.0	0.0	0.0	0.0	19.0	0.0	0.0	0.0	0.0	92.0	0.0	0.0	0.0	0.0	0.0	0.0	0.0	41.0
0.0	0.0	59.0	0.0	0.0	0.0	2.0	0.0	0.0	0.0	0.0	61.0	0.0	0.0	0.0	0.0	2.0	15.0	30.0	0.0	0.0	0.0	0.0	91.0	85.0	0.0	0.0	0.0	0.0	0.0	32.0	16.0	0.0	0.0	0.0	69.0	0.0	0.0	0.0	64.0	22.0	0.0	60.0	0.0	0.0	0.0	0.0	0.0	3.0	0.0	99.0	0.0	0.0	0.0	0.0	0.0	0.0	0.0	0.0	9.0	0.0	0.0	0.0	0.0	0.0	0.0	0.0	0.0	0.0	0.0	32.0	0.0	0.0	0.0	0.0	85.0	0.0	0.0	0.0	78.0	0.0	0.0	0.0	0.0
0.0	0.0	81.0	0.0	0.0	0.0	61.0	0.0	0.0	68.0	0.0	0.0	0.0	0.0	62.0	0.0	42.0	0.0	0.0	0.0	0.0	0.0	0.0	0.0	0.0	33.0	0.0	0.0	0.0	0.0	0.0	93.0	0.0	0.0	35.0	0.0	0.0	98.0	0.0	67.0	0.0	0.0	63.0	50.0	32.0	0.0	36.0	0.0	12.0	0.0	0.0	79.0	29.0	0.0	0.0	0.0	0.0	0.0	0.0	0.0	0.0	0.0	0.0	62.0	79.0	0.0	0.0	0.0	41.0	0.0	0.0	0.0	0.0	0.0	0.0	0.0	0.0	0.0	0.0	27.0	10.0	0.0	92.0
22.0	0.0	72.0	0.0	71.0	71.0	0.0	0.0	0.0	78.0	25.0	0.0	0.0	86.0	97.0	51.0	0.0	0.0	0.0	0.0	0.0	0.0	0.0	0.0	0.0	0.0	0.0	53.0	0.0	0.0	0.0	0.0	0.0	64.0	31.0	0.0	0.0	0.0	0.0	0.0	70.0	0.0	0.0	4.0	27.0	0.0	0.0	0.0	0.0	0.0	0.0	56.0	0.0	0.0	91.0	10.0	0.0	0.0	11.0	0.0	0.0	0.0	0.0	0.0	0.0	0.0	0.0	0.0	95.0	83.0	19.0	0.0	10.0	40.0	78.0	0.0	71.0	0.0	0.0	0.0	0.0	0.0
52.0	0.0	0.0	0.0	0.0	0.0	0.0	53.0	0.0	3.0	0.0	0.0	0.0	18.0	0.0	0.0	0.0	0.0	67.0	19.0	0.0	10.0	0.0	0.0	0.0	85.0	0.0	0.0	92.0	0.0	77.0	29.0	0.0	0.0	0.0	93.0	0.0	0.0	0.0	0.0	0.0	0.0	0.0	0.0	10.0	0.0	0.0	0.0	0.0	99.0	0.0	3.0	0.0	0.0	89.0	0.0	0.0	27.0	0.0	24.0	0.0	0.0	0.0	19.0	0.0	0.0	0.0	0.0	35.0	0.0	0.0	0.0	0.0	0.0	0.0	0.0	0.0	17.0	85.0	0.0	24.0
0.0	89.0	0.0	0.0	0.0	0.0	0.0	0.0	0.0	0.0	0.0	0.0	0.0	0.0	0.0	50.0	91.0	0.0	0.0	0.0	57.0	0.0	0.0	0.0	0.0	0.0	0.0	54.0	0.0	90.0	0.0	0.0	0.0	0.0	0.0	0.0	0.0	56.0	32.0	27.0	0.0	0.0	0.0	0.0	0.0	56.0	0.0	34.0	0.0	0.0	0.0	0.0	0.0	0.0	0.0	0.0	0.0	0.0	0.0	0.0	0.0	77.0	0.0	0.0	22.0	0.0	51.0	0.0	0.0	0.0	0.0	61.0	0.0	0.0	14.0	0.0	0.0	0.0	0.0	0.0
0.0	0.0	0.0	0.0	0.0	0.0	0.0	0.0	0.0	94.0	0.0	0.0	0.0	57.0	0.0	26.0	0.0	0.0	0.0	0.0	0.0	0.0	0.0	0.0	23.0	0.0	69.0	0.0	16.0	0.0	0.0	0.0	0.0	0.0	0.0	0.0	0.0	0.0	0.0	0.0	0.0	97.0	85.0	0.0	91.0	0.0	0.0	82.0	0.0	52.0	0.0	0.0	0.0	48.0	44.0	0.0	85.0	0.0	0.0	58.0	54.0	0.0	0.0	30.0	0.0	0.0	34.0	0.0	77.0	27.0	0.0	13.0	0.0	44.0	65.0	7.0	0.0	0.0	0.0
0.0	0.0	0.0	0.0	0.0	0.0	0.0	0.0	0.0	0.0	49.0	0.0	11.0	0.0	0.0	0.0	0.0	18.0	0.0	20.0	0.0	0.0	0.0	72.0	43.0	0.0	0.0	53.0	100.0	0.0	0.0	0.0	0.0	70.0	0.0	97.0	0.0	0.0	0.0	0.0	0.0	0.0	0.0	0.0	0.0	50.0	0.0	0.0	0.0	0.0	90.0	59.0	14.0	0.0	0.0	0.0	84.0	0.0	24.0	0.0	0.0	0.0	0.0	0.0	0.0	0.0	0.0	0.0	0.0	4.0	0.0	0.0	0.0	0.0	30.0	0.0	0.0	74.0
58.0	0.0	0.0	0.0	0.0	0.0	0.0	0.0	0.0	0.0	0.0	0.0	0.0	0.0	94.0	3.0	96.0	0.0	0.0	30.0	0.0	80.0	0.0	0.0	0.0	0.0	0.0	56.0	0.0	0.0	0.0	0.0	0.0	0.0	0.0	79.0	0.0	0.0	0.0	0.0	0.0	25.0	47.0	0.0	0.0	0.0	0.0	0.0	100.0	27.0	0.0	36.0	0.0	0.0	0.0	0.0	0.0	0.0	18.0	0.0	0.0	90.0	0.0	98.0	0.0	0.0	78.0	0.0	31.0	0.0	0.0	0.0	0.0	6.0	0.0	0.0	0.0
36.0	0.0	42.0	52.0	2.0	81.0	0.0	0.0	0.0	0.0	0.0	56.0	56.0	0.0	0.0	0.0	0.0	0.0	36.0	0.0	0.0	0.0	0.0	0.0	62.0	0.0	52.0	29.0	0.0	0.0	0.0	0.0	80.0	32.0	0.0	0.0	0.0	0.0	0.0	7.0	67.0	0.0	93.0	0.0	0.0	0.0	0.0	0.0	0.0	0.0	0.0	0.0	0.0	0.0	0.0	0.0	0.0	93.0	0.0	10.0	0.0	0.0	0.0	66.0	0.0	0.0	0.0	0.0	0.0	0.0	0.0	0.0	0.0	0.0	67.0	0.0
0.0	0.0	0.0	0.0	0.0	0.0	0.0	78.0	0.0	0.0	0.0	0.0	86.0	0.0	0.0	66.0	0.0	0.0	0.0	0.0	0.0	0.0	88.0	0.0	15.0	0.0	94.0	12.0	0.0	0.0	76.0	0.0	17.0	0.0	0.0	0.0	0.0	0.0	0.0	0.0	0.0	64.0	58.0	0.0	0.0	0.0	0.0	0.0	0.0	0.0	17.0	0.0	0.0	25.0	59.0	0.0	0.0	0.0	25.0	48.0	0.0	0.0	0.0	0.0	0.0	0.0	0.0	0.0	0.0	0.0	0.0	0.0	0.0	17.0	64.0
0.0	78.0	0.0	70.0	0.0	0.0	0.0	0.0	0.0	0.0	0.0	0.0	0.0	0.0	0.0	0.0	0.0	0.0	0.0	0.0	0.0	0.0	0.0	0.0	35.0	41.0	0.0	78.0	0.0	0.0	0.0	0.0	0.0	0.0	0.0	0.0	0.0	0.0	0.0	0.0	8.0	0.0	0.0	0.0	0.0	0.0	0.0	96.0	23.0	0.0	82.0	0.0	45.0	0.0	0.0	0.0	0.0	0.0	0.0	80.0	0.0	0.0	0.0	0.0	0.0	0.0	0.0	0.0	30.0	0.0	0.0	65.0	0.0	0.0
0.0	0.0	0.0	8.0	0.0	72.0	0.0	0.0	0.0	0.0	0.0	0.0	0.0	0.0	0.0	0.0	0.0	0.0	0.0	0.0	0.0	0.0	43.0	77.0	0.0	0.0	16.0	0.0	0.0	0.0	0.0	0.0	93.0	78.0	0.0	34.0	74.0	19.0	0.0	0.0	0.0	0.0	0.0	0.0	0.0	0.0	0.0	0.0	0.0	0.0	0.0	60.0	0.0	0.0	0.0	16.0	0.0	0.0	0.0	0.0	0.0	0.0	0.0	62.0	0.0	36.0	0.0	0.0	0.0	0.0	0.0	0.0	0.0
0.0	34.0	0.0	0.0	0.0	0.0	69.0	0.0	43.0	0.0	0.0	62.0	0.0	0.0	0.0	69.0	53.0	0.0	0.0	0.0	23.0	0.0	16.0	0.0	0.0	0.0	0.0	0.0	43.0	0.0	2.0	44.0	0.0	0.0	0.0	0.0	0.0	17.0	0.0	0.0	0.0	0.0	41.0	0.0	0.0	98.0	0.0	0.0	0.0	59.0	63.0	0.0	83.0	0.0	31.0	0.0	13.0	0.0	97.0	85.0	0.0	40.0	0.0	0.0	0.0	0.0	0.0	0.0	0.0	0.0	0.0	0.0
0.0	0.0	0.0	0.0	69.0	42.0	0.0	0.0	46.0	53.0	63.0	50.0	0.0	0.0	0.0	34.0	84.0	42.0	32.0	66.0	5.0	0.0	57.0	0.0	0.0	0.0	0.0	61.0	0.0	0.0	0.0	0.0	0.0	0.0	28.0	80.0	0.0	0.0	0.0	60.0	0.0	0.0	60.0	0.0	0.0	96.0	34.0	0.0	0.0	0.0	0.0	0.0	0.0	0.0	0.0	0.0	0.0	0.0	0.0	27.0	76.0	0.0	0.0	0.0	0.0	0.0	0.0	0.0	55.0	57.0	0.0
0.0	0.0	0.0	0.0	0.0	0.0	0.0	32.0	0.0	0.0	12.0	0.0	0.0	0.0	0.0	0.0	0.0	0.0	54.0	0.0	0.0	0.0	0.0	18.0	0.0	0.0	0.0	29.0	0.0	91.0	0.0	0.0	0.0	0.0	0.0	15.0	0.0	0.0	0.0	0.0	0.0	0.0	24.0	0.0	57.0	0.0	47.0	0.0	22.0	0.0	0.0	0.0	0.0	0.0	50.0	0.0	0.0	0.0	0.0	0.0	0.0	0.0	0.0	0.0	68.0	0.0	0.0	0.0	0.0	0.0
0.0	0.0	0.0	31.0	0.0	0.0	0.0	0.0	0.0	0.0	0.0	75.0	0.0	0.0	0.0	91.0	0.0	0.0	0.0	0.0	86.0	47.0	0.0	51.0	0.0	0.0	0.0	43.0	44.0	21.0	0.0	0.0	78.0	0.0	0.0	0.0	0.0	0.0	0.0	0.0	56.0	0.0	0.0	42.0	0.0	57.0	0.0	0.0	0.0	0.0	0.0	0.0	0.0	0.0	0.0	0.0	52.0	85.0	0.0	0.0	0.0	20.0	0.0	16.0	0.0	6.0	0.0	0.0	0.0
0.0	64.0	0.0	0.0	23.0	10.0	0.0	0.0	0.0	0.0	50.0	32.0	0.0	80.0	31.0	0.0	12.0	0.0	86.0	0.0	0.0	96.0	0.0	0.0	0.0	0.0	0.0	0.0	76.0	0.0	0.0	0.0	0.0	0.0	0.0	0.0	88.0	0.0	0.0	0.0	0.0	5.0	0.0	0.0	0.0	0.0	0.0	0.0	18.0	0.0	4.0	0.0	0.0	59.0	28.0	90.0	0.0	0.0	0.0	0.0	0.0	0.0	0.0	64.0	0.0	35.0	0.0	0.0
0.0	0.0	78.0	0.0	18.0	0.0	5.0	0.0	0.0	0.0	0.0	88.0	70.0	0.0	16.0	0.0	0.0	0.0	78.0	59.0	0.0	0.0	0.0	0.0	9.0	0.0	0.0	0.0	72.0	85.0	61.0	0.0	0.0	0.0	0.0	0.0	35.0	0.0	0.0	0.0	77.0	0.0	0.0	0.0	0.0	0.0	0.0	0.0	0.0	0.0	0.0	0.0	0.0	0.0	77.0	0.0	0.0	0.0	60.0	74.0	73.0	0.0	0.0	0.0	31.0	0.0	0.0
0.0	0.0	0.0	0.0	0.0	87.0	0.0	12.0	0.0	0.0	0.0	0.0	82.0	40.0	0.0	0.0	0.0	83.0	0.0	0.0	15.0	0.0	0.0	0.0	40.0	0.0	0.0	0.0	0.0	0.0	0.0	23.0	34.0	3.0	0.0	0.0	0.0	0.0	0.0	0.0	0.0	79.0	1.0	0.0	0.0	0.0	0.0	0.0	0.0	0.0	0.0	1.0	0.0	49.0	0.0	0.0	0.0	0.0	0.0	0.0	0.0	0.0	0.0	0.0	0.0	11.0
35.0	0.0	0.0	0.0	0.0	0.0	69.0	30.0	0.0	0.0	0.0	74.0	0.0	0.0	52.0	0.0	0.0	53.0	0.0	0.0	0.0	0.0	0.0	0.0	0.0	78.0	0.0	54.0	90.0	17.0	93.0	0.0	0.0	0.0	0.0	0.0	0.0	0.0	0.0	0.0	0.0	0.0	23.0	0.0	67.0	0.0	20.0	0.0	25.0	0.0	0.0	32.0	29.0	3.0	0.0	96.0	25.0	0.0	0.0	0.0	0.0	28.0	0.0	0.0	65.0
0.0	0.0	79.0	0.0	0.0	0.0	0.0	72.0	0.0	0.0	89.0	0.0	0.0	0.0	98.0	4.0	0.0	86.0	67.0	0.0	0.0	0.0	0.0	0.0	32.0	0.0	0.0	0.0	0.0	23.0	63.0	83.0	0.0	92.0	0.0	20.0	0.0	64.0	0.0	0.0	0.0	0.0	0.0	45.0	45.0	0.0	0.0	0.0	0.0	77.0	0.0	0.0	49.0	83.0	91.0	0.0	0.0	0.0	0.0	0.0	0.0	0.0	0.0	0.0
33.0	0.0	0.0	0.0	0.0	0.0	0.0	0.0	0.0	0.0	0.0	0.0	3.0	0.0	0.0	0.0	0.0	0.0	0.0	0.0	0.0	74.0	0.0	0.0	0.0	0.0	0.0	0.0	0.0	4.0	0.0	0.0	79.0	0.0	0.0	34.0	30.0	0.0	0.0	0.0	0.0	0.0	0.0	0.0	18.0	0.0	0.0	42.0	0.0	0.0	0.0	0.0	86.0	0.0	87.0	0.0	43.0	0.0	92.0	0.0	0.0	70.0	0.0
4.0	0.0	0.0	0.0	62.0	0.0	0.0	0.0	0.0	0.0	84.0	20.0	0.0	0.0	0.0	0.0	0.0	0.0	0.0	0.0	0.0	0.0	0.0	74.0	0.0	0.0	0.0	14.0	0.0	0.0	0.0	0.0	0.0	0.0	0.0	0.0	0.0	0.0	0.0	0.0	0.0	0.0	0.0	0.0	29.0	0.0	0.0	86.0	0.0	0.0	0.0	59.0	0.0	0.0	0.0	0.0	0.0	0.0	22.0	61.0	0.0	0.0
0.0	0.0	0.0	0.0	0.0	0.0	98.0	100.0	0.0	0.0	20.0	0.0	0.0	0.0	59.0	0.0	0.0	21.0	47.0	21.0	0.0	71.0	2.0	0.0	0.0	0.0	0.0	0.0	0.0	0.0	0.0	0.0	0.0	0.0	0.0	0.0	0.0	0.0	0.0	89.0	0.0	0.0	0.0	0.0	82.0	0.0	0.0	0.0	0.0	0.0	0.0	0.0	29.0	0.0	0.0	0.0	0.0	56.0	0.0	0.0	0.0
65.0	0.0	0.0	0.0	13.0	0.0	0.0	0.0	0.0	0.0	0.0	0.0	0.0	0.0	48.0	0.0	0.0	0.0	0.0	70.0	88.0	0.0	0.0	0.0	0.0	0.0	0.0	0.0	0.0	0.0	0.0	0.0	0.0	0.0	0.0	0.0	0.0	0.0	0.0	0.0	0.0	0.0	0.0	44.0	0.0	0.0	0.0	0.0	0.0	0.0	0.0	0.0	0.0	0.0	0.0	0.0	0.0	0.0	33.0	0.0
30.0	52.0	0.0	0.0	82.0	0.0	0.0	0.0	0.0	0.0	0.0	44.0	86.0	0.0	0.0	0.0	0.0	0.0	0.0	0.0	0.0	0.0	0.0	1.0	0.0	0.0	0.0	0.0	0.0	0.0	0.0	0.0	0.0	77.0	0.0	0.0	0.0	0.0	0.0	0.0	0.0	0.0	0.0	0.0	0.0	5.0	0.0	31.0	0.0	0.0	39.0	28.0	0.0	77.0	0.0	0.0	70.0	90.0	0.0
0.0	82.0	0.0	0.0	0.0	0.0	0.0	50.0	0.0	0.0	56.0	0.0	0.0	0.0	0.0	0.0	0.0	2.0	55.0	0.0	0.0	0.0	0.0	0.0	0.0	0.0	34.0	98.0	0.0	0.0	0.0	0.0	0.0	0.0	0.0	0.0	0.0	0.0	0.0	0.0	0.0	0.0	13.0	91.0	52.0	0.0	94.0	21.0	0.0	0.0	0.0	0.0	0.0	0.0	0.0	0.0	45.0	0.0
56.0	0.0	0.0	0.0	0.0	0.0	0.0	56.0	0.0	0.0	0.0	45.0	0.0	0.0	0.0	0.0	0.0	0.0	96.0	0.0	25.0	0.0	0.0	0.0	0.0	0.0	0.0	0.0	0.0	0.0	0.0	0.0	0.0	0.0	0.0	14.0	0.0	99.0	0.0	0.0	48.0	0.0	96.0	0.0	0.0	30.0	0.0	0.0	36.0	0.0	0.0	0.0	0.0	65.0	0.0	0.0	0.0
0.0	0.0	0.0	29.0	0.0	18.0	0.0	0.0	0.0	0.0	49.0	0.0	22.0	0.0	0.0	0.0	0.0	59.0	95.0	20.0	0.0	44.0	0.0	0.0	0.0	88.0	0.0	0.0	81.0	53.0	0.0	0.0	0.0	0.0	0.0	0.0	0.0	0.0	0.0	76.0	0.0	0.0	57.0	0.0	0.0	0.0	0.0	0.0	0.0	0.0	0.0	0.0	0.0	0.0	0.0	0.0
0.0	0.0	24.0	0.0	0.0	0.0	70.0	57.0	0.0	0.0	0.0	0.0	0.0	0.0	0.0	0.0	0.0	0.0	0.0	0.0	43.0	0.0	0.0	88.0	74.0	0.0	0.0	72.0	0.0	0.0	0.0	0.0	0.0	0.0	0.0	58.0	0.0	0.0	54.0	0.0	0.0	0.0	0.0	43.0	0.0	0.0	0.0	0.0	0.0	0.0	29.0	0.0	0.0	0.0	95.0
17.0	0.0	0.0	0.0	0.0	0.0	0.0	0.0	0.0	0.0	0.0	0.0	0.0	0.0	0.0	0.0	0.0	0.0	0.0	10.0	0.0	65.0	0.0	0.0	0.0	0.0	0.0	25.0	0.0	61.0	0.0	61.0	0.0	0.0	0.0	0.0	0.0	0.0	0.0	0.0	0.0	0.0	0.0	42.0	0.0	0.0	0.0	0.0	0.0	0.0	0.0	0.0	65.0	0.0
0.0	0.0	1.0	0.0	0.0	0.0	0.0	0.0	0.0	0.0	6.0	0.0	53.0	43.0	0.0	77.0	38.0	0.0	0.0	3.0	0.0	0.0	0.0	0.0	0.0	19.0	0.0	0.0	0.0	0.0	0.0	79.0	0.0	44.0	0.0	8.0	0.0	0.0	0.0	0.0	0.0	0.0	61.0	0.0	0.0	0.0	0.0	0.0	35.0	0.0	0.0	0.0	83.0
67.0	0.0	0.0	0.0	0.0	0.0	0.0	0.0	0.0	0.0	0.0	0.0	28.0	0.0	0.0	0.0	0.0	0.0	0.0	0.0	0.0	0.0	0.0	0.0	0.0	10.0	0.0	0.0	0.0	0.0	98.0	60.0	71.0	0.0	0.0	0.0	0.0	0.0	94.0	0.0	72.0	92.0	0.0	23.0	0.0	96.0	39.0	0.0	0.0	0.0	0.0	0.0
0.0	88.0	92.0	0.0	0.0	0.0	35.0	0.0	0.0	0.0	0.0	69.0	0.0	16.0	0.0	0.0	0.0	0.0	0.0	0.0	9.0	0.0	100.0	0.0	0.0	0.0	0.0	0.0	67.0	0.0	0.0	93.0	0.0	0.0	0.0	0.0	0.0	0.0	0.0	0.0	0.0	0.0	0.0	0.0	0.0	50.0	66.0	0.0	36.0	87.0	0.0
0.0	0.0	0.0	0.0	0.0	0.0	0.0	0.0	82.0	0.0	61.0	0.0	0.0	0.0	0.0	12.0	0.0	0.0	0.0	0.0	19.0	0.0	0.0	0.0	0.0	95.0	0.0	77.0	0.0	0.0	0.0	0.0	0.0	9.0	0.0	0.0	0.0	0.0	0.0	0.0	0.0	81.0	79.0	70.0	0.0	25.0	0.0	0.0	0.0	0.0
28.0	0.0	28.0	0.0	0.0	31.0	78.0	0.0	0.0	0.0	0.0	0.0	0.0	0.0	0.0	37.0	38.0	0.0	79.0	0.0	0.0	0.0	0.0	0.0	0.0	0.0	12.0	0.0	0.0	0.0	77.0	0.0	0.0	0.0	0.0	0.0	0.0	0.0	0.0	0.0	0.0	0.0	0.0	0.0	0.0	76.0	0.0	0.0	0.0
0.0	0.0	0.0	0.0	50.0	0.0	0.0	47.0	0.0	0.0	51.0	0.0	0.0	10.0	0.0	0.0	42.0	0.0	0.0	0.0	0.0	18.0	0.0	0.0	0.0	80.0	32.0	0.0	0.0	0.0	0.0	0.0	0.0	18.0	0.0	56.0	0.0	0.0	0.0	0.0	0.0	51.0	0.0	44.0	0.0	41.0	0.0	0.0
0.0	0.0	0.0	0.0	0.0	0.0	0.0	0.0	0.0	0.0	0.0	0.0	0.0	0.0	60.0	0.0	30.0	12.0	0.0	0.0	0.0	0.0	0.0	0.0	0.0	0.0	0.0	0.0	0.0	84.0	0.0	18.0	0.0	0.0	0.0	27.0	0.0	82.0	0.0	0.0	0.0	0.0	0.0	81.0	3.0	88.0	0.0
0.0	0.0	0.0	0.0	0.0	0.0	0.0	0.0	0.0	0.0	0.0	79.0	69.0	0.0	84.0	93.0	34.0	0.0	0.0	70.0	0.0	0.0	0.0	40.0	0.0	0.0	62.0	0.0	0.0	67.0	79.0	0.0	0.0	0.0	0.0	0.0	0.0	52.0	35.0	60.0	0.0	0.0	0.0	0.0	0.0	0.0
0.0	91.0	5.0	0.0	0.0	0.0	0.0	0.0	16.0	15.0	66.0	0.0	44.0	0.0	0.0	0.0	89.0	0.0	5.0	0.0	0.0	0.0	90.0	0.0	0.0	0.0	0.0	0.0	0.0	0.0	0.0	0.0	0.0	0.0	26.0	69.0	0.0	0.0	0.0	0.0	0.0	0.0	0.0	0.0	0.0
0.0	0.0	0.0	6.0	91.0	0.0	0.0	0.0	0.0	89.0	46.0	0.0	0.0	86.0	0.0	0.0	95.0	0.0	0.0	0.0	99.0	67.0	65.0	0.0	65.0	0.0	0.0	45.0	0.0	12.0	0.0	0.0	0.0	76.0	1.0	37.0	0.0	0.0	98.0	0.0	0.0	0.0	0.0	0.0
10.0	0.0	0.0	0.0	0.0	0.0	0.0	0.0	0.0	100.0	0.0	0.0	0.0	0.0	0.0	40.0	0.0	0.0	0.0	0.0	0.0	0.0	0.0	0.0	0.0	0.0	23.0	0.0	0.0	84.0	53.0	0.0	0.0	0.0	0.0	0.0	0.0	58.0	0.0	0.0	0.0	65.0	69.0
0.0	0.0	0.0	0.0	16.0	0.0	7.0	0.0	0.0	0.0	0.0	0.0	1.0	0.0	70.0	0.0	3.0	0.0	0.0	76.0	14.0	0.0	0.0	0.0	0.0	0.0	21.0	94.0	0.0	5.0	92.0	94.0	0.0	0.0	93.0	0.0	0.0	0.0	0.0	0.0	34.0	35.0
0.0	16.0	0.0	0.0	0.0	0.0	0.0	0.0	25.0	0.0	0.0	0.0	44.0	0.0	6.0	0.0	0.0	0.0	0.0	0.0	0.0	0.0	0.0	0.0	84.0	0.0	0.0	74.0	0.0	0.0	0.0	0.0	81.0	0.0	0.0	0.0	0.0	0.0	0.0	96.0	0.0
0.0	0.0	0.0	0.0	0.0	20.0	0.0	0.0	15.0	97.0	55.0	0.0	0.0	0.0	0.0	82.0	0.0	92.0	0.0	0.0	0.0	0.0	0.0	40.0	0.0	0.0	0.0	0.0	0.0	70.0	0.0	60.0	0.0	0.0	0.0	0.0	44.0	0.0	0.0	73.0
0.0	16.0	56.0	0.0	0.0	0.0	0.0	0.0	0.0	94.0	0.0	0.0	0.0	6.0	0.0	0.0	48.0	0.0	0.0	0.0	0.0	0.0	0.0	26.0	89.0	0.0	93.0	0.0	0.0	0.0	0.0	0.0	0.0	14.0	85.0	61.0	0.0	0.0	74.0
0.0	0.0	0.0	44.0	24.0	0.0	0.0	0.0	0.0	0.0	0.0	48.0	0.0	70.0	0.0	88.0	0.0	0.0	56.0	0.0	0.0	0.0	0.0	2.0	0.0	0.0	0.0	0.0	0.0	0.0	0.0	56.0	0.0	0.0	0.0	0.0	0.0	0.0
0.0	0.0	17.0	0.0	72.0	28.0	0.0	91.0	0.0	0.0	0.0	0.0	66.0	0.0	0.0	0.0	81.0	0.0	0.0	0.0	40.0	0.0	0.0	0.0	0.0	0.0	0.0	82.0	0.0	65.0	0.0	0.0	0.0	47.0	0.0	0.0	0.0
0.0	19.0	0.0	0.0	0.0	42.0	0.0	0.0	0.0	0.0	0.0	0.0	25.0	0.0	0.0	12.0	0.0	0.0	0.0	0.0	59.0	0.0	0.0	10.0	0.0	0.0	61.0	0.0	0.0	0.0	0.0	0.0	0.0	0.0	0.0	0.0
0.0	0.0	0.0	0.0	0.0	0.0	0.0	0.0	11.0	0.0	0.0	0.0	0.0	0.0	82.0	0.0	36.0	0.0	0.0	0.0	0.0	0.0	0.0	0.0	0.0	25.0	0.0	0.0	78.0	0.0	0.0	0.0	0.0	0.0	43.0
0.0	0.0	0.0	52.0	0.0	0.0	0.0	0.0	0.0	0.0	0.0	0.0	0.0	0.0	0.0	0.0	0.0	0.0	51.0	0.0	41.0	0.0	0.0	94.0	0.0	0.0	0.0	0.0	0.0	0.0	0.0	62.0	30.0	85.0
0.0	0.0	0.0	71.0	0.0	71.0	55.0	0.0	100.0	0.0	0.0	0.0	0.0	0.0	64.0	74.0	0.0	0.0	0.0	0.0	85.0	69.0	47.0	1.0	0.0	0.0	0.0	92.0	0.0	0.0	35.0	0.0	0.0
0.0	90.0	66.0	59.0	83.0	0.0	83.0	23.0	0.0	0.0	0.0	0.0	8.0	0.0	0.0	78.0	0.0	0.0	0.0	0.0	0.0	50.0	0.0	0.0	61.0	0.0	95.0	0.0	0.0	0.0	0.0	38.0
0.0	0.0	0.0	0.0	0.0	99.0	0.0	0.0	0.0	0.0	0.0	0.0	0.0	0.0	13.0	0.0	82.0	0.0	0.0	0.0	82.0	0.0	0.0	0.0	49.0	0.0	0.0	0.0	78.0	0.0	0.0
61.0	0.0	0.0	0.0	0.0	18.0	0.0	0.0	0.0	0.0	0.0	2.0	0.0	0.0	0.0	0.0	15.0	34.0	0.0	0.0	0.0	0.0	0.0	0.0	0.0	0.0	78.0	0.0	74.0	0.0
49.0	0.0	0.0	51.0	0.0	35.0	0.0	34.0	0.0	0.0	40.0	68.0	54.0	0.0	0.0	0.0	0.0	0.0	0.0	36.0	0.0	67.0	0.0	0.0	0.0	0.0	0.0	0.0	0.0
0.0	17.0	0.0	60.0	35.0	0.0	0.0	92.0	0.0	47.0	38.0	32.0	73.0	45.0	94.0	0.0	44.0	0.0	0.0	0.0	0.0	33.0	0.0	0.0	0.0	58.0	86.0	13.0
95.0	0.0	0.0	0.0	0.0	0.0	0.0	0.0	32.0	0.0	0.0	0.0	0.0	52.0	0.0	0.0	61.0	0.0	0.0	0.0	39.0	0.0	0.0	0.0	0.0	26.0	0.0
0.0	0.0	0.0	1.0	0.0	0.0	0.0	38.0	0.0	0.0	71.0	0.0	10.0	0.0	5.0	88.0	0.0	0.0	0.0	0.0	0.0	0.0	0.0	7.0	27.0	0.0
62.0	0.0	27.0	0.0	0.0	0.0	0.0	0.0	0.0	0.0	0.0	93.0	0.0	0.0	0.0	0.0	87.0	0.0	43.0	0.0	0.0	0.0	42.0	0.0	0.0
0.0	0.0	0.0	0.0	49.0	26.0	0.0	45.0	0.0	0.0	0.0	0.0	44.0	68.0	0.0	0.0	0.0	93.0	15.0	0.0	0.0	81.0	0.0	0.0
0.0	0.0	0.0	0.0	0.0	0.0	58.0	0.0	0.0	0.0	0.0	93.0	0.0	10.0	0.0	0.0	0.0	0.0	0.0	0.0	0.0	0.0	0.0
0.0	0.0	75.0	0.0	46.0	0.0	0.0	62.0	98.0	0.0	0.0	27.0	0.0	0.0	0.0	54.0	0.0	93.0	35.0	0.0	0.0	0.0
0.0	12.0	0.0	0.0	0.0	20.0	0.0	0.0	0.0	60.0	0.0	0.0	0.0	0.0	0.0	0.0	0.0	0.0	0.0	74.0	0.0
0.0	0.0	0.0	30.0	0.0	0.0	0.0	0.0	0.0	44.0	0.0	11.0	33.0	74.0	0.0	0.0	56.0	0.0	0.0	0.0
0.0	0.0	0.0	0.0	0.0	0.0	95.0	0.0	80.0	0.0	0.0	86.0	0.0	93.0	0.0	0.0	82.0	1.0	0.0
0.0	0.0	0.0	0.0	0.0	0.0	0.0	0.0	0.0	0.0	19.0	85.0	0.0	0.0	0.0	0.0	0.0	0.0
0.0	0.0	0.0	9.0	0.0	0.0	42.0	0.0	0.0	70.0	0.0	98.0	0.0	79.0	0.0	0.0	5.0
0.0	0.0	0.0	84.0	0.0	0.0	0.0	65.0	0.0	0.0	20.0	0.0	33.0	0.0	0.0	0.0
0.0	26.0	60.0	0.0	35.0	0.0	15.0	37.0	0.0	89.0	0.0	12.0	0.0	43.0	0.0
27.0	0.0	0.0	0.0	0.0	11.0	0.0	0.0	0.0	46.0	0.0	0.0	85.0	0.0
0.0	79.0	0.0	0.0	0.0	0.0	0.0	0.0	21.0	64.0	67.0	0.0	0.0
0.0	0.0	0.0	0.0	0.0	79.0	0.0	0.0	0.0	0.0	0.0	0.0
0.0	84.0	0.0	0.0	0.0	0.0	0.0	0.0	0.0	32.0	0.0
6.0	0.0	37.0	0.0	0.0	0.0	0.0	0.0	0.0	0.0
0.0	0.0	69.0	61.0	0.0	0.0	0.0	0.0	11.0
0.0	0.0	0.0	4.0	0.0	47.0	0.0	0.0
0.0	0.0	0.0	0.0	0.0	53.0	0.0
0.0	0.0	0.0	36.0	0.0	0.0
69.0	0.0	0.0	96.0	0.0
0.0	0.0	0.0	0.0
0.0	62.0	23.0
50.0	69.0
0.0

31.0	3.0	32.0	8.0	4.0	27.0	43.0	14.0	32.0	4.0	10.0	37.0	23.0	38.0	6.0	25.0	29.0	37.0	43.0	15.0	17.0	1.0	30.0	41.0	14.0	19.0	1.0	9.0	33.0	39.0	31.0	6.0	25.0	12.0	25.0	40.0	18.0	45.0	40.0	46.0	32.0	4.0	40.0	12.0	26.0	17.0	40.0	4.0	40.0	2.0	14.0	29.0	41.0	27.0	1.0	40.0	16.0	16.0	43.0	26.0	46.0	38.0	20.0	46.0	8.0	14.0	24.0	4.0	16.0	36.0	18.0	44.0	18.0	31.0	23.0	10.0	47.0	20.0	14.0	44.0	30.0	39.0	27.0	2.0	25.0	37.0	1.0	38.0	4.0	38.0	43.0	26.0	32.0	14.0	3.0	27.0	29.0	2.0	44.0	45.0

392.0	392.0	392.0	392.0	392.0
