qmkp_200_25_5_004
200
5

0.0	0.0	0.0	0.0	25.0	0.0	0.0	39.0	0.0	0.0	0.0	0.0	0.0	29.0	67.0	0.0	42.0	0.0	0.0	0.0	0.0	46.0	0.0	92.0	0.0	0.0	0.0	74.0	0.0	80.0	0.0	79.0	0.0	0.0	0.0	0.0	0.0	0.0	0.0	0.0	0.0	0.0	0.0	0.0	0.0	99.0	0.0	60.0	0.0	0.0	56.0	0.0	0.0	0.0	0.0	0.0	0.0	0.0	0.0	0.0	0.0	0.0	0.0	11.0	0.0	6.0	12.0	0.0	0.0	0.0	0.0	0.0	0.0	82.0	0.0	0.0	0.0	0.0	0.0	0.0	100.0	0.0	0.0	71.0	0.0	100.0	0.0	0.0	0.0	0.0	67.0	0.0	62.0	93.0	0.0	0.0	0.0	74.0	100.0	48.0	5.0	0.0	0.0	0.0	18.0	0.0	0.0	0.0	0.0	0.0	84.0	0.0	0.0	1.0	0.0	0.0	0.0	68.0	18.0	0.0	0.0	0.0	0.0	0.0	0.0	0.0	0.0	0.0	0.0	0.0	0.0	0.0	0.0	0.0	0.0	0.0	0.0	0.0	32.0	0.0	0.0	0.0	52.0	0.0	0.0	0.0	0.0	0.0	0.0	53.0	0.0	79.0	0.0	99.0	30.0	0.0	0.0	0.0	93.0	0.0	0.0	0.0	0.0	0.0	0.0	98.0	0.0	0.0	55.0	0.0	0.0	0.0	14.0	0.0	0.0	0.0	0.0	0.0	0.0	0.0	0.0	0.0	0.0	0.0	0.0	50.0	0.0	0.0	8.0	0.0	0.0	0.0	32.0	96.0	0.0	67.0	0.0	5.0	0.0	0.0
0.0	0.0	0.0	0.0	0.0	0.0	99.0	0.0	0.0	92.0	0.0	0.0	0.0	0.0	0.0	34.0	0.0	30.0	0.0	69.0	0.0	0.0	0.0	15.0	0.0	0.0	0.0	0.0	0.0	0.0	32.0	28.0	0.0	0.0	23.0	0.0	0.0	0.0	0.0	0.0	0.0	25.0	0.0	0.0	0.0	0.0	48.0	0.0	0.0	0.0	0.0	11.0	76.0	8.0	0.0	0.0	0.0	0.0	0.0	0.0	98.0	77.0	0.0	0.0	0.0	72.0	38.0	0.0	0.0	0.0	0.0	0.0	0.0	0.0	0.0	0.0	10.0	84.0	0.0	0.0	0.0	0.0	0.0	56.0	98.0	0.0	0.0	0.0	0.0	0.0	49.0	0.0	0.0	0.0	38.0	0.0	41.0	22.0	0.0	85.0	10.0	0.0	0.0	0.0	0.0	0.0	0.0	0.0	0.0	0.0	90.0	0.0	22.0	51.0	0.0	0.0	0.0	0.0	0.0	0.0	0.0	61.0	0.0	0.0	77.0	0.0	0.0	0.0	0.0	58.0	0.0	94.0	0.0	12.0	0.0	0.0	0.0	0.0	0.0	0.0	0.0	84.0	0.0	60.0	38.0	0.0	0.0	0.0	0.0	0.0	0.0	0.0	0.0	0.0	27.0	0.0	0.0	0.0	0.0	0.0	0.0	0.0	35.0	0.0	0.0	0.0	0.0	0.0	15.0	0.0	0.0	59.0	0.0	0.0	0.0	0.0	0.0	0.0	0.0	0.0	48.0	22.0	0.0	0.0	73.0	0.0	8.0	0.0	0.0	0.0	49.0	76.0	0.0	0.0	0.0	0.0	0.0	9.0	0.0
88.0	0.0	0.0	0.0	0.0	0.0	0.0	21.0	0.0	0.0	0.0	0.0	0.0	0.0	80.0	0.0	0.0	0.0	0.0	0.0	0.0	0.0	0.0	0.0	0.0	0.0	0.0	19.0	0.0	0.0	0.0	0.0	0.0	0.0	0.0	12.0	0.0	59.0	0.0	0.0	0.0	0.0	0.0	0.0	0.0	0.0	0.0	0.0	85.0	15.0	27.0	20.0	0.0	0.0	0.0	0.0	0.0	92.0	0.0	0.0	0.0	0.0	47.0	0.0	0.0	0.0	0.0	0.0	0.0	0.0	79.0	33.0	0.0	0.0	0.0	0.0	0.0	0.0	0.0	0.0	0.0	64.0	0.0	34.0	0.0	0.0	0.0	0.0	42.0	0.0	0.0	0.0	0.0	0.0	91.0	0.0	11.0	0.0	0.0	0.0	0.0	0.0	13.0	18.0	0.0	0.0	0.0	0.0	73.0	41.0	0.0	85.0	0.0	28.0	0.0	0.0	0.0	0.0	0.0	0.0	0.0	0.0	0.0	0.0	0.0	22.0	0.0	0.0	0.0	71.0	0.0	0.0	0.0	0.0	0.0	0.0	0.0	0.0	0.0	0.0	0.0	30.0	0.0	0.0	0.0	0.0	0.0	50.0	0.0	0.0	0.0	0.0	0.0	36.0	90.0	0.0	0.0	0.0	43.0	13.0	0.0	0.0	0.0	0.0	0.0	0.0	21.0	0.0	0.0	0.0	93.0	66.0	42.0	0.0	0.0	0.0	0.0	0.0	0.0	98.0	0.0	0.0	0.0	0.0	0.0	0.0	8.0	90.0	0.0	0.0	0.0	0.0	0.0	0.0	0.0	38.0	0.0	0.0
0.0	0.0	4.0	0.0	0.0	0.0	0.0	0.0	0.0	64.0	0.0	0.0	0.0	0.0	37.0	0.0	34.0	60.0	0.0	0.0	0.0	0.0	0.0	0.0	0.0	37.0	35.0	8.0	0.0	0.0	73.0	0.0	51.0	0.0	54.0	0.0	63.0	0.0	0.0	0.0	71.0	0.0	0.0	0.0	29.0	64.0	22.0	65.0	0.0	0.0	26.0	53.0	0.0	0.0	0.0	0.0	0.0	0.0	0.0	0.0	0.0	0.0	0.0	0.0	0.0	0.0	0.0	24.0	68.0	37.0	0.0	0.0	0.0	0.0	0.0	0.0	0.0	0.0	0.0	0.0	0.0	0.0	58.0	0.0	87.0	52.0	0.0	0.0	0.0	36.0	0.0	7.0	0.0	0.0	4.0	0.0	0.0	0.0	0.0	49.0	0.0	0.0	0.0	0.0	0.0	0.0	46.0	0.0	63.0	0.0	0.0	0.0	0.0	0.0	28.0	87.0	47.0	0.0	0.0	86.0	91.0	0.0	0.0	58.0	69.0	85.0	23.0	0.0	0.0	55.0	0.0	0.0	0.0	0.0	62.0	98.0	4.0	91.0	0.0	80.0	0.0	78.0	0.0	14.0	0.0	29.0	0.0	0.0	0.0	0.0	0.0	0.0	0.0	6.0	0.0	0.0	0.0	0.0	0.0	0.0	0.0	37.0	0.0	0.0	0.0	10.0	0.0	0.0	0.0	0.0	0.0	0.0	0.0	0.0	0.0	0.0	0.0	0.0	87.0	0.0	3.0	0.0	41.0	0.0	0.0	28.0	0.0	0.0	0.0	0.0	0.0	49.0	0.0	0.0	15.0	0.0	0.0
0.0	0.0	0.0	65.0	0.0	0.0	0.0	0.0	0.0	66.0	0.0	0.0	0.0	83.0	0.0	0.0	0.0	0.0	76.0	70.0	72.0	0.0	34.0	0.0	91.0	0.0	0.0	0.0	0.0	0.0	0.0	0.0	0.0	57.0	0.0	0.0	0.0	0.0	39.0	78.0	0.0	0.0	6.0	0.0	0.0	0.0	0.0	0.0	46.0	0.0	0.0	0.0	0.0	0.0	71.0	0.0	0.0	13.0	0.0	0.0	0.0	0.0	0.0	0.0	0.0	72.0	95.0	0.0	0.0	59.0	0.0	0.0	0.0	57.0	0.0	66.0	0.0	0.0	0.0	0.0	98.0	0.0	47.0	0.0	0.0	10.0	0.0	36.0	0.0	59.0	0.0	0.0	0.0	0.0	0.0	0.0	0.0	0.0	0.0	0.0	0.0	0.0	0.0	11.0	0.0	0.0	83.0	0.0	19.0	0.0	0.0	0.0	0.0	37.0	0.0	45.0	0.0	0.0	0.0	0.0	0.0	0.0	0.0	0.0	0.0	0.0	0.0	0.0	54.0	0.0	0.0	83.0	0.0	58.0	17.0	0.0	0.0	0.0	0.0	0.0	0.0	0.0	28.0	0.0	0.0	0.0	0.0	0.0	0.0	0.0	0.0	0.0	0.0	0.0	0.0	0.0	0.0	6.0	0.0	0.0	0.0	36.0	0.0	0.0	0.0	0.0	0.0	0.0	0.0	0.0	0.0	0.0	0.0	0.0	0.0	0.0	42.0	0.0	0.0	0.0	0.0	0.0	0.0	0.0	0.0	0.0	0.0	19.0	0.0	0.0	0.0	94.0	0.0	0.0	0.0	0.0
21.0	87.0	0.0	58.0	6.0	0.0	0.0	0.0	57.0	0.0	0.0	0.0	33.0	0.0	0.0	0.0	80.0	0.0	49.0	0.0	0.0	0.0	0.0	0.0	0.0	34.0	0.0	0.0	0.0	44.0	0.0	0.0	0.0	71.0	0.0	0.0	0.0	3.0	0.0	0.0	0.0	0.0	0.0	55.0	63.0	0.0	92.0	0.0	0.0	0.0	0.0	0.0	0.0	0.0	0.0	0.0	0.0	92.0	0.0	0.0	0.0	0.0	0.0	0.0	0.0	0.0	37.0	91.0	0.0	0.0	0.0	0.0	59.0	53.0	0.0	0.0	0.0	0.0	0.0	0.0	2.0	0.0	0.0	0.0	0.0	0.0	80.0	0.0	0.0	0.0	0.0	0.0	0.0	0.0	67.0	0.0	51.0	0.0	0.0	0.0	0.0	0.0	0.0	0.0	0.0	0.0	0.0	0.0	0.0	0.0	0.0	100.0	0.0	0.0	0.0	0.0	35.0	0.0	69.0	1.0	0.0	16.0	49.0	83.0	0.0	0.0	0.0	6.0	0.0	0.0	36.0	0.0	63.0	0.0	0.0	0.0	0.0	0.0	0.0	0.0	0.0	0.0	0.0	0.0	0.0	0.0	0.0	49.0	0.0	45.0	0.0	34.0	91.0	0.0	0.0	2.0	0.0	70.0	41.0	66.0	18.0	0.0	0.0	0.0	0.0	96.0	0.0	0.0	0.0	0.0	8.0	0.0	0.0	0.0	0.0	0.0	0.0	0.0	0.0	0.0	63.0	0.0	0.0	0.0	0.0	0.0	60.0	29.0	0.0	0.0	0.0	0.0	0.0	0.0	0.0
0.0	0.0	0.0	0.0	0.0	92.0	0.0	0.0	0.0	0.0	0.0	0.0	0.0	0.0	15.0	0.0	51.0	0.0	0.0	0.0	0.0	44.0	0.0	44.0	0.0	0.0	0.0	0.0	0.0	0.0	0.0	4.0	0.0	0.0	63.0	0.0	57.0	0.0	0.0	0.0	0.0	40.0	0.0	6.0	0.0	0.0	0.0	37.0	59.0	72.0	99.0	84.0	0.0	0.0	0.0	0.0	72.0	0.0	0.0	0.0	16.0	0.0	36.0	63.0	1.0	14.0	0.0	0.0	0.0	24.0	0.0	0.0	13.0	0.0	0.0	0.0	0.0	54.0	0.0	0.0	0.0	0.0	0.0	0.0	0.0	0.0	0.0	0.0	2.0	82.0	0.0	0.0	0.0	0.0	0.0	0.0	0.0	0.0	35.0	0.0	0.0	0.0	35.0	0.0	0.0	0.0	0.0	0.0	0.0	0.0	20.0	40.0	0.0	0.0	0.0	53.0	0.0	0.0	0.0	0.0	0.0	0.0	0.0	0.0	0.0	0.0	89.0	1.0	68.0	0.0	1.0	0.0	0.0	0.0	0.0	0.0	0.0	0.0	97.0	32.0	38.0	64.0	0.0	75.0	0.0	0.0	0.0	0.0	0.0	0.0	0.0	0.0	0.0	0.0	0.0	58.0	0.0	0.0	60.0	0.0	0.0	93.0	0.0	0.0	0.0	3.0	0.0	0.0	0.0	65.0	0.0	48.0	54.0	0.0	0.0	0.0	68.0	63.0	0.0	0.0	0.0	23.0	0.0	0.0	0.0	0.0	0.0	70.0	0.0	0.0	0.0	0.0	0.0	0.0
0.0	0.0	0.0	0.0	0.0	0.0	0.0	83.0	0.0	87.0	0.0	0.0	0.0	0.0	0.0	82.0	13.0	6.0	17.0	0.0	50.0	25.0	81.0	0.0	0.0	53.0	86.0	0.0	0.0	62.0	0.0	0.0	0.0	0.0	0.0	0.0	0.0	34.0	0.0	0.0	0.0	77.0	0.0	0.0	0.0	0.0	0.0	0.0	0.0	0.0	5.0	0.0	0.0	69.0	0.0	0.0	30.0	82.0	0.0	100.0	0.0	0.0	25.0	33.0	0.0	0.0	68.0	0.0	0.0	0.0	76.0	0.0	0.0	0.0	0.0	35.0	0.0	16.0	8.0	89.0	66.0	0.0	0.0	91.0	0.0	63.0	0.0	0.0	0.0	0.0	0.0	0.0	0.0	0.0	7.0	0.0	0.0	88.0	0.0	4.0	0.0	0.0	55.0	0.0	0.0	42.0	0.0	0.0	0.0	0.0	0.0	0.0	0.0	0.0	0.0	0.0	0.0	0.0	0.0	5.0	0.0	56.0	39.0	21.0	0.0	0.0	50.0	82.0	0.0	25.0	0.0	0.0	0.0	0.0	0.0	0.0	0.0	99.0	0.0	87.0	0.0	0.0	0.0	0.0	0.0	0.0	0.0	0.0	0.0	0.0	0.0	0.0	0.0	0.0	0.0	0.0	0.0	0.0	32.0	76.0	52.0	0.0	52.0	0.0	0.0	0.0	67.0	19.0	0.0	0.0	23.0	0.0	56.0	0.0	0.0	0.0	0.0	0.0	0.0	0.0	0.0	0.0	47.0	0.0	68.0	95.0	0.0	94.0	0.0	0.0	0.0	0.0	0.0
0.0	7.0	0.0	0.0	0.0	92.0	0.0	0.0	0.0	0.0	0.0	0.0	0.0	0.0	0.0	20.0	0.0	0.0	54.0	0.0	0.0	0.0	0.0	0.0	0.0	0.0	40.0	0.0	75.0	0.0	0.0	0.0	0.0	0.0	44.0	69.0	0.0	0.0	0.0	43.0	0.0	0.0	22.0	0.0	53.0	0.0	97.0	45.0	0.0	0.0	0.0	0.0	0.0	0.0	0.0	0.0	0.0	0.0	84.0	0.0	51.0	0.0	46.0	0.0	0.0	34.0	0.0	0.0	0.0	0.0	15.0	23.0	0.0	0.0	0.0	0.0	0.0	0.0	54.0	0.0	0.0	32.0	0.0	8.0	0.0	0.0	0.0	0.0	0.0	0.0	87.0	0.0	0.0	0.0	0.0	0.0	0.0	51.0	0.0	0.0	0.0	0.0	0.0	0.0	0.0	0.0	0.0	0.0	0.0	18.0	0.0	68.0	0.0	0.0	0.0	0.0	95.0	0.0	37.0	0.0	0.0	0.0	0.0	0.0	0.0	0.0	0.0	0.0	0.0	0.0	0.0	0.0	50.0	0.0	0.0	28.0	0.0	0.0	0.0	86.0	12.0	37.0	0.0	0.0	0.0	0.0	0.0	0.0	25.0	0.0	0.0	39.0	8.0	0.0	0.0	0.0	0.0	0.0	0.0	24.0	0.0	0.0	0.0	0.0	0.0	30.0	75.0	0.0	47.0	0.0	0.0	0.0	0.0	0.0	0.0	0.0	79.0	0.0	0.0	0.0	56.0	0.0	0.0	0.0	72.0	0.0	92.0	0.0	0.0	81.0	51.0	0.0
79.0	0.0	0.0	0.0	26.0	33.0	0.0	32.0	0.0	45.0	0.0	45.0	0.0	0.0	0.0	0.0	66.0	0.0	0.0	0.0	0.0	0.0	15.0	0.0	0.0	0.0	0.0	0.0	0.0	0.0	0.0	0.0	0.0	27.0	82.0	0.0	19.0	0.0	38.0	0.0	0.0	0.0	0.0	0.0	0.0	0.0	0.0	0.0	0.0	0.0	17.0	0.0	0.0	59.0	52.0	0.0	0.0	91.0	0.0	90.0	0.0	57.0	94.0	64.0	61.0	15.0	60.0	0.0	0.0	0.0	20.0	0.0	0.0	0.0	0.0	0.0	0.0	54.0	0.0	0.0	75.0	0.0	0.0	0.0	1.0	0.0	0.0	95.0	0.0	75.0	0.0	77.0	0.0	80.0	0.0	0.0	0.0	83.0	0.0	0.0	19.0	0.0	54.0	9.0	0.0	0.0	84.0	0.0	0.0	0.0	0.0	0.0	0.0	0.0	81.0	0.0	98.0	0.0	0.0	4.0	0.0	0.0	0.0	50.0	94.0	0.0	0.0	0.0	0.0	0.0	64.0	97.0	0.0	0.0	11.0	0.0	0.0	0.0	14.0	0.0	0.0	68.0	84.0	0.0	0.0	38.0	60.0	0.0	0.0	0.0	0.0	0.0	26.0	0.0	18.0	73.0	59.0	0.0	0.0	7.0	0.0	40.0	0.0	0.0	56.0	0.0	71.0	89.0	38.0	0.0	0.0	0.0	9.0	0.0	0.0	0.0	47.0	0.0	0.0	0.0	0.0	26.0	9.0	44.0	0.0	0.0	0.0	0.0	0.0	0.0	0.0
0.0	0.0	0.0	0.0	0.0	39.0	0.0	0.0	86.0	0.0	40.0	0.0	0.0	0.0	0.0	29.0	76.0	0.0	0.0	0.0	0.0	15.0	0.0	0.0	0.0	0.0	0.0	0.0	0.0	23.0	0.0	0.0	0.0	0.0	0.0	0.0	0.0	23.0	0.0	25.0	0.0	0.0	0.0	0.0	18.0	0.0	0.0	0.0	0.0	0.0	0.0	0.0	0.0	86.0	0.0	94.0	27.0	0.0	14.0	0.0	0.0	0.0	0.0	0.0	0.0	0.0	0.0	0.0	0.0	0.0	46.0	55.0	0.0	0.0	47.0	0.0	26.0	0.0	0.0	0.0	0.0	82.0	0.0	9.0	0.0	0.0	0.0	0.0	97.0	0.0	0.0	16.0	41.0	0.0	0.0	0.0	0.0	0.0	0.0	0.0	0.0	0.0	0.0	23.0	21.0	0.0	43.0	0.0	0.0	44.0	0.0	0.0	0.0	0.0	28.0	49.0	0.0	0.0	0.0	0.0	0.0	0.0	50.0	0.0	0.0	0.0	0.0	0.0	0.0	0.0	0.0	28.0	0.0	0.0	0.0	0.0	0.0	46.0	0.0	0.0	0.0	0.0	0.0	33.0	0.0	97.0	39.0	0.0	26.0	15.0	0.0	93.0	0.0	0.0	0.0	0.0	55.0	0.0	0.0	0.0	0.0	0.0	0.0	0.0	0.0	0.0	0.0	0.0	0.0	0.0	13.0	0.0	0.0	40.0	0.0	0.0	0.0	0.0	19.0	24.0	44.0	0.0	0.0	0.0	0.0	0.0	0.0	0.0	5.0	0.0
0.0	22.0	60.0	0.0	65.0	0.0	0.0	1.0	0.0	0.0	42.0	0.0	0.0	0.0	0.0	66.0	0.0	0.0	0.0	54.0	0.0	0.0	0.0	90.0	0.0	0.0	0.0	0.0	0.0	0.0	14.0	0.0	0.0	0.0	100.0	0.0	0.0	0.0	0.0	39.0	34.0	0.0	0.0	0.0	0.0	0.0	0.0	0.0	89.0	0.0	7.0	0.0	2.0	0.0	0.0	61.0	0.0	0.0	0.0	0.0	0.0	5.0	0.0	14.0	0.0	0.0	0.0	0.0	0.0	0.0	0.0	0.0	0.0	0.0	52.0	0.0	29.0	0.0	0.0	0.0	0.0	0.0	0.0	0.0	0.0	0.0	0.0	0.0	0.0	87.0	0.0	89.0	0.0	0.0	0.0	0.0	19.0	0.0	0.0	0.0	0.0	8.0	93.0	0.0	0.0	0.0	0.0	72.0	0.0	0.0	0.0	0.0	0.0	0.0	0.0	0.0	0.0	0.0	0.0	0.0	0.0	0.0	0.0	0.0	0.0	61.0	28.0	0.0	89.0	0.0	0.0	0.0	0.0	0.0	0.0	45.0	0.0	0.0	0.0	0.0	86.0	0.0	0.0	0.0	0.0	0.0	52.0	0.0	76.0	0.0	36.0	0.0	0.0	0.0	0.0	0.0	0.0	0.0	0.0	0.0	0.0	0.0	0.0	0.0	41.0	78.0	0.0	0.0	0.0	30.0	0.0	0.0	0.0	27.0	0.0	0.0	0.0	99.0	0.0	90.0	0.0	0.0	0.0	76.0	0.0	0.0	29.0	0.0	0.0
0.0	16.0	0.0	0.0	0.0	0.0	0.0	0.0	0.0	0.0	0.0	58.0	0.0	0.0	0.0	0.0	19.0	89.0	0.0	67.0	13.0	0.0	0.0	0.0	0.0	0.0	0.0	0.0	0.0	0.0	0.0	40.0	0.0	93.0	0.0	51.0	0.0	0.0	0.0	0.0	58.0	0.0	0.0	87.0	0.0	0.0	0.0	0.0	0.0	0.0	58.0	0.0	0.0	0.0	76.0	0.0	33.0	0.0	0.0	49.0	0.0	37.0	0.0	14.0	0.0	0.0	0.0	47.0	0.0	0.0	84.0	0.0	0.0	9.0	60.0	62.0	0.0	0.0	69.0	0.0	40.0	0.0	0.0	80.0	64.0	0.0	0.0	0.0	69.0	0.0	0.0	0.0	29.0	0.0	0.0	0.0	16.0	73.0	0.0	22.0	0.0	0.0	0.0	0.0	0.0	99.0	62.0	0.0	99.0	54.0	0.0	18.0	0.0	0.0	0.0	0.0	47.0	94.0	0.0	0.0	87.0	0.0	36.0	58.0	0.0	91.0	0.0	0.0	0.0	86.0	0.0	0.0	0.0	0.0	0.0	0.0	78.0	0.0	0.0	0.0	0.0	0.0	91.0	0.0	83.0	74.0	78.0	0.0	0.0	0.0	0.0	19.0	0.0	0.0	0.0	0.0	0.0	0.0	0.0	34.0	0.0	0.0	8.0	87.0	0.0	0.0	0.0	0.0	86.0	0.0	0.0	0.0	0.0	15.0	0.0	1.0	0.0	0.0	7.0	25.0	54.0	0.0	95.0	0.0	76.0	0.0	0.0	0.0
0.0	0.0	0.0	0.0	0.0	51.0	0.0	0.0	45.0	8.0	34.0	0.0	0.0	0.0	0.0	0.0	0.0	0.0	0.0	0.0	0.0	45.0	0.0	81.0	0.0	0.0	0.0	84.0	0.0	0.0	41.0	0.0	94.0	0.0	46.0	0.0	0.0	8.0	100.0	0.0	0.0	0.0	0.0	0.0	0.0	19.0	0.0	0.0	0.0	0.0	99.0	0.0	0.0	0.0	0.0	0.0	0.0	0.0	0.0	0.0	0.0	0.0	0.0	0.0	94.0	0.0	0.0	0.0	0.0	0.0	0.0	0.0	49.0	0.0	60.0	0.0	93.0	0.0	0.0	0.0	47.0	0.0	90.0	0.0	96.0	92.0	0.0	0.0	0.0	0.0	0.0	0.0	0.0	0.0	0.0	0.0	37.0	77.0	0.0	0.0	0.0	0.0	0.0	0.0	21.0	5.0	31.0	34.0	0.0	56.0	0.0	38.0	4.0	0.0	10.0	21.0	0.0	79.0	0.0	29.0	0.0	89.0	0.0	0.0	0.0	0.0	0.0	0.0	20.0	42.0	0.0	0.0	0.0	0.0	49.0	0.0	0.0	43.0	35.0	0.0	0.0	0.0	0.0	64.0	0.0	0.0	0.0	8.0	34.0	0.0	53.0	0.0	53.0	0.0	0.0	0.0	0.0	0.0	14.0	0.0	0.0	0.0	94.0	0.0	0.0	0.0	0.0	75.0	0.0	0.0	0.0	0.0	0.0	12.0	0.0	0.0	68.0	0.0	0.0	0.0	0.0	71.0	0.0	0.0	0.0	0.0	30.0
0.0	47.0	0.0	0.0	0.0	0.0	21.0	0.0	0.0	0.0	0.0	0.0	0.0	0.0	0.0	0.0	0.0	0.0	0.0	0.0	75.0	81.0	0.0	0.0	0.0	0.0	74.0	0.0	38.0	0.0	0.0	0.0	0.0	77.0	87.0	0.0	42.0	0.0	0.0	0.0	0.0	0.0	0.0	0.0	0.0	0.0	0.0	0.0	0.0	24.0	0.0	0.0	0.0	0.0	59.0	89.0	0.0	0.0	0.0	0.0	36.0	0.0	0.0	0.0	7.0	0.0	0.0	21.0	67.0	0.0	0.0	39.0	0.0	0.0	0.0	0.0	0.0	0.0	0.0	0.0	0.0	0.0	0.0	0.0	61.0	0.0	82.0	7.0	43.0	0.0	78.0	87.0	0.0	0.0	32.0	70.0	21.0	75.0	0.0	0.0	98.0	0.0	0.0	0.0	0.0	0.0	0.0	0.0	0.0	0.0	0.0	0.0	0.0	0.0	46.0	24.0	0.0	20.0	0.0	0.0	0.0	0.0	0.0	0.0	0.0	33.0	0.0	0.0	0.0	82.0	0.0	0.0	0.0	0.0	53.0	0.0	5.0	0.0	0.0	0.0	55.0	0.0	0.0	62.0	0.0	0.0	60.0	0.0	0.0	0.0	0.0	0.0	0.0	0.0	51.0	12.0	0.0	0.0	0.0	0.0	52.0	0.0	0.0	0.0	79.0	100.0	0.0	0.0	0.0	71.0	0.0	0.0	0.0	90.0	75.0	0.0	0.0	0.0	0.0	0.0	0.0	96.0	0.0	13.0	0.0	0.0
0.0	0.0	0.0	0.0	0.0	84.0	0.0	0.0	48.0	0.0	0.0	61.0	0.0	0.0	0.0	0.0	0.0	0.0	0.0	39.0	0.0	32.0	0.0	0.0	0.0	31.0	0.0	0.0	0.0	15.0	0.0	0.0	0.0	0.0	0.0	0.0	0.0	0.0	35.0	0.0	0.0	60.0	20.0	0.0	0.0	0.0	0.0	0.0	0.0	0.0	0.0	0.0	3.0	0.0	0.0	86.0	0.0	36.0	0.0	0.0	0.0	75.0	0.0	0.0	0.0	0.0	16.0	0.0	0.0	0.0	0.0	0.0	0.0	0.0	0.0	0.0	7.0	0.0	0.0	0.0	0.0	0.0	0.0	14.0	0.0	0.0	0.0	52.0	0.0	0.0	0.0	0.0	0.0	0.0	0.0	12.0	52.0	0.0	0.0	69.0	0.0	0.0	0.0	0.0	0.0	41.0	33.0	0.0	0.0	0.0	80.0	0.0	0.0	0.0	72.0	0.0	0.0	0.0	0.0	88.0	0.0	63.0	0.0	0.0	0.0	0.0	0.0	0.0	0.0	67.0	0.0	0.0	0.0	0.0	68.0	0.0	0.0	0.0	0.0	9.0	0.0	0.0	0.0	10.0	0.0	0.0	0.0	0.0	43.0	0.0	0.0	0.0	0.0	0.0	0.0	0.0	0.0	0.0	0.0	92.0	0.0	54.0	96.0	0.0	0.0	99.0	0.0	0.0	0.0	0.0	0.0	0.0	0.0	78.0	0.0	0.0	0.0	92.0	0.0	0.0	0.0	0.0	0.0	26.0	0.0
46.0	54.0	0.0	0.0	0.0	0.0	71.0	0.0	0.0	0.0	0.0	0.0	93.0	0.0	0.0	0.0	10.0	0.0	19.0	0.0	0.0	0.0	0.0	0.0	0.0	0.0	0.0	0.0	0.0	0.0	48.0	0.0	0.0	0.0	0.0	23.0	20.0	12.0	0.0	0.0	28.0	0.0	0.0	0.0	0.0	0.0	0.0	0.0	70.0	0.0	49.0	0.0	0.0	0.0	0.0	0.0	81.0	0.0	0.0	0.0	0.0	91.0	0.0	0.0	49.0	0.0	0.0	0.0	31.0	0.0	0.0	0.0	0.0	0.0	0.0	0.0	0.0	8.0	0.0	0.0	0.0	0.0	0.0	52.0	63.0	88.0	0.0	0.0	0.0	0.0	0.0	0.0	0.0	0.0	0.0	0.0	0.0	0.0	87.0	0.0	0.0	19.0	0.0	0.0	0.0	0.0	0.0	70.0	0.0	0.0	0.0	98.0	0.0	0.0	51.0	47.0	0.0	0.0	0.0	0.0	0.0	26.0	83.0	40.0	0.0	0.0	0.0	0.0	34.0	0.0	0.0	0.0	0.0	25.0	5.0	100.0	0.0	0.0	0.0	0.0	0.0	0.0	0.0	0.0	29.0	0.0	63.0	0.0	0.0	23.0	11.0	0.0	48.0	0.0	0.0	76.0	0.0	0.0	0.0	0.0	17.0	0.0	0.0	0.0	5.0	0.0	0.0	24.0	54.0	0.0	0.0	0.0	0.0	0.0	11.0	0.0	0.0	0.0	0.0	0.0	0.0	0.0	0.0	0.0
68.0	90.0	0.0	0.0	0.0	0.0	0.0	0.0	0.0	94.0	80.0	0.0	63.0	81.0	0.0	0.0	0.0	86.0	0.0	0.0	0.0	100.0	0.0	0.0	0.0	0.0	0.0	28.0	0.0	0.0	0.0	0.0	0.0	0.0	0.0	1.0	98.0	0.0	0.0	0.0	0.0	70.0	0.0	0.0	0.0	0.0	0.0	0.0	0.0	0.0	7.0	43.0	0.0	78.0	18.0	0.0	0.0	0.0	0.0	81.0	0.0	0.0	0.0	0.0	0.0	0.0	0.0	0.0	0.0	0.0	0.0	46.0	0.0	0.0	0.0	0.0	0.0	0.0	80.0	0.0	62.0	63.0	0.0	0.0	0.0	63.0	0.0	0.0	97.0	0.0	8.0	0.0	0.0	0.0	0.0	0.0	0.0	0.0	0.0	11.0	57.0	66.0	0.0	0.0	0.0	0.0	0.0	0.0	0.0	0.0	0.0	49.0	0.0	47.0	5.0	25.0	33.0	0.0	0.0	0.0	0.0	0.0	0.0	0.0	0.0	2.0	7.0	0.0	7.0	13.0	0.0	0.0	100.0	0.0	49.0	0.0	0.0	73.0	0.0	93.0	0.0	67.0	61.0	0.0	0.0	0.0	0.0	0.0	0.0	0.0	0.0	0.0	55.0	0.0	0.0	0.0	0.0	0.0	0.0	4.0	55.0	20.0	0.0	75.0	0.0	0.0	0.0	12.0	65.0	0.0	20.0	0.0	93.0	0.0	0.0	96.0	0.0	0.0	0.0	53.0	54.0	0.0	0.0
0.0	44.0	0.0	0.0	0.0	0.0	8.0	0.0	0.0	0.0	69.0	72.0	0.0	0.0	0.0	0.0	0.0	0.0	0.0	0.0	26.0	0.0	0.0	13.0	24.0	0.0	0.0	0.0	0.0	35.0	0.0	78.0	0.0	0.0	0.0	0.0	79.0	0.0	0.0	0.0	58.0	0.0	62.0	0.0	0.0	0.0	0.0	0.0	0.0	0.0	0.0	0.0	0.0	0.0	25.0	19.0	0.0	0.0	0.0	0.0	0.0	0.0	0.0	0.0	95.0	0.0	16.0	30.0	0.0	0.0	0.0	0.0	81.0	100.0	0.0	0.0	93.0	0.0	96.0	20.0	82.0	0.0	0.0	39.0	0.0	87.0	68.0	0.0	0.0	0.0	0.0	0.0	60.0	0.0	0.0	0.0	40.0	0.0	65.0	0.0	40.0	0.0	0.0	0.0	0.0	0.0	31.0	88.0	0.0	0.0	0.0	0.0	0.0	0.0	93.0	0.0	1.0	8.0	0.0	0.0	14.0	62.0	0.0	0.0	24.0	0.0	70.0	31.0	0.0	36.0	0.0	76.0	0.0	0.0	0.0	0.0	0.0	36.0	0.0	0.0	0.0	0.0	0.0	0.0	21.0	0.0	0.0	0.0	0.0	0.0	0.0	0.0	0.0	0.0	0.0	0.0	0.0	0.0	0.0	0.0	0.0	0.0	0.0	88.0	46.0	61.0	0.0	86.0	0.0	0.0	63.0	0.0	0.0	0.0	0.0	0.0	0.0	0.0	46.0	0.0	18.0	0.0
0.0	0.0	0.0	0.0	24.0	0.0	0.0	0.0	0.0	37.0	98.0	0.0	0.0	20.0	0.0	0.0	0.0	73.0	0.0	50.0	22.0	25.0	0.0	0.0	0.0	0.0	0.0	0.0	59.0	66.0	0.0	0.0	0.0	51.0	0.0	0.0	0.0	0.0	0.0	36.0	0.0	68.0	0.0	0.0	0.0	81.0	0.0	0.0	0.0	0.0	70.0	0.0	26.0	91.0	0.0	0.0	0.0	0.0	66.0	96.0	0.0	0.0	0.0	20.0	0.0	0.0	0.0	0.0	0.0	0.0	0.0	0.0	0.0	0.0	0.0	0.0	0.0	0.0	0.0	99.0	0.0	20.0	0.0	0.0	0.0	0.0	0.0	0.0	0.0	0.0	14.0	0.0	0.0	0.0	0.0	58.0	0.0	0.0	0.0	0.0	14.0	57.0	0.0	0.0	70.0	0.0	0.0	0.0	0.0	0.0	30.0	0.0	0.0	0.0	0.0	0.0	0.0	0.0	28.0	2.0	100.0	0.0	0.0	0.0	0.0	35.0	0.0	0.0	0.0	0.0	0.0	0.0	0.0	0.0	0.0	48.0	60.0	42.0	5.0	0.0	0.0	0.0	0.0	22.0	0.0	0.0	4.0	0.0	0.0	24.0	21.0	0.0	36.0	0.0	0.0	0.0	0.0	0.0	0.0	0.0	0.0	0.0	49.0	0.0	0.0	79.0	0.0	84.0	0.0	100.0	0.0	28.0	12.0	0.0	0.0	0.0	0.0	0.0	38.0	0.0	33.0
80.0	0.0	49.0	0.0	0.0	0.0	88.0	29.0	0.0	0.0	92.0	0.0	89.0	0.0	0.0	0.0	5.0	0.0	0.0	0.0	0.0	0.0	42.0	0.0	0.0	0.0	0.0	0.0	0.0	0.0	80.0	0.0	0.0	0.0	0.0	60.0	59.0	0.0	0.0	0.0	53.0	0.0	30.0	0.0	11.0	69.0	0.0	0.0	0.0	48.0	0.0	0.0	46.0	0.0	0.0	68.0	0.0	0.0	0.0	0.0	0.0	0.0	100.0	0.0	38.0	0.0	0.0	0.0	91.0	0.0	9.0	0.0	0.0	0.0	76.0	78.0	0.0	0.0	0.0	0.0	0.0	0.0	0.0	0.0	59.0	0.0	0.0	63.0	0.0	0.0	78.0	0.0	98.0	78.0	0.0	0.0	0.0	0.0	0.0	0.0	0.0	12.0	0.0	0.0	0.0	0.0	0.0	0.0	0.0	0.0	0.0	0.0	0.0	0.0	0.0	0.0	80.0	0.0	0.0	0.0	0.0	0.0	0.0	12.0	0.0	0.0	0.0	0.0	0.0	0.0	0.0	0.0	98.0	0.0	0.0	0.0	0.0	0.0	0.0	66.0	53.0	43.0	0.0	70.0	0.0	0.0	67.0	62.0	0.0	0.0	11.0	93.0	0.0	0.0	0.0	0.0	0.0	65.0	0.0	0.0	0.0	66.0	0.0	0.0	0.0	0.0	0.0	0.0	0.0	0.0	0.0	0.0	0.0	98.0	0.0	0.0	0.0	0.0	0.0	0.0
0.0	0.0	12.0	0.0	0.0	0.0	1.0	53.0	0.0	0.0	0.0	85.0	0.0	44.0	21.0	30.0	0.0	0.0	77.0	0.0	89.0	0.0	0.0	0.0	0.0	0.0	0.0	0.0	0.0	0.0	0.0	30.0	0.0	0.0	0.0	22.0	74.0	0.0	0.0	0.0	0.0	0.0	0.0	0.0	0.0	0.0	45.0	0.0	41.0	0.0	0.0	0.0	0.0	87.0	0.0	0.0	0.0	0.0	0.0	0.0	47.0	0.0	0.0	0.0	0.0	0.0	0.0	0.0	39.0	6.0	0.0	0.0	0.0	0.0	0.0	0.0	0.0	0.0	0.0	0.0	0.0	0.0	0.0	98.0	48.0	0.0	14.0	0.0	0.0	96.0	0.0	0.0	96.0	0.0	29.0	62.0	1.0	75.0	0.0	0.0	0.0	0.0	0.0	28.0	0.0	0.0	88.0	0.0	0.0	0.0	0.0	0.0	0.0	0.0	0.0	0.0	0.0	0.0	0.0	93.0	0.0	0.0	0.0	13.0	72.0	82.0	0.0	0.0	0.0	0.0	0.0	0.0	34.0	0.0	0.0	0.0	0.0	0.0	0.0	0.0	0.0	79.0	0.0	0.0	0.0	0.0	0.0	0.0	0.0	11.0	0.0	0.0	0.0	0.0	0.0	20.0	0.0	0.0	0.0	0.0	0.0	0.0	0.0	27.0	32.0	0.0	0.0	0.0	0.0	0.0	66.0	21.0	47.0	0.0	0.0	0.0	0.0	0.0	0.0
66.0	0.0	79.0	0.0	0.0	0.0	0.0	73.0	0.0	0.0	0.0	0.0	0.0	54.0	0.0	75.0	13.0	0.0	0.0	12.0	9.0	0.0	0.0	0.0	0.0	0.0	13.0	0.0	0.0	82.0	0.0	0.0	83.0	9.0	0.0	0.0	0.0	0.0	1.0	0.0	56.0	0.0	87.0	42.0	0.0	0.0	0.0	45.0	90.0	80.0	0.0	0.0	0.0	0.0	0.0	0.0	0.0	0.0	0.0	5.0	0.0	0.0	0.0	46.0	0.0	0.0	76.0	0.0	0.0	0.0	0.0	0.0	0.0	0.0	0.0	0.0	0.0	0.0	0.0	35.0	0.0	0.0	45.0	82.0	0.0	0.0	0.0	0.0	0.0	0.0	0.0	78.0	68.0	0.0	0.0	0.0	0.0	0.0	42.0	0.0	31.0	15.0	0.0	0.0	0.0	0.0	0.0	0.0	63.0	0.0	0.0	0.0	0.0	0.0	0.0	0.0	0.0	0.0	0.0	0.0	0.0	0.0	93.0	92.0	0.0	0.0	15.0	0.0	0.0	0.0	0.0	0.0	0.0	52.0	0.0	0.0	0.0	0.0	0.0	0.0	0.0	24.0	0.0	0.0	29.0	0.0	12.0	0.0	0.0	0.0	0.0	21.0	0.0	0.0	36.0	0.0	50.0	99.0	0.0	0.0	32.0	0.0	0.0	0.0	24.0	0.0	22.0	0.0	0.0	65.0	0.0	0.0	91.0	65.0	0.0	71.0	22.0	0.0
74.0	0.0	45.0	0.0	0.0	55.0	81.0	0.0	0.0	0.0	0.0	68.0	29.0	64.0	0.0	0.0	50.0	0.0	0.0	0.0	0.0	0.0	0.0	0.0	0.0	0.0	0.0	87.0	0.0	0.0	0.0	0.0	0.0	0.0	0.0	59.0	55.0	0.0	0.0	0.0	0.0	0.0	0.0	0.0	0.0	0.0	0.0	0.0	0.0	70.0	0.0	89.0	0.0	0.0	0.0	0.0	0.0	18.0	0.0	0.0	94.0	33.0	0.0	81.0	0.0	0.0	59.0	0.0	0.0	29.0	24.0	0.0	0.0	9.0	7.0	0.0	94.0	0.0	0.0	0.0	0.0	0.0	0.0	0.0	0.0	70.0	15.0	0.0	0.0	0.0	0.0	0.0	0.0	0.0	99.0	0.0	76.0	0.0	0.0	31.0	0.0	0.0	23.0	100.0	83.0	0.0	42.0	0.0	0.0	0.0	22.0	34.0	0.0	0.0	0.0	80.0	0.0	0.0	0.0	0.0	0.0	0.0	58.0	10.0	4.0	15.0	0.0	0.0	42.0	0.0	0.0	78.0	0.0	0.0	0.0	0.0	0.0	61.0	59.0	0.0	0.0	74.0	0.0	0.0	33.0	0.0	89.0	82.0	0.0	0.0	0.0	0.0	0.0	0.0	0.0	55.0	95.0	0.0	0.0	0.0	0.0	0.0	27.0	0.0	0.0	0.0	19.0	1.0	0.0	92.0	28.0	30.0	12.0	29.0	0.0	0.0	59.0
59.0	0.0	94.0	0.0	71.0	0.0	0.0	0.0	0.0	0.0	54.0	43.0	0.0	0.0	0.0	0.0	0.0	0.0	36.0	0.0	0.0	0.0	0.0	0.0	0.0	0.0	86.0	0.0	0.0	0.0	0.0	0.0	72.0	0.0	0.0	0.0	47.0	0.0	0.0	0.0	0.0	0.0	0.0	0.0	0.0	0.0	0.0	33.0	0.0	0.0	0.0	0.0	0.0	0.0	0.0	0.0	0.0	0.0	0.0	0.0	68.0	25.0	0.0	0.0	0.0	0.0	41.0	60.0	0.0	60.0	0.0	59.0	0.0	0.0	73.0	0.0	0.0	0.0	0.0	23.0	0.0	0.0	0.0	98.0	0.0	0.0	0.0	0.0	0.0	17.0	62.0	43.0	0.0	0.0	0.0	0.0	0.0	0.0	0.0	0.0	0.0	0.0	0.0	0.0	0.0	0.0	56.0	92.0	0.0	0.0	0.0	18.0	0.0	43.0	0.0	0.0	0.0	38.0	58.0	0.0	77.0	0.0	36.0	0.0	0.0	0.0	0.0	0.0	5.0	0.0	0.0	0.0	0.0	90.0	0.0	0.0	0.0	0.0	24.0	0.0	44.0	0.0	0.0	0.0	0.0	0.0	63.0	0.0	0.0	0.0	94.0	0.0	0.0	0.0	100.0	0.0	0.0	0.0	12.0	0.0	10.0	0.0	0.0	0.0	0.0	86.0	0.0	20.0	0.0	0.0	0.0	0.0	0.0	0.0	25.0	0.0
93.0	0.0	80.0	16.0	94.0	0.0	0.0	0.0	0.0	0.0	0.0	0.0	0.0	65.0	0.0	0.0	40.0	0.0	0.0	0.0	47.0	0.0	80.0	0.0	0.0	0.0	0.0	0.0	74.0	40.0	0.0	0.0	67.0	0.0	39.0	0.0	93.0	0.0	0.0	33.0	37.0	18.0	0.0	0.0	0.0	0.0	0.0	0.0	0.0	0.0	0.0	52.0	0.0	0.0	7.0	21.0	19.0	0.0	0.0	0.0	80.0	0.0	33.0	0.0	0.0	0.0	0.0	0.0	0.0	0.0	8.0	0.0	0.0	71.0	0.0	94.0	0.0	25.0	72.0	0.0	2.0	38.0	0.0	13.0	0.0	99.0	0.0	70.0	55.0	0.0	0.0	0.0	0.0	0.0	0.0	0.0	33.0	100.0	0.0	0.0	0.0	91.0	0.0	0.0	90.0	0.0	0.0	53.0	0.0	0.0	0.0	0.0	0.0	10.0	57.0	0.0	0.0	0.0	0.0	22.0	0.0	0.0	59.0	0.0	0.0	0.0	0.0	0.0	70.0	0.0	0.0	0.0	0.0	0.0	89.0	2.0	0.0	0.0	0.0	0.0	0.0	0.0	0.0	0.0	0.0	0.0	83.0	0.0	0.0	0.0	0.0	0.0	0.0	0.0	0.0	61.0	0.0	0.0	0.0	0.0	0.0	72.0	0.0	0.0	71.0	0.0	0.0	0.0	0.0	0.0	0.0	87.0	19.0	0.0	97.0
0.0	0.0	0.0	0.0	0.0	0.0	0.0	0.0	0.0	0.0	84.0	88.0	85.0	0.0	0.0	0.0	0.0	0.0	0.0	0.0	0.0	0.0	0.0	0.0	0.0	0.0	0.0	31.0	0.0	0.0	0.0	0.0	0.0	0.0	0.0	0.0	0.0	94.0	0.0	44.0	0.0	0.0	5.0	0.0	0.0	0.0	0.0	0.0	0.0	0.0	0.0	0.0	0.0	9.0	8.0	0.0	0.0	0.0	0.0	0.0	0.0	0.0	0.0	13.0	0.0	0.0	0.0	0.0	0.0	0.0	0.0	0.0	24.0	0.0	0.0	84.0	0.0	0.0	83.0	0.0	0.0	0.0	0.0	0.0	0.0	0.0	0.0	0.0	67.0	0.0	0.0	0.0	0.0	0.0	87.0	84.0	0.0	0.0	0.0	0.0	0.0	0.0	0.0	0.0	23.0	0.0	99.0	0.0	0.0	0.0	0.0	0.0	0.0	79.0	0.0	0.0	3.0	28.0	70.0	0.0	62.0	0.0	36.0	22.0	41.0	0.0	33.0	0.0	81.0	0.0	0.0	0.0	0.0	0.0	0.0	0.0	0.0	0.0	0.0	37.0	6.0	0.0	0.0	99.0	0.0	0.0	0.0	70.0	0.0	0.0	0.0	0.0	0.0	0.0	0.0	0.0	0.0	0.0	27.0	0.0	94.0	0.0	53.0	5.0	0.0	0.0	0.0	0.0	0.0	0.0	0.0	0.0	0.0	0.0
75.0	0.0	69.0	69.0	0.0	19.0	0.0	49.0	0.0	0.0	0.0	0.0	0.0	0.0	0.0	18.0	0.0	0.0	66.0	0.0	0.0	0.0	0.0	0.0	0.0	0.0	0.0	14.0	0.0	0.0	0.0	0.0	0.0	15.0	0.0	0.0	77.0	0.0	0.0	8.0	76.0	0.0	0.0	40.0	25.0	0.0	0.0	0.0	0.0	0.0	0.0	0.0	0.0	0.0	0.0	0.0	0.0	0.0	0.0	0.0	0.0	77.0	0.0	0.0	0.0	0.0	0.0	0.0	0.0	57.0	0.0	0.0	0.0	0.0	0.0	0.0	0.0	0.0	0.0	0.0	0.0	0.0	0.0	0.0	0.0	0.0	0.0	0.0	0.0	0.0	0.0	0.0	0.0	0.0	0.0	0.0	0.0	0.0	0.0	0.0	0.0	91.0	0.0	34.0	0.0	30.0	0.0	0.0	0.0	0.0	55.0	0.0	0.0	0.0	0.0	0.0	8.0	0.0	0.0	91.0	0.0	0.0	0.0	0.0	0.0	0.0	10.0	30.0	27.0	81.0	0.0	0.0	0.0	0.0	0.0	0.0	0.0	0.0	0.0	0.0	83.0	79.0	0.0	0.0	0.0	82.0	0.0	48.0	0.0	0.0	76.0	0.0	9.0	0.0	40.0	0.0	20.0	0.0	0.0	30.0	72.0	94.0	92.0	0.0	1.0	0.0	0.0	0.0	0.0	0.0	0.0	0.0	0.0
0.0	49.0	38.0	0.0	5.0	0.0	0.0	0.0	0.0	0.0	0.0	0.0	0.0	0.0	0.0	0.0	0.0	0.0	0.0	0.0	0.0	0.0	16.0	0.0	0.0	0.0	0.0	0.0	0.0	0.0	82.0	0.0	0.0	0.0	0.0	11.0	0.0	0.0	0.0	0.0	0.0	0.0	52.0	0.0	86.0	0.0	0.0	0.0	0.0	85.0	67.0	46.0	0.0	0.0	0.0	0.0	0.0	0.0	0.0	12.0	0.0	98.0	0.0	0.0	0.0	0.0	79.0	49.0	0.0	0.0	0.0	71.0	0.0	49.0	0.0	0.0	0.0	0.0	0.0	0.0	0.0	0.0	0.0	0.0	0.0	0.0	0.0	0.0	0.0	0.0	53.0	0.0	44.0	0.0	60.0	54.0	68.0	0.0	0.0	0.0	94.0	43.0	0.0	0.0	0.0	0.0	0.0	38.0	80.0	13.0	0.0	86.0	0.0	0.0	76.0	0.0	72.0	0.0	0.0	0.0	0.0	40.0	0.0	0.0	89.0	0.0	29.0	0.0	39.0	0.0	0.0	0.0	0.0	0.0	0.0	0.0	0.0	0.0	0.0	0.0	0.0	0.0	0.0	66.0	12.0	0.0	42.0	75.0	0.0	0.0	0.0	0.0	3.0	0.0	0.0	0.0	0.0	64.0	0.0	23.0	0.0	0.0	0.0	65.0	41.0	0.0	3.0	85.0	0.0	0.0	0.0	0.0
0.0	0.0	0.0	0.0	0.0	71.0	0.0	0.0	62.0	0.0	28.0	0.0	0.0	0.0	0.0	0.0	0.0	0.0	0.0	0.0	29.0	38.0	0.0	0.0	0.0	0.0	0.0	4.0	0.0	13.0	21.0	0.0	0.0	57.0	0.0	0.0	88.0	0.0	0.0	12.0	0.0	30.0	65.0	18.0	0.0	53.0	0.0	0.0	0.0	0.0	0.0	0.0	51.0	98.0	77.0	0.0	0.0	70.0	0.0	0.0	0.0	0.0	0.0	0.0	0.0	0.0	0.0	0.0	0.0	0.0	0.0	38.0	0.0	0.0	23.0	0.0	0.0	0.0	0.0	0.0	0.0	0.0	0.0	0.0	0.0	0.0	0.0	0.0	0.0	0.0	0.0	31.0	0.0	65.0	0.0	97.0	0.0	0.0	0.0	69.0	0.0	0.0	0.0	0.0	0.0	0.0	0.0	0.0	0.0	23.0	83.0	0.0	0.0	76.0	0.0	12.0	55.0	0.0	0.0	0.0	37.0	0.0	0.0	67.0	0.0	35.0	0.0	0.0	0.0	0.0	0.0	19.0	0.0	0.0	0.0	0.0	0.0	0.0	0.0	0.0	0.0	90.0	0.0	0.0	0.0	0.0	0.0	36.0	0.0	0.0	28.0	0.0	0.0	0.0	29.0	86.0	55.0	0.0	0.0	0.0	0.0	0.0	39.0	0.0	96.0	68.0	0.0	0.0	60.0	0.0	0.0
0.0	0.0	0.0	0.0	0.0	0.0	0.0	0.0	0.0	0.0	0.0	0.0	0.0	32.0	0.0	0.0	0.0	93.0	0.0	71.0	0.0	0.0	0.0	2.0	0.0	0.0	52.0	0.0	0.0	0.0	91.0	97.0	0.0	30.0	32.0	59.0	0.0	0.0	0.0	0.0	41.0	0.0	25.0	0.0	0.0	82.0	0.0	0.0	0.0	0.0	97.0	83.0	0.0	0.0	0.0	69.0	0.0	0.0	0.0	0.0	0.0	0.0	0.0	0.0	46.0	0.0	92.0	0.0	43.0	0.0	0.0	0.0	0.0	0.0	0.0	75.0	0.0	0.0	0.0	0.0	0.0	0.0	0.0	0.0	0.0	0.0	0.0	0.0	3.0	99.0	68.0	0.0	0.0	0.0	76.0	61.0	0.0	0.0	46.0	0.0	5.0	23.0	0.0	0.0	0.0	0.0	0.0	0.0	37.0	0.0	0.0	0.0	51.0	90.0	94.0	0.0	0.0	0.0	0.0	38.0	0.0	0.0	0.0	0.0	0.0	0.0	98.0	0.0	0.0	0.0	0.0	0.0	0.0	0.0	60.0	0.0	24.0	34.0	0.0	0.0	0.0	0.0	0.0	0.0	25.0	99.0	0.0	3.0	0.0	0.0	21.0	0.0	0.0	0.0	48.0	0.0	0.0	0.0	0.0	0.0	0.0	0.0	0.0	0.0	0.0	70.0	89.0	0.0	0.0	0.0
0.0	0.0	0.0	11.0	0.0	0.0	0.0	38.0	0.0	0.0	0.0	0.0	0.0	45.0	0.0	0.0	0.0	0.0	0.0	0.0	0.0	0.0	0.0	0.0	0.0	0.0	41.0	0.0	73.0	65.0	0.0	0.0	0.0	52.0	0.0	92.0	97.0	0.0	0.0	0.0	0.0	0.0	0.0	42.0	11.0	0.0	0.0	12.0	0.0	0.0	49.0	37.0	0.0	41.0	0.0	87.0	0.0	0.0	0.0	0.0	22.0	0.0	82.0	0.0	0.0	0.0	0.0	0.0	34.0	0.0	0.0	0.0	0.0	76.0	0.0	0.0	0.0	0.0	0.0	0.0	0.0	0.0	0.0	0.0	0.0	0.0	0.0	0.0	0.0	95.0	0.0	0.0	0.0	0.0	20.0	0.0	0.0	0.0	47.0	57.0	0.0	32.0	0.0	0.0	0.0	0.0	0.0	0.0	0.0	0.0	0.0	0.0	0.0	0.0	0.0	0.0	0.0	89.0	0.0	0.0	67.0	0.0	0.0	0.0	0.0	0.0	0.0	0.0	0.0	0.0	0.0	0.0	0.0	56.0	15.0	73.0	28.0	0.0	0.0	51.0	35.0	0.0	0.0	0.0	0.0	90.0	56.0	0.0	0.0	0.0	65.0	0.0	0.0	84.0	0.0	0.0	59.0	27.0	0.0	0.0	0.0	0.0	0.0	19.0	95.0	0.0	0.0	83.0	0.0
0.0	0.0	0.0	0.0	89.0	90.0	0.0	0.0	0.0	42.0	0.0	0.0	0.0	47.0	0.0	0.0	37.0	0.0	0.0	0.0	0.0	30.0	0.0	0.0	0.0	11.0	0.0	0.0	0.0	0.0	0.0	99.0	54.0	90.0	0.0	40.0	0.0	0.0	0.0	30.0	0.0	41.0	0.0	0.0	0.0	55.0	0.0	80.0	0.0	0.0	0.0	0.0	0.0	0.0	0.0	64.0	48.0	0.0	0.0	41.0	0.0	0.0	0.0	0.0	0.0	0.0	0.0	0.0	22.0	3.0	0.0	0.0	0.0	0.0	0.0	96.0	0.0	0.0	0.0	0.0	0.0	0.0	48.0	0.0	0.0	34.0	0.0	0.0	9.0	98.0	0.0	36.0	70.0	0.0	87.0	0.0	0.0	0.0	0.0	0.0	0.0	3.0	0.0	3.0	68.0	20.0	46.0	0.0	100.0	0.0	0.0	0.0	0.0	0.0	0.0	0.0	0.0	0.0	0.0	0.0	0.0	57.0	0.0	25.0	0.0	32.0	0.0	0.0	0.0	0.0	0.0	19.0	0.0	17.0	0.0	0.0	62.0	0.0	6.0	0.0	0.0	32.0	0.0	0.0	0.0	0.0	0.0	0.0	0.0	42.0	0.0	63.0	0.0	0.0	0.0	0.0	0.0	0.0	0.0	0.0	15.0	0.0	0.0	0.0	0.0	0.0	0.0	0.0
0.0	0.0	0.0	0.0	0.0	0.0	56.0	41.0	0.0	0.0	0.0	53.0	0.0	0.0	0.0	0.0	8.0	0.0	0.0	0.0	10.0	0.0	0.0	0.0	0.0	0.0	0.0	0.0	0.0	0.0	0.0	0.0	0.0	0.0	0.0	0.0	0.0	0.0	0.0	0.0	0.0	0.0	0.0	5.0	82.0	34.0	0.0	0.0	0.0	0.0	0.0	0.0	0.0	0.0	9.0	0.0	0.0	0.0	78.0	0.0	100.0	6.0	0.0	0.0	0.0	0.0	0.0	0.0	0.0	0.0	0.0	0.0	0.0	0.0	0.0	0.0	0.0	0.0	0.0	0.0	0.0	0.0	68.0	0.0	0.0	0.0	15.0	0.0	31.0	0.0	0.0	88.0	0.0	0.0	73.0	0.0	0.0	0.0	62.0	36.0	0.0	0.0	0.0	0.0	0.0	42.0	95.0	11.0	0.0	0.0	61.0	0.0	0.0	0.0	0.0	0.0	0.0	12.0	0.0	0.0	0.0	0.0	0.0	0.0	0.0	50.0	0.0	0.0	18.0	90.0	22.0	0.0	0.0	0.0	0.0	40.0	46.0	38.0	96.0	0.0	0.0	0.0	0.0	0.0	0.0	0.0	0.0	0.0	0.0	0.0	0.0	0.0	0.0	0.0	0.0	64.0	0.0	0.0	0.0	0.0	65.0	86.0	0.0	63.0	0.0	0.0	0.0
0.0	56.0	30.0	0.0	0.0	0.0	0.0	48.0	11.0	0.0	0.0	0.0	3.0	77.0	0.0	0.0	14.0	0.0	0.0	0.0	8.0	0.0	16.0	0.0	77.0	0.0	96.0	25.0	0.0	6.0	0.0	8.0	66.0	19.0	0.0	0.0	0.0	0.0	0.0	0.0	0.0	0.0	0.0	0.0	0.0	13.0	0.0	0.0	0.0	0.0	31.0	0.0	0.0	0.0	0.0	0.0	0.0	0.0	0.0	0.0	31.0	0.0	92.0	0.0	0.0	0.0	0.0	9.0	0.0	0.0	0.0	0.0	0.0	96.0	0.0	0.0	39.0	0.0	0.0	0.0	97.0	0.0	0.0	5.0	0.0	54.0	0.0	0.0	0.0	0.0	0.0	0.0	0.0	0.0	0.0	64.0	34.0	0.0	0.0	0.0	0.0	0.0	63.0	0.0	0.0	0.0	0.0	0.0	0.0	59.0	0.0	0.0	0.0	0.0	0.0	0.0	0.0	46.0	0.0	0.0	0.0	0.0	28.0	0.0	76.0	23.0	0.0	0.0	46.0	0.0	0.0	0.0	0.0	70.0	21.0	36.0	0.0	52.0	0.0	0.0	6.0	0.0	0.0	49.0	86.0	0.0	15.0	0.0	0.0	90.0	0.0	0.0	0.0	0.0	0.0	17.0	59.0	0.0	0.0	0.0	9.0	0.0	55.0	0.0	0.0	0.0
0.0	0.0	0.0	0.0	0.0	0.0	0.0	0.0	0.0	0.0	0.0	0.0	0.0	60.0	38.0	0.0	48.0	0.0	0.0	1.0	36.0	0.0	0.0	0.0	69.0	0.0	0.0	0.0	17.0	0.0	13.0	0.0	0.0	0.0	0.0	0.0	0.0	63.0	0.0	74.0	0.0	0.0	54.0	0.0	33.0	0.0	0.0	81.0	0.0	0.0	0.0	0.0	0.0	0.0	0.0	0.0	0.0	0.0	0.0	0.0	0.0	5.0	0.0	0.0	0.0	0.0	0.0	0.0	0.0	19.0	55.0	0.0	40.0	39.0	0.0	0.0	0.0	0.0	0.0	0.0	54.0	0.0	0.0	0.0	0.0	0.0	0.0	0.0	56.0	0.0	0.0	29.0	12.0	68.0	0.0	0.0	0.0	0.0	0.0	28.0	0.0	0.0	0.0	0.0	0.0	0.0	0.0	0.0	0.0	0.0	0.0	36.0	0.0	0.0	0.0	0.0	0.0	0.0	0.0	0.0	0.0	0.0	44.0	0.0	0.0	76.0	58.0	0.0	0.0	0.0	13.0	0.0	0.0	0.0	0.0	0.0	0.0	0.0	0.0	0.0	26.0	0.0	0.0	0.0	0.0	0.0	0.0	77.0	55.0	0.0	0.0	0.0	80.0	0.0	59.0	0.0	87.0	0.0	82.0	0.0	0.0	37.0	0.0	0.0	0.0
0.0	77.0	0.0	0.0	0.0	94.0	0.0	0.0	0.0	0.0	0.0	80.0	0.0	0.0	0.0	0.0	0.0	0.0	0.0	0.0	67.0	0.0	0.0	76.0	0.0	0.0	0.0	71.0	0.0	54.0	0.0	0.0	65.0	0.0	0.0	43.0	0.0	0.0	28.0	90.0	0.0	0.0	0.0	0.0	0.0	0.0	0.0	0.0	0.0	57.0	17.0	0.0	0.0	53.0	82.0	0.0	76.0	0.0	77.0	0.0	0.0	0.0	0.0	0.0	0.0	0.0	0.0	26.0	0.0	0.0	87.0	0.0	41.0	0.0	0.0	0.0	88.0	0.0	0.0	53.0	0.0	0.0	0.0	0.0	0.0	0.0	0.0	0.0	0.0	0.0	0.0	0.0	0.0	0.0	0.0	76.0	0.0	0.0	11.0	0.0	0.0	0.0	0.0	0.0	0.0	0.0	0.0	0.0	43.0	0.0	0.0	0.0	0.0	0.0	0.0	0.0	0.0	58.0	0.0	0.0	0.0	0.0	84.0	0.0	0.0	0.0	53.0	0.0	0.0	0.0	0.0	0.0	88.0	0.0	0.0	0.0	0.0	0.0	0.0	0.0	0.0	0.0	0.0	0.0	0.0	0.0	0.0	0.0	0.0	0.0	0.0	42.0	0.0	0.0	43.0	0.0	0.0	1.0	0.0	0.0	46.0	0.0	0.0	0.0
0.0	0.0	0.0	0.0	0.0	0.0	20.0	0.0	0.0	0.0	0.0	0.0	0.0	0.0	0.0	0.0	0.0	0.0	0.0	0.0	0.0	0.0	0.0	0.0	0.0	68.0	7.0	0.0	0.0	0.0	0.0	81.0	0.0	0.0	0.0	0.0	0.0	0.0	0.0	0.0	0.0	0.0	0.0	0.0	0.0	99.0	90.0	0.0	0.0	0.0	35.0	0.0	0.0	74.0	0.0	0.0	61.0	95.0	0.0	0.0	0.0	34.0	0.0	0.0	0.0	55.0	0.0	0.0	0.0	0.0	0.0	0.0	0.0	0.0	0.0	96.0	0.0	48.0	0.0	85.0	0.0	34.0	0.0	0.0	0.0	0.0	0.0	0.0	18.0	26.0	0.0	9.0	0.0	0.0	0.0	0.0	0.0	0.0	42.0	0.0	0.0	0.0	0.0	0.0	83.0	0.0	0.0	0.0	4.0	0.0	0.0	0.0	0.0	97.0	30.0	0.0	0.0	73.0	100.0	0.0	0.0	0.0	0.0	0.0	74.0	0.0	0.0	0.0	0.0	0.0	0.0	3.0	23.0	0.0	0.0	0.0	3.0	68.0	0.0	0.0	0.0	0.0	0.0	0.0	0.0	0.0	0.0	77.0	0.0	0.0	27.0	0.0	0.0	0.0	27.0	0.0	0.0	0.0	0.0	60.0	0.0	0.0	84.0
88.0	28.0	0.0	0.0	0.0	0.0	0.0	0.0	0.0	0.0	0.0	0.0	13.0	0.0	0.0	0.0	0.0	51.0	59.0	19.0	0.0	10.0	63.0	0.0	93.0	0.0	0.0	0.0	0.0	0.0	0.0	0.0	0.0	0.0	0.0	0.0	0.0	0.0	0.0	0.0	0.0	58.0	0.0	89.0	0.0	34.0	0.0	0.0	0.0	0.0	0.0	51.0	0.0	0.0	0.0	0.0	0.0	45.0	0.0	0.0	0.0	43.0	36.0	0.0	0.0	0.0	0.0	99.0	0.0	88.0	13.0	0.0	0.0	0.0	0.0	0.0	0.0	0.0	0.0	0.0	0.0	0.0	0.0	9.0	0.0	0.0	0.0	0.0	0.0	0.0	0.0	13.0	0.0	0.0	0.0	0.0	0.0	7.0	93.0	0.0	0.0	51.0	37.0	2.0	0.0	0.0	0.0	0.0	45.0	0.0	0.0	45.0	0.0	3.0	9.0	5.0	0.0	0.0	0.0	0.0	0.0	0.0	0.0	0.0	0.0	0.0	0.0	0.0	0.0	0.0	0.0	43.0	0.0	0.0	0.0	7.0	0.0	67.0	0.0	0.0	0.0	0.0	0.0	0.0	0.0	76.0	0.0	0.0	100.0	0.0	61.0	0.0	0.0	0.0	0.0	0.0	0.0	0.0	0.0	0.0	52.0	0.0
0.0	0.0	0.0	0.0	89.0	0.0	0.0	74.0	0.0	0.0	0.0	0.0	0.0	96.0	0.0	27.0	46.0	0.0	49.0	0.0	79.0	0.0	0.0	0.0	0.0	57.0	0.0	0.0	0.0	0.0	0.0	0.0	0.0	0.0	0.0	66.0	0.0	0.0	73.0	0.0	0.0	0.0	0.0	0.0	1.0	0.0	0.0	0.0	0.0	0.0	0.0	54.0	0.0	78.0	0.0	0.0	0.0	0.0	0.0	0.0	0.0	0.0	6.0	0.0	0.0	0.0	0.0	0.0	0.0	0.0	0.0	0.0	65.0	0.0	0.0	46.0	0.0	0.0	0.0	0.0	0.0	0.0	0.0	0.0	0.0	0.0	0.0	90.0	7.0	0.0	0.0	0.0	0.0	0.0	10.0	0.0	0.0	0.0	0.0	0.0	22.0	75.0	32.0	0.0	0.0	0.0	0.0	0.0	0.0	0.0	0.0	93.0	0.0	0.0	0.0	0.0	0.0	69.0	0.0	0.0	0.0	0.0	88.0	0.0	83.0	83.0	0.0	0.0	0.0	0.0	0.0	0.0	0.0	49.0	0.0	0.0	0.0	0.0	76.0	0.0	0.0	0.0	0.0	0.0	0.0	0.0	0.0	45.0	0.0	0.0	0.0	27.0	0.0	0.0	0.0	0.0	37.0	0.0	0.0	0.0	0.0
0.0	0.0	0.0	0.0	0.0	0.0	2.0	0.0	0.0	0.0	0.0	0.0	0.0	30.0	0.0	0.0	0.0	6.0	37.0	30.0	51.0	0.0	0.0	46.0	0.0	0.0	0.0	0.0	0.0	0.0	99.0	0.0	38.0	0.0	0.0	0.0	0.0	0.0	0.0	0.0	0.0	0.0	0.0	0.0	0.0	0.0	0.0	0.0	0.0	0.0	0.0	0.0	0.0	0.0	0.0	28.0	0.0	0.0	14.0	26.0	0.0	0.0	0.0	0.0	42.0	15.0	67.0	0.0	0.0	0.0	0.0	65.0	18.0	0.0	0.0	0.0	18.0	0.0	0.0	0.0	0.0	0.0	0.0	0.0	0.0	37.0	0.0	72.0	0.0	0.0	7.0	0.0	74.0	99.0	0.0	28.0	0.0	37.0	0.0	24.0	33.0	20.0	75.0	0.0	0.0	0.0	0.0	68.0	0.0	0.0	0.0	0.0	0.0	0.0	0.0	0.0	0.0	48.0	86.0	0.0	0.0	0.0	0.0	0.0	0.0	0.0	28.0	0.0	0.0	16.0	0.0	79.0	13.0	86.0	0.0	0.0	0.0	0.0	0.0	0.0	0.0	26.0	1.0	0.0	0.0	0.0	0.0	36.0	0.0	66.0	56.0	26.0	0.0	0.0	0.0	0.0	0.0	70.0	0.0	0.0
0.0	0.0	0.0	0.0	0.0	0.0	0.0	0.0	45.0	0.0	0.0	0.0	0.0	0.0	0.0	69.0	0.0	0.0	0.0	0.0	5.0	0.0	0.0	0.0	11.0	0.0	24.0	0.0	47.0	0.0	0.0	0.0	0.0	41.0	76.0	0.0	0.0	0.0	0.0	0.0	0.0	0.0	0.0	0.0	48.0	0.0	0.0	0.0	0.0	5.0	0.0	0.0	0.0	0.0	57.0	0.0	72.0	0.0	0.0	0.0	0.0	0.0	0.0	49.0	11.0	0.0	29.0	72.0	0.0	73.0	0.0	0.0	0.0	27.0	0.0	0.0	0.0	0.0	0.0	0.0	0.0	0.0	0.0	20.0	0.0	0.0	37.0	0.0	0.0	76.0	0.0	0.0	0.0	0.0	0.0	78.0	23.0	0.0	86.0	0.0	0.0	0.0	62.0	0.0	0.0	0.0	0.0	0.0	0.0	0.0	0.0	0.0	0.0	0.0	0.0	0.0	0.0	84.0	0.0	0.0	0.0	0.0	0.0	51.0	24.0	6.0	0.0	72.0	0.0	0.0	0.0	66.0	0.0	0.0	0.0	0.0	0.0	0.0	0.0	12.0	1.0	0.0	0.0	0.0	0.0	7.0	0.0	0.0	0.0	0.0	0.0	60.0	0.0	6.0	0.0	0.0	0.0	86.0	0.0
0.0	80.0	0.0	0.0	0.0	65.0	0.0	0.0	0.0	0.0	0.0	0.0	0.0	36.0	0.0	0.0	97.0	94.0	0.0	0.0	0.0	0.0	0.0	0.0	0.0	12.0	5.0	0.0	0.0	0.0	0.0	0.0	0.0	0.0	0.0	0.0	0.0	37.0	0.0	0.0	0.0	64.0	0.0	0.0	0.0	0.0	0.0	89.0	0.0	0.0	77.0	0.0	0.0	0.0	13.0	0.0	0.0	0.0	0.0	45.0	0.0	73.0	0.0	0.0	93.0	0.0	0.0	7.0	0.0	0.0	41.0	0.0	0.0	0.0	57.0	83.0	0.0	0.0	0.0	0.0	0.0	0.0	0.0	44.0	0.0	0.0	68.0	56.0	0.0	0.0	0.0	0.0	0.0	0.0	0.0	0.0	0.0	49.0	58.0	86.0	0.0	40.0	0.0	0.0	98.0	0.0	18.0	0.0	0.0	0.0	79.0	0.0	0.0	0.0	0.0	66.0	56.0	0.0	0.0	37.0	66.0	93.0	0.0	0.0	36.0	0.0	14.0	0.0	0.0	0.0	0.0	0.0	0.0	0.0	42.0	0.0	0.0	88.0	22.0	1.0	0.0	0.0	0.0	0.0	0.0	77.0	0.0	0.0	0.0	0.0	0.0	0.0	0.0	0.0	0.0	0.0	0.0	0.0
86.0	0.0	0.0	0.0	0.0	27.0	0.0	0.0	84.0	0.0	0.0	25.0	0.0	0.0	0.0	0.0	0.0	0.0	0.0	0.0	0.0	0.0	0.0	0.0	0.0	0.0	6.0	0.0	0.0	0.0	35.0	0.0	0.0	0.0	0.0	0.0	0.0	0.0	0.0	0.0	0.0	0.0	44.0	0.0	0.0	0.0	29.0	0.0	0.0	0.0	36.0	0.0	25.0	85.0	12.0	0.0	0.0	0.0	0.0	26.0	0.0	30.0	0.0	0.0	0.0	0.0	0.0	0.0	34.0	21.0	0.0	67.0	0.0	0.0	69.0	0.0	18.0	0.0	0.0	21.0	90.0	0.0	0.0	8.0	49.0	0.0	61.0	60.0	0.0	0.0	18.0	0.0	0.0	0.0	0.0	0.0	0.0	0.0	0.0	0.0	0.0	0.0	0.0	0.0	0.0	0.0	0.0	61.0	0.0	0.0	0.0	0.0	0.0	0.0	90.0	0.0	0.0	78.0	0.0	0.0	0.0	0.0	0.0	48.0	0.0	0.0	0.0	0.0	0.0	0.0	0.0	0.0	0.0	0.0	81.0	0.0	0.0	0.0	0.0	0.0	0.0	0.0	0.0	0.0	0.0	0.0	0.0	0.0	0.0	0.0	0.0	85.0	0.0	0.0	0.0	0.0	62.0
0.0	40.0	83.0	35.0	0.0	0.0	51.0	0.0	0.0	0.0	0.0	0.0	19.0	58.0	94.0	44.0	0.0	32.0	0.0	0.0	0.0	83.0	0.0	0.0	0.0	0.0	0.0	0.0	0.0	37.0	0.0	0.0	58.0	0.0	0.0	0.0	0.0	0.0	0.0	0.0	0.0	0.0	0.0	0.0	77.0	0.0	8.0	0.0	0.0	0.0	0.0	41.0	0.0	0.0	0.0	0.0	0.0	28.0	0.0	0.0	0.0	44.0	0.0	0.0	0.0	0.0	0.0	0.0	0.0	0.0	0.0	0.0	0.0	59.0	0.0	0.0	91.0	0.0	0.0	0.0	0.0	0.0	0.0	0.0	0.0	17.0	0.0	0.0	0.0	0.0	0.0	0.0	0.0	0.0	0.0	24.0	0.0	0.0	0.0	0.0	0.0	0.0	0.0	0.0	0.0	39.0	0.0	0.0	0.0	0.0	0.0	0.0	43.0	0.0	0.0	0.0	0.0	0.0	82.0	75.0	36.0	0.0	68.0	88.0	0.0	0.0	79.0	50.0	0.0	0.0	89.0	0.0	0.0	64.0	0.0	0.0	0.0	0.0	0.0	0.0	0.0	0.0	0.0	0.0	0.0	0.0	0.0	23.0	0.0	0.0	0.0	0.0	0.0	0.0	0.0	0.0
0.0	0.0	60.0	0.0	0.0	0.0	0.0	0.0	0.0	13.0	0.0	0.0	0.0	0.0	0.0	0.0	86.0	0.0	90.0	98.0	0.0	0.0	42.0	83.0	0.0	0.0	0.0	66.0	0.0	0.0	0.0	0.0	0.0	73.0	58.0	84.0	0.0	0.0	40.0	17.0	0.0	70.0	0.0	0.0	75.0	5.0	66.0	0.0	0.0	0.0	0.0	0.0	30.0	0.0	0.0	0.0	0.0	0.0	0.0	62.0	34.0	0.0	8.0	0.0	7.0	0.0	0.0	85.0	85.0	0.0	4.0	96.0	0.0	0.0	67.0	0.0	0.0	18.0	0.0	24.0	50.0	0.0	0.0	0.0	98.0	5.0	0.0	41.0	0.0	0.0	0.0	0.0	66.0	19.0	0.0	0.0	0.0	0.0	0.0	0.0	55.0	0.0	0.0	29.0	0.0	0.0	0.0	0.0	0.0	80.0	98.0	0.0	0.0	0.0	0.0	13.0	0.0	0.0	34.0	0.0	0.0	43.0	0.0	37.0	10.0	74.0	0.0	0.0	58.0	24.0	0.0	0.0	0.0	0.0	0.0	0.0	0.0	0.0	0.0	0.0	0.0	0.0	0.0	0.0	0.0	63.0	0.0	46.0	81.0	0.0	0.0	0.0	0.0	0.0	0.0
0.0	38.0	48.0	14.0	0.0	0.0	0.0	45.0	0.0	0.0	0.0	30.0	60.0	0.0	0.0	0.0	0.0	0.0	19.0	0.0	0.0	0.0	0.0	26.0	24.0	0.0	0.0	0.0	0.0	0.0	20.0	0.0	0.0	0.0	0.0	0.0	57.0	9.0	0.0	29.0	6.0	0.0	0.0	0.0	96.0	0.0	0.0	0.0	0.0	0.0	0.0	0.0	0.0	0.0	0.0	0.0	0.0	24.0	65.0	0.0	0.0	0.0	88.0	0.0	0.0	0.0	0.0	0.0	41.0	0.0	0.0	0.0	0.0	0.0	10.0	73.0	0.0	2.0	0.0	48.0	0.0	0.0	0.0	0.0	93.0	0.0	0.0	0.0	0.0	0.0	0.0	0.0	0.0	0.0	90.0	0.0	0.0	0.0	0.0	0.0	0.0	11.0	74.0	0.0	0.0	0.0	0.0	46.0	70.0	0.0	0.0	0.0	0.0	0.0	0.0	0.0	0.0	0.0	0.0	95.0	0.0	99.0	16.0	0.0	0.0	0.0	0.0	0.0	0.0	81.0	0.0	0.0	0.0	27.0	0.0	54.0	93.0	100.0	0.0	0.0	42.0	0.0	0.0	0.0	0.0	0.0	49.0	41.0	0.0	0.0	0.0	0.0	0.0	0.0
21.0	0.0	0.0	28.0	0.0	0.0	0.0	17.0	0.0	0.0	76.0	0.0	0.0	0.0	92.0	0.0	85.0	0.0	0.0	0.0	0.0	0.0	2.0	48.0	0.0	0.0	0.0	12.0	0.0	70.0	0.0	0.0	0.0	0.0	0.0	0.0	0.0	41.0	0.0	0.0	0.0	0.0	56.0	0.0	0.0	0.0	52.0	0.0	0.0	67.0	81.0	0.0	0.0	0.0	0.0	0.0	0.0	66.0	0.0	0.0	0.0	0.0	0.0	0.0	0.0	66.0	0.0	0.0	65.0	0.0	37.0	0.0	0.0	0.0	34.0	78.0	0.0	0.0	0.0	0.0	0.0	0.0	0.0	2.0	0.0	40.0	0.0	40.0	0.0	23.0	0.0	0.0	0.0	0.0	0.0	0.0	0.0	0.0	0.0	0.0	0.0	0.0	0.0	0.0	0.0	97.0	0.0	0.0	0.0	0.0	64.0	15.0	0.0	0.0	0.0	0.0	13.0	0.0	0.0	0.0	0.0	0.0	56.0	0.0	22.0	0.0	0.0	0.0	47.0	0.0	0.0	49.0	0.0	0.0	14.0	0.0	0.0	14.0	88.0	0.0	0.0	0.0	0.0	0.0	0.0	0.0	0.0	0.0	0.0	0.0	0.0	0.0	0.0
0.0	0.0	0.0	0.0	100.0	0.0	0.0	0.0	0.0	35.0	0.0	0.0	0.0	40.0	0.0	0.0	0.0	99.0	0.0	0.0	28.0	0.0	0.0	22.0	0.0	0.0	0.0	0.0	0.0	0.0	52.0	38.0	0.0	0.0	0.0	0.0	0.0	0.0	0.0	98.0	0.0	0.0	0.0	10.0	0.0	62.0	14.0	0.0	0.0	24.0	68.0	0.0	0.0	69.0	61.0	0.0	0.0	0.0	0.0	0.0	0.0	39.0	0.0	0.0	57.0	0.0	0.0	0.0	0.0	61.0	0.0	0.0	0.0	0.0	49.0	0.0	0.0	0.0	61.0	0.0	0.0	0.0	97.0	0.0	0.0	100.0	0.0	0.0	60.0	0.0	0.0	75.0	0.0	0.0	0.0	51.0	0.0	0.0	84.0	0.0	0.0	0.0	0.0	0.0	0.0	80.0	0.0	0.0	0.0	0.0	94.0	0.0	0.0	0.0	0.0	0.0	56.0	0.0	0.0	0.0	0.0	0.0	0.0	0.0	70.0	1.0	8.0	0.0	0.0	0.0	0.0	3.0	0.0	0.0	0.0	0.0	0.0	0.0	0.0	0.0	0.0	0.0	97.0	0.0	0.0	13.0	8.0	0.0	0.0	88.0	0.0	61.0
0.0	0.0	0.0	0.0	0.0	27.0	12.0	0.0	0.0	0.0	0.0	0.0	0.0	0.0	0.0	26.0	11.0	0.0	0.0	74.0	0.0	30.0	0.0	0.0	0.0	0.0	0.0	0.0	0.0	66.0	96.0	0.0	0.0	23.0	0.0	0.0	0.0	0.0	54.0	0.0	0.0	0.0	0.0	0.0	0.0	0.0	0.0	46.0	81.0	38.0	0.0	0.0	0.0	0.0	0.0	0.0	0.0	0.0	0.0	92.0	8.0	46.0	0.0	0.0	0.0	0.0	0.0	0.0	14.0	48.0	0.0	0.0	0.0	90.0	0.0	0.0	0.0	0.0	0.0	83.0	0.0	89.0	0.0	0.0	0.0	0.0	0.0	0.0	33.0	0.0	0.0	0.0	0.0	0.0	0.0	0.0	0.0	6.0	85.0	0.0	0.0	0.0	98.0	0.0	0.0	0.0	82.0	0.0	0.0	80.0	0.0	0.0	0.0	0.0	0.0	0.0	0.0	0.0	0.0	0.0	0.0	80.0	50.0	0.0	0.0	0.0	0.0	0.0	0.0	0.0	0.0	46.0	0.0	0.0	0.0	40.0	0.0	0.0	0.0	0.0	0.0	54.0	28.0	0.0	0.0	28.0	27.0	96.0	39.0	0.0	74.0
0.0	0.0	75.0	0.0	0.0	0.0	0.0	0.0	0.0	55.0	0.0	0.0	0.0	0.0	52.0	0.0	0.0	0.0	0.0	0.0	0.0	0.0	0.0	77.0	0.0	0.0	0.0	0.0	0.0	0.0	81.0	39.0	0.0	0.0	95.0	0.0	0.0	0.0	0.0	16.0	0.0	19.0	0.0	0.0	0.0	61.0	0.0	0.0	13.0	0.0	0.0	82.0	38.0	0.0	0.0	0.0	0.0	0.0	0.0	0.0	11.0	0.0	0.0	0.0	0.0	0.0	0.0	0.0	92.0	0.0	2.0	78.0	0.0	0.0	0.0	0.0	0.0	37.0	0.0	0.0	45.0	0.0	65.0	79.0	0.0	0.0	45.0	0.0	0.0	0.0	0.0	0.0	0.0	68.0	0.0	0.0	0.0	0.0	76.0	0.0	0.0	0.0	25.0	11.0	0.0	37.0	53.0	0.0	0.0	62.0	0.0	0.0	0.0	0.0	0.0	0.0	94.0	0.0	14.0	0.0	0.0	71.0	10.0	77.0	0.0	0.0	0.0	30.0	0.0	0.0	0.0	0.0	38.0	0.0	0.0	27.0	0.0	0.0	85.0	0.0	0.0	23.0	0.0	0.0	0.0	80.0	0.0	0.0	94.0	0.0
0.0	0.0	0.0	86.0	0.0	76.0	0.0	0.0	5.0	36.0	0.0	0.0	0.0	0.0	0.0	22.0	0.0	0.0	0.0	12.0	0.0	0.0	0.0	0.0	48.0	0.0	0.0	0.0	0.0	0.0	0.0	31.0	0.0	0.0	51.0	0.0	0.0	23.0	0.0	0.0	82.0	0.0	0.0	0.0	0.0	0.0	0.0	19.0	0.0	0.0	50.0	0.0	0.0	40.0	0.0	68.0	0.0	0.0	0.0	0.0	43.0	5.0	64.0	0.0	0.0	0.0	15.0	80.0	0.0	0.0	76.0	99.0	0.0	0.0	40.0	0.0	0.0	0.0	0.0	0.0	0.0	0.0	0.0	0.0	0.0	0.0	0.0	21.0	0.0	0.0	0.0	33.0	0.0	0.0	0.0	0.0	0.0	0.0	40.0	0.0	33.0	0.0	0.0	13.0	0.0	0.0	43.0	0.0	0.0	0.0	0.0	0.0	0.0	57.0	0.0	0.0	0.0	0.0	0.0	0.0	0.0	0.0	0.0	0.0	0.0	0.0	0.0	97.0	87.0	0.0	0.0	0.0	0.0	87.0	0.0	18.0	10.0	0.0	0.0	0.0	82.0	36.0	0.0	0.0	9.0	65.0	0.0	20.0	18.0
0.0	0.0	36.0	66.0	61.0	0.0	0.0	0.0	0.0	36.0	0.0	30.0	70.0	0.0	0.0	59.0	69.0	0.0	75.0	0.0	0.0	0.0	0.0	88.0	0.0	0.0	0.0	0.0	40.0	97.0	0.0	94.0	0.0	0.0	0.0	0.0	0.0	59.0	0.0	0.0	0.0	0.0	0.0	0.0	0.0	96.0	0.0	74.0	0.0	58.0	47.0	0.0	0.0	0.0	0.0	85.0	0.0	0.0	0.0	0.0	14.0	0.0	51.0	0.0	91.0	0.0	0.0	0.0	4.0	0.0	86.0	77.0	86.0	0.0	5.0	0.0	0.0	0.0	0.0	48.0	0.0	0.0	0.0	0.0	0.0	0.0	0.0	0.0	0.0	0.0	0.0	0.0	0.0	0.0	89.0	0.0	0.0	0.0	39.0	0.0	0.0	0.0	0.0	0.0	27.0	0.0	0.0	49.0	0.0	82.0	0.0	0.0	0.0	13.0	0.0	2.0	0.0	0.0	0.0	0.0	0.0	0.0	0.0	0.0	0.0	0.0	0.0	0.0	0.0	0.0	0.0	0.0	0.0	0.0	43.0	0.0	0.0	0.0	0.0	0.0	8.0	0.0	0.0	0.0	3.0	0.0	0.0	0.0
0.0	0.0	0.0	0.0	0.0	13.0	0.0	0.0	63.0	0.0	98.0	0.0	0.0	0.0	0.0	0.0	0.0	0.0	0.0	0.0	0.0	0.0	0.0	0.0	0.0	0.0	0.0	0.0	0.0	0.0	41.0	0.0	31.0	0.0	0.0	0.0	0.0	0.0	0.0	4.0	30.0	0.0	15.0	0.0	0.0	0.0	0.0	32.0	0.0	0.0	0.0	0.0	0.0	0.0	97.0	0.0	49.0	0.0	0.0	99.0	0.0	0.0	0.0	0.0	0.0	0.0	2.0	26.0	0.0	0.0	0.0	19.0	0.0	0.0	0.0	0.0	73.0	7.0	86.0	0.0	0.0	0.0	34.0	68.0	0.0	29.0	0.0	45.0	97.0	0.0	24.0	0.0	99.0	27.0	0.0	0.0	67.0	0.0	0.0	0.0	0.0	0.0	0.0	42.0	44.0	0.0	0.0	0.0	0.0	9.0	0.0	22.0	0.0	0.0	0.0	0.0	0.0	0.0	0.0	0.0	0.0	0.0	4.0	0.0	0.0	0.0	0.0	0.0	0.0	0.0	0.0	0.0	17.0	0.0	0.0	0.0	0.0	29.0	0.0	63.0	0.0	0.0	0.0	0.0	0.0	0.0	0.0
0.0	0.0	0.0	0.0	36.0	37.0	26.0	0.0	0.0	0.0	13.0	0.0	0.0	26.0	0.0	0.0	34.0	77.0	10.0	0.0	0.0	0.0	16.0	0.0	0.0	61.0	61.0	0.0	0.0	0.0	0.0	0.0	0.0	0.0	0.0	55.0	33.0	0.0	30.0	0.0	0.0	0.0	0.0	0.0	0.0	0.0	0.0	0.0	29.0	25.0	0.0	0.0	0.0	0.0	0.0	0.0	0.0	60.0	0.0	0.0	39.0	0.0	0.0	54.0	0.0	0.0	0.0	0.0	0.0	0.0	0.0	0.0	0.0	0.0	0.0	0.0	0.0	0.0	0.0	0.0	0.0	0.0	0.0	0.0	0.0	0.0	0.0	0.0	59.0	0.0	0.0	0.0	0.0	0.0	36.0	0.0	0.0	74.0	0.0	0.0	36.0	0.0	70.0	0.0	44.0	60.0	89.0	0.0	79.0	71.0	0.0	0.0	51.0	27.0	0.0	55.0	75.0	0.0	0.0	0.0	50.0	56.0	0.0	0.0	90.0	0.0	0.0	0.0	0.0	0.0	0.0	68.0	73.0	0.0	68.0	0.0	89.0	0.0	0.0	92.0	0.0	8.0	0.0	0.0	0.0	55.0
0.0	0.0	78.0	0.0	0.0	0.0	0.0	0.0	0.0	17.0	0.0	0.0	0.0	59.0	4.0	0.0	0.0	29.0	0.0	86.0	0.0	0.0	0.0	0.0	0.0	0.0	0.0	56.0	0.0	0.0	0.0	0.0	7.0	0.0	0.0	0.0	13.0	0.0	55.0	0.0	0.0	0.0	0.0	0.0	0.0	0.0	0.0	0.0	18.0	93.0	81.0	0.0	0.0	0.0	65.0	0.0	0.0	0.0	0.0	0.0	0.0	18.0	0.0	19.0	0.0	0.0	0.0	53.0	0.0	0.0	42.0	0.0	0.0	72.0	0.0	0.0	38.0	4.0	0.0	0.0	0.0	0.0	0.0	0.0	0.0	0.0	30.0	0.0	0.0	0.0	8.0	0.0	22.0	0.0	99.0	0.0	0.0	0.0	48.0	0.0	0.0	0.0	0.0	0.0	0.0	0.0	0.0	0.0	0.0	0.0	0.0	0.0	0.0	0.0	0.0	0.0	0.0	0.0	0.0	55.0	0.0	54.0	0.0	42.0	0.0	0.0	0.0	0.0	0.0	72.0	0.0	0.0	16.0	0.0	61.0	11.0	0.0	0.0	65.0	82.0	0.0	0.0	0.0	0.0	0.0
0.0	0.0	0.0	0.0	45.0	43.0	0.0	0.0	0.0	0.0	0.0	0.0	0.0	0.0	0.0	57.0	0.0	0.0	0.0	0.0	0.0	0.0	0.0	0.0	0.0	98.0	0.0	58.0	0.0	0.0	30.0	0.0	0.0	0.0	0.0	0.0	0.0	0.0	0.0	0.0	0.0	0.0	0.0	0.0	0.0	0.0	0.0	58.0	0.0	0.0	0.0	0.0	0.0	30.0	0.0	83.0	0.0	0.0	0.0	0.0	0.0	0.0	0.0	0.0	0.0	0.0	24.0	0.0	62.0	0.0	20.0	94.0	0.0	0.0	89.0	0.0	25.0	0.0	0.0	54.0	0.0	0.0	44.0	0.0	0.0	0.0	95.0	24.0	0.0	0.0	0.0	0.0	0.0	0.0	0.0	43.0	89.0	0.0	48.0	40.0	0.0	61.0	0.0	0.0	45.0	0.0	0.0	0.0	0.0	0.0	0.0	0.0	0.0	77.0	0.0	0.0	0.0	0.0	0.0	0.0	0.0	0.0	0.0	0.0	0.0	0.0	96.0	19.0	97.0	0.0	0.0	0.0	0.0	0.0	64.0	33.0	0.0	0.0	0.0	34.0	0.0	0.0	0.0	0.0
0.0	87.0	15.0	0.0	4.0	0.0	0.0	51.0	0.0	30.0	0.0	0.0	0.0	0.0	0.0	0.0	0.0	87.0	20.0	0.0	0.0	0.0	0.0	0.0	10.0	0.0	28.0	0.0	0.0	0.0	30.0	0.0	0.0	0.0	11.0	70.0	0.0	6.0	3.0	0.0	0.0	0.0	0.0	0.0	0.0	0.0	0.0	0.0	0.0	0.0	0.0	0.0	27.0	0.0	0.0	0.0	10.0	97.0	76.0	0.0	0.0	97.0	0.0	0.0	0.0	0.0	0.0	19.0	0.0	0.0	0.0	0.0	32.0	0.0	3.0	0.0	0.0	0.0	77.0	0.0	0.0	0.0	23.0	37.0	0.0	48.0	0.0	0.0	4.0	0.0	0.0	0.0	0.0	85.0	0.0	0.0	0.0	0.0	0.0	0.0	0.0	0.0	0.0	0.0	0.0	0.0	27.0	0.0	0.0	0.0	0.0	0.0	0.0	0.0	0.0	0.0	90.0	0.0	0.0	9.0	0.0	0.0	0.0	0.0	0.0	0.0	0.0	0.0	0.0	0.0	0.0	86.0	0.0	0.0	0.0	0.0	0.0	64.0	84.0	81.0	75.0	0.0	0.0
35.0	0.0	0.0	0.0	0.0	45.0	0.0	0.0	81.0	0.0	0.0	0.0	0.0	64.0	0.0	0.0	0.0	0.0	51.0	63.0	0.0	0.0	0.0	0.0	6.0	47.0	0.0	0.0	0.0	0.0	68.0	0.0	0.0	0.0	0.0	0.0	13.0	0.0	0.0	0.0	50.0	67.0	0.0	0.0	0.0	81.0	0.0	0.0	0.0	0.0	0.0	0.0	0.0	0.0	18.0	0.0	0.0	0.0	0.0	0.0	0.0	28.0	0.0	65.0	31.0	27.0	0.0	0.0	0.0	0.0	23.0	0.0	0.0	0.0	0.0	98.0	0.0	0.0	0.0	0.0	0.0	0.0	0.0	0.0	0.0	29.0	96.0	0.0	98.0	0.0	0.0	0.0	63.0	0.0	0.0	0.0	58.0	0.0	0.0	0.0	0.0	0.0	0.0	0.0	0.0	0.0	0.0	0.0	17.0	22.0	0.0	0.0	0.0	64.0	97.0	0.0	0.0	0.0	92.0	63.0	0.0	0.0	0.0	0.0	0.0	0.0	33.0	0.0	0.0	0.0	19.0	0.0	0.0	50.0	85.0	1.0	2.0	0.0	1.0	20.0	0.0	17.0
0.0	45.0	0.0	0.0	0.0	0.0	0.0	0.0	0.0	0.0	85.0	0.0	0.0	83.0	0.0	10.0	26.0	37.0	0.0	27.0	0.0	0.0	0.0	0.0	49.0	38.0	0.0	0.0	0.0	0.0	31.0	0.0	49.0	0.0	39.0	0.0	14.0	0.0	0.0	66.0	70.0	0.0	0.0	0.0	49.0	0.0	30.0	97.0	2.0	0.0	0.0	0.0	0.0	0.0	0.0	0.0	94.0	87.0	52.0	0.0	0.0	0.0	0.0	0.0	0.0	0.0	14.0	0.0	0.0	0.0	0.0	0.0	0.0	0.0	0.0	15.0	0.0	0.0	35.0	0.0	0.0	0.0	0.0	89.0	0.0	0.0	0.0	0.0	0.0	72.0	0.0	0.0	0.0	0.0	0.0	81.0	0.0	0.0	0.0	9.0	0.0	0.0	0.0	50.0	0.0	0.0	78.0	0.0	0.0	0.0	0.0	0.0	0.0	0.0	0.0	0.0	0.0	0.0	0.0	98.0	0.0	0.0	29.0	0.0	0.0	60.0	0.0	0.0	0.0	0.0	0.0	0.0	0.0	0.0	0.0	0.0	0.0	19.0	0.0	46.0	0.0
0.0	17.0	0.0	90.0	0.0	0.0	0.0	60.0	0.0	12.0	63.0	0.0	0.0	0.0	0.0	0.0	0.0	0.0	52.0	89.0	0.0	39.0	51.0	0.0	40.0	60.0	60.0	0.0	0.0	0.0	0.0	0.0	0.0	0.0	0.0	0.0	93.0	0.0	0.0	67.0	0.0	0.0	0.0	0.0	0.0	0.0	0.0	0.0	0.0	0.0	0.0	0.0	0.0	0.0	0.0	75.0	0.0	0.0	83.0	62.0	0.0	0.0	0.0	0.0	46.0	58.0	0.0	0.0	91.0	0.0	0.0	0.0	0.0	0.0	0.0	0.0	0.0	0.0	0.0	0.0	0.0	88.0	0.0	97.0	0.0	57.0	80.0	0.0	0.0	45.0	0.0	0.0	0.0	7.0	81.0	97.0	0.0	0.0	0.0	0.0	0.0	64.0	0.0	65.0	0.0	0.0	0.0	0.0	24.0	0.0	0.0	100.0	3.0	0.0	0.0	0.0	48.0	0.0	86.0	0.0	0.0	61.0	0.0	0.0	0.0	16.0	36.0	0.0	0.0	0.0	0.0	69.0	0.0	0.0	41.0	0.0	22.0	0.0	51.0	96.0
0.0	0.0	68.0	0.0	4.0	0.0	0.0	0.0	45.0	0.0	0.0	0.0	0.0	0.0	0.0	0.0	0.0	66.0	0.0	0.0	0.0	0.0	0.0	0.0	0.0	0.0	0.0	97.0	0.0	91.0	99.0	51.0	0.0	0.0	75.0	0.0	0.0	0.0	0.0	0.0	0.0	62.0	51.0	0.0	0.0	65.0	0.0	0.0	23.0	0.0	81.0	34.0	0.0	97.0	0.0	0.0	0.0	0.0	0.0	0.0	0.0	0.0	0.0	35.0	0.0	22.0	0.0	0.0	0.0	0.0	27.0	45.0	0.0	0.0	0.0	0.0	69.0	0.0	0.0	0.0	0.0	0.0	22.0	0.0	0.0	0.0	0.0	25.0	72.0	0.0	0.0	0.0	33.0	0.0	0.0	76.0	0.0	0.0	0.0	62.0	0.0	0.0	1.0	0.0	0.0	70.0	0.0	6.0	0.0	0.0	0.0	33.0	0.0	0.0	0.0	91.0	0.0	0.0	0.0	0.0	0.0	0.0	0.0	28.0	0.0	0.0	0.0	11.0	0.0	0.0	0.0	8.0	0.0	0.0	0.0	0.0	45.0	0.0	0.0
0.0	51.0	0.0	0.0	0.0	59.0	0.0	0.0	0.0	80.0	0.0	0.0	27.0	0.0	0.0	0.0	0.0	0.0	0.0	0.0	0.0	46.0	0.0	0.0	31.0	0.0	0.0	17.0	0.0	90.0	9.0	0.0	0.0	0.0	0.0	51.0	0.0	89.0	0.0	36.0	0.0	0.0	91.0	0.0	0.0	0.0	0.0	81.0	88.0	0.0	0.0	0.0	0.0	0.0	0.0	0.0	0.0	0.0	15.0	0.0	0.0	0.0	0.0	1.0	0.0	0.0	0.0	25.0	0.0	0.0	0.0	57.0	0.0	87.0	33.0	0.0	77.0	0.0	0.0	0.0	98.0	0.0	0.0	0.0	0.0	0.0	13.0	0.0	0.0	0.0	0.0	29.0	91.0	0.0	0.0	0.0	51.0	37.0	0.0	51.0	42.0	0.0	0.0	0.0	0.0	0.0	0.0	12.0	0.0	50.0	70.0	0.0	84.0	0.0	97.0	88.0	0.0	32.0	2.0	61.0	0.0	35.0	0.0	0.0	80.0	0.0	54.0	0.0	0.0	3.0	46.0	0.0	0.0	0.0	86.0	0.0	0.0	0.0
92.0	0.0	0.0	55.0	58.0	0.0	0.0	93.0	0.0	0.0	0.0	0.0	0.0	0.0	47.0	0.0	0.0	77.0	0.0	55.0	0.0	0.0	14.0	0.0	0.0	0.0	0.0	0.0	48.0	0.0	0.0	0.0	35.0	0.0	88.0	1.0	67.0	0.0	57.0	0.0	0.0	0.0	0.0	0.0	55.0	0.0	0.0	49.0	0.0	0.0	0.0	0.0	0.0	0.0	78.0	0.0	0.0	0.0	0.0	0.0	24.0	41.0	2.0	0.0	32.0	0.0	99.0	66.0	0.0	25.0	0.0	0.0	0.0	81.0	0.0	0.0	0.0	0.0	0.0	37.0	0.0	0.0	0.0	0.0	0.0	0.0	0.0	0.0	50.0	93.0	0.0	0.0	0.0	0.0	0.0	0.0	0.0	0.0	0.0	0.0	0.0	11.0	0.0	0.0	64.0	0.0	0.0	0.0	57.0	0.0	0.0	83.0	0.0	79.0	0.0	0.0	0.0	0.0	0.0	84.0	0.0	0.0	0.0	25.0	0.0	0.0	0.0	0.0	61.0	0.0	0.0	11.0	0.0	0.0	0.0	0.0	48.0
0.0	89.0	98.0	0.0	0.0	0.0	0.0	0.0	0.0	0.0	0.0	0.0	0.0	0.0	0.0	23.0	0.0	0.0	0.0	0.0	0.0	0.0	0.0	35.0	35.0	15.0	82.0	50.0	0.0	0.0	0.0	0.0	0.0	0.0	80.0	80.0	0.0	0.0	0.0	32.0	0.0	0.0	0.0	90.0	4.0	0.0	0.0	0.0	6.0	0.0	0.0	0.0	0.0	0.0	91.0	0.0	0.0	0.0	0.0	85.0	0.0	49.0	0.0	0.0	0.0	0.0	50.0	0.0	0.0	0.0	56.0	0.0	98.0	0.0	0.0	64.0	0.0	79.0	0.0	77.0	0.0	0.0	23.0	0.0	52.0	0.0	40.0	0.0	0.0	100.0	0.0	91.0	0.0	4.0	0.0	0.0	0.0	0.0	0.0	0.0	0.0	86.0	16.0	0.0	0.0	0.0	0.0	0.0	0.0	60.0	0.0	0.0	55.0	99.0	51.0	0.0	0.0	60.0	0.0	0.0	0.0	0.0	90.0	80.0	0.0	0.0	0.0	0.0	0.0	25.0	0.0	0.0	44.0	0.0	0.0	0.0
0.0	0.0	34.0	0.0	0.0	35.0	13.0	44.0	0.0	0.0	0.0	0.0	0.0	0.0	0.0	0.0	0.0	83.0	0.0	0.0	0.0	93.0	0.0	69.0	29.0	91.0	46.0	0.0	0.0	0.0	26.0	62.0	0.0	55.0	0.0	0.0	0.0	0.0	0.0	0.0	0.0	0.0	0.0	17.0	0.0	44.0	14.0	0.0	0.0	0.0	0.0	0.0	0.0	0.0	0.0	0.0	0.0	5.0	69.0	91.0	4.0	23.0	0.0	0.0	0.0	0.0	0.0	0.0	0.0	0.0	0.0	0.0	0.0	0.0	0.0	0.0	96.0	0.0	0.0	0.0	0.0	0.0	0.0	0.0	0.0	0.0	0.0	0.0	0.0	0.0	60.0	0.0	0.0	0.0	0.0	57.0	72.0	0.0	0.0	64.0	0.0	0.0	0.0	0.0	0.0	0.0	0.0	0.0	0.0	0.0	70.0	0.0	0.0	26.0	95.0	71.0	0.0	0.0	4.0	0.0	0.0	0.0	88.0	0.0	0.0	68.0	94.0	11.0	93.0	0.0	0.0	0.0	0.0	0.0	0.0
0.0	0.0	0.0	41.0	0.0	0.0	0.0	0.0	0.0	0.0	0.0	0.0	0.0	0.0	85.0	0.0	64.0	0.0	0.0	46.0	0.0	0.0	0.0	0.0	0.0	0.0	16.0	85.0	0.0	0.0	0.0	0.0	0.0	0.0	0.0	0.0	0.0	0.0	0.0	0.0	39.0	0.0	0.0	0.0	0.0	0.0	0.0	0.0	0.0	0.0	0.0	0.0	0.0	0.0	0.0	0.0	0.0	0.0	0.0	31.0	0.0	0.0	0.0	0.0	0.0	0.0	0.0	57.0	0.0	0.0	76.0	83.0	0.0	65.0	63.0	0.0	0.0	0.0	0.0	0.0	0.0	0.0	4.0	0.0	58.0	0.0	12.0	0.0	0.0	0.0	43.0	0.0	34.0	75.0	0.0	0.0	0.0	0.0	0.0	0.0	64.0	0.0	35.0	0.0	0.0	36.0	0.0	0.0	42.0	54.0	0.0	85.0	64.0	85.0	0.0	0.0	0.0	60.0	0.0	0.0	45.0	15.0	6.0	0.0	0.0	0.0	0.0	61.0	0.0	0.0	0.0	0.0	0.0	0.0
86.0	0.0	0.0	0.0	0.0	0.0	0.0	0.0	0.0	98.0	0.0	0.0	0.0	0.0	0.0	0.0	0.0	0.0	0.0	51.0	31.0	0.0	0.0	63.0	0.0	0.0	17.0	0.0	0.0	0.0	16.0	0.0	95.0	0.0	0.0	0.0	0.0	0.0	0.0	57.0	0.0	0.0	91.0	0.0	0.0	79.0	0.0	0.0	88.0	0.0	0.0	88.0	29.0	12.0	0.0	0.0	0.0	0.0	0.0	0.0	0.0	11.0	0.0	0.0	62.0	0.0	0.0	0.0	21.0	91.0	0.0	77.0	0.0	0.0	41.0	0.0	54.0	0.0	0.0	0.0	0.0	51.0	18.0	0.0	80.0	0.0	52.0	0.0	0.0	0.0	71.0	0.0	0.0	0.0	0.0	0.0	0.0	90.0	0.0	0.0	0.0	0.0	0.0	0.0	0.0	0.0	0.0	0.0	0.0	0.0	0.0	0.0	0.0	0.0	56.0	0.0	93.0	45.0	0.0	0.0	0.0	0.0	0.0	0.0	0.0	0.0	0.0	0.0	0.0	0.0	22.0	34.0	0.0
28.0	5.0	85.0	0.0	0.0	0.0	0.0	58.0	88.0	52.0	0.0	98.0	0.0	10.0	30.0	0.0	0.0	0.0	0.0	0.0	64.0	0.0	0.0	0.0	0.0	0.0	0.0	0.0	10.0	0.0	87.0	0.0	0.0	0.0	0.0	0.0	50.0	7.0	2.0	0.0	0.0	0.0	0.0	67.0	56.0	0.0	0.0	0.0	0.0	0.0	0.0	0.0	0.0	0.0	0.0	0.0	0.0	0.0	0.0	0.0	96.0	0.0	0.0	0.0	0.0	0.0	0.0	0.0	92.0	0.0	0.0	0.0	95.0	0.0	0.0	0.0	0.0	0.0	0.0	0.0	0.0	0.0	0.0	0.0	0.0	17.0	0.0	18.0	98.0	34.0	0.0	26.0	0.0	10.0	0.0	0.0	0.0	0.0	0.0	0.0	0.0	0.0	0.0	0.0	0.0	0.0	0.0	0.0	0.0	0.0	0.0	0.0	0.0	0.0	0.0	0.0	0.0	92.0	0.0	0.0	85.0	0.0	46.0	0.0	0.0	0.0	0.0	0.0	28.0	0.0	0.0	0.0
0.0	0.0	0.0	0.0	59.0	0.0	0.0	0.0	0.0	0.0	0.0	0.0	63.0	76.0	0.0	0.0	97.0	0.0	0.0	0.0	3.0	0.0	48.0	90.0	0.0	0.0	0.0	0.0	17.0	0.0	0.0	13.0	0.0	0.0	0.0	0.0	0.0	0.0	0.0	31.0	0.0	0.0	0.0	74.0	0.0	0.0	0.0	0.0	0.0	0.0	0.0	0.0	12.0	0.0	0.0	0.0	0.0	0.0	0.0	0.0	45.0	7.0	0.0	71.0	0.0	0.0	0.0	0.0	67.0	68.0	0.0	0.0	37.0	0.0	0.0	0.0	7.0	0.0	0.0	97.0	0.0	49.0	0.0	0.0	11.0	0.0	0.0	0.0	0.0	0.0	8.0	0.0	16.0	0.0	0.0	0.0	80.0	0.0	0.0	0.0	0.0	0.0	42.0	0.0	38.0	0.0	0.0	56.0	0.0	0.0	0.0	0.0	42.0	1.0	0.0	0.0	0.0	0.0	0.0	0.0	0.0	0.0	56.0	0.0	56.0	60.0	0.0	0.0	0.0	73.0	0.0
0.0	0.0	32.0	0.0	0.0	25.0	0.0	0.0	0.0	0.0	0.0	0.0	0.0	78.0	0.0	97.0	0.0	38.0	0.0	0.0	0.0	0.0	85.0	0.0	0.0	0.0	0.0	0.0	0.0	0.0	0.0	0.0	0.0	0.0	77.0	2.0	15.0	0.0	0.0	94.0	0.0	70.0	25.0	86.0	0.0	0.0	0.0	0.0	0.0	33.0	85.0	0.0	69.0	78.0	27.0	0.0	0.0	0.0	0.0	0.0	0.0	69.0	0.0	0.0	0.0	0.0	0.0	0.0	0.0	0.0	0.0	0.0	0.0	47.0	76.0	77.0	0.0	0.0	87.0	0.0	0.0	51.0	0.0	27.0	0.0	23.0	0.0	0.0	0.0	0.0	0.0	0.0	0.0	0.0	0.0	3.0	0.0	0.0	0.0	0.0	0.0	0.0	0.0	0.0	0.0	100.0	0.0	0.0	0.0	0.0	0.0	1.0	0.0	70.0	0.0	0.0	0.0	0.0	0.0	0.0	0.0	7.0	95.0	70.0	0.0	0.0	0.0	0.0	0.0	0.0
0.0	0.0	0.0	10.0	65.0	0.0	43.0	97.0	0.0	0.0	62.0	0.0	47.0	12.0	41.0	95.0	82.0	45.0	0.0	0.0	54.0	0.0	0.0	0.0	0.0	0.0	31.0	0.0	88.0	0.0	0.0	0.0	0.0	0.0	0.0	0.0	0.0	0.0	37.0	31.0	0.0	0.0	0.0	0.0	0.0	33.0	0.0	0.0	43.0	0.0	72.0	0.0	0.0	0.0	29.0	71.0	0.0	0.0	42.0	0.0	99.0	46.0	0.0	22.0	0.0	33.0	0.0	0.0	0.0	41.0	0.0	0.0	0.0	0.0	0.0	0.0	26.0	0.0	0.0	0.0	19.0	21.0	0.0	0.0	61.0	0.0	0.0	0.0	0.0	0.0	0.0	0.0	36.0	0.0	0.0	0.0	54.0	0.0	0.0	0.0	0.0	0.0	0.0	0.0	0.0	0.0	0.0	0.0	0.0	0.0	17.0	0.0	0.0	0.0	76.0	0.0	0.0	0.0	86.0	0.0	0.0	0.0	0.0	0.0	0.0	0.0	0.0	0.0	0.0
0.0	0.0	0.0	0.0	0.0	0.0	0.0	0.0	0.0	0.0	0.0	0.0	0.0	0.0	0.0	67.0	0.0	0.0	70.0	0.0	0.0	43.0	0.0	0.0	10.0	0.0	0.0	80.0	65.0	0.0	0.0	0.0	0.0	0.0	0.0	0.0	41.0	94.0	0.0	0.0	5.0	5.0	0.0	75.0	0.0	90.0	0.0	0.0	0.0	0.0	0.0	0.0	0.0	0.0	0.0	0.0	0.0	76.0	0.0	2.0	79.0	0.0	0.0	0.0	68.0	96.0	0.0	0.0	0.0	0.0	0.0	0.0	47.0	0.0	0.0	0.0	0.0	15.0	0.0	0.0	0.0	0.0	47.0	0.0	0.0	0.0	88.0	0.0	0.0	1.0	0.0	53.0	0.0	97.0	77.0	0.0	0.0	0.0	64.0	0.0	0.0	0.0	0.0	0.0	0.0	71.0	35.0	0.0	91.0	0.0	0.0	4.0	0.0	0.0	51.0	0.0	0.0	0.0	0.0	79.0	0.0	0.0	0.0	77.0	0.0	0.0	0.0	0.0
96.0	0.0	0.0	19.0	0.0	0.0	0.0	0.0	0.0	0.0	0.0	0.0	0.0	0.0	77.0	76.0	0.0	0.0	0.0	22.0	62.0	16.0	0.0	0.0	69.0	0.0	0.0	0.0	0.0	58.0	60.0	0.0	0.0	0.0	0.0	0.0	75.0	0.0	0.0	0.0	0.0	0.0	55.0	16.0	37.0	0.0	0.0	0.0	0.0	0.0	0.0	0.0	0.0	0.0	0.0	0.0	0.0	0.0	0.0	0.0	0.0	0.0	28.0	0.0	0.0	0.0	0.0	0.0	0.0	26.0	0.0	0.0	73.0	0.0	19.0	0.0	0.0	0.0	0.0	0.0	0.0	0.0	0.0	0.0	0.0	0.0	53.0	0.0	0.0	0.0	0.0	0.0	0.0	17.0	0.0	0.0	0.0	0.0	0.0	0.0	0.0	12.0	81.0	0.0	0.0	0.0	0.0	22.0	0.0	60.0	86.0	0.0	0.0	83.0	0.0	32.0	0.0	0.0	0.0	63.0	0.0	0.0	0.0	74.0	0.0	0.0	0.0
0.0	0.0	0.0	0.0	0.0	46.0	3.0	86.0	9.0	0.0	0.0	0.0	0.0	0.0	0.0	0.0	0.0	1.0	94.0	77.0	0.0	0.0	0.0	46.0	0.0	0.0	0.0	0.0	84.0	0.0	0.0	0.0	97.0	0.0	99.0	0.0	0.0	0.0	0.0	0.0	0.0	0.0	80.0	0.0	0.0	0.0	0.0	0.0	0.0	82.0	0.0	89.0	0.0	0.0	0.0	0.0	81.0	0.0	33.0	0.0	0.0	50.0	0.0	0.0	0.0	0.0	0.0	0.0	0.0	0.0	0.0	48.0	0.0	0.0	0.0	0.0	0.0	0.0	52.0	0.0	91.0	34.0	0.0	0.0	14.0	25.0	0.0	0.0	0.0	0.0	0.0	0.0	86.0	43.0	0.0	18.0	0.0	0.0	0.0	0.0	0.0	0.0	0.0	0.0	0.0	0.0	75.0	0.0	0.0	0.0	64.0	0.0	0.0	83.0	78.0	58.0	100.0	0.0	34.0	0.0	0.0	0.0	0.0	80.0	0.0	0.0
0.0	0.0	36.0	0.0	0.0	0.0	26.0	57.0	23.0	0.0	0.0	0.0	0.0	0.0	0.0	0.0	12.0	0.0	0.0	18.0	0.0	33.0	0.0	0.0	0.0	0.0	0.0	0.0	0.0	0.0	0.0	64.0	0.0	0.0	57.0	0.0	0.0	0.0	0.0	0.0	0.0	0.0	0.0	0.0	0.0	4.0	0.0	0.0	0.0	44.0	0.0	0.0	93.0	0.0	0.0	0.0	12.0	60.0	0.0	100.0	0.0	0.0	0.0	0.0	0.0	0.0	0.0	0.0	0.0	77.0	0.0	0.0	54.0	0.0	0.0	0.0	0.0	0.0	0.0	0.0	0.0	0.0	94.0	0.0	0.0	0.0	0.0	0.0	80.0	11.0	0.0	0.0	80.0	0.0	0.0	8.0	0.0	0.0	0.0	16.0	0.0	0.0	0.0	0.0	0.0	0.0	0.0	37.0	0.0	0.0	0.0	0.0	3.0	0.0	31.0	0.0	0.0	0.0	0.0	0.0	0.0	0.0	0.0	0.0	0.0
73.0	11.0	0.0	0.0	0.0	0.0	0.0	0.0	0.0	0.0	43.0	0.0	0.0	0.0	0.0	1.0	0.0	0.0	0.0	0.0	62.0	0.0	0.0	0.0	16.0	0.0	0.0	63.0	0.0	0.0	0.0	85.0	5.0	0.0	75.0	4.0	0.0	0.0	0.0	68.0	0.0	0.0	15.0	44.0	20.0	0.0	0.0	0.0	80.0	92.0	0.0	0.0	0.0	0.0	0.0	0.0	0.0	0.0	0.0	25.0	0.0	48.0	70.0	0.0	0.0	68.0	77.0	0.0	0.0	0.0	0.0	0.0	0.0	80.0	0.0	55.0	67.0	0.0	0.0	0.0	0.0	0.0	0.0	0.0	0.0	0.0	0.0	68.0	0.0	0.0	0.0	0.0	0.0	0.0	0.0	0.0	0.0	0.0	50.0	0.0	0.0	0.0	32.0	0.0	0.0	0.0	33.0	34.0	0.0	0.0	0.0	0.0	0.0	0.0	33.0	0.0	0.0	0.0	0.0	0.0	0.0	28.0	0.0	0.0
49.0	65.0	0.0	0.0	0.0	15.0	0.0	0.0	0.0	0.0	0.0	0.0	100.0	0.0	0.0	0.0	23.0	0.0	0.0	0.0	0.0	49.0	91.0	0.0	0.0	0.0	0.0	25.0	46.0	0.0	0.0	30.0	52.0	68.0	98.0	0.0	36.0	0.0	0.0	65.0	0.0	0.0	0.0	0.0	0.0	55.0	0.0	0.0	0.0	0.0	87.0	0.0	0.0	0.0	24.0	0.0	0.0	0.0	0.0	0.0	0.0	0.0	28.0	0.0	0.0	0.0	90.0	60.0	0.0	0.0	90.0	82.0	0.0	72.0	76.0	62.0	0.0	22.0	0.0	0.0	0.0	70.0	67.0	0.0	0.0	30.0	0.0	10.0	0.0	0.0	77.0	0.0	0.0	0.0	0.0	0.0	49.0	0.0	0.0	0.0	0.0	0.0	46.0	0.0	47.0	0.0	0.0	0.0	0.0	0.0	100.0	0.0	0.0	65.0	61.0	0.0	0.0	51.0	0.0	0.0	40.0	0.0	0.0
0.0	0.0	0.0	0.0	0.0	26.0	0.0	0.0	0.0	0.0	99.0	0.0	91.0	0.0	15.0	0.0	0.0	58.0	0.0	0.0	11.0	0.0	98.0	0.0	0.0	0.0	0.0	0.0	50.0	0.0	0.0	0.0	0.0	0.0	73.0	0.0	0.0	0.0	0.0	0.0	94.0	0.0	0.0	0.0	0.0	73.0	0.0	49.0	4.0	0.0	0.0	0.0	0.0	0.0	0.0	0.0	0.0	0.0	0.0	86.0	0.0	0.0	0.0	0.0	0.0	0.0	0.0	0.0	0.0	0.0	0.0	0.0	0.0	0.0	0.0	0.0	0.0	0.0	0.0	0.0	49.0	0.0	21.0	0.0	0.0	0.0	0.0	0.0	41.0	0.0	0.0	0.0	0.0	0.0	61.0	0.0	0.0	8.0	0.0	57.0	0.0	76.0	0.0	32.0	0.0	0.0	35.0	0.0	0.0	0.0	0.0	0.0	0.0	0.0	32.0	0.0	0.0	0.0	40.0	0.0	20.0	0.0
0.0	87.0	0.0	0.0	0.0	0.0	0.0	76.0	0.0	0.0	0.0	30.0	0.0	56.0	9.0	0.0	0.0	0.0	0.0	0.0	63.0	0.0	100.0	77.0	0.0	0.0	93.0	0.0	0.0	0.0	93.0	43.0	0.0	0.0	0.0	0.0	0.0	0.0	0.0	20.0	0.0	0.0	3.0	0.0	0.0	0.0	0.0	0.0	0.0	0.0	90.0	0.0	67.0	0.0	0.0	0.0	0.0	29.0	0.0	0.0	0.0	0.0	26.0	50.0	30.0	0.0	0.0	0.0	82.0	68.0	0.0	0.0	96.0	0.0	5.0	0.0	0.0	0.0	0.0	0.0	0.0	0.0	14.0	0.0	0.0	0.0	0.0	0.0	0.0	0.0	0.0	0.0	61.0	0.0	0.0	0.0	0.0	0.0	0.0	0.0	6.0	27.0	74.0	15.0	88.0	0.0	22.0	0.0	0.0	0.0	0.0	0.0	16.0	0.0	0.0	0.0	0.0	0.0	55.0	0.0	0.0
0.0	14.0	0.0	33.0	0.0	0.0	0.0	0.0	0.0	0.0	0.0	0.0	36.0	0.0	39.0	0.0	0.0	85.0	0.0	77.0	0.0	0.0	0.0	0.0	0.0	0.0	0.0	76.0	0.0	27.0	9.0	0.0	0.0	37.0	73.0	0.0	0.0	0.0	0.0	0.0	0.0	0.0	89.0	0.0	0.0	3.0	0.0	0.0	0.0	0.0	0.0	0.0	0.0	45.0	0.0	0.0	75.0	0.0	0.0	21.0	10.0	70.0	0.0	0.0	0.0	50.0	0.0	0.0	0.0	0.0	2.0	15.0	86.0	0.0	0.0	0.0	0.0	0.0	15.0	65.0	0.0	0.0	0.0	0.0	92.0	0.0	0.0	0.0	52.0	53.0	0.0	0.0	46.0	0.0	0.0	0.0	0.0	53.0	0.0	0.0	0.0	0.0	0.0	0.0	99.0	8.0	0.0	0.0	0.0	0.0	0.0	0.0	0.0	0.0	0.0	0.0	0.0	0.0	0.0	0.0
6.0	13.0	0.0	0.0	0.0	0.0	3.0	0.0	0.0	0.0	0.0	0.0	0.0	85.0	27.0	0.0	0.0	0.0	17.0	0.0	0.0	69.0	0.0	15.0	0.0	11.0	18.0	0.0	73.0	0.0	38.0	0.0	0.0	53.0	0.0	0.0	0.0	0.0	0.0	91.0	15.0	0.0	0.0	55.0	6.0	0.0	0.0	10.0	94.0	0.0	73.0	0.0	0.0	0.0	14.0	0.0	0.0	0.0	0.0	0.0	65.0	68.0	0.0	0.0	0.0	0.0	0.0	0.0	23.0	0.0	50.0	92.0	0.0	72.0	0.0	49.0	0.0	0.0	0.0	0.0	0.0	88.0	0.0	0.0	32.0	0.0	53.0	0.0	0.0	0.0	0.0	0.0	0.0	0.0	0.0	0.0	88.0	0.0	0.0	0.0	0.0	75.0	0.0	0.0	0.0	0.0	0.0	0.0	92.0	0.0	53.0	0.0	88.0	52.0	0.0	0.0	0.0	0.0	0.0
0.0	0.0	0.0	0.0	11.0	0.0	0.0	1.0	0.0	0.0	59.0	0.0	0.0	79.0	0.0	92.0	0.0	58.0	0.0	0.0	0.0	23.0	13.0	0.0	0.0	0.0	0.0	0.0	0.0	0.0	0.0	0.0	0.0	56.0	84.0	0.0	0.0	0.0	0.0	0.0	0.0	0.0	0.0	0.0	0.0	92.0	0.0	0.0	0.0	0.0	66.0	0.0	0.0	0.0	2.0	0.0	0.0	89.0	0.0	0.0	85.0	0.0	25.0	0.0	0.0	0.0	0.0	0.0	24.0	0.0	90.0	0.0	65.0	0.0	0.0	0.0	0.0	0.0	0.0	0.0	0.0	0.0	0.0	0.0	0.0	76.0	0.0	0.0	0.0	0.0	34.0	29.0	0.0	0.0	0.0	0.0	0.0	0.0	0.0	0.0	0.0	0.0	63.0	13.0	0.0	65.0	10.0	0.0	0.0	0.0	0.0	0.0	0.0	0.0	89.0	8.0	0.0	0.0
0.0	0.0	0.0	0.0	0.0	0.0	0.0	0.0	0.0	0.0	72.0	0.0	0.0	0.0	0.0	0.0	0.0	0.0	0.0	0.0	51.0	0.0	0.0	0.0	0.0	0.0	0.0	0.0	0.0	0.0	42.0	0.0	0.0	84.0	92.0	0.0	0.0	0.0	7.0	53.0	0.0	0.0	70.0	79.0	0.0	50.0	0.0	0.0	0.0	90.0	0.0	0.0	36.0	0.0	0.0	0.0	0.0	0.0	0.0	92.0	0.0	27.0	0.0	0.0	0.0	0.0	0.0	0.0	0.0	67.0	0.0	0.0	0.0	0.0	79.0	0.0	0.0	0.0	64.0	0.0	0.0	0.0	0.0	0.0	0.0	0.0	0.0	0.0	0.0	97.0	0.0	0.0	0.0	0.0	0.0	52.0	0.0	8.0	0.0	3.0	0.0	30.0	0.0	0.0	27.0	0.0	94.0	0.0	0.0	19.0	0.0	0.0	32.0	0.0	68.0	34.0	0.0
73.0	0.0	0.0	0.0	0.0	0.0	0.0	0.0	2.0	0.0	39.0	0.0	57.0	0.0	0.0	0.0	0.0	0.0	0.0	6.0	0.0	0.0	46.0	0.0	0.0	0.0	0.0	0.0	92.0	0.0	7.0	0.0	0.0	0.0	72.0	0.0	34.0	0.0	0.0	44.0	0.0	41.0	54.0	12.0	0.0	0.0	0.0	39.0	0.0	0.0	0.0	0.0	0.0	0.0	0.0	0.0	0.0	0.0	0.0	50.0	0.0	55.0	34.0	0.0	0.0	0.0	0.0	0.0	0.0	8.0	0.0	0.0	0.0	0.0	0.0	0.0	0.0	0.0	0.0	0.0	0.0	0.0	0.0	19.0	0.0	0.0	89.0	53.0	0.0	0.0	62.0	0.0	43.0	67.0	68.0	0.0	0.0	0.0	0.0	0.0	0.0	77.0	1.0	0.0	0.0	84.0	0.0	0.0	0.0	0.0	60.0	0.0	0.0	0.0	0.0	0.0
71.0	0.0	99.0	0.0	0.0	0.0	0.0	0.0	0.0	0.0	0.0	0.0	78.0	0.0	96.0	0.0	0.0	0.0	0.0	0.0	0.0	90.0	0.0	0.0	0.0	0.0	0.0	6.0	29.0	0.0	0.0	0.0	0.0	0.0	0.0	4.0	0.0	0.0	0.0	0.0	0.0	0.0	0.0	48.0	73.0	0.0	0.0	0.0	0.0	8.0	0.0	0.0	0.0	0.0	0.0	70.0	0.0	0.0	0.0	0.0	0.0	0.0	0.0	0.0	0.0	0.0	0.0	0.0	0.0	0.0	0.0	0.0	0.0	0.0	27.0	34.0	0.0	23.0	12.0	0.0	0.0	91.0	76.0	0.0	0.0	0.0	0.0	0.0	35.0	23.0	39.0	82.0	41.0	0.0	0.0	0.0	0.0	0.0	0.0	0.0	3.0	0.0	0.0	0.0	0.0	0.0	0.0	0.0	0.0	0.0	0.0	0.0	17.0	81.0	62.0
0.0	0.0	0.0	25.0	0.0	92.0	9.0	0.0	0.0	0.0	0.0	0.0	0.0	64.0	65.0	36.0	87.0	87.0	0.0	0.0	0.0	31.0	0.0	0.0	0.0	0.0	96.0	83.0	41.0	0.0	0.0	0.0	90.0	0.0	0.0	0.0	62.0	0.0	0.0	50.0	0.0	0.0	0.0	0.0	0.0	0.0	51.0	0.0	0.0	0.0	0.0	34.0	0.0	0.0	0.0	0.0	63.0	0.0	0.0	48.0	0.0	0.0	0.0	0.0	92.0	0.0	0.0	0.0	0.0	0.0	73.0	0.0	0.0	0.0	0.0	0.0	0.0	0.0	0.0	0.0	68.0	27.0	0.0	17.0	69.0	0.0	0.0	0.0	0.0	0.0	0.0	87.0	0.0	0.0	0.0	0.0	0.0	0.0	0.0	0.0	0.0	0.0	0.0	0.0	0.0	0.0	0.0	0.0	0.0	92.0	75.0	0.0	0.0	0.0
0.0	0.0	0.0	70.0	0.0	0.0	0.0	0.0	0.0	0.0	0.0	0.0	0.0	0.0	0.0	0.0	0.0	9.0	0.0	0.0	0.0	79.0	0.0	0.0	0.0	38.0	0.0	0.0	0.0	0.0	0.0	0.0	17.0	0.0	0.0	0.0	0.0	5.0	0.0	71.0	0.0	84.0	0.0	0.0	0.0	0.0	0.0	10.0	0.0	0.0	0.0	0.0	0.0	0.0	0.0	0.0	0.0	83.0	0.0	0.0	0.0	0.0	0.0	0.0	0.0	0.0	0.0	0.0	0.0	0.0	0.0	99.0	0.0	0.0	29.0	0.0	0.0	22.0	0.0	99.0	0.0	0.0	0.0	0.0	0.0	0.0	0.0	0.0	0.0	0.0	80.0	0.0	0.0	0.0	0.0	0.0	87.0	0.0	0.0	0.0	0.0	0.0	0.0	0.0	0.0	0.0	0.0	0.0	0.0	26.0	0.0	0.0	76.0
66.0	0.0	63.0	0.0	41.0	0.0	0.0	58.0	0.0	0.0	0.0	43.0	59.0	0.0	37.0	0.0	63.0	0.0	0.0	0.0	0.0	29.0	0.0	0.0	0.0	0.0	0.0	0.0	81.0	0.0	0.0	0.0	0.0	0.0	0.0	0.0	0.0	0.0	0.0	0.0	0.0	0.0	0.0	83.0	27.0	11.0	0.0	0.0	0.0	9.0	0.0	0.0	66.0	0.0	0.0	58.0	0.0	0.0	0.0	0.0	23.0	0.0	0.0	26.0	10.0	0.0	0.0	0.0	0.0	0.0	98.0	63.0	0.0	48.0	0.0	0.0	0.0	0.0	0.0	2.0	0.0	0.0	40.0	0.0	10.0	0.0	15.0	33.0	29.0	0.0	0.0	0.0	0.0	34.0	46.0	0.0	0.0	0.0	24.0	0.0	0.0	0.0	0.0	94.0	0.0	0.0	0.0	24.0	0.0	0.0	0.0	95.0
32.0	0.0	0.0	0.0	0.0	92.0	0.0	0.0	47.0	0.0	0.0	23.0	0.0	0.0	34.0	0.0	0.0	0.0	0.0	0.0	0.0	0.0	0.0	0.0	0.0	0.0	0.0	0.0	51.0	0.0	0.0	0.0	73.0	78.0	0.0	35.0	0.0	0.0	0.0	44.0	0.0	22.0	0.0	0.0	10.0	0.0	0.0	0.0	0.0	0.0	0.0	0.0	39.0	0.0	0.0	0.0	0.0	0.0	83.0	98.0	0.0	0.0	0.0	0.0	40.0	81.0	0.0	0.0	0.0	0.0	0.0	39.0	16.0	38.0	0.0	10.0	77.0	0.0	0.0	82.0	0.0	0.0	0.0	0.0	0.0	0.0	0.0	0.0	0.0	0.0	0.0	0.0	0.0	0.0	0.0	0.0	0.0	45.0	0.0	12.0	0.0	0.0	0.0	0.0	11.0	11.0	0.0	0.0	0.0	0.0	0.0
0.0	0.0	0.0	0.0	67.0	0.0	0.0	84.0	0.0	0.0	0.0	46.0	0.0	0.0	0.0	0.0	54.0	0.0	0.0	0.0	0.0	0.0	84.0	88.0	0.0	0.0	0.0	0.0	0.0	0.0	83.0	0.0	0.0	0.0	0.0	0.0	0.0	0.0	31.0	0.0	0.0	0.0	0.0	3.0	0.0	16.0	24.0	0.0	0.0	0.0	2.0	0.0	0.0	0.0	0.0	0.0	74.0	49.0	0.0	0.0	0.0	78.0	0.0	0.0	0.0	32.0	0.0	0.0	0.0	62.0	0.0	0.0	0.0	87.0	0.0	0.0	24.0	0.0	41.0	40.0	0.0	0.0	0.0	0.0	0.0	0.0	0.0	0.0	0.0	11.0	0.0	0.0	49.0	0.0	13.0	0.0	0.0	0.0	0.0	3.0	72.0	0.0	0.0	79.0	0.0	0.0	0.0	59.0	97.0	0.0
0.0	6.0	0.0	47.0	0.0	0.0	0.0	0.0	6.0	0.0	0.0	0.0	0.0	0.0	0.0	0.0	0.0	0.0	9.0	0.0	0.0	0.0	0.0	0.0	0.0	19.0	47.0	0.0	0.0	0.0	39.0	1.0	0.0	0.0	0.0	0.0	0.0	42.0	0.0	0.0	0.0	0.0	0.0	0.0	0.0	0.0	0.0	0.0	0.0	0.0	12.0	2.0	0.0	0.0	0.0	0.0	0.0	65.0	0.0	0.0	0.0	0.0	10.0	37.0	0.0	0.0	0.0	0.0	0.0	0.0	52.0	70.0	0.0	0.0	50.0	0.0	32.0	0.0	0.0	0.0	0.0	0.0	0.0	0.0	0.0	100.0	0.0	0.0	0.0	81.0	0.0	0.0	0.0	0.0	55.0	0.0	0.0	0.0	0.0	0.0	0.0	0.0	0.0	0.0	0.0	66.0	66.0	17.0	91.0
0.0	0.0	0.0	0.0	0.0	0.0	0.0	0.0	0.0	100.0	0.0	0.0	0.0	0.0	0.0	90.0	0.0	0.0	0.0	0.0	28.0	0.0	0.0	0.0	0.0	0.0	0.0	0.0	0.0	0.0	0.0	0.0	0.0	0.0	58.0	0.0	0.0	0.0	0.0	0.0	0.0	0.0	11.0	0.0	89.0	84.0	0.0	73.0	28.0	94.0	76.0	0.0	0.0	83.0	12.0	0.0	0.0	96.0	0.0	0.0	0.0	48.0	0.0	0.0	0.0	0.0	19.0	0.0	0.0	0.0	0.0	0.0	0.0	0.0	86.0	0.0	0.0	0.0	0.0	0.0	0.0	0.0	0.0	0.0	0.0	0.0	0.0	84.0	0.0	0.0	0.0	0.0	0.0	0.0	0.0	0.0	0.0	0.0	0.0	0.0	0.0	0.0	0.0	0.0	28.0	17.0	0.0	0.0
33.0	0.0	0.0	0.0	0.0	0.0	42.0	0.0	0.0	92.0	0.0	0.0	0.0	0.0	0.0	0.0	0.0	0.0	0.0	0.0	0.0	0.0	22.0	0.0	13.0	92.0	0.0	0.0	0.0	0.0	0.0	0.0	0.0	0.0	0.0	0.0	0.0	0.0	0.0	0.0	0.0	40.0	0.0	37.0	0.0	77.0	25.0	0.0	0.0	0.0	87.0	0.0	0.0	77.0	0.0	88.0	0.0	0.0	0.0	0.0	0.0	36.0	92.0	0.0	0.0	0.0	0.0	0.0	51.0	0.0	0.0	88.0	0.0	38.0	0.0	0.0	0.0	31.0	0.0	43.0	0.0	0.0	0.0	0.0	97.0	0.0	0.0	12.0	95.0	82.0	0.0	0.0	6.0	0.0	0.0	4.0	0.0	0.0	9.0	79.0	0.0	77.0	0.0	30.0	0.0	0.0	69.0
0.0	98.0	97.0	0.0	0.0	0.0	0.0	0.0	0.0	73.0	0.0	94.0	100.0	0.0	0.0	70.0	0.0	0.0	0.0	0.0	0.0	59.0	0.0	0.0	0.0	0.0	16.0	66.0	0.0	0.0	84.0	2.0	0.0	0.0	94.0	0.0	10.0	0.0	0.0	48.0	0.0	0.0	0.0	0.0	0.0	44.0	0.0	99.0	48.0	0.0	0.0	0.0	0.0	54.0	17.0	0.0	0.0	0.0	0.0	91.0	3.0	4.0	0.0	48.0	0.0	0.0	0.0	0.0	0.0	0.0	0.0	0.0	0.0	5.0	37.0	0.0	0.0	0.0	71.0	0.0	61.0	0.0	0.0	0.0	0.0	0.0	85.0	0.0	9.0	0.0	0.0	0.0	84.0	0.0	0.0	82.0	0.0	0.0	0.0	38.0	0.0	59.0	0.0	0.0	0.0	0.0
66.0	0.0	0.0	25.0	7.0	0.0	0.0	0.0	97.0	0.0	0.0	0.0	0.0	0.0	0.0	23.0	0.0	12.0	0.0	0.0	0.0	0.0	0.0	0.0	0.0	0.0	28.0	0.0	57.0	0.0	24.0	55.0	0.0	0.0	0.0	0.0	0.0	87.0	0.0	0.0	0.0	0.0	0.0	0.0	0.0	7.0	0.0	0.0	0.0	0.0	0.0	0.0	0.0	0.0	76.0	0.0	0.0	0.0	0.0	0.0	0.0	46.0	0.0	36.0	0.0	77.0	79.0	0.0	0.0	0.0	0.0	0.0	0.0	0.0	0.0	0.0	0.0	0.0	0.0	0.0	0.0	0.0	95.0	0.0	0.0	0.0	0.0	10.0	0.0	29.0	0.0	0.0	0.0	0.0	0.0	98.0	51.0	53.0	46.0	0.0	0.0	0.0	0.0	0.0	25.0
0.0	0.0	14.0	89.0	0.0	57.0	61.0	0.0	0.0	0.0	0.0	9.0	0.0	0.0	0.0	58.0	0.0	0.0	0.0	0.0	0.0	0.0	0.0	11.0	0.0	0.0	0.0	47.0	0.0	0.0	0.0	0.0	64.0	49.0	0.0	0.0	0.0	0.0	0.0	0.0	0.0	0.0	0.0	0.0	1.0	0.0	0.0	0.0	83.0	0.0	0.0	0.0	90.0	0.0	0.0	41.0	0.0	96.0	0.0	9.0	0.0	0.0	0.0	0.0	0.0	73.0	0.0	0.0	17.0	35.0	0.0	0.0	0.0	18.0	0.0	0.0	0.0	0.0	0.0	87.0	0.0	0.0	23.0	0.0	0.0	33.0	5.0	62.0	0.0	0.0	0.0	0.0	0.0	3.0	18.0	3.0	92.0	6.0	0.0	0.0	1.0	0.0	11.0	0.0
0.0	0.0	0.0	8.0	41.0	0.0	0.0	0.0	0.0	81.0	14.0	63.0	0.0	0.0	0.0	0.0	0.0	0.0	0.0	0.0	0.0	34.0	0.0	0.0	0.0	79.0	57.0	0.0	67.0	0.0	0.0	0.0	49.0	0.0	0.0	21.0	0.0	0.0	0.0	15.0	18.0	0.0	37.0	0.0	18.0	0.0	0.0	0.0	0.0	0.0	0.0	0.0	0.0	17.0	10.0	18.0	0.0	0.0	6.0	36.0	60.0	0.0	0.0	0.0	0.0	0.0	0.0	0.0	0.0	0.0	0.0	0.0	0.0	0.0	43.0	0.0	0.0	0.0	46.0	53.0	10.0	0.0	69.0	0.0	0.0	32.0	78.0	0.0	80.0	0.0	0.0	0.0	0.0	0.0	0.0	0.0	80.0	0.0	0.0	0.0	22.0	0.0	46.0
90.0	0.0	0.0	9.0	4.0	0.0	0.0	0.0	0.0	0.0	0.0	0.0	0.0	0.0	0.0	0.0	0.0	0.0	0.0	0.0	0.0	0.0	0.0	0.0	0.0	0.0	0.0	0.0	0.0	0.0	75.0	96.0	0.0	0.0	0.0	0.0	0.0	0.0	0.0	0.0	74.0	0.0	0.0	45.0	0.0	29.0	74.0	0.0	0.0	0.0	0.0	0.0	0.0	0.0	0.0	0.0	0.0	0.0	0.0	0.0	0.0	82.0	0.0	15.0	0.0	75.0	0.0	88.0	0.0	0.0	51.0	0.0	0.0	0.0	0.0	0.0	0.0	0.0	0.0	0.0	0.0	62.0	94.0	0.0	0.0	0.0	0.0	0.0	0.0	0.0	0.0	0.0	0.0	0.0	0.0	0.0	0.0	0.0	0.0	0.0	0.0	0.0
0.0	0.0	0.0	0.0	0.0	0.0	0.0	0.0	0.0	0.0	0.0	1.0	0.0	40.0	82.0	0.0	0.0	93.0	0.0	0.0	0.0	17.0	0.0	1.0	93.0	0.0	0.0	0.0	0.0	0.0	0.0	0.0	0.0	0.0	0.0	0.0	0.0	0.0	0.0	0.0	89.0	0.0	0.0	89.0	79.0	0.0	0.0	0.0	0.0	0.0	0.0	0.0	0.0	0.0	0.0	77.0	0.0	0.0	0.0	100.0	49.0	3.0	0.0	16.0	0.0	0.0	0.0	0.0	0.0	0.0	0.0	0.0	0.0	0.0	2.0	0.0	58.0	0.0	0.0	0.0	88.0	0.0	0.0	0.0	22.0	0.0	48.0	20.0	0.0	0.0	0.0	24.0	0.0	0.0	27.0	52.0	0.0	0.0	72.0	0.0	0.0
0.0	6.0	0.0	90.0	0.0	0.0	0.0	0.0	0.0	0.0	0.0	0.0	0.0	0.0	0.0	46.0	0.0	0.0	0.0	0.0	0.0	0.0	55.0	0.0	36.0	0.0	0.0	0.0	0.0	0.0	0.0	92.0	28.0	0.0	0.0	0.0	0.0	29.0	33.0	42.0	0.0	0.0	0.0	0.0	0.0	45.0	0.0	87.0	0.0	10.0	0.0	52.0	0.0	0.0	0.0	0.0	0.0	0.0	0.0	0.0	0.0	28.0	0.0	0.0	0.0	0.0	0.0	0.0	0.0	0.0	0.0	0.0	59.0	58.0	0.0	66.0	0.0	0.0	1.0	0.0	0.0	0.0	0.0	0.0	0.0	71.0	0.0	84.0	0.0	9.0	46.0	34.0	0.0	0.0	0.0	0.0	80.0	0.0	0.0	35.0
0.0	49.0	29.0	0.0	0.0	24.0	0.0	16.0	0.0	0.0	0.0	0.0	20.0	0.0	0.0	56.0	0.0	70.0	0.0	0.0	0.0	0.0	0.0	0.0	28.0	0.0	26.0	0.0	0.0	0.0	8.0	0.0	67.0	0.0	0.0	0.0	0.0	0.0	58.0	0.0	94.0	0.0	0.0	2.0	9.0	0.0	81.0	0.0	0.0	59.0	0.0	0.0	0.0	0.0	41.0	0.0	0.0	0.0	0.0	89.0	0.0	56.0	15.0	0.0	53.0	0.0	80.0	0.0	0.0	0.0	0.0	0.0	0.0	0.0	0.0	0.0	0.0	0.0	0.0	34.0	86.0	95.0	0.0	99.0	27.0	0.0	0.0	0.0	0.0	0.0	0.0	0.0	0.0	43.0	1.0	92.0	76.0	0.0	0.0
3.0	27.0	0.0	22.0	0.0	0.0	27.0	0.0	0.0	0.0	74.0	0.0	0.0	0.0	0.0	0.0	47.0	0.0	0.0	0.0	0.0	0.0	25.0	0.0	6.0	0.0	15.0	0.0	0.0	0.0	0.0	0.0	0.0	0.0	11.0	0.0	0.0	0.0	40.0	0.0	0.0	0.0	0.0	81.0	0.0	33.0	0.0	0.0	0.0	0.0	27.0	0.0	50.0	0.0	58.0	0.0	0.0	0.0	0.0	0.0	0.0	0.0	38.0	60.0	0.0	0.0	53.0	9.0	0.0	0.0	0.0	0.0	54.0	0.0	0.0	0.0	0.0	55.0	0.0	0.0	0.0	0.0	0.0	0.0	0.0	36.0	0.0	0.0	0.0	44.0	0.0	0.0	0.0	0.0	0.0	59.0	0.0	54.0
0.0	0.0	0.0	0.0	95.0	0.0	0.0	61.0	0.0	0.0	0.0	16.0	0.0	0.0	0.0	0.0	0.0	0.0	96.0	0.0	0.0	72.0	0.0	0.0	0.0	0.0	0.0	37.0	0.0	0.0	0.0	0.0	0.0	62.0	31.0	0.0	19.0	0.0	14.0	0.0	88.0	0.0	0.0	24.0	0.0	0.0	0.0	0.0	0.0	0.0	89.0	0.0	0.0	0.0	52.0	0.0	0.0	16.0	80.0	26.0	0.0	0.0	0.0	0.0	0.0	40.0	0.0	58.0	0.0	21.0	0.0	0.0	0.0	42.0	0.0	0.0	0.0	0.0	0.0	2.0	5.0	0.0	16.0	0.0	0.0	0.0	0.0	15.0	8.0	0.0	29.0	97.0	0.0	0.0	0.0	0.0	0.0
82.0	0.0	0.0	0.0	0.0	0.0	0.0	0.0	0.0	0.0	50.0	0.0	0.0	14.0	0.0	0.0	0.0	0.0	0.0	0.0	0.0	0.0	0.0	0.0	0.0	0.0	0.0	0.0	71.0	0.0	67.0	0.0	0.0	0.0	0.0	47.0	0.0	0.0	0.0	97.0	0.0	0.0	95.0	0.0	0.0	70.0	0.0	0.0	0.0	0.0	0.0	0.0	0.0	0.0	0.0	0.0	0.0	0.0	0.0	0.0	0.0	62.0	0.0	0.0	0.0	0.0	42.0	0.0	0.0	0.0	0.0	62.0	0.0	0.0	0.0	0.0	0.0	0.0	0.0	0.0	0.0	62.0	0.0	0.0	0.0	0.0	0.0	0.0	49.0	0.0	71.0	0.0	3.0	0.0	92.0	0.0
0.0	0.0	0.0	4.0	89.0	0.0	0.0	22.0	0.0	0.0	0.0	77.0	0.0	0.0	92.0	0.0	0.0	0.0	0.0	0.0	0.0	80.0	0.0	0.0	11.0	0.0	0.0	0.0	0.0	0.0	0.0	0.0	65.0	0.0	0.0	0.0	0.0	98.0	0.0	0.0	0.0	0.0	86.0	88.0	25.0	0.0	0.0	30.0	0.0	0.0	0.0	15.0	0.0	12.0	0.0	0.0	0.0	0.0	0.0	89.0	27.0	0.0	66.0	71.0	0.0	51.0	0.0	0.0	0.0	0.0	47.0	0.0	0.0	0.0	0.0	46.0	0.0	0.0	0.0	0.0	0.0	18.0	83.0	0.0	0.0	0.0	0.0	0.0	0.0	0.0	0.0	36.0	0.0	0.0	0.0
95.0	87.0	0.0	66.0	18.0	0.0	21.0	76.0	0.0	0.0	77.0	0.0	0.0	0.0	15.0	0.0	78.0	0.0	0.0	80.0	0.0	40.0	0.0	0.0	0.0	0.0	0.0	0.0	0.0	0.0	58.0	0.0	0.0	28.0	0.0	0.0	0.0	0.0	36.0	34.0	0.0	0.0	0.0	0.0	17.0	0.0	0.0	0.0	0.0	0.0	0.0	9.0	0.0	77.0	0.0	0.0	0.0	0.0	4.0	0.0	79.0	0.0	34.0	100.0	0.0	0.0	0.0	48.0	25.0	0.0	0.0	0.0	0.0	0.0	0.0	0.0	0.0	0.0	0.0	0.0	0.0	0.0	0.0	0.0	0.0	97.0	0.0	0.0	0.0	70.0	0.0	0.0	0.0	0.0
0.0	0.0	0.0	0.0	0.0	0.0	0.0	0.0	0.0	0.0	0.0	0.0	0.0	0.0	0.0	46.0	11.0	0.0	40.0	0.0	0.0	0.0	0.0	0.0	90.0	0.0	0.0	91.0	0.0	0.0	0.0	0.0	22.0	0.0	0.0	0.0	0.0	0.0	0.0	0.0	55.0	0.0	0.0	0.0	0.0	0.0	0.0	79.0	0.0	0.0	2.0	0.0	0.0	0.0	0.0	0.0	0.0	99.0	0.0	93.0	0.0	19.0	0.0	0.0	0.0	2.0	0.0	0.0	0.0	0.0	0.0	0.0	0.0	94.0	0.0	63.0	0.0	0.0	0.0	0.0	77.0	0.0	0.0	0.0	0.0	0.0	0.0	0.0	0.0	97.0	0.0	0.0	0.0
0.0	0.0	0.0	16.0	0.0	0.0	0.0	0.0	0.0	32.0	0.0	0.0	0.0	0.0	89.0	0.0	0.0	10.0	0.0	0.0	47.0	55.0	0.0	0.0	0.0	0.0	0.0	0.0	0.0	0.0	0.0	0.0	0.0	0.0	0.0	0.0	8.0	0.0	36.0	3.0	0.0	0.0	0.0	81.0	0.0	4.0	0.0	0.0	0.0	15.0	0.0	66.0	0.0	0.0	0.0	84.0	99.0	32.0	0.0	81.0	0.0	0.0	0.0	0.0	0.0	0.0	0.0	0.0	0.0	0.0	0.0	0.0	0.0	24.0	0.0	55.0	0.0	0.0	0.0	52.0	0.0	0.0	11.0	0.0	0.0	87.0	0.0	4.0	0.0	0.0	0.0	0.0
66.0	21.0	0.0	0.0	0.0	29.0	0.0	65.0	0.0	30.0	0.0	0.0	0.0	0.0	0.0	30.0	0.0	0.0	0.0	13.0	0.0	0.0	21.0	0.0	0.0	51.0	46.0	55.0	79.0	0.0	23.0	0.0	0.0	0.0	0.0	37.0	0.0	0.0	0.0	0.0	0.0	62.0	99.0	25.0	0.0	17.0	0.0	0.0	23.0	49.0	13.0	71.0	0.0	40.0	0.0	0.0	0.0	0.0	2.0	0.0	0.0	0.0	44.0	0.0	0.0	38.0	0.0	0.0	14.0	0.0	0.0	0.0	0.0	0.0	67.0	0.0	0.0	0.0	0.0	79.0	0.0	0.0	0.0	17.0	53.0	27.0	0.0	0.0	0.0	25.0	0.0
0.0	5.0	100.0	40.0	0.0	0.0	45.0	0.0	0.0	15.0	18.0	0.0	0.0	0.0	21.0	56.0	0.0	14.0	6.0	0.0	0.0	0.0	22.0	0.0	0.0	65.0	0.0	0.0	0.0	0.0	0.0	0.0	0.0	21.0	0.0	0.0	78.0	0.0	0.0	44.0	19.0	0.0	0.0	0.0	0.0	79.0	0.0	0.0	0.0	0.0	0.0	0.0	0.0	65.0	50.0	97.0	95.0	4.0	86.0	0.0	0.0	0.0	0.0	55.0	69.0	94.0	0.0	0.0	90.0	0.0	0.0	33.0	0.0	0.0	26.0	0.0	0.0	0.0	0.0	41.0	95.0	0.0	0.0	25.0	0.0	0.0	9.0	0.0	0.0	0.0
0.0	0.0	0.0	0.0	78.0	0.0	0.0	0.0	0.0	0.0	0.0	46.0	0.0	0.0	50.0	0.0	0.0	5.0	62.0	0.0	0.0	29.0	0.0	0.0	0.0	0.0	83.0	0.0	0.0	0.0	29.0	0.0	0.0	0.0	0.0	0.0	0.0	0.0	0.0	0.0	0.0	0.0	0.0	60.0	0.0	89.0	0.0	34.0	7.0	0.0	2.0	24.0	75.0	0.0	0.0	0.0	0.0	77.0	0.0	0.0	0.0	0.0	0.0	60.0	0.0	86.0	0.0	0.0	0.0	71.0	84.0	0.0	0.0	0.0	21.0	0.0	0.0	0.0	96.0	0.0	0.0	0.0	63.0	0.0	0.0	0.0	0.0	0.0	0.0
17.0	0.0	0.0	1.0	45.0	0.0	0.0	0.0	0.0	0.0	0.0	0.0	0.0	0.0	0.0	0.0	0.0	51.0	0.0	0.0	20.0	7.0	0.0	0.0	0.0	54.0	0.0	0.0	0.0	0.0	16.0	44.0	0.0	0.0	0.0	0.0	0.0	0.0	14.0	0.0	21.0	0.0	0.0	0.0	35.0	0.0	0.0	26.0	0.0	0.0	91.0	0.0	46.0	0.0	0.0	95.0	0.0	0.0	0.0	0.0	0.0	0.0	0.0	0.0	95.0	53.0	0.0	9.0	0.0	0.0	0.0	62.0	0.0	0.0	40.0	0.0	0.0	0.0	20.0	16.0	0.0	0.0	0.0	0.0	0.0	62.0	26.0	0.0
0.0	22.0	0.0	40.0	0.0	42.0	0.0	83.0	0.0	0.0	0.0	0.0	0.0	31.0	0.0	0.0	0.0	0.0	74.0	84.0	0.0	0.0	0.0	0.0	71.0	0.0	0.0	0.0	0.0	0.0	0.0	43.0	69.0	0.0	0.0	0.0	28.0	0.0	0.0	77.0	0.0	0.0	39.0	0.0	0.0	0.0	0.0	0.0	0.0	0.0	0.0	0.0	0.0	0.0	0.0	0.0	0.0	0.0	0.0	0.0	0.0	60.0	0.0	0.0	0.0	0.0	0.0	66.0	0.0	0.0	0.0	0.0	0.0	0.0	0.0	0.0	0.0	0.0	95.0	0.0	0.0	0.0	0.0	40.0	0.0	0.0	0.0
80.0	0.0	88.0	0.0	0.0	21.0	79.0	0.0	0.0	0.0	0.0	18.0	0.0	81.0	0.0	0.0	0.0	2.0	0.0	0.0	0.0	0.0	0.0	0.0	69.0	0.0	0.0	0.0	0.0	0.0	0.0	0.0	0.0	0.0	0.0	0.0	87.0	83.0	1.0	99.0	85.0	13.0	0.0	0.0	0.0	0.0	0.0	0.0	0.0	0.0	0.0	0.0	0.0	0.0	0.0	0.0	0.0	32.0	0.0	90.0	0.0	0.0	0.0	0.0	79.0	0.0	0.0	0.0	46.0	0.0	58.0	0.0	55.0	85.0	0.0	59.0	0.0	0.0	0.0	0.0	0.0	0.0	0.0	24.0	0.0	0.0
52.0	0.0	63.0	0.0	0.0	0.0	0.0	0.0	0.0	0.0	0.0	26.0	0.0	70.0	49.0	0.0	0.0	81.0	0.0	0.0	12.0	0.0	13.0	0.0	50.0	0.0	0.0	15.0	0.0	55.0	24.0	40.0	0.0	0.0	2.0	0.0	0.0	0.0	62.0	0.0	0.0	0.0	0.0	0.0	93.0	0.0	72.0	33.0	0.0	54.0	0.0	0.0	0.0	0.0	0.0	0.0	10.0	0.0	0.0	0.0	0.0	0.0	24.0	0.0	7.0	0.0	0.0	0.0	0.0	0.0	0.0	0.0	18.0	0.0	66.0	62.0	69.0	0.0	0.0	0.0	0.0	0.0	0.0	0.0	0.0
34.0	0.0	0.0	0.0	0.0	0.0	0.0	56.0	48.0	0.0	0.0	0.0	0.0	0.0	0.0	0.0	0.0	28.0	0.0	0.0	10.0	0.0	70.0	0.0	85.0	0.0	0.0	0.0	0.0	0.0	0.0	0.0	0.0	0.0	0.0	0.0	0.0	50.0	0.0	0.0	0.0	0.0	61.0	0.0	7.0	89.0	0.0	0.0	0.0	59.0	0.0	0.0	0.0	14.0	0.0	0.0	0.0	8.0	0.0	64.0	63.0	60.0	0.0	0.0	0.0	82.0	0.0	84.0	72.0	0.0	0.0	0.0	0.0	0.0	52.0	0.0	0.0	89.0	0.0	77.0	0.0	0.0	0.0	0.0
0.0	0.0	0.0	49.0	0.0	66.0	0.0	16.0	0.0	0.0	39.0	0.0	0.0	0.0	0.0	0.0	0.0	18.0	86.0	76.0	0.0	85.0	21.0	0.0	0.0	0.0	0.0	0.0	0.0	0.0	0.0	0.0	0.0	0.0	0.0	0.0	0.0	0.0	0.0	0.0	56.0	0.0	0.0	0.0	0.0	98.0	0.0	0.0	0.0	93.0	0.0	0.0	0.0	0.0	0.0	0.0	0.0	0.0	0.0	0.0	0.0	0.0	13.0	0.0	0.0	0.0	0.0	17.0	0.0	6.0	0.0	0.0	6.0	0.0	0.0	0.0	0.0	55.0	0.0	0.0	0.0	0.0	0.0
0.0	0.0	13.0	0.0	5.0	50.0	0.0	0.0	0.0	0.0	30.0	24.0	80.0	0.0	0.0	0.0	0.0	0.0	0.0	49.0	51.0	0.0	0.0	0.0	0.0	0.0	0.0	76.0	0.0	0.0	0.0	0.0	0.0	56.0	0.0	0.0	0.0	93.0	0.0	0.0	30.0	0.0	0.0	0.0	0.0	0.0	0.0	0.0	18.0	0.0	0.0	0.0	0.0	2.0	0.0	0.0	0.0	0.0	0.0	3.0	0.0	0.0	0.0	0.0	0.0	22.0	0.0	0.0	66.0	0.0	0.0	40.0	0.0	0.0	41.0	0.0	0.0	91.0	0.0	0.0	15.0	0.0
47.0	0.0	0.0	0.0	23.0	0.0	61.0	0.0	0.0	0.0	56.0	0.0	0.0	0.0	0.0	18.0	0.0	0.0	90.0	38.0	0.0	0.0	0.0	11.0	60.0	0.0	0.0	0.0	20.0	0.0	0.0	0.0	67.0	0.0	0.0	0.0	0.0	55.0	0.0	0.0	0.0	0.0	0.0	31.0	0.0	0.0	0.0	100.0	0.0	46.0	6.0	0.0	0.0	72.0	0.0	0.0	0.0	30.0	0.0	0.0	0.0	9.0	0.0	0.0	30.0	0.0	0.0	0.0	83.0	0.0	10.0	0.0	0.0	29.0	43.0	49.0	0.0	0.0	17.0	0.0	0.0
7.0	0.0	0.0	0.0	0.0	0.0	0.0	0.0	92.0	41.0	0.0	33.0	0.0	0.0	0.0	0.0	48.0	0.0	99.0	0.0	81.0	0.0	0.0	12.0	0.0	0.0	0.0	0.0	0.0	0.0	0.0	0.0	100.0	36.0	0.0	57.0	0.0	0.0	0.0	0.0	0.0	0.0	0.0	91.0	0.0	59.0	0.0	69.0	0.0	0.0	42.0	1.0	9.0	0.0	0.0	0.0	0.0	0.0	0.0	0.0	0.0	30.0	0.0	0.0	0.0	0.0	0.0	0.0	0.0	91.0	0.0	0.0	0.0	0.0	0.0	0.0	0.0	0.0	0.0	0.0
0.0	0.0	0.0	0.0	0.0	0.0	49.0	0.0	0.0	0.0	0.0	0.0	0.0	25.0	0.0	0.0	0.0	0.0	0.0	35.0	0.0	0.0	54.0	0.0	0.0	0.0	0.0	0.0	0.0	0.0	0.0	0.0	0.0	0.0	0.0	0.0	0.0	0.0	0.0	0.0	0.0	10.0	25.0	0.0	0.0	0.0	97.0	0.0	0.0	0.0	0.0	94.0	0.0	0.0	19.0	28.0	0.0	0.0	0.0	0.0	89.0	0.0	0.0	0.0	0.0	0.0	0.0	5.0	0.0	9.0	0.0	0.0	0.0	0.0	27.0	0.0	0.0	17.0	88.0
95.0	0.0	0.0	87.0	0.0	97.0	0.0	68.0	0.0	0.0	0.0	0.0	0.0	0.0	0.0	0.0	75.0	60.0	31.0	20.0	18.0	0.0	0.0	0.0	90.0	19.0	0.0	0.0	0.0	60.0	0.0	0.0	0.0	0.0	0.0	0.0	77.0	0.0	0.0	73.0	0.0	0.0	0.0	0.0	89.0	13.0	36.0	0.0	0.0	73.0	0.0	0.0	0.0	0.0	0.0	0.0	0.0	0.0	0.0	0.0	2.0	32.0	0.0	0.0	0.0	0.0	0.0	0.0	0.0	0.0	13.0	0.0	0.0	0.0	0.0	61.0	65.0	0.0
0.0	0.0	0.0	0.0	0.0	0.0	0.0	57.0	98.0	0.0	0.0	0.0	0.0	0.0	57.0	0.0	0.0	0.0	0.0	0.0	3.0	0.0	0.0	0.0	57.0	0.0	0.0	81.0	0.0	0.0	0.0	36.0	0.0	0.0	0.0	0.0	30.0	0.0	29.0	0.0	0.0	0.0	0.0	54.0	0.0	0.0	0.0	0.0	0.0	0.0	31.0	0.0	0.0	0.0	0.0	0.0	20.0	0.0	0.0	0.0	0.0	0.0	78.0	7.0	38.0	0.0	0.0	18.0	33.0	6.0	0.0	16.0	0.0	0.0	0.0	0.0	0.0
0.0	0.0	0.0	0.0	0.0	0.0	0.0	0.0	0.0	0.0	97.0	0.0	10.0	35.0	0.0	0.0	0.0	67.0	0.0	0.0	22.0	0.0	0.0	0.0	56.0	61.0	0.0	0.0	0.0	0.0	0.0	0.0	0.0	0.0	0.0	0.0	0.0	29.0	85.0	0.0	0.0	0.0	66.0	0.0	0.0	68.0	0.0	0.0	0.0	0.0	0.0	0.0	0.0	0.0	49.0	0.0	0.0	0.0	0.0	0.0	0.0	83.0	0.0	78.0	0.0	0.0	73.0	0.0	0.0	0.0	19.0	0.0	0.0	53.0	89.0	89.0
0.0	0.0	0.0	0.0	0.0	0.0	41.0	0.0	91.0	34.0	0.0	0.0	0.0	0.0	0.0	0.0	0.0	0.0	0.0	0.0	0.0	0.0	0.0	0.0	0.0	0.0	0.0	0.0	98.0	0.0	47.0	0.0	17.0	30.0	0.0	0.0	0.0	0.0	0.0	0.0	26.0	0.0	0.0	0.0	34.0	0.0	0.0	0.0	0.0	0.0	0.0	0.0	0.0	0.0	0.0	0.0	0.0	0.0	0.0	0.0	0.0	0.0	0.0	55.0	0.0	5.0	0.0	0.0	0.0	0.0	0.0	0.0	0.0	0.0	21.0
0.0	0.0	21.0	0.0	0.0	0.0	0.0	67.0	89.0	0.0	0.0	0.0	0.0	61.0	29.0	0.0	59.0	0.0	0.0	0.0	0.0	0.0	21.0	0.0	47.0	0.0	61.0	0.0	0.0	84.0	0.0	0.0	0.0	87.0	0.0	0.0	22.0	30.0	0.0	0.0	0.0	24.0	0.0	0.0	0.0	0.0	0.0	0.0	0.0	0.0	50.0	0.0	0.0	46.0	0.0	0.0	72.0	0.0	0.0	0.0	0.0	0.0	0.0	0.0	0.0	39.0	0.0	0.0	77.0	0.0	16.0	0.0	0.0	0.0
0.0	54.0	0.0	0.0	32.0	0.0	0.0	48.0	0.0	5.0	0.0	0.0	0.0	9.0	0.0	81.0	0.0	0.0	35.0	4.0	81.0	0.0	0.0	0.0	0.0	0.0	0.0	0.0	0.0	0.0	0.0	0.0	0.0	18.0	75.0	0.0	34.0	0.0	0.0	0.0	0.0	3.0	51.0	89.0	0.0	62.0	0.0	0.0	0.0	0.0	99.0	0.0	0.0	0.0	0.0	0.0	78.0	0.0	0.0	0.0	0.0	49.0	65.0	0.0	0.0	0.0	0.0	0.0	0.0	0.0	0.0	45.0	0.0
0.0	0.0	8.0	8.0	50.0	0.0	30.0	60.0	0.0	0.0	0.0	81.0	44.0	0.0	0.0	24.0	0.0	0.0	89.0	0.0	0.0	0.0	0.0	0.0	0.0	0.0	0.0	0.0	0.0	0.0	0.0	26.0	94.0	0.0	0.0	32.0	0.0	18.0	5.0	0.0	0.0	0.0	0.0	0.0	89.0	0.0	0.0	0.0	0.0	0.0	0.0	0.0	0.0	0.0	14.0	0.0	78.0	0.0	0.0	0.0	0.0	0.0	90.0	0.0	0.0	22.0	28.0	0.0	0.0	0.0	89.0	0.0
0.0	44.0	76.0	0.0	0.0	0.0	24.0	30.0	0.0	0.0	0.0	0.0	0.0	0.0	0.0	0.0	0.0	0.0	0.0	0.0	0.0	0.0	0.0	0.0	0.0	0.0	0.0	0.0	0.0	0.0	0.0	61.0	0.0	0.0	0.0	0.0	0.0	0.0	0.0	0.0	38.0	77.0	0.0	0.0	0.0	97.0	0.0	0.0	0.0	21.0	0.0	0.0	63.0	38.0	0.0	0.0	0.0	0.0	0.0	0.0	0.0	20.0	0.0	57.0	0.0	0.0	0.0	29.0	0.0	0.0	0.0
0.0	94.0	0.0	0.0	35.0	0.0	0.0	0.0	0.0	0.0	0.0	94.0	46.0	66.0	0.0	0.0	74.0	0.0	0.0	28.0	0.0	0.0	0.0	0.0	0.0	0.0	0.0	0.0	0.0	0.0	0.0	0.0	0.0	0.0	0.0	0.0	0.0	0.0	82.0	0.0	0.0	0.0	47.0	0.0	0.0	0.0	0.0	0.0	0.0	0.0	0.0	40.0	0.0	0.0	0.0	0.0	0.0	0.0	0.0	40.0	38.0	3.0	96.0	0.0	0.0	0.0	0.0	0.0	0.0	0.0
0.0	0.0	0.0	0.0	0.0	0.0	0.0	0.0	0.0	0.0	0.0	85.0	50.0	63.0	0.0	17.0	33.0	53.0	0.0	0.0	20.0	0.0	0.0	0.0	24.0	97.0	0.0	0.0	0.0	96.0	0.0	0.0	0.0	0.0	0.0	53.0	0.0	24.0	0.0	0.0	0.0	82.0	30.0	54.0	0.0	0.0	0.0	33.0	0.0	0.0	25.0	0.0	0.0	0.0	64.0	12.0	0.0	0.0	4.0	0.0	73.0	0.0	0.0	0.0	0.0	0.0	17.0	0.0	0.0
33.0	46.0	0.0	0.0	0.0	0.0	0.0	72.0	0.0	43.0	0.0	0.0	18.0	0.0	52.0	0.0	0.0	0.0	0.0	19.0	0.0	34.0	69.0	46.0	83.0	0.0	0.0	0.0	0.0	10.0	0.0	27.0	0.0	0.0	0.0	0.0	0.0	28.0	0.0	0.0	0.0	0.0	45.0	0.0	0.0	0.0	0.0	0.0	0.0	0.0	0.0	0.0	16.0	0.0	0.0	0.0	0.0	0.0	0.0	0.0	0.0	0.0	57.0	0.0	0.0	0.0	0.0	0.0
0.0	60.0	0.0	0.0	0.0	0.0	0.0	0.0	0.0	0.0	0.0	0.0	0.0	18.0	0.0	0.0	0.0	0.0	0.0	0.0	0.0	0.0	0.0	0.0	0.0	0.0	0.0	0.0	0.0	0.0	0.0	9.0	0.0	32.0	0.0	0.0	0.0	0.0	65.0	0.0	0.0	30.0	89.0	0.0	100.0	0.0	61.0	0.0	44.0	0.0	0.0	36.0	49.0	0.0	0.0	0.0	0.0	0.0	0.0	79.0	16.0	100.0	10.0	0.0	0.0	0.0	0.0
96.0	0.0	92.0	0.0	82.0	33.0	15.0	0.0	0.0	0.0	0.0	0.0	38.0	0.0	0.0	9.0	0.0	0.0	0.0	67.0	0.0	44.0	0.0	0.0	0.0	0.0	0.0	0.0	0.0	0.0	58.0	42.0	0.0	0.0	0.0	75.0	0.0	11.0	0.0	0.0	0.0	0.0	0.0	0.0	29.0	0.0	0.0	0.0	81.0	0.0	0.0	98.0	0.0	0.0	0.0	53.0	0.0	47.0	0.0	0.0	0.0	0.0	46.0	0.0	34.0	66.0
0.0	1.0	0.0	0.0	83.0	0.0	0.0	0.0	0.0	0.0	0.0	0.0	0.0	0.0	7.0	0.0	0.0	59.0	0.0	0.0	0.0	0.0	0.0	0.0	0.0	0.0	0.0	0.0	0.0	95.0	0.0	7.0	0.0	0.0	0.0	0.0	60.0	0.0	0.0	24.0	0.0	0.0	0.0	0.0	0.0	0.0	32.0	0.0	0.0	0.0	0.0	0.0	0.0	0.0	22.0	0.0	0.0	98.0	73.0	0.0	0.0	0.0	97.0	0.0	0.0
0.0	0.0	0.0	75.0	28.0	0.0	71.0	0.0	0.0	0.0	51.0	0.0	68.0	40.0	0.0	0.0	0.0	0.0	40.0	0.0	78.0	0.0	20.0	0.0	0.0	75.0	0.0	0.0	0.0	65.0	0.0	0.0	27.0	0.0	84.0	0.0	0.0	0.0	0.0	89.0	0.0	0.0	20.0	97.0	0.0	87.0	46.0	0.0	0.0	46.0	10.0	0.0	52.0	0.0	88.0	34.0	0.0	0.0	0.0	0.0	41.0	36.0	84.0	46.0
0.0	0.0	0.0	0.0	0.0	0.0	0.0	0.0	0.0	0.0	1.0	0.0	0.0	85.0	0.0	54.0	4.0	0.0	0.0	0.0	0.0	0.0	0.0	0.0	0.0	0.0	0.0	47.0	0.0	0.0	0.0	0.0	17.0	0.0	0.0	0.0	0.0	0.0	0.0	0.0	37.0	48.0	0.0	0.0	0.0	0.0	0.0	81.0	0.0	0.0	0.0	30.0	0.0	40.0	0.0	0.0	0.0	0.0	94.0	0.0	0.0	47.0	0.0
0.0	0.0	0.0	0.0	0.0	0.0	85.0	35.0	44.0	0.0	0.0	0.0	0.0	56.0	54.0	0.0	3.0	0.0	0.0	0.0	78.0	0.0	0.0	22.0	0.0	91.0	0.0	79.0	0.0	0.0	0.0	98.0	0.0	0.0	27.0	32.0	0.0	0.0	0.0	0.0	0.0	0.0	30.0	0.0	55.0	0.0	0.0	0.0	0.0	39.0	0.0	72.0	0.0	0.0	0.0	24.0	0.0	0.0	0.0	0.0	0.0	43.0
0.0	0.0	0.0	83.0	0.0	24.0	46.0	72.0	0.0	0.0	0.0	20.0	0.0	0.0	57.0	0.0	0.0	11.0	0.0	0.0	0.0	0.0	84.0	0.0	0.0	0.0	0.0	0.0	89.0	0.0	42.0	0.0	0.0	0.0	0.0	0.0	0.0	0.0	0.0	100.0	0.0	0.0	0.0	0.0	0.0	0.0	0.0	0.0	0.0	64.0	0.0	0.0	21.0	0.0	0.0	86.0	0.0	0.0	0.0	0.0	0.0
0.0	61.0	0.0	0.0	0.0	0.0	1.0	0.0	0.0	31.0	58.0	84.0	55.0	96.0	0.0	0.0	0.0	14.0	53.0	33.0	0.0	0.0	0.0	0.0	0.0	0.0	0.0	83.0	12.0	0.0	0.0	79.0	0.0	0.0	14.0	0.0	0.0	0.0	0.0	0.0	0.0	0.0	0.0	0.0	0.0	0.0	0.0	0.0	0.0	0.0	0.0	95.0	38.0	0.0	0.0	0.0	0.0	0.0	0.0	0.0
0.0	0.0	0.0	0.0	0.0	0.0	32.0	0.0	0.0	0.0	0.0	0.0	0.0	0.0	28.0	0.0	0.0	0.0	0.0	0.0	0.0	89.0	0.0	0.0	0.0	0.0	0.0	0.0	0.0	66.0	0.0	0.0	0.0	94.0	0.0	45.0	70.0	0.0	75.0	0.0	0.0	0.0	0.0	48.0	0.0	48.0	0.0	0.0	0.0	0.0	0.0	0.0	0.0	0.0	50.0	0.0	0.0	32.0	0.0
0.0	33.0	0.0	70.0	60.0	0.0	0.0	0.0	0.0	19.0	93.0	0.0	0.0	0.0	0.0	21.0	90.0	0.0	67.0	0.0	31.0	0.0	97.0	0.0	0.0	0.0	24.0	0.0	0.0	24.0	0.0	0.0	71.0	0.0	96.0	41.0	0.0	0.0	0.0	65.0	0.0	0.0	0.0	0.0	0.0	0.0	0.0	0.0	0.0	0.0	0.0	0.0	0.0	0.0	0.0	54.0	94.0	0.0
96.0	42.0	0.0	0.0	1.0	0.0	0.0	78.0	0.0	0.0	0.0	77.0	0.0	0.0	0.0	0.0	54.0	0.0	40.0	0.0	0.0	0.0	0.0	0.0	0.0	0.0	0.0	0.0	0.0	0.0	0.0	0.0	4.0	0.0	0.0	0.0	0.0	99.0	0.0	0.0	58.0	0.0	0.0	75.0	14.0	0.0	0.0	0.0	51.0	0.0	0.0	0.0	0.0	0.0	0.0	52.0	0.0
0.0	26.0	0.0	0.0	41.0	0.0	0.0	19.0	0.0	0.0	0.0	0.0	0.0	0.0	0.0	0.0	0.0	13.0	0.0	0.0	0.0	72.0	0.0	0.0	0.0	5.0	0.0	0.0	22.0	86.0	47.0	82.0	0.0	0.0	96.0	0.0	0.0	0.0	0.0	0.0	0.0	0.0	0.0	0.0	0.0	65.0	0.0	25.0	0.0	0.0	0.0	0.0	0.0	35.0	0.0	0.0
0.0	0.0	0.0	0.0	0.0	0.0	0.0	0.0	0.0	0.0	66.0	31.0	52.0	0.0	0.0	0.0	0.0	0.0	0.0	16.0	16.0	0.0	0.0	0.0	0.0	14.0	0.0	0.0	0.0	21.0	0.0	0.0	27.0	0.0	50.0	81.0	0.0	0.0	0.0	71.0	0.0	0.0	0.0	0.0	0.0	0.0	0.0	0.0	0.0	0.0	0.0	99.0	0.0	0.0	0.0
70.0	0.0	0.0	0.0	71.0	3.0	59.0	0.0	0.0	0.0	0.0	62.0	0.0	0.0	0.0	0.0	0.0	0.0	0.0	0.0	0.0	10.0	69.0	37.0	0.0	47.0	0.0	0.0	0.0	65.0	9.0	0.0	98.0	0.0	0.0	0.0	0.0	0.0	0.0	0.0	0.0	0.0	30.0	0.0	0.0	38.0	41.0	14.0	0.0	48.0	4.0	0.0	0.0	0.0
0.0	0.0	0.0	0.0	0.0	0.0	0.0	0.0	64.0	0.0	0.0	0.0	0.0	0.0	0.0	7.0	0.0	0.0	56.0	0.0	0.0	98.0	0.0	0.0	0.0	83.0	0.0	0.0	0.0	49.0	0.0	0.0	50.0	29.0	0.0	0.0	0.0	0.0	0.0	0.0	0.0	0.0	0.0	0.0	0.0	0.0	71.0	0.0	0.0	98.0	0.0	0.0	0.0
0.0	0.0	37.0	83.0	0.0	0.0	0.0	0.0	55.0	0.0	0.0	0.0	0.0	0.0	0.0	0.0	98.0	0.0	0.0	0.0	0.0	0.0	22.0	0.0	0.0	0.0	0.0	0.0	0.0	0.0	0.0	0.0	70.0	72.0	0.0	0.0	19.0	42.0	0.0	0.0	0.0	0.0	0.0	0.0	92.0	0.0	0.0	0.0	0.0	0.0	0.0	0.0
0.0	0.0	90.0	0.0	0.0	35.0	0.0	0.0	11.0	0.0	0.0	0.0	0.0	0.0	44.0	93.0	2.0	0.0	0.0	0.0	0.0	73.0	0.0	93.0	0.0	0.0	0.0	50.0	0.0	0.0	0.0	0.0	0.0	0.0	0.0	5.0	0.0	0.0	0.0	14.0	16.0	0.0	0.0	79.0	71.0	0.0	11.0	36.0	0.0	0.0	0.0
0.0	0.0	45.0	0.0	0.0	0.0	64.0	0.0	64.0	0.0	0.0	0.0	0.0	0.0	0.0	0.0	0.0	71.0	94.0	0.0	0.0	67.0	0.0	28.0	0.0	0.0	0.0	0.0	0.0	0.0	0.0	53.0	0.0	41.0	86.0	0.0	0.0	0.0	28.0	0.0	0.0	0.0	0.0	36.0	0.0	0.0	0.0	0.0	0.0	0.0
0.0	0.0	0.0	0.0	100.0	0.0	0.0	18.0	0.0	0.0	0.0	0.0	0.0	73.0	0.0	0.0	0.0	0.0	16.0	0.0	0.0	0.0	0.0	0.0	0.0	0.0	38.0	0.0	0.0	0.0	0.0	0.0	0.0	0.0	0.0	0.0	0.0	0.0	0.0	0.0	0.0	95.0	0.0	88.0	0.0	0.0	98.0	22.0	0.0
0.0	0.0	82.0	0.0	0.0	0.0	47.0	29.0	78.0	0.0	0.0	0.0	15.0	0.0	0.0	91.0	0.0	0.0	0.0	19.0	0.0	0.0	0.0	0.0	0.0	0.0	23.0	84.0	0.0	0.0	0.0	0.0	0.0	0.0	0.0	0.0	0.0	0.0	54.0	0.0	3.0	0.0	0.0	0.0	0.0	0.0	0.0	74.0
0.0	0.0	0.0	33.0	0.0	0.0	0.0	59.0	0.0	0.0	0.0	0.0	0.0	0.0	0.0	0.0	0.0	0.0	0.0	81.0	0.0	94.0	0.0	0.0	0.0	0.0	0.0	0.0	86.0	0.0	0.0	98.0	0.0	0.0	0.0	0.0	7.0	86.0	0.0	74.0	27.0	0.0	0.0	0.0	0.0	4.0	0.0
0.0	0.0	28.0	0.0	0.0	0.0	0.0	0.0	7.0	0.0	81.0	24.0	0.0	0.0	0.0	0.0	74.0	39.0	84.0	23.0	0.0	0.0	0.0	0.0	18.0	0.0	78.0	0.0	0.0	0.0	7.0	0.0	0.0	0.0	0.0	0.0	0.0	0.0	0.0	0.0	0.0	0.0	0.0	0.0	0.0	0.0
0.0	0.0	64.0	63.0	14.0	68.0	0.0	0.0	0.0	0.0	0.0	0.0	12.0	0.0	0.0	0.0	0.0	0.0	0.0	0.0	21.0	43.0	0.0	87.0	0.0	0.0	67.0	0.0	67.0	0.0	51.0	0.0	0.0	0.0	21.0	0.0	0.0	45.0	55.0	0.0	0.0	0.0	0.0	0.0	0.0
0.0	0.0	0.0	0.0	0.0	0.0	53.0	50.0	0.0	0.0	0.0	86.0	0.0	0.0	0.0	0.0	48.0	0.0	0.0	0.0	0.0	0.0	0.0	0.0	0.0	0.0	0.0	0.0	3.0	0.0	0.0	0.0	0.0	0.0	0.0	0.0	0.0	0.0	0.0	0.0	0.0	0.0	0.0	0.0
0.0	78.0	0.0	0.0	0.0	68.0	0.0	0.0	0.0	0.0	0.0	83.0	0.0	0.0	0.0	0.0	15.0	0.0	0.0	0.0	0.0	0.0	0.0	40.0	74.0	0.0	0.0	55.0	0.0	86.0	0.0	0.0	0.0	0.0	92.0	95.0	21.0	0.0	0.0	0.0	0.0	0.0	0.0
0.0	0.0	0.0	0.0	0.0	0.0	0.0	0.0	25.0	0.0	0.0	0.0	0.0	26.0	83.0	0.0	0.0	0.0	80.0	84.0	0.0	0.0	0.0	34.0	0.0	0.0	55.0	93.0	0.0	0.0	0.0	0.0	17.0	0.0	0.0	0.0	18.0	34.0	0.0	0.0	37.0	0.0
0.0	0.0	34.0	75.0	0.0	75.0	6.0	0.0	0.0	0.0	91.0	6.0	0.0	0.0	0.0	0.0	0.0	10.0	0.0	71.0	31.0	0.0	23.0	0.0	0.0	7.0	0.0	0.0	0.0	0.0	0.0	0.0	29.0	32.0	0.0	0.0	0.0	0.0	0.0	44.0	0.0
0.0	0.0	0.0	93.0	0.0	37.0	0.0	0.0	0.0	0.0	72.0	0.0	80.0	0.0	0.0	0.0	0.0	0.0	0.0	0.0	0.0	0.0	0.0	74.0	0.0	68.0	0.0	0.0	70.0	0.0	0.0	0.0	47.0	1.0	0.0	0.0	0.0	21.0	0.0	0.0
0.0	0.0	0.0	0.0	0.0	0.0	0.0	0.0	7.0	0.0	0.0	0.0	78.0	88.0	0.0	0.0	0.0	0.0	25.0	0.0	0.0	0.0	0.0	0.0	4.0	0.0	0.0	0.0	0.0	4.0	0.0	0.0	0.0	82.0	6.0	0.0	0.0	0.0	0.0
75.0	0.0	0.0	43.0	0.0	0.0	0.0	0.0	0.0	0.0	52.0	0.0	36.0	48.0	0.0	41.0	0.0	0.0	0.0	0.0	0.0	0.0	0.0	0.0	0.0	60.0	0.0	0.0	0.0	0.0	0.0	64.0	0.0	0.0	0.0	0.0	0.0	0.0
0.0	11.0	0.0	0.0	0.0	0.0	0.0	0.0	0.0	84.0	65.0	50.0	89.0	59.0	0.0	0.0	0.0	0.0	0.0	86.0	0.0	0.0	0.0	0.0	23.0	0.0	99.0	43.0	92.0	0.0	0.0	0.0	0.0	0.0	0.0	0.0	21.0
0.0	0.0	0.0	0.0	0.0	0.0	0.0	13.0	0.0	0.0	0.0	0.0	0.0	25.0	0.0	84.0	0.0	0.0	59.0	0.0	10.0	0.0	0.0	0.0	0.0	0.0	0.0	0.0	0.0	0.0	39.0	0.0	80.0	0.0	0.0	11.0
0.0	0.0	98.0	0.0	0.0	77.0	0.0	31.0	80.0	89.0	19.0	0.0	0.0	0.0	0.0	0.0	56.0	57.0	0.0	0.0	0.0	0.0	40.0	0.0	0.0	0.0	27.0	60.0	40.0	0.0	0.0	0.0	1.0	0.0	0.0
0.0	0.0	0.0	0.0	0.0	0.0	83.0	0.0	0.0	0.0	0.0	0.0	0.0	0.0	0.0	0.0	6.0	0.0	0.0	84.0	0.0	0.0	0.0	0.0	0.0	65.0	0.0	0.0	0.0	71.0	0.0	0.0	0.0	0.0
0.0	0.0	0.0	0.0	0.0	73.0	0.0	0.0	65.0	0.0	0.0	0.0	10.0	0.0	82.0	0.0	0.0	92.0	0.0	0.0	0.0	12.0	0.0	79.0	45.0	0.0	0.0	24.0	0.0	0.0	0.0	0.0	83.0
4.0	0.0	0.0	81.0	0.0	5.0	0.0	0.0	0.0	0.0	0.0	41.0	13.0	0.0	0.0	0.0	0.0	0.0	0.0	0.0	0.0	0.0	0.0	0.0	72.0	0.0	0.0	0.0	0.0	0.0	0.0	0.0
0.0	0.0	0.0	21.0	44.0	0.0	0.0	43.0	0.0	0.0	47.0	0.0	7.0	0.0	0.0	0.0	79.0	0.0	0.0	0.0	0.0	0.0	0.0	40.0	0.0	0.0	0.0	0.0	12.0	0.0	0.0
0.0	64.0	0.0	0.0	0.0	0.0	59.0	0.0	22.0	0.0	0.0	0.0	0.0	0.0	63.0	0.0	0.0	0.0	30.0	0.0	0.0	77.0	0.0	0.0	0.0	50.0	0.0	32.0	0.0	0.0
0.0	0.0	77.0	0.0	0.0	0.0	0.0	0.0	0.0	0.0	0.0	0.0	0.0	0.0	0.0	0.0	0.0	4.0	78.0	37.0	0.0	62.0	0.0	65.0	0.0	0.0	0.0	0.0	35.0
73.0	0.0	76.0	0.0	0.0	0.0	0.0	0.0	0.0	0.0	97.0	0.0	0.0	0.0	0.0	0.0	90.0	0.0	0.0	0.0	0.0	0.0	0.0	51.0	90.0	0.0	0.0	0.0
0.0	76.0	0.0	0.0	0.0	68.0	0.0	0.0	5.0	33.0	0.0	89.0	0.0	0.0	0.0	0.0	0.0	0.0	78.0	0.0	0.0	0.0	89.0	43.0	0.0	0.0	0.0
0.0	0.0	0.0	32.0	85.0	0.0	5.0	0.0	0.0	0.0	0.0	0.0	0.0	0.0	0.0	0.0	0.0	0.0	18.0	0.0	0.0	0.0	0.0	0.0	91.0	0.0
0.0	0.0	41.0	12.0	0.0	49.0	0.0	0.0	0.0	0.0	0.0	29.0	0.0	0.0	70.0	64.0	0.0	29.0	0.0	0.0	50.0	0.0	52.0	0.0	0.0
24.0	0.0	0.0	0.0	0.0	0.0	73.0	86.0	0.0	0.0	0.0	0.0	0.0	13.0	0.0	0.0	0.0	0.0	0.0	0.0	0.0	0.0	90.0	0.0
0.0	0.0	82.0	0.0	0.0	0.0	54.0	0.0	0.0	0.0	37.0	0.0	0.0	0.0	0.0	0.0	65.0	0.0	0.0	0.0	0.0	11.0	91.0
0.0	0.0	27.0	0.0	0.0	0.0	0.0	0.0	0.0	23.0	0.0	99.0	0.0	50.0	0.0	0.0	0.0	0.0	44.0	0.0	0.0	0.0
0.0	0.0	15.0	0.0	0.0	0.0	0.0	0.0	16.0	0.0	38.0	0.0	0.0	0.0	36.0	20.0	0.0	0.0	87.0	1.0	89.0
0.0	34.0	0.0	0.0	0.0	0.0	0.0	35.0	0.0	0.0	0.0	0.0	76.0	0.0	0.0	0.0	12.0	44.0	0.0	97.0
0.0	40.0	75.0	0.0	0.0	88.0	0.0	0.0	11.0	0.0	0.0	0.0	0.0	0.0	0.0	13.0	100.0	31.0	9.0
32.0	80.0	29.0	0.0	79.0	72.0	0.0	0.0	0.0	0.0	0.0	0.0	30.0	11.0	0.0	0.0	0.0	0.0
0.0	46.0	0.0	0.0	0.0	0.0	0.0	0.0	20.0	0.0	0.0	0.0	0.0	0.0	0.0	0.0	0.0
0.0	0.0	0.0	0.0	0.0	0.0	0.0	0.0	37.0	0.0	0.0	0.0	14.0	0.0	0.0	0.0
0.0	0.0	0.0	57.0	27.0	0.0	0.0	0.0	25.0	0.0	0.0	28.0	0.0	0.0	0.0
0.0	86.0	0.0	0.0	0.0	0.0	0.0	0.0	0.0	0.0	0.0	82.0	0.0	0.0
0.0	51.0	0.0	0.0	49.0	0.0	0.0	0.0	66.0	0.0	31.0	0.0	0.0
0.0	31.0	31.0	0.0	10.0	0.0	47.0	0.0	0.0	92.0	0.0	43.0
0.0	0.0	0.0	0.0	0.0	42.0	0.0	89.0	28.0	0.0	0.0
20.0	0.0	0.0	0.0	50.0	0.0	0.0	0.0	0.0	0.0
0.0	0.0	0.0	0.0	0.0	0.0	0.0	14.0	0.0
0.0	0.0	99.0	0.0	70.0	0.0	0.0	0.0
0.0	11.0	93.0	0.0	0.0	15.0	12.0
0.0	0.0	0.0	0.0	0.0	0.0
0.0	68.0	0.0	0.0	0.0
79.0	0.0	93.0	0.0
0.0	0.0	0.0
0.0	0.0
0.0

43.0	11.0	47.0	26.0	12.0	4.0	17.0	34.0	47.0	32.0	8.0	20.0	21.0	31.0	30.0	20.0	38.0	40.0	27.0	14.0	29.0	29.0	29.0	19.0	50.0	30.0	35.0	46.0	24.0	10.0	28.0	31.0	40.0	31.0	34.0	40.0	9.0	12.0	36.0	46.0	21.0	14.0	1.0	41.0	44.0	45.0	48.0	20.0	41.0	26.0	21.0	15.0	33.0	15.0	21.0	36.0	36.0	28.0	50.0	17.0	39.0	1.0	29.0	22.0	31.0	50.0	38.0	11.0	44.0	11.0	10.0	5.0	6.0	6.0	34.0	27.0	15.0	23.0	45.0	30.0	39.0	27.0	44.0	31.0	32.0	26.0	38.0	36.0	27.0	49.0	6.0	25.0	27.0	28.0	5.0	27.0	11.0	49.0	36.0	38.0	45.0	9.0	1.0	14.0	45.0	40.0	47.0	9.0	15.0	23.0	39.0	9.0	33.0	11.0	28.0	28.0	22.0	22.0	15.0	22.0	30.0	37.0	2.0	16.0	32.0	14.0	44.0	49.0	30.0	45.0	29.0	14.0	33.0	37.0	2.0	29.0	7.0	11.0	2.0	32.0	6.0	19.0	15.0	5.0	3.0	5.0	36.0	8.0	47.0	30.0	2.0	38.0	37.0	25.0	18.0	13.0	9.0	15.0	41.0	47.0	5.0	2.0	39.0	5.0	34.0	34.0	46.0	22.0	46.0	45.0	47.0	36.0	15.0	16.0	15.0	24.0	27.0	37.0	38.0	33.0	44.0	27.0	41.0	10.0	32.0	15.0	16.0	2.0	45.0	21.0	14.0	29.0	15.0	39.0	21.0	41.0	42.0	34.0	42.0	33.0

848.1600000000001	848.1600000000001	848.1600000000001	848.1600000000001	848.1600000000001
