qmkp_100_100_10_001
100
10

91.0	75.0	50.0	13.0	91.0	76.0	55.0	12.0	74.0	88.0	24.0	54.0	79.0	15.0	54.0	86.0	11.0	71.0	9.0	94.0	57.0	16.0	31.0	70.0	46.0	24.0	98.0	1.0	76.0	90.0	92.0	19.0	59.0	69.0	64.0	93.0	6.0	56.0	74.0	18.0	15.0	43.0	85.0	35.0	59.0	49.0	40.0	1.0	48.0	86.0	70.0	93.0	51.0	58.0	63.0	19.0	55.0	36.0	36.0	67.0	14.0	89.0	28.0	7.0	90.0	33.0	33.0	22.0	63.0	9.0	34.0	75.0	79.0	69.0	79.0	36.0	82.0	75.0	86.0	3.0	89.0	79.0	11.0	78.0	38.0	42.0	87.0	13.0	26.0	40.0	35.0	43.0	88.0	26.0	74.0	70.0	25.0	41.0	4.0	49.0
55.0	23.0	35.0	44.0	5.0	91.0	95.0	26.0	40.0	78.0	92.0	11.0	20.0	43.0	71.0	83.0	27.0	65.0	22.0	7.0	57.0	33.0	38.0	57.0	63.0	82.0	4.0	100.0	87.0	91.0	83.0	44.0	48.0	48.0	69.0	57.0	79.0	89.0	21.0	85.0	9.0	40.0	22.0	26.0	46.0	50.0	6.0	7.0	81.0	71.0	52.0	3.0	17.0	26.0	84.0	83.0	12.0	53.0	93.0	76.0	60.0	52.0	48.0	39.0	96.0	85.0	35.0	42.0	70.0	11.0	37.0	55.0	57.0	7.0	10.0	87.0	96.0	20.0	93.0	92.0	10.0	10.0	67.0	44.0	2.0	25.0	73.0	50.0	31.0	8.0	27.0	26.0	40.0	13.0	42.0	86.0	56.0	21.0	53.0
81.0	21.0	31.0	81.0	58.0	26.0	55.0	18.0	36.0	66.0	76.0	11.0	23.0	73.0	55.0	85.0	47.0	5.0	7.0	49.0	30.0	20.0	30.0	67.0	39.0	87.0	35.0	32.0	20.0	52.0	41.0	23.0	77.0	38.0	50.0	33.0	59.0	94.0	61.0	71.0	45.0	31.0	85.0	18.0	91.0	32.0	11.0	36.0	34.0	38.0	44.0	44.0	93.0	42.0	59.0	13.0	12.0	47.0	22.0	61.0	9.0	54.0	71.0	6.0	29.0	86.0	69.0	32.0	39.0	50.0	12.0	15.0	66.0	93.0	11.0	31.0	25.0	99.0	72.0	24.0	99.0	63.0	74.0	33.0	60.0	4.0	52.0	62.0	39.0	99.0	26.0	31.0	56.0	52.0	49.0	63.0	69.0	84.0
64.0	11.0	18.0	64.0	80.0	13.0	86.0	43.0	44.0	36.0	6.0	23.0	39.0	63.0	77.0	40.0	93.0	16.0	53.0	87.0	68.0	14.0	14.0	28.0	2.0	50.0	79.0	65.0	61.0	71.0	45.0	25.0	54.0	92.0	36.0	53.0	45.0	25.0	45.0	26.0	89.0	34.0	64.0	51.0	55.0	92.0	8.0	49.0	34.0	41.0	49.0	53.0	75.0	49.0	57.0	4.0	77.0	86.0	21.0	79.0	51.0	66.0	77.0	76.0	32.0	33.0	19.0	87.0	15.0	91.0	70.0	93.0	37.0	33.0	97.0	91.0	2.0	81.0	84.0	98.0	7.0	21.0	64.0	52.0	13.0	10.0	61.0	85.0	94.0	62.0	42.0	29.0	41.0	38.0	60.0	78.0	72.0
63.0	20.0	16.0	80.0	22.0	44.0	59.0	41.0	39.0	52.0	100.0	64.0	64.0	78.0	3.0	6.0	53.0	20.0	36.0	41.0	47.0	2.0	31.0	75.0	85.0	94.0	26.0	46.0	96.0	72.0	44.0	88.0	11.0	49.0	94.0	84.0	57.0	36.0	4.0	45.0	77.0	85.0	18.0	2.0	31.0	8.0	48.0	80.0	15.0	75.0	51.0	11.0	79.0	35.0	41.0	21.0	7.0	3.0	95.0	78.0	22.0	54.0	98.0	8.0	19.0	44.0	20.0	79.0	69.0	13.0	93.0	26.0	42.0	21.0	24.0	33.0	6.0	30.0	73.0	31.0	28.0	76.0	57.0	35.0	5.0	68.0	40.0	68.0	48.0	16.0	17.0	65.0	71.0	13.0	53.0	94.0
87.0	50.0	90.0	3.0	88.0	50.0	98.0	45.0	28.0	100.0	52.0	65.0	43.0	52.0	12.0	55.0	30.0	5.0	50.0	78.0	1.0	90.0	50.0	91.0	76.0	19.0	26.0	36.0	94.0	98.0	31.0	81.0	100.0	32.0	92.0	82.0	63.0	69.0	44.0	44.0	22.0	18.0	68.0	22.0	11.0	60.0	46.0	70.0	10.0	36.0	3.0	11.0	68.0	92.0	100.0	3.0	39.0	58.0	59.0	43.0	76.0	96.0	48.0	16.0	17.0	35.0	16.0	82.0	26.0	20.0	86.0	75.0	23.0	75.0	43.0	17.0	89.0	12.0	22.0	26.0	40.0	79.0	71.0	86.0	90.0	50.0	54.0	60.0	62.0	34.0	26.0	85.0	26.0	15.0	29.0
48.0	13.0	36.0	11.0	68.0	73.0	9.0	28.0	66.0	84.0	88.0	91.0	90.0	63.0	65.0	60.0	81.0	86.0	2.0	39.0	86.0	2.0	14.0	87.0	50.0	76.0	58.0	10.0	35.0	94.0	69.0	83.0	11.0	48.0	51.0	44.0	99.0	10.0	66.0	97.0	26.0	54.0	70.0	72.0	86.0	38.0	31.0	17.0	11.0	30.0	36.0	42.0	27.0	34.0	54.0	25.0	16.0	33.0	11.0	8.0	25.0	11.0	58.0	77.0	100.0	38.0	76.0	19.0	25.0	47.0	78.0	29.0	19.0	39.0	32.0	32.0	11.0	68.0	79.0	59.0	42.0	38.0	33.0	67.0	19.0	29.0	77.0	57.0	82.0	12.0	96.0	85.0	40.0	17.0
41.0	53.0	41.0	8.0	100.0	44.0	38.0	1.0	52.0	72.0	28.0	40.0	30.0	55.0	54.0	73.0	94.0	33.0	95.0	29.0	43.0	52.0	78.0	24.0	85.0	12.0	69.0	67.0	88.0	18.0	32.0	23.0	43.0	47.0	1.0	99.0	52.0	45.0	44.0	30.0	71.0	23.0	23.0	47.0	58.0	71.0	5.0	3.0	45.0	87.0	71.0	17.0	35.0	84.0	48.0	34.0	56.0	17.0	88.0	33.0	95.0	23.0	54.0	24.0	26.0	10.0	16.0	12.0	69.0	82.0	99.0	17.0	72.0	83.0	50.0	86.0	71.0	36.0	33.0	36.0	81.0	46.0	96.0	43.0	99.0	57.0	35.0	51.0	24.0	78.0	37.0	21.0	70.0
75.0	85.0	18.0	70.0	76.0	3.0	10.0	59.0	38.0	22.0	18.0	75.0	20.0	41.0	23.0	53.0	89.0	66.0	17.0	99.0	48.0	64.0	57.0	45.0	20.0	52.0	37.0	23.0	46.0	75.0	81.0	70.0	7.0	5.0	23.0	71.0	55.0	5.0	25.0	14.0	76.0	8.0	29.0	97.0	7.0	17.0	95.0	17.0	1.0	25.0	83.0	72.0	37.0	58.0	31.0	13.0	41.0	45.0	7.0	55.0	22.0	25.0	33.0	3.0	18.0	50.0	92.0	92.0	56.0	72.0	69.0	75.0	87.0	1.0	94.0	55.0	66.0	97.0	70.0	86.0	92.0	47.0	22.0	41.0	19.0	56.0	39.0	52.0	55.0	77.0	40.0	50.0
79.0	13.0	49.0	96.0	53.0	92.0	67.0	28.0	45.0	88.0	61.0	29.0	31.0	54.0	34.0	81.0	26.0	53.0	38.0	33.0	61.0	88.0	86.0	8.0	40.0	56.0	14.0	80.0	93.0	48.0	99.0	57.0	73.0	82.0	66.0	91.0	46.0	7.0	27.0	17.0	76.0	63.0	55.0	95.0	58.0	64.0	58.0	48.0	88.0	86.0	14.0	27.0	4.0	19.0	97.0	42.0	3.0	62.0	73.0	80.0	40.0	91.0	33.0	49.0	53.0	29.0	43.0	94.0	31.0	58.0	87.0	17.0	42.0	66.0	94.0	11.0	18.0	57.0	31.0	63.0	24.0	42.0	51.0	54.0	45.0	100.0	75.0	79.0	31.0	96.0	98.0
65.0	43.0	55.0	87.0	52.0	7.0	92.0	71.0	9.0	22.0	1.0	50.0	30.0	72.0	79.0	84.0	4.0	79.0	98.0	35.0	95.0	51.0	39.0	95.0	21.0	24.0	64.0	33.0	23.0	30.0	52.0	74.0	19.0	28.0	51.0	61.0	86.0	61.0	21.0	21.0	54.0	17.0	67.0	91.0	20.0	13.0	66.0	50.0	88.0	30.0	44.0	35.0	7.0	78.0	30.0	5.0	100.0	39.0	49.0	39.0	64.0	62.0	57.0	16.0	21.0	10.0	79.0	79.0	56.0	75.0	26.0	20.0	68.0	78.0	23.0	100.0	2.0	92.0	7.0	60.0	33.0	15.0	36.0	15.0	55.0	19.0	70.0	11.0	89.0	33.0
89.0	88.0	90.0	59.0	29.0	17.0	8.0	41.0	81.0	50.0	88.0	68.0	81.0	90.0	20.0	23.0	66.0	55.0	69.0	77.0	63.0	42.0	55.0	76.0	22.0	85.0	96.0	31.0	12.0	60.0	44.0	93.0	27.0	49.0	79.0	33.0	33.0	28.0	79.0	16.0	83.0	71.0	41.0	60.0	86.0	95.0	70.0	58.0	58.0	74.0	38.0	50.0	16.0	20.0	85.0	19.0	55.0	58.0	64.0	75.0	9.0	57.0	23.0	39.0	90.0	20.0	82.0	76.0	89.0	45.0	1.0	87.0	1.0	5.0	71.0	48.0	93.0	89.0	70.0	26.0	77.0	73.0	56.0	85.0	10.0	99.0	54.0	17.0	71.0
10.0	91.0	47.0	82.0	35.0	82.0	66.0	55.0	91.0	80.0	92.0	16.0	99.0	19.0	64.0	59.0	41.0	38.0	98.0	49.0	37.0	43.0	2.0	18.0	8.0	37.0	87.0	24.0	24.0	42.0	45.0	2.0	13.0	29.0	40.0	18.0	92.0	24.0	33.0	57.0	21.0	98.0	13.0	66.0	71.0	52.0	94.0	22.0	18.0	18.0	31.0	50.0	45.0	93.0	9.0	86.0	43.0	55.0	45.0	63.0	7.0	2.0	41.0	23.0	86.0	66.0	72.0	2.0	87.0	7.0	23.0	88.0	24.0	74.0	27.0	83.0	33.0	33.0	71.0	36.0	30.0	83.0	66.0	5.0	7.0	76.0	23.0	77.0
79.0	97.0	56.0	24.0	83.0	83.0	77.0	4.0	1.0	3.0	85.0	21.0	47.0	94.0	88.0	43.0	13.0	78.0	29.0	19.0	89.0	21.0	93.0	30.0	43.0	45.0	88.0	85.0	28.0	62.0	47.0	92.0	10.0	26.0	15.0	76.0	17.0	10.0	85.0	40.0	61.0	26.0	41.0	15.0	6.0	58.0	17.0	21.0	42.0	22.0	26.0	66.0	17.0	33.0	69.0	75.0	40.0	87.0	18.0	19.0	1.0	28.0	60.0	87.0	7.0	54.0	44.0	82.0	9.0	25.0	48.0	31.0	1.0	77.0	85.0	35.0	52.0	10.0	49.0	99.0	16.0	12.0	98.0	2.0	30.0	84.0	58.0
73.0	76.0	71.0	34.0	83.0	18.0	1.0	2.0	21.0	5.0	56.0	72.0	38.0	11.0	55.0	5.0	32.0	100.0	100.0	28.0	1.0	5.0	50.0	77.0	51.0	13.0	9.0	27.0	12.0	69.0	37.0	33.0	69.0	40.0	31.0	34.0	78.0	47.0	12.0	39.0	28.0	12.0	97.0	19.0	94.0	41.0	7.0	32.0	27.0	3.0	99.0	86.0	74.0	23.0	64.0	22.0	57.0	58.0	88.0	26.0	26.0	76.0	72.0	4.0	77.0	7.0	82.0	98.0	26.0	49.0	43.0	98.0	70.0	45.0	76.0	86.0	82.0	13.0	25.0	97.0	51.0	71.0	69.0	79.0	2.0	91.0
100.0	66.0	86.0	94.0	66.0	10.0	77.0	41.0	4.0	77.0	86.0	4.0	91.0	83.0	53.0	1.0	71.0	75.0	45.0	8.0	70.0	72.0	81.0	51.0	99.0	25.0	92.0	23.0	97.0	59.0	63.0	68.0	32.0	35.0	10.0	28.0	20.0	11.0	36.0	77.0	39.0	6.0	81.0	85.0	58.0	9.0	37.0	78.0	54.0	65.0	93.0	7.0	62.0	52.0	18.0	5.0	16.0	5.0	93.0	15.0	42.0	29.0	15.0	6.0	82.0	56.0	44.0	85.0	79.0	84.0	38.0	94.0	12.0	26.0	73.0	43.0	20.0	10.0	5.0	13.0	30.0	88.0	9.0	89.0	57.0
18.0	68.0	73.0	27.0	78.0	34.0	20.0	4.0	13.0	18.0	65.0	1.0	78.0	65.0	83.0	98.0	88.0	94.0	85.0	93.0	13.0	98.0	47.0	67.0	48.0	66.0	57.0	23.0	14.0	33.0	99.0	7.0	68.0	91.0	78.0	66.0	46.0	97.0	65.0	56.0	37.0	37.0	34.0	46.0	71.0	70.0	15.0	62.0	19.0	29.0	88.0	57.0	28.0	38.0	59.0	70.0	80.0	46.0	45.0	66.0	9.0	95.0	78.0	99.0	3.0	26.0	78.0	13.0	44.0	92.0	15.0	93.0	99.0	17.0	69.0	51.0	54.0	33.0	75.0	26.0	75.0	33.0	18.0	25.0
22.0	84.0	21.0	68.0	84.0	77.0	80.0	57.0	90.0	69.0	14.0	89.0	96.0	48.0	25.0	20.0	47.0	25.0	39.0	61.0	62.0	17.0	10.0	34.0	56.0	6.0	53.0	33.0	61.0	92.0	98.0	63.0	33.0	2.0	58.0	37.0	53.0	29.0	52.0	100.0	74.0	54.0	55.0	74.0	48.0	90.0	47.0	92.0	15.0	95.0	23.0	38.0	23.0	48.0	37.0	84.0	11.0	37.0	43.0	86.0	82.0	2.0	1.0	93.0	1.0	35.0	70.0	97.0	55.0	74.0	24.0	52.0	97.0	2.0	96.0	28.0	9.0	7.0	86.0	52.0	86.0	75.0	16.0
41.0	69.0	39.0	53.0	33.0	68.0	77.0	47.0	54.0	92.0	57.0	76.0	85.0	22.0	17.0	19.0	35.0	80.0	72.0	57.0	85.0	89.0	87.0	81.0	66.0	65.0	42.0	36.0	25.0	22.0	38.0	57.0	71.0	84.0	22.0	94.0	63.0	24.0	46.0	93.0	49.0	12.0	41.0	64.0	41.0	50.0	35.0	88.0	58.0	83.0	26.0	10.0	22.0	41.0	23.0	80.0	12.0	56.0	4.0	8.0	88.0	52.0	48.0	11.0	20.0	90.0	9.0	99.0	72.0	66.0	47.0	12.0	27.0	6.0	93.0	79.0	65.0	81.0	72.0	17.0	74.0	46.0
4.0	35.0	66.0	39.0	98.0	34.0	10.0	27.0	76.0	6.0	14.0	42.0	39.0	84.0	48.0	21.0	94.0	36.0	42.0	88.0	20.0	59.0	81.0	44.0	45.0	21.0	61.0	53.0	39.0	82.0	30.0	70.0	35.0	17.0	49.0	49.0	57.0	98.0	13.0	17.0	22.0	5.0	43.0	69.0	33.0	66.0	85.0	41.0	52.0	94.0	45.0	19.0	56.0	40.0	5.0	83.0	64.0	69.0	19.0	71.0	9.0	2.0	23.0	22.0	9.0	89.0	21.0	8.0	7.0	56.0	49.0	15.0	30.0	16.0	57.0	14.0	12.0	98.0	23.0	71.0	77.0
82.0	36.0	10.0	48.0	16.0	96.0	73.0	74.0	90.0	5.0	2.0	70.0	17.0	94.0	4.0	81.0	34.0	80.0	82.0	45.0	40.0	82.0	91.0	38.0	21.0	40.0	11.0	22.0	15.0	77.0	50.0	8.0	6.0	4.0	97.0	12.0	77.0	86.0	48.0	69.0	29.0	38.0	53.0	39.0	27.0	53.0	34.0	20.0	76.0	72.0	12.0	83.0	61.0	41.0	65.0	36.0	73.0	18.0	21.0	3.0	44.0	51.0	21.0	18.0	18.0	39.0	52.0	9.0	83.0	62.0	35.0	85.0	99.0	30.0	79.0	49.0	1.0	19.0	50.0	35.0
1.0	72.0	13.0	22.0	3.0	19.0	77.0	6.0	64.0	29.0	20.0	24.0	42.0	13.0	36.0	64.0	25.0	100.0	72.0	58.0	14.0	25.0	24.0	84.0	84.0	56.0	88.0	86.0	1.0	45.0	88.0	98.0	59.0	66.0	53.0	99.0	13.0	28.0	95.0	55.0	2.0	69.0	37.0	96.0	58.0	18.0	41.0	4.0	29.0	85.0	83.0	92.0	28.0	70.0	20.0	41.0	47.0	51.0	94.0	53.0	79.0	53.0	47.0	65.0	50.0	50.0	79.0	92.0	36.0	34.0	25.0	38.0	65.0	96.0	70.0	34.0	74.0	41.0	49.0
58.0	46.0	72.0	36.0	56.0	5.0	9.0	78.0	72.0	82.0	61.0	47.0	77.0	71.0	40.0	38.0	18.0	73.0	84.0	2.0	98.0	19.0	71.0	18.0	64.0	28.0	21.0	46.0	47.0	80.0	40.0	50.0	59.0	69.0	90.0	4.0	30.0	29.0	27.0	48.0	55.0	89.0	64.0	99.0	26.0	43.0	67.0	15.0	83.0	66.0	8.0	64.0	51.0	76.0	36.0	69.0	50.0	32.0	72.0	29.0	65.0	85.0	35.0	9.0	93.0	1.0	40.0	11.0	21.0	18.0	79.0	19.0	72.0	36.0	29.0	42.0	10.0	47.0
1.0	8.0	84.0	46.0	34.0	42.0	25.0	92.0	53.0	87.0	1.0	27.0	47.0	77.0	68.0	50.0	9.0	61.0	9.0	39.0	100.0	52.0	85.0	72.0	40.0	42.0	8.0	100.0	74.0	2.0	36.0	99.0	86.0	36.0	10.0	73.0	5.0	40.0	35.0	13.0	37.0	44.0	76.0	70.0	61.0	24.0	81.0	36.0	10.0	41.0	82.0	94.0	73.0	40.0	13.0	78.0	68.0	87.0	80.0	73.0	52.0	40.0	98.0	74.0	40.0	11.0	6.0	89.0	32.0	9.0	42.0	72.0	75.0	66.0	98.0	73.0	99.0
55.0	81.0	23.0	19.0	30.0	23.0	5.0	95.0	58.0	39.0	80.0	10.0	11.0	63.0	67.0	90.0	95.0	59.0	75.0	97.0	94.0	5.0	100.0	39.0	22.0	42.0	98.0	48.0	50.0	95.0	14.0	40.0	84.0	7.0	2.0	24.0	20.0	99.0	58.0	85.0	47.0	63.0	31.0	57.0	86.0	63.0	74.0	67.0	29.0	61.0	19.0	89.0	55.0	85.0	20.0	45.0	88.0	37.0	18.0	52.0	15.0	2.0	55.0	21.0	71.0	67.0	17.0	32.0	71.0	43.0	33.0	40.0	50.0	27.0	21.0	77.0
26.0	19.0	25.0	38.0	51.0	21.0	36.0	48.0	79.0	43.0	71.0	26.0	63.0	88.0	89.0	93.0	93.0	40.0	54.0	26.0	18.0	81.0	87.0	61.0	100.0	54.0	82.0	72.0	75.0	100.0	6.0	51.0	49.0	54.0	35.0	96.0	36.0	63.0	56.0	33.0	87.0	8.0	47.0	94.0	67.0	21.0	75.0	1.0	1.0	80.0	78.0	93.0	54.0	60.0	17.0	89.0	27.0	12.0	94.0	52.0	53.0	95.0	12.0	84.0	83.0	52.0	63.0	92.0	91.0	52.0	76.0	82.0	58.0	54.0	5.0
29.0	98.0	73.0	23.0	93.0	52.0	57.0	26.0	96.0	63.0	87.0	76.0	100.0	29.0	43.0	44.0	41.0	84.0	15.0	16.0	30.0	88.0	69.0	73.0	58.0	5.0	38.0	96.0	64.0	18.0	30.0	14.0	91.0	52.0	48.0	53.0	75.0	29.0	78.0	47.0	39.0	11.0	73.0	60.0	47.0	86.0	2.0	99.0	49.0	22.0	35.0	73.0	11.0	70.0	5.0	38.0	81.0	16.0	89.0	57.0	19.0	32.0	69.0	7.0	40.0	94.0	20.0	15.0	41.0	13.0	56.0	18.0	77.0	11.0
74.0	13.0	70.0	92.0	44.0	63.0	44.0	44.0	7.0	58.0	94.0	84.0	83.0	71.0	29.0	15.0	79.0	64.0	91.0	58.0	79.0	90.0	22.0	6.0	18.0	41.0	67.0	31.0	9.0	38.0	76.0	55.0	71.0	94.0	87.0	3.0	80.0	99.0	98.0	13.0	15.0	31.0	95.0	40.0	10.0	42.0	38.0	24.0	85.0	89.0	23.0	63.0	80.0	20.0	70.0	39.0	24.0	37.0	27.0	41.0	91.0	49.0	74.0	80.0	26.0	68.0	13.0	41.0	70.0	71.0	17.0	68.0	96.0
67.0	5.0	28.0	71.0	9.0	54.0	66.0	64.0	87.0	9.0	3.0	53.0	26.0	28.0	55.0	9.0	82.0	41.0	40.0	45.0	13.0	22.0	100.0	5.0	21.0	79.0	95.0	33.0	77.0	1.0	62.0	90.0	33.0	70.0	86.0	71.0	95.0	56.0	94.0	14.0	99.0	77.0	41.0	40.0	92.0	87.0	52.0	91.0	57.0	87.0	9.0	88.0	51.0	7.0	12.0	85.0	48.0	14.0	65.0	37.0	65.0	16.0	49.0	41.0	85.0	47.0	3.0	95.0	59.0	27.0	32.0	46.0
47.0	90.0	100.0	13.0	46.0	47.0	31.0	39.0	56.0	83.0	11.0	61.0	31.0	1.0	7.0	56.0	99.0	68.0	71.0	23.0	31.0	47.0	79.0	8.0	47.0	67.0	90.0	14.0	70.0	96.0	19.0	36.0	51.0	24.0	84.0	15.0	2.0	58.0	65.0	12.0	86.0	26.0	81.0	91.0	4.0	98.0	92.0	42.0	85.0	61.0	22.0	64.0	32.0	36.0	46.0	82.0	36.0	12.0	41.0	84.0	68.0	26.0	12.0	53.0	21.0	21.0	86.0	44.0	38.0	25.0	79.0
74.0	68.0	100.0	42.0	79.0	83.0	38.0	33.0	47.0	70.0	79.0	55.0	56.0	19.0	5.0	57.0	76.0	66.0	99.0	10.0	74.0	81.0	52.0	5.0	73.0	26.0	59.0	15.0	40.0	46.0	41.0	52.0	74.0	46.0	69.0	90.0	13.0	64.0	3.0	50.0	85.0	33.0	95.0	38.0	43.0	54.0	33.0	39.0	19.0	8.0	84.0	4.0	87.0	16.0	18.0	26.0	59.0	27.0	29.0	31.0	7.0	1.0	9.0	4.0	43.0	2.0	56.0	31.0	83.0	33.0
48.0	91.0	20.0	34.0	6.0	45.0	47.0	28.0	69.0	9.0	13.0	18.0	70.0	51.0	1.0	5.0	51.0	48.0	51.0	82.0	42.0	44.0	100.0	84.0	52.0	47.0	18.0	37.0	33.0	28.0	11.0	22.0	8.0	53.0	79.0	19.0	64.0	59.0	6.0	37.0	18.0	87.0	33.0	19.0	19.0	17.0	59.0	96.0	48.0	7.0	96.0	51.0	39.0	99.0	73.0	24.0	66.0	96.0	12.0	80.0	49.0	42.0	29.0	71.0	47.0	83.0	56.0	78.0	61.0
17.0	90.0	83.0	51.0	55.0	78.0	11.0	11.0	44.0	88.0	78.0	97.0	62.0	60.0	34.0	65.0	65.0	37.0	42.0	45.0	11.0	26.0	81.0	20.0	86.0	93.0	37.0	84.0	43.0	1.0	30.0	6.0	25.0	40.0	33.0	89.0	11.0	54.0	16.0	100.0	23.0	1.0	98.0	34.0	56.0	3.0	13.0	11.0	85.0	13.0	9.0	17.0	76.0	85.0	40.0	73.0	94.0	67.0	24.0	22.0	33.0	85.0	18.0	44.0	29.0	85.0	57.0	19.0
37.0	90.0	68.0	24.0	98.0	98.0	25.0	30.0	45.0	46.0	79.0	27.0	61.0	61.0	22.0	43.0	63.0	16.0	18.0	22.0	84.0	75.0	19.0	90.0	95.0	48.0	96.0	85.0	12.0	81.0	16.0	45.0	84.0	64.0	100.0	28.0	34.0	98.0	15.0	62.0	47.0	83.0	92.0	3.0	79.0	51.0	69.0	87.0	68.0	88.0	11.0	99.0	53.0	92.0	60.0	54.0	28.0	28.0	40.0	33.0	55.0	25.0	51.0	72.0	57.0	19.0	29.0
45.0	47.0	90.0	14.0	5.0	84.0	9.0	88.0	41.0	2.0	54.0	18.0	80.0	6.0	27.0	36.0	6.0	6.0	86.0	98.0	81.0	10.0	92.0	41.0	35.0	77.0	17.0	60.0	50.0	16.0	64.0	41.0	50.0	89.0	47.0	78.0	91.0	94.0	6.0	73.0	80.0	29.0	36.0	55.0	76.0	72.0	6.0	37.0	21.0	78.0	100.0	71.0	86.0	60.0	9.0	29.0	89.0	81.0	69.0	59.0	27.0	59.0	51.0	91.0	21.0	37.0
22.0	32.0	1.0	95.0	6.0	38.0	10.0	66.0	21.0	4.0	31.0	7.0	90.0	96.0	68.0	93.0	93.0	79.0	58.0	67.0	72.0	42.0	83.0	18.0	28.0	16.0	5.0	20.0	52.0	83.0	61.0	79.0	52.0	33.0	9.0	3.0	24.0	18.0	93.0	85.0	40.0	42.0	45.0	24.0	78.0	44.0	94.0	22.0	58.0	60.0	28.0	38.0	69.0	67.0	26.0	5.0	66.0	78.0	53.0	36.0	50.0	7.0	69.0	32.0	80.0
68.0	92.0	86.0	65.0	46.0	29.0	85.0	72.0	56.0	99.0	37.0	67.0	81.0	68.0	58.0	99.0	48.0	81.0	39.0	19.0	48.0	28.0	74.0	86.0	54.0	46.0	62.0	87.0	58.0	76.0	53.0	53.0	42.0	78.0	4.0	82.0	43.0	29.0	55.0	79.0	83.0	15.0	86.0	12.0	71.0	65.0	32.0	100.0	68.0	26.0	88.0	76.0	18.0	16.0	56.0	1.0	31.0	5.0	57.0	97.0	60.0	99.0	93.0	45.0
42.0	13.0	19.0	84.0	37.0	28.0	75.0	62.0	63.0	5.0	16.0	80.0	50.0	20.0	34.0	58.0	15.0	81.0	99.0	68.0	80.0	99.0	59.0	29.0	41.0	90.0	63.0	70.0	16.0	28.0	41.0	21.0	80.0	7.0	11.0	32.0	68.0	90.0	15.0	39.0	45.0	62.0	30.0	17.0	78.0	100.0	4.0	62.0	94.0	33.0	97.0	29.0	36.0	48.0	59.0	67.0	63.0	74.0	66.0	44.0	59.0	56.0	53.0
98.0	98.0	45.0	85.0	97.0	90.0	84.0	78.0	39.0	44.0	25.0	21.0	67.0	58.0	21.0	44.0	93.0	91.0	100.0	58.0	84.0	29.0	41.0	50.0	16.0	74.0	67.0	35.0	96.0	82.0	49.0	28.0	74.0	85.0	59.0	29.0	19.0	88.0	36.0	89.0	98.0	99.0	57.0	64.0	27.0	48.0	24.0	13.0	77.0	45.0	19.0	48.0	86.0	68.0	73.0	91.0	96.0	46.0	77.0	32.0	48.0	44.0
37.0	35.0	24.0	73.0	57.0	63.0	20.0	23.0	58.0	86.0	22.0	62.0	74.0	96.0	68.0	86.0	19.0	93.0	47.0	54.0	15.0	98.0	36.0	60.0	86.0	66.0	32.0	63.0	47.0	63.0	61.0	70.0	58.0	9.0	63.0	97.0	83.0	46.0	82.0	68.0	23.0	75.0	36.0	98.0	87.0	1.0	83.0	55.0	68.0	60.0	70.0	18.0	12.0	69.0	2.0	43.0	13.0	7.0	99.0	6.0	60.0
14.0	79.0	83.0	74.0	65.0	52.0	26.0	46.0	18.0	63.0	98.0	14.0	51.0	40.0	26.0	98.0	97.0	75.0	6.0	43.0	40.0	47.0	51.0	6.0	44.0	93.0	58.0	4.0	1.0	10.0	48.0	14.0	64.0	81.0	22.0	15.0	89.0	80.0	98.0	33.0	42.0	28.0	79.0	93.0	66.0	44.0	51.0	98.0	20.0	85.0	95.0	80.0	73.0	88.0	79.0	39.0	45.0	87.0	94.0	88.0
19.0	11.0	78.0	39.0	21.0	89.0	59.0	77.0	8.0	71.0	69.0	6.0	92.0	10.0	44.0	98.0	22.0	12.0	79.0	37.0	72.0	45.0	19.0	13.0	45.0	34.0	33.0	24.0	100.0	100.0	94.0	68.0	5.0	57.0	98.0	75.0	45.0	17.0	41.0	61.0	80.0	90.0	43.0	31.0	12.0	81.0	49.0	92.0	36.0	64.0	4.0	67.0	77.0	13.0	87.0	79.0	4.0	54.0	66.0
9.0	8.0	40.0	17.0	87.0	16.0	49.0	45.0	36.0	52.0	42.0	29.0	90.0	51.0	39.0	49.0	52.0	63.0	23.0	46.0	97.0	54.0	100.0	70.0	53.0	64.0	16.0	90.0	34.0	39.0	54.0	33.0	58.0	96.0	80.0	68.0	4.0	54.0	8.0	95.0	76.0	90.0	50.0	56.0	50.0	93.0	62.0	26.0	3.0	3.0	62.0	76.0	31.0	24.0	85.0	11.0	84.0	85.0
49.0	56.0	58.0	68.0	32.0	25.0	55.0	50.0	86.0	41.0	94.0	3.0	7.0	45.0	100.0	99.0	76.0	93.0	43.0	14.0	2.0	98.0	2.0	6.0	25.0	55.0	54.0	36.0	92.0	14.0	38.0	45.0	16.0	11.0	68.0	5.0	44.0	92.0	53.0	94.0	88.0	75.0	93.0	27.0	41.0	32.0	71.0	93.0	10.0	32.0	26.0	20.0	21.0	63.0	34.0	67.0	88.0
44.0	93.0	55.0	67.0	32.0	92.0	4.0	54.0	98.0	51.0	19.0	39.0	9.0	26.0	81.0	95.0	41.0	62.0	19.0	20.0	33.0	49.0	93.0	97.0	4.0	99.0	32.0	1.0	27.0	68.0	19.0	16.0	32.0	49.0	46.0	92.0	90.0	98.0	84.0	63.0	68.0	90.0	79.0	13.0	18.0	11.0	97.0	72.0	85.0	85.0	43.0	62.0	38.0	29.0	63.0	9.0
65.0	26.0	73.0	81.0	10.0	55.0	37.0	51.0	61.0	52.0	13.0	85.0	10.0	44.0	59.0	28.0	65.0	76.0	67.0	63.0	53.0	83.0	37.0	6.0	64.0	52.0	13.0	42.0	37.0	99.0	32.0	11.0	21.0	59.0	18.0	52.0	2.0	91.0	79.0	25.0	13.0	31.0	81.0	66.0	86.0	1.0	88.0	97.0	9.0	11.0	15.0	31.0	65.0	15.0	62.0
96.0	52.0	92.0	88.0	47.0	81.0	88.0	76.0	99.0	67.0	64.0	35.0	94.0	80.0	11.0	86.0	10.0	42.0	19.0	31.0	24.0	20.0	77.0	22.0	13.0	14.0	11.0	31.0	68.0	86.0	81.0	23.0	98.0	65.0	27.0	29.0	48.0	34.0	14.0	27.0	87.0	50.0	20.0	42.0	15.0	26.0	24.0	22.0	20.0	54.0	19.0	87.0	69.0	94.0
10.0	69.0	95.0	7.0	43.0	97.0	77.0	68.0	98.0	20.0	4.0	38.0	100.0	70.0	44.0	26.0	42.0	68.0	20.0	18.0	69.0	3.0	23.0	17.0	19.0	4.0	76.0	4.0	66.0	37.0	66.0	69.0	34.0	18.0	98.0	91.0	3.0	58.0	32.0	53.0	41.0	3.0	66.0	50.0	16.0	89.0	18.0	100.0	24.0	20.0	58.0	64.0	80.0
22.0	81.0	25.0	49.0	83.0	98.0	32.0	92.0	71.0	17.0	64.0	3.0	71.0	49.0	89.0	5.0	72.0	23.0	20.0	10.0	12.0	26.0	3.0	20.0	85.0	58.0	11.0	41.0	14.0	97.0	36.0	34.0	90.0	91.0	21.0	64.0	27.0	99.0	75.0	2.0	33.0	44.0	36.0	83.0	40.0	40.0	27.0	97.0	83.0	69.0	60.0	2.0
20.0	41.0	20.0	58.0	39.0	64.0	93.0	83.0	90.0	97.0	66.0	25.0	36.0	18.0	24.0	30.0	96.0	91.0	47.0	26.0	2.0	78.0	20.0	98.0	85.0	23.0	37.0	68.0	79.0	89.0	91.0	46.0	65.0	45.0	23.0	44.0	6.0	82.0	30.0	25.0	50.0	14.0	73.0	7.0	93.0	58.0	24.0	15.0	18.0	60.0	19.0
58.0	86.0	93.0	40.0	10.0	61.0	70.0	21.0	86.0	28.0	62.0	51.0	56.0	23.0	11.0	40.0	97.0	23.0	65.0	12.0	85.0	41.0	4.0	37.0	19.0	74.0	54.0	51.0	98.0	75.0	15.0	1.0	98.0	48.0	79.0	44.0	74.0	80.0	53.0	18.0	40.0	98.0	81.0	51.0	57.0	22.0	32.0	57.0	10.0	76.0
81.0	41.0	21.0	52.0	43.0	27.0	73.0	66.0	77.0	32.0	4.0	8.0	47.0	24.0	85.0	16.0	14.0	69.0	20.0	17.0	33.0	82.0	80.0	11.0	35.0	30.0	37.0	84.0	37.0	85.0	61.0	78.0	45.0	92.0	43.0	20.0	38.0	78.0	83.0	34.0	98.0	51.0	71.0	85.0	88.0	88.0	19.0	65.0	36.0
10.0	2.0	92.0	29.0	19.0	73.0	98.0	8.0	79.0	40.0	36.0	22.0	94.0	42.0	57.0	18.0	70.0	22.0	92.0	51.0	96.0	93.0	67.0	88.0	74.0	72.0	47.0	31.0	60.0	9.0	23.0	71.0	91.0	22.0	72.0	17.0	61.0	84.0	72.0	92.0	35.0	14.0	4.0	98.0	54.0	86.0	37.0	62.0
76.0	97.0	79.0	39.0	5.0	98.0	10.0	59.0	72.0	97.0	40.0	57.0	33.0	75.0	2.0	52.0	41.0	41.0	42.0	45.0	51.0	1.0	51.0	44.0	31.0	43.0	47.0	86.0	14.0	15.0	76.0	80.0	17.0	96.0	73.0	37.0	55.0	89.0	86.0	19.0	30.0	4.0	24.0	81.0	73.0	18.0	15.0
92.0	25.0	73.0	75.0	5.0	90.0	18.0	22.0	90.0	78.0	18.0	28.0	98.0	89.0	4.0	31.0	12.0	92.0	70.0	72.0	27.0	32.0	50.0	29.0	65.0	87.0	71.0	42.0	64.0	87.0	44.0	24.0	19.0	5.0	1.0	17.0	75.0	93.0	62.0	33.0	2.0	91.0	76.0	21.0	67.0	97.0
93.0	50.0	74.0	48.0	93.0	22.0	63.0	9.0	8.0	14.0	85.0	25.0	39.0	29.0	94.0	20.0	44.0	13.0	9.0	72.0	3.0	76.0	29.0	56.0	53.0	52.0	83.0	7.0	95.0	6.0	16.0	39.0	98.0	21.0	24.0	82.0	81.0	9.0	26.0	97.0	91.0	12.0	33.0	14.0	70.0
14.0	13.0	94.0	35.0	32.0	78.0	25.0	58.0	26.0	71.0	42.0	68.0	78.0	77.0	81.0	30.0	64.0	14.0	97.0	93.0	70.0	86.0	76.0	44.0	28.0	21.0	90.0	46.0	43.0	45.0	2.0	12.0	65.0	56.0	97.0	57.0	49.0	63.0	10.0	25.0	79.0	80.0	66.0	57.0
78.0	44.0	81.0	58.0	39.0	83.0	77.0	40.0	65.0	18.0	11.0	23.0	57.0	34.0	5.0	27.0	19.0	25.0	42.0	39.0	19.0	17.0	29.0	29.0	89.0	42.0	2.0	62.0	91.0	81.0	95.0	84.0	9.0	6.0	58.0	59.0	4.0	31.0	26.0	7.0	73.0	46.0	53.0
8.0	32.0	60.0	79.0	11.0	95.0	75.0	98.0	4.0	40.0	77.0	57.0	70.0	10.0	16.0	84.0	11.0	14.0	40.0	84.0	93.0	56.0	15.0	64.0	62.0	67.0	5.0	41.0	17.0	23.0	9.0	58.0	54.0	37.0	54.0	15.0	21.0	66.0	97.0	6.0	55.0	94.0
13.0	38.0	96.0	50.0	88.0	15.0	13.0	62.0	37.0	39.0	76.0	44.0	44.0	35.0	89.0	83.0	92.0	19.0	83.0	71.0	26.0	69.0	52.0	76.0	8.0	32.0	56.0	91.0	39.0	3.0	54.0	46.0	96.0	7.0	75.0	11.0	99.0	83.0	70.0	65.0	43.0
86.0	19.0	70.0	45.0	48.0	79.0	7.0	19.0	15.0	61.0	42.0	65.0	90.0	89.0	20.0	5.0	77.0	28.0	70.0	97.0	76.0	29.0	24.0	43.0	22.0	33.0	71.0	91.0	54.0	36.0	89.0	89.0	95.0	76.0	93.0	85.0	8.0	48.0	14.0	45.0
28.0	83.0	19.0	82.0	63.0	31.0	28.0	75.0	77.0	54.0	3.0	98.0	51.0	73.0	66.0	80.0	78.0	69.0	53.0	87.0	34.0	49.0	64.0	47.0	78.0	62.0	12.0	11.0	26.0	36.0	38.0	30.0	47.0	34.0	78.0	34.0	50.0	17.0	4.0
95.0	71.0	72.0	34.0	43.0	11.0	43.0	84.0	33.0	60.0	80.0	65.0	62.0	96.0	35.0	79.0	82.0	34.0	86.0	11.0	22.0	49.0	26.0	82.0	13.0	15.0	90.0	39.0	38.0	1.0	16.0	90.0	4.0	20.0	6.0	50.0	27.0	54.0
99.0	41.0	82.0	19.0	3.0	1.0	46.0	62.0	31.0	35.0	74.0	67.0	83.0	53.0	49.0	88.0	54.0	87.0	83.0	5.0	97.0	97.0	67.0	68.0	45.0	78.0	64.0	89.0	19.0	89.0	78.0	21.0	85.0	11.0	20.0	57.0	58.0
44.0	24.0	98.0	79.0	13.0	85.0	72.0	17.0	54.0	52.0	55.0	90.0	37.0	68.0	60.0	73.0	84.0	48.0	22.0	89.0	39.0	31.0	36.0	97.0	13.0	81.0	74.0	72.0	17.0	9.0	6.0	76.0	18.0	89.0	13.0	81.0
1.0	81.0	87.0	73.0	67.0	94.0	64.0	50.0	33.0	87.0	46.0	45.0	99.0	15.0	35.0	22.0	44.0	3.0	95.0	79.0	49.0	54.0	81.0	100.0	89.0	98.0	85.0	93.0	1.0	35.0	1.0	19.0	12.0	49.0	6.0
96.0	75.0	46.0	27.0	83.0	91.0	83.0	99.0	72.0	45.0	39.0	25.0	75.0	68.0	66.0	14.0	10.0	10.0	91.0	29.0	88.0	67.0	16.0	39.0	61.0	23.0	92.0	16.0	51.0	2.0	1.0	89.0	23.0	33.0
81.0	39.0	96.0	87.0	45.0	78.0	73.0	50.0	2.0	43.0	1.0	73.0	16.0	11.0	59.0	75.0	2.0	56.0	30.0	94.0	91.0	18.0	93.0	63.0	67.0	51.0	80.0	70.0	47.0	50.0	68.0	47.0	31.0
69.0	5.0	10.0	8.0	48.0	42.0	74.0	64.0	9.0	20.0	66.0	72.0	19.0	4.0	93.0	44.0	77.0	22.0	30.0	41.0	67.0	22.0	35.0	8.0	32.0	88.0	66.0	57.0	10.0	4.0	36.0	15.0
63.0	40.0	75.0	86.0	48.0	72.0	17.0	18.0	53.0	40.0	41.0	97.0	73.0	78.0	46.0	15.0	15.0	32.0	46.0	57.0	29.0	49.0	62.0	22.0	75.0	100.0	85.0	50.0	78.0	25.0	13.0
58.0	40.0	3.0	70.0	94.0	67.0	92.0	98.0	63.0	32.0	12.0	36.0	35.0	2.0	82.0	68.0	57.0	27.0	74.0	6.0	78.0	13.0	11.0	31.0	89.0	53.0	51.0	10.0	5.0	63.0
16.0	3.0	93.0	6.0	71.0	4.0	30.0	74.0	38.0	82.0	60.0	29.0	72.0	3.0	88.0	43.0	69.0	48.0	68.0	9.0	91.0	50.0	6.0	28.0	81.0	69.0	51.0	27.0	14.0
28.0	73.0	44.0	12.0	16.0	47.0	98.0	88.0	71.0	83.0	68.0	17.0	24.0	58.0	76.0	21.0	97.0	23.0	65.0	57.0	23.0	55.0	83.0	88.0	73.0	16.0	49.0	64.0
33.0	5.0	77.0	93.0	53.0	98.0	49.0	43.0	39.0	87.0	85.0	75.0	8.0	32.0	22.0	55.0	45.0	76.0	50.0	21.0	11.0	20.0	3.0	91.0	8.0	52.0	92.0
47.0	50.0	58.0	75.0	45.0	3.0	53.0	43.0	4.0	95.0	17.0	63.0	48.0	71.0	24.0	29.0	35.0	93.0	88.0	68.0	53.0	36.0	82.0	66.0	68.0	38.0
88.0	68.0	91.0	89.0	14.0	93.0	17.0	85.0	95.0	21.0	15.0	11.0	34.0	83.0	34.0	96.0	85.0	58.0	16.0	66.0	32.0	59.0	87.0	19.0	66.0
16.0	38.0	42.0	23.0	46.0	15.0	83.0	33.0	3.0	1.0	43.0	31.0	64.0	52.0	58.0	2.0	49.0	49.0	60.0	20.0	23.0	10.0	77.0	67.0
26.0	77.0	70.0	99.0	26.0	76.0	94.0	70.0	26.0	91.0	40.0	10.0	61.0	9.0	73.0	75.0	5.0	55.0	2.0	16.0	46.0	100.0	45.0
54.0	18.0	78.0	96.0	55.0	93.0	62.0	89.0	11.0	6.0	25.0	67.0	67.0	12.0	10.0	84.0	51.0	31.0	46.0	79.0	99.0	10.0
65.0	45.0	58.0	46.0	16.0	24.0	12.0	1.0	29.0	13.0	80.0	21.0	52.0	43.0	77.0	12.0	97.0	59.0	95.0	19.0	1.0
9.0	90.0	41.0	8.0	91.0	42.0	16.0	95.0	90.0	84.0	93.0	13.0	66.0	11.0	15.0	54.0	74.0	58.0	7.0	30.0
14.0	44.0	55.0	60.0	4.0	20.0	96.0	21.0	80.0	61.0	14.0	60.0	19.0	88.0	53.0	26.0	22.0	31.0	52.0
28.0	39.0	6.0	27.0	38.0	12.0	17.0	57.0	64.0	70.0	11.0	26.0	25.0	41.0	84.0	97.0	75.0	9.0
44.0	69.0	88.0	78.0	79.0	2.0	31.0	32.0	7.0	24.0	45.0	19.0	88.0	99.0	52.0	70.0	64.0
24.0	2.0	83.0	86.0	13.0	49.0	77.0	84.0	23.0	69.0	29.0	16.0	39.0	16.0	19.0	17.0
22.0	98.0	95.0	50.0	88.0	73.0	16.0	96.0	54.0	91.0	26.0	42.0	50.0	72.0	41.0
73.0	36.0	3.0	88.0	29.0	32.0	63.0	15.0	52.0	21.0	32.0	22.0	50.0	75.0
44.0	14.0	45.0	9.0	77.0	89.0	1.0	29.0	70.0	24.0	76.0	93.0	16.0
83.0	44.0	43.0	99.0	78.0	82.0	82.0	35.0	24.0	62.0	23.0	91.0
49.0	29.0	16.0	50.0	47.0	50.0	37.0	97.0	95.0	45.0	57.0
5.0	57.0	6.0	58.0	1.0	78.0	25.0	6.0	65.0	79.0
72.0	70.0	40.0	3.0	24.0	18.0	34.0	17.0	51.0
27.0	34.0	19.0	94.0	89.0	39.0	88.0	69.0
81.0	78.0	9.0	75.0	50.0	40.0	35.0
70.0	80.0	27.0	53.0	3.0	90.0
80.0	33.0	67.0	4.0	52.0
61.0	4.0	48.0	91.0
64.0	33.0	88.0
89.0	32.0
77.0

10.0	2.0	28.0	10.0	44.0	14.0	21.0	10.0	47.0	22.0	3.0	26.0	25.0	50.0	16.0	23.0	21.0	46.0	39.0	15.0	25.0	29.0	22.0	39.0	5.0	20.0	19.0	31.0	2.0	15.0	33.0	15.0	1.0	1.0	3.0	33.0	43.0	12.0	18.0	3.0	4.0	37.0	17.0	29.0	31.0	3.0	27.0	1.0	36.0	9.0	24.0	15.0	32.0	5.0	30.0	41.0	7.0	5.0	2.0	42.0	19.0	11.0	50.0	46.0	32.0	10.0	12.0	22.0	13.0	16.0	29.0	22.0	16.0	33.0	6.0	6.0	3.0	36.0	1.0	12.0	38.0	11.0	14.0	41.0	43.0	24.0	33.0	8.0	21.0	13.0	48.0	19.0	49.0	31.0	38.0	37.0	1.0	35.0	34.0	4.0

174.0	174.0	174.0	174.0	174.0	174.0	174.0	174.0	174.0	174.0
