qmkp_100_100_3_005
100
3

48.0	24.0	84.0	76.0	53.0	34.0	96.0	87.0	45.0	47.0	14.0	1.0	76.0	78.0	10.0	20.0	68.0	88.0	91.0	26.0	84.0	72.0	85.0	16.0	41.0	47.0	81.0	21.0	4.0	90.0	73.0	72.0	96.0	32.0	70.0	32.0	48.0	44.0	2.0	52.0	20.0	87.0	86.0	40.0	79.0	86.0	76.0	32.0	71.0	47.0	29.0	61.0	2.0	83.0	53.0	30.0	30.0	4.0	35.0	27.0	60.0	62.0	84.0	85.0	93.0	54.0	84.0	92.0	30.0	93.0	47.0	39.0	90.0	68.0	20.0	27.0	20.0	62.0	13.0	43.0	13.0	3.0	81.0	42.0	25.0	62.0	47.0	43.0	17.0	16.0	10.0	32.0	32.0	64.0	73.0	35.0	31.0	90.0	21.0	54.0
66.0	62.0	32.0	91.0	47.0	41.0	37.0	34.0	88.0	74.0	45.0	41.0	34.0	65.0	18.0	4.0	99.0	68.0	94.0	83.0	9.0	97.0	66.0	64.0	80.0	16.0	62.0	20.0	50.0	21.0	72.0	9.0	29.0	23.0	68.0	18.0	64.0	36.0	2.0	31.0	75.0	34.0	87.0	34.0	44.0	59.0	66.0	63.0	31.0	27.0	71.0	23.0	82.0	33.0	30.0	49.0	55.0	2.0	41.0	43.0	2.0	55.0	21.0	13.0	27.0	40.0	93.0	73.0	79.0	87.0	90.0	96.0	33.0	30.0	89.0	23.0	11.0	97.0	46.0	71.0	17.0	91.0	42.0	91.0	50.0	100.0	76.0	51.0	28.0	84.0	12.0	86.0	23.0	12.0	73.0	75.0	21.0	16.0	40.0
87.0	8.0	41.0	38.0	55.0	34.0	12.0	26.0	34.0	45.0	34.0	38.0	19.0	31.0	34.0	97.0	99.0	54.0	81.0	89.0	14.0	13.0	48.0	18.0	17.0	82.0	58.0	6.0	85.0	57.0	33.0	8.0	92.0	94.0	15.0	92.0	13.0	6.0	74.0	29.0	88.0	77.0	48.0	70.0	59.0	77.0	37.0	48.0	42.0	94.0	75.0	77.0	84.0	100.0	78.0	14.0	90.0	97.0	16.0	1.0	82.0	23.0	55.0	77.0	91.0	84.0	4.0	14.0	72.0	8.0	51.0	94.0	44.0	53.0	16.0	92.0	70.0	64.0	98.0	58.0	96.0	37.0	26.0	17.0	88.0	88.0	30.0	20.0	10.0	72.0	29.0	81.0	17.0	83.0	19.0	44.0	54.0	1.0
15.0	72.0	64.0	85.0	52.0	73.0	41.0	12.0	43.0	36.0	49.0	56.0	52.0	50.0	12.0	10.0	62.0	31.0	50.0	83.0	20.0	88.0	38.0	57.0	47.0	58.0	94.0	94.0	35.0	85.0	82.0	35.0	63.0	11.0	30.0	72.0	8.0	84.0	64.0	47.0	32.0	100.0	95.0	44.0	23.0	23.0	23.0	17.0	57.0	67.0	21.0	86.0	6.0	64.0	31.0	36.0	68.0	15.0	45.0	43.0	46.0	88.0	73.0	16.0	45.0	68.0	90.0	65.0	100.0	51.0	13.0	14.0	46.0	81.0	22.0	56.0	63.0	37.0	100.0	39.0	66.0	34.0	71.0	73.0	67.0	14.0	71.0	43.0	24.0	53.0	24.0	85.0	6.0	65.0	71.0	29.0	37.0
91.0	83.0	14.0	17.0	5.0	73.0	26.0	86.0	46.0	40.0	10.0	77.0	37.0	18.0	14.0	25.0	27.0	73.0	75.0	81.0	34.0	1.0	88.0	88.0	46.0	37.0	59.0	91.0	51.0	85.0	6.0	81.0	15.0	32.0	65.0	59.0	97.0	6.0	12.0	40.0	51.0	43.0	41.0	37.0	22.0	2.0	9.0	76.0	83.0	38.0	100.0	74.0	29.0	68.0	88.0	50.0	59.0	72.0	79.0	70.0	69.0	69.0	7.0	17.0	66.0	51.0	14.0	56.0	93.0	60.0	52.0	82.0	48.0	66.0	36.0	71.0	82.0	15.0	48.0	51.0	29.0	54.0	16.0	39.0	53.0	87.0	72.0	25.0	42.0	57.0	48.0	15.0	63.0	8.0	12.0	5.0
96.0	87.0	17.0	77.0	29.0	30.0	71.0	48.0	41.0	77.0	75.0	28.0	24.0	88.0	56.0	22.0	56.0	11.0	58.0	81.0	74.0	50.0	48.0	99.0	51.0	91.0	98.0	16.0	45.0	57.0	73.0	45.0	22.0	20.0	60.0	19.0	85.0	75.0	22.0	88.0	89.0	58.0	4.0	16.0	7.0	31.0	19.0	43.0	15.0	35.0	76.0	39.0	18.0	42.0	71.0	3.0	71.0	64.0	28.0	54.0	61.0	60.0	81.0	7.0	6.0	56.0	96.0	31.0	10.0	10.0	93.0	72.0	91.0	36.0	22.0	16.0	16.0	14.0	54.0	43.0	52.0	17.0	41.0	56.0	21.0	66.0	99.0	56.0	96.0	99.0	56.0	92.0	75.0	61.0	63.0
92.0	6.0	43.0	2.0	19.0	9.0	65.0	99.0	23.0	52.0	22.0	45.0	44.0	56.0	53.0	95.0	24.0	19.0	5.0	55.0	28.0	28.0	21.0	89.0	33.0	68.0	53.0	85.0	60.0	55.0	75.0	23.0	74.0	52.0	49.0	41.0	49.0	70.0	33.0	67.0	86.0	73.0	35.0	34.0	65.0	26.0	100.0	46.0	37.0	78.0	82.0	62.0	22.0	18.0	37.0	29.0	74.0	78.0	1.0	3.0	21.0	33.0	23.0	93.0	11.0	83.0	67.0	34.0	72.0	81.0	13.0	34.0	38.0	16.0	92.0	94.0	61.0	91.0	94.0	98.0	64.0	3.0	93.0	23.0	36.0	83.0	11.0	68.0	46.0	76.0	18.0	66.0	11.0	64.0
2.0	83.0	94.0	80.0	46.0	40.0	15.0	37.0	25.0	63.0	24.0	87.0	48.0	52.0	4.0	81.0	88.0	2.0	42.0	88.0	91.0	70.0	93.0	82.0	96.0	29.0	80.0	50.0	3.0	27.0	14.0	3.0	96.0	5.0	52.0	43.0	60.0	77.0	39.0	23.0	58.0	42.0	88.0	89.0	1.0	73.0	34.0	63.0	49.0	72.0	76.0	22.0	72.0	10.0	7.0	72.0	31.0	64.0	18.0	13.0	58.0	3.0	29.0	39.0	60.0	42.0	27.0	76.0	4.0	87.0	70.0	5.0	88.0	48.0	2.0	100.0	4.0	99.0	77.0	91.0	7.0	90.0	34.0	17.0	49.0	43.0	69.0	95.0	89.0	86.0	48.0	93.0	23.0
19.0	43.0	32.0	91.0	63.0	35.0	47.0	15.0	12.0	98.0	27.0	77.0	32.0	17.0	23.0	12.0	20.0	2.0	89.0	64.0	75.0	93.0	89.0	35.0	83.0	9.0	84.0	91.0	74.0	39.0	71.0	38.0	79.0	79.0	28.0	72.0	8.0	76.0	14.0	82.0	68.0	76.0	52.0	82.0	12.0	78.0	35.0	11.0	31.0	48.0	87.0	94.0	69.0	43.0	32.0	30.0	7.0	98.0	22.0	60.0	36.0	4.0	19.0	51.0	90.0	91.0	13.0	64.0	51.0	89.0	39.0	51.0	83.0	27.0	4.0	50.0	89.0	18.0	66.0	33.0	73.0	67.0	50.0	8.0	21.0	21.0	71.0	48.0	48.0	86.0	80.0	75.0
46.0	2.0	3.0	91.0	79.0	22.0	9.0	45.0	63.0	69.0	97.0	68.0	55.0	56.0	56.0	40.0	78.0	89.0	53.0	63.0	82.0	97.0	57.0	43.0	90.0	13.0	82.0	11.0	23.0	24.0	9.0	86.0	14.0	26.0	81.0	9.0	22.0	92.0	6.0	95.0	96.0	31.0	99.0	48.0	15.0	78.0	99.0	55.0	93.0	22.0	31.0	70.0	67.0	7.0	55.0	17.0	7.0	5.0	33.0	18.0	39.0	25.0	93.0	45.0	2.0	89.0	5.0	26.0	52.0	13.0	78.0	33.0	45.0	69.0	86.0	39.0	83.0	97.0	9.0	89.0	40.0	97.0	31.0	55.0	10.0	58.0	5.0	33.0	68.0	85.0	52.0
21.0	47.0	13.0	84.0	98.0	95.0	52.0	13.0	50.0	44.0	79.0	32.0	72.0	5.0	93.0	84.0	83.0	13.0	3.0	7.0	91.0	95.0	58.0	97.0	56.0	92.0	6.0	17.0	100.0	58.0	94.0	62.0	99.0	79.0	92.0	70.0	92.0	32.0	31.0	63.0	89.0	77.0	85.0	40.0	73.0	4.0	92.0	73.0	25.0	16.0	65.0	74.0	52.0	9.0	99.0	71.0	96.0	11.0	48.0	2.0	66.0	54.0	24.0	85.0	26.0	16.0	3.0	39.0	15.0	31.0	33.0	22.0	48.0	97.0	65.0	8.0	11.0	21.0	76.0	89.0	2.0	63.0	96.0	2.0	38.0	44.0	82.0	67.0	41.0	17.0
25.0	98.0	79.0	16.0	61.0	5.0	76.0	13.0	66.0	21.0	5.0	86.0	96.0	35.0	17.0	48.0	95.0	18.0	48.0	71.0	39.0	60.0	75.0	65.0	100.0	54.0	56.0	73.0	96.0	54.0	70.0	10.0	30.0	27.0	84.0	54.0	53.0	56.0	78.0	19.0	70.0	42.0	50.0	64.0	39.0	1.0	88.0	26.0	95.0	59.0	62.0	15.0	11.0	96.0	96.0	28.0	87.0	49.0	9.0	85.0	63.0	14.0	38.0	75.0	63.0	86.0	100.0	1.0	17.0	84.0	6.0	74.0	68.0	71.0	5.0	87.0	2.0	51.0	16.0	10.0	41.0	33.0	85.0	59.0	25.0	86.0	79.0	2.0	84.0
52.0	4.0	95.0	52.0	76.0	38.0	45.0	42.0	11.0	89.0	61.0	43.0	70.0	59.0	86.0	40.0	23.0	11.0	17.0	10.0	40.0	41.0	39.0	77.0	20.0	27.0	46.0	66.0	64.0	97.0	19.0	23.0	10.0	99.0	67.0	49.0	40.0	15.0	2.0	63.0	41.0	32.0	82.0	76.0	76.0	77.0	55.0	11.0	40.0	8.0	44.0	51.0	37.0	90.0	66.0	91.0	52.0	17.0	5.0	82.0	58.0	13.0	27.0	66.0	28.0	73.0	81.0	3.0	82.0	19.0	94.0	18.0	97.0	20.0	68.0	72.0	99.0	98.0	42.0	49.0	35.0	87.0	92.0	96.0	33.0	79.0	39.0	76.0
74.0	42.0	33.0	100.0	16.0	45.0	75.0	24.0	77.0	29.0	100.0	48.0	61.0	93.0	10.0	33.0	48.0	25.0	42.0	73.0	45.0	58.0	23.0	6.0	70.0	99.0	59.0	65.0	26.0	12.0	8.0	7.0	83.0	65.0	41.0	89.0	93.0	84.0	5.0	33.0	2.0	89.0	40.0	21.0	2.0	4.0	80.0	51.0	26.0	82.0	11.0	97.0	2.0	12.0	33.0	22.0	85.0	53.0	61.0	21.0	15.0	79.0	23.0	97.0	38.0	26.0	40.0	89.0	56.0	24.0	69.0	71.0	82.0	93.0	41.0	74.0	66.0	9.0	63.0	97.0	32.0	59.0	59.0	3.0	45.0	58.0	16.0
74.0	96.0	20.0	31.0	11.0	40.0	25.0	51.0	11.0	9.0	80.0	28.0	12.0	20.0	90.0	68.0	32.0	32.0	9.0	51.0	7.0	22.0	67.0	31.0	30.0	96.0	77.0	49.0	45.0	50.0	36.0	4.0	20.0	97.0	93.0	78.0	46.0	60.0	57.0	24.0	83.0	48.0	70.0	64.0	95.0	33.0	85.0	94.0	36.0	50.0	65.0	17.0	100.0	69.0	69.0	62.0	57.0	22.0	48.0	90.0	32.0	87.0	100.0	85.0	79.0	44.0	95.0	84.0	78.0	87.0	27.0	75.0	44.0	62.0	96.0	88.0	96.0	23.0	76.0	75.0	25.0	77.0	45.0	40.0	50.0	10.0
78.0	17.0	19.0	35.0	46.0	93.0	97.0	80.0	17.0	87.0	13.0	25.0	62.0	21.0	99.0	78.0	53.0	59.0	2.0	32.0	16.0	33.0	96.0	87.0	46.0	2.0	72.0	9.0	16.0	13.0	78.0	30.0	13.0	35.0	62.0	55.0	69.0	75.0	92.0	14.0	40.0	88.0	5.0	98.0	60.0	53.0	15.0	20.0	83.0	35.0	29.0	67.0	94.0	18.0	94.0	5.0	58.0	52.0	40.0	96.0	8.0	51.0	12.0	8.0	51.0	73.0	13.0	41.0	5.0	20.0	9.0	77.0	45.0	64.0	7.0	11.0	82.0	5.0	93.0	97.0	1.0	61.0	68.0	11.0	5.0
94.0	53.0	70.0	31.0	81.0	64.0	3.0	40.0	57.0	93.0	52.0	7.0	82.0	74.0	33.0	93.0	69.0	11.0	100.0	51.0	61.0	53.0	39.0	73.0	64.0	20.0	60.0	27.0	95.0	23.0	23.0	37.0	17.0	94.0	63.0	7.0	18.0	60.0	26.0	55.0	93.0	93.0	27.0	14.0	81.0	22.0	24.0	21.0	25.0	89.0	22.0	50.0	63.0	55.0	28.0	76.0	62.0	73.0	59.0	7.0	12.0	79.0	22.0	56.0	51.0	86.0	90.0	55.0	89.0	73.0	90.0	96.0	43.0	25.0	62.0	90.0	100.0	9.0	19.0	24.0	36.0	89.0	43.0	11.0
5.0	52.0	60.0	58.0	37.0	81.0	76.0	35.0	76.0	36.0	59.0	61.0	21.0	56.0	97.0	93.0	16.0	78.0	57.0	98.0	36.0	62.0	31.0	56.0	66.0	50.0	44.0	35.0	90.0	72.0	89.0	81.0	42.0	42.0	31.0	69.0	25.0	46.0	24.0	43.0	59.0	97.0	21.0	45.0	97.0	75.0	60.0	16.0	54.0	69.0	84.0	23.0	10.0	43.0	52.0	83.0	54.0	16.0	55.0	56.0	70.0	66.0	19.0	72.0	84.0	52.0	85.0	41.0	85.0	64.0	52.0	35.0	24.0	39.0	41.0	46.0	7.0	81.0	15.0	66.0	68.0	6.0	29.0
29.0	100.0	35.0	74.0	8.0	78.0	83.0	76.0	9.0	26.0	10.0	86.0	4.0	45.0	50.0	98.0	41.0	85.0	97.0	96.0	86.0	51.0	47.0	4.0	49.0	51.0	45.0	5.0	87.0	57.0	57.0	36.0	46.0	78.0	47.0	45.0	52.0	96.0	19.0	9.0	19.0	43.0	15.0	67.0	64.0	3.0	73.0	70.0	72.0	82.0	47.0	1.0	13.0	27.0	60.0	39.0	22.0	75.0	70.0	51.0	60.0	94.0	33.0	44.0	79.0	32.0	88.0	66.0	96.0	57.0	79.0	40.0	85.0	42.0	60.0	11.0	34.0	48.0	31.0	85.0	1.0	62.0
82.0	52.0	52.0	54.0	4.0	58.0	58.0	25.0	9.0	57.0	79.0	13.0	32.0	82.0	36.0	41.0	26.0	96.0	15.0	73.0	94.0	91.0	2.0	50.0	33.0	42.0	21.0	27.0	18.0	49.0	54.0	66.0	55.0	72.0	43.0	69.0	93.0	58.0	51.0	51.0	12.0	59.0	42.0	45.0	58.0	11.0	35.0	63.0	37.0	98.0	50.0	33.0	99.0	84.0	82.0	32.0	9.0	97.0	72.0	53.0	44.0	38.0	66.0	84.0	64.0	59.0	84.0	3.0	37.0	23.0	20.0	68.0	40.0	71.0	81.0	5.0	18.0	21.0	63.0	22.0	37.0
12.0	20.0	24.0	84.0	88.0	96.0	32.0	63.0	74.0	68.0	11.0	56.0	53.0	32.0	1.0	16.0	15.0	78.0	77.0	53.0	7.0	69.0	34.0	48.0	10.0	25.0	46.0	1.0	66.0	60.0	51.0	96.0	40.0	19.0	76.0	43.0	37.0	8.0	83.0	14.0	28.0	16.0	6.0	27.0	16.0	75.0	56.0	30.0	14.0	44.0	83.0	88.0	40.0	59.0	87.0	57.0	55.0	34.0	49.0	11.0	31.0	92.0	18.0	71.0	7.0	44.0	98.0	51.0	29.0	43.0	37.0	84.0	72.0	70.0	24.0	44.0	34.0	87.0	96.0	38.0
44.0	40.0	30.0	24.0	83.0	13.0	90.0	97.0	48.0	35.0	73.0	66.0	84.0	11.0	62.0	87.0	100.0	9.0	60.0	9.0	17.0	87.0	20.0	39.0	97.0	58.0	97.0	70.0	48.0	87.0	1.0	94.0	45.0	34.0	19.0	11.0	64.0	53.0	84.0	17.0	48.0	92.0	49.0	22.0	69.0	84.0	69.0	41.0	17.0	29.0	95.0	1.0	93.0	81.0	88.0	54.0	87.0	15.0	17.0	67.0	85.0	78.0	23.0	76.0	40.0	53.0	28.0	2.0	33.0	33.0	34.0	59.0	41.0	73.0	66.0	30.0	31.0	50.0	75.0
53.0	22.0	44.0	82.0	5.0	91.0	68.0	80.0	94.0	100.0	63.0	14.0	33.0	72.0	62.0	25.0	85.0	32.0	95.0	74.0	31.0	33.0	44.0	94.0	19.0	4.0	52.0	2.0	22.0	71.0	47.0	72.0	57.0	50.0	33.0	1.0	67.0	6.0	65.0	36.0	93.0	26.0	97.0	75.0	66.0	97.0	28.0	3.0	25.0	3.0	67.0	20.0	9.0	94.0	79.0	64.0	11.0	20.0	73.0	63.0	77.0	6.0	72.0	29.0	41.0	21.0	54.0	58.0	34.0	12.0	95.0	41.0	88.0	46.0	16.0	71.0	77.0	73.0
28.0	66.0	73.0	51.0	82.0	62.0	35.0	11.0	98.0	30.0	89.0	23.0	21.0	4.0	28.0	16.0	68.0	70.0	75.0	34.0	1.0	37.0	74.0	27.0	11.0	73.0	13.0	86.0	93.0	88.0	31.0	73.0	89.0	5.0	21.0	57.0	78.0	91.0	6.0	7.0	100.0	54.0	87.0	2.0	60.0	52.0	37.0	70.0	69.0	41.0	28.0	33.0	24.0	48.0	21.0	51.0	94.0	39.0	96.0	5.0	22.0	43.0	2.0	21.0	2.0	3.0	65.0	32.0	79.0	40.0	45.0	7.0	26.0	49.0	98.0	75.0	49.0
87.0	67.0	18.0	7.0	33.0	16.0	67.0	22.0	96.0	4.0	100.0	3.0	55.0	6.0	10.0	23.0	35.0	13.0	77.0	6.0	27.0	85.0	92.0	99.0	41.0	15.0	68.0	45.0	8.0	77.0	96.0	30.0	21.0	34.0	23.0	82.0	16.0	41.0	82.0	80.0	39.0	8.0	68.0	33.0	66.0	23.0	64.0	84.0	93.0	79.0	30.0	27.0	69.0	66.0	16.0	31.0	7.0	42.0	19.0	60.0	5.0	8.0	66.0	77.0	4.0	76.0	96.0	39.0	8.0	80.0	73.0	27.0	36.0	70.0	2.0	66.0
26.0	99.0	92.0	42.0	1.0	98.0	34.0	92.0	21.0	92.0	42.0	44.0	86.0	26.0	43.0	55.0	72.0	63.0	41.0	20.0	84.0	40.0	42.0	9.0	25.0	19.0	7.0	67.0	83.0	68.0	96.0	58.0	83.0	77.0	26.0	58.0	79.0	17.0	55.0	63.0	38.0	37.0	52.0	43.0	1.0	7.0	31.0	95.0	39.0	41.0	88.0	43.0	67.0	25.0	51.0	95.0	76.0	14.0	9.0	66.0	22.0	65.0	74.0	10.0	32.0	44.0	36.0	77.0	30.0	55.0	77.0	63.0	92.0	58.0	82.0
87.0	74.0	58.0	98.0	46.0	100.0	59.0	37.0	18.0	47.0	49.0	10.0	72.0	2.0	27.0	57.0	48.0	20.0	45.0	88.0	48.0	58.0	53.0	58.0	24.0	78.0	17.0	6.0	76.0	32.0	38.0	26.0	95.0	69.0	13.0	40.0	1.0	23.0	3.0	89.0	84.0	8.0	13.0	42.0	43.0	4.0	2.0	18.0	72.0	56.0	78.0	57.0	66.0	87.0	13.0	45.0	49.0	11.0	81.0	80.0	70.0	91.0	26.0	68.0	29.0	99.0	47.0	75.0	75.0	35.0	80.0	36.0	24.0	94.0
46.0	62.0	51.0	49.0	51.0	55.0	61.0	40.0	21.0	96.0	83.0	65.0	74.0	4.0	82.0	32.0	11.0	95.0	40.0	3.0	82.0	45.0	67.0	6.0	61.0	75.0	80.0	92.0	75.0	17.0	1.0	12.0	83.0	33.0	31.0	93.0	71.0	43.0	89.0	19.0	90.0	44.0	46.0	94.0	35.0	17.0	43.0	99.0	27.0	7.0	71.0	99.0	37.0	81.0	41.0	56.0	54.0	13.0	78.0	14.0	24.0	30.0	12.0	100.0	52.0	91.0	36.0	72.0	28.0	72.0	86.0	65.0	75.0
86.0	39.0	4.0	57.0	80.0	32.0	66.0	59.0	16.0	49.0	84.0	26.0	79.0	96.0	93.0	63.0	97.0	2.0	87.0	45.0	78.0	87.0	29.0	76.0	77.0	90.0	17.0	85.0	65.0	49.0	97.0	3.0	93.0	70.0	17.0	50.0	9.0	74.0	38.0	12.0	30.0	73.0	3.0	22.0	48.0	10.0	47.0	3.0	52.0	55.0	61.0	60.0	80.0	51.0	87.0	96.0	7.0	5.0	62.0	86.0	1.0	11.0	81.0	36.0	41.0	41.0	95.0	4.0	43.0	30.0	88.0	51.0
26.0	55.0	30.0	34.0	48.0	91.0	14.0	72.0	41.0	92.0	90.0	93.0	54.0	79.0	60.0	33.0	78.0	68.0	57.0	68.0	77.0	91.0	65.0	51.0	47.0	80.0	47.0	86.0	28.0	33.0	6.0	82.0	44.0	97.0	54.0	94.0	51.0	79.0	5.0	100.0	80.0	90.0	42.0	94.0	60.0	57.0	75.0	70.0	47.0	37.0	65.0	32.0	98.0	93.0	36.0	16.0	86.0	75.0	17.0	51.0	61.0	98.0	100.0	23.0	67.0	69.0	26.0	44.0	17.0	95.0	26.0
92.0	42.0	97.0	20.0	52.0	82.0	86.0	12.0	63.0	19.0	33.0	94.0	55.0	62.0	32.0	54.0	77.0	64.0	48.0	2.0	40.0	45.0	60.0	94.0	52.0	35.0	56.0	31.0	40.0	31.0	24.0	80.0	49.0	68.0	62.0	3.0	76.0	50.0	3.0	75.0	45.0	24.0	63.0	16.0	21.0	6.0	2.0	22.0	9.0	91.0	83.0	43.0	40.0	8.0	85.0	48.0	55.0	17.0	39.0	37.0	71.0	23.0	16.0	18.0	92.0	68.0	91.0	44.0	67.0	34.0
43.0	30.0	46.0	13.0	94.0	59.0	47.0	93.0	93.0	74.0	21.0	88.0	65.0	94.0	94.0	35.0	82.0	53.0	20.0	26.0	31.0	52.0	1.0	52.0	32.0	74.0	5.0	55.0	4.0	57.0	72.0	75.0	90.0	58.0	7.0	51.0	48.0	92.0	7.0	26.0	23.0	18.0	7.0	7.0	1.0	98.0	46.0	6.0	37.0	92.0	73.0	11.0	55.0	91.0	10.0	50.0	5.0	89.0	91.0	12.0	75.0	2.0	82.0	55.0	99.0	84.0	48.0	37.0	33.0
43.0	52.0	39.0	89.0	58.0	45.0	34.0	36.0	16.0	65.0	40.0	60.0	29.0	47.0	46.0	81.0	32.0	31.0	53.0	46.0	29.0	70.0	11.0	82.0	47.0	32.0	35.0	68.0	61.0	45.0	67.0	10.0	25.0	55.0	94.0	15.0	36.0	45.0	25.0	52.0	23.0	45.0	29.0	25.0	26.0	34.0	66.0	79.0	16.0	11.0	18.0	55.0	44.0	89.0	66.0	74.0	58.0	18.0	43.0	47.0	64.0	34.0	63.0	71.0	24.0	60.0	11.0	63.0
47.0	55.0	85.0	62.0	42.0	51.0	62.0	95.0	86.0	79.0	2.0	21.0	51.0	48.0	77.0	81.0	76.0	89.0	80.0	46.0	1.0	80.0	37.0	66.0	16.0	64.0	20.0	47.0	20.0	35.0	48.0	44.0	2.0	5.0	1.0	63.0	28.0	10.0	57.0	85.0	9.0	11.0	87.0	74.0	34.0	75.0	9.0	76.0	95.0	23.0	93.0	44.0	63.0	54.0	91.0	26.0	83.0	79.0	10.0	45.0	23.0	52.0	87.0	6.0	45.0	18.0	87.0
37.0	15.0	68.0	100.0	22.0	84.0	73.0	45.0	21.0	10.0	28.0	87.0	23.0	50.0	30.0	95.0	93.0	12.0	42.0	29.0	16.0	80.0	86.0	72.0	29.0	59.0	12.0	7.0	64.0	2.0	26.0	45.0	73.0	58.0	68.0	39.0	30.0	18.0	83.0	4.0	100.0	10.0	19.0	57.0	24.0	4.0	6.0	39.0	42.0	22.0	33.0	46.0	45.0	34.0	90.0	50.0	28.0	10.0	64.0	46.0	30.0	99.0	95.0	48.0	74.0	13.0
80.0	21.0	31.0	5.0	34.0	63.0	16.0	77.0	88.0	43.0	56.0	90.0	96.0	68.0	31.0	82.0	68.0	14.0	6.0	24.0	48.0	80.0	27.0	93.0	22.0	34.0	8.0	95.0	64.0	76.0	29.0	27.0	95.0	69.0	68.0	51.0	79.0	73.0	41.0	4.0	4.0	16.0	10.0	19.0	87.0	23.0	63.0	47.0	81.0	28.0	92.0	41.0	98.0	77.0	59.0	55.0	18.0	19.0	27.0	52.0	46.0	55.0	41.0	75.0	11.0
40.0	91.0	66.0	89.0	87.0	15.0	79.0	91.0	59.0	75.0	73.0	35.0	57.0	34.0	21.0	31.0	83.0	61.0	76.0	17.0	22.0	84.0	38.0	40.0	18.0	56.0	59.0	86.0	96.0	19.0	11.0	17.0	22.0	25.0	88.0	74.0	66.0	65.0	82.0	33.0	32.0	84.0	55.0	58.0	34.0	54.0	78.0	28.0	36.0	61.0	60.0	92.0	85.0	29.0	11.0	72.0	11.0	49.0	39.0	8.0	17.0	75.0	96.0	86.0
76.0	73.0	88.0	100.0	55.0	34.0	63.0	20.0	81.0	67.0	21.0	24.0	94.0	37.0	68.0	4.0	77.0	6.0	35.0	34.0	4.0	84.0	47.0	90.0	40.0	27.0	65.0	81.0	73.0	59.0	48.0	57.0	57.0	97.0	31.0	100.0	90.0	78.0	82.0	76.0	4.0	56.0	82.0	78.0	55.0	99.0	24.0	100.0	42.0	33.0	10.0	63.0	43.0	97.0	73.0	76.0	25.0	1.0	100.0	71.0	81.0	49.0	66.0
13.0	33.0	70.0	18.0	89.0	46.0	45.0	19.0	81.0	67.0	35.0	87.0	10.0	22.0	81.0	39.0	7.0	37.0	15.0	81.0	17.0	74.0	47.0	19.0	64.0	11.0	61.0	56.0	76.0	34.0	84.0	35.0	47.0	61.0	32.0	84.0	80.0	25.0	88.0	31.0	100.0	22.0	11.0	58.0	9.0	20.0	77.0	30.0	55.0	54.0	49.0	45.0	73.0	63.0	13.0	33.0	73.0	80.0	25.0	52.0	80.0	35.0
94.0	85.0	5.0	88.0	78.0	96.0	59.0	36.0	22.0	73.0	12.0	40.0	81.0	78.0	29.0	34.0	17.0	27.0	20.0	18.0	24.0	67.0	37.0	9.0	26.0	28.0	3.0	38.0	82.0	95.0	4.0	35.0	38.0	13.0	20.0	6.0	60.0	19.0	74.0	62.0	67.0	8.0	32.0	84.0	53.0	50.0	71.0	95.0	63.0	24.0	46.0	51.0	36.0	37.0	50.0	45.0	40.0	65.0	48.0	86.0	56.0
39.0	45.0	87.0	47.0	6.0	20.0	72.0	1.0	96.0	22.0	74.0	68.0	56.0	42.0	58.0	72.0	60.0	17.0	41.0	36.0	20.0	53.0	77.0	22.0	52.0	89.0	13.0	13.0	81.0	46.0	95.0	77.0	95.0	86.0	89.0	92.0	27.0	68.0	100.0	43.0	28.0	27.0	77.0	16.0	88.0	49.0	55.0	99.0	62.0	43.0	12.0	84.0	24.0	96.0	91.0	79.0	78.0	26.0	11.0	25.0
72.0	33.0	21.0	21.0	25.0	25.0	44.0	27.0	90.0	45.0	83.0	1.0	69.0	73.0	97.0	73.0	70.0	20.0	28.0	68.0	31.0	71.0	12.0	88.0	87.0	1.0	97.0	53.0	90.0	62.0	83.0	40.0	80.0	86.0	91.0	82.0	48.0	4.0	98.0	51.0	89.0	86.0	7.0	35.0	27.0	96.0	91.0	100.0	77.0	7.0	97.0	54.0	29.0	9.0	92.0	8.0	61.0	12.0	20.0
5.0	98.0	28.0	1.0	57.0	83.0	61.0	34.0	24.0	63.0	35.0	16.0	5.0	22.0	69.0	68.0	63.0	100.0	100.0	87.0	68.0	54.0	55.0	55.0	29.0	81.0	88.0	89.0	30.0	44.0	56.0	81.0	71.0	11.0	59.0	57.0	89.0	30.0	51.0	88.0	42.0	9.0	99.0	47.0	16.0	88.0	42.0	30.0	22.0	13.0	54.0	68.0	18.0	40.0	60.0	59.0	49.0	38.0
7.0	64.0	24.0	32.0	29.0	44.0	87.0	31.0	6.0	94.0	51.0	27.0	44.0	8.0	5.0	28.0	4.0	59.0	7.0	4.0	5.0	70.0	53.0	75.0	71.0	60.0	95.0	48.0	77.0	13.0	30.0	74.0	76.0	42.0	33.0	47.0	72.0	100.0	9.0	33.0	89.0	33.0	15.0	30.0	53.0	12.0	50.0	17.0	53.0	80.0	85.0	39.0	30.0	86.0	69.0	8.0	6.0
61.0	29.0	5.0	78.0	66.0	58.0	80.0	7.0	95.0	40.0	11.0	58.0	29.0	42.0	9.0	59.0	38.0	67.0	28.0	25.0	36.0	85.0	68.0	90.0	66.0	44.0	69.0	37.0	77.0	66.0	46.0	27.0	94.0	22.0	67.0	71.0	58.0	39.0	79.0	5.0	49.0	32.0	3.0	98.0	91.0	60.0	82.0	65.0	14.0	71.0	34.0	10.0	89.0	82.0	55.0	35.0
94.0	2.0	43.0	53.0	76.0	43.0	96.0	98.0	58.0	4.0	81.0	42.0	10.0	2.0	12.0	49.0	85.0	54.0	42.0	6.0	86.0	56.0	73.0	22.0	70.0	92.0	41.0	95.0	46.0	69.0	92.0	2.0	69.0	6.0	37.0	73.0	99.0	19.0	89.0	56.0	72.0	45.0	72.0	88.0	25.0	82.0	45.0	57.0	30.0	1.0	71.0	44.0	4.0	28.0	44.0
12.0	5.0	79.0	38.0	47.0	27.0	43.0	89.0	96.0	100.0	38.0	4.0	91.0	98.0	86.0	97.0	48.0	15.0	66.0	62.0	97.0	95.0	85.0	52.0	52.0	98.0	45.0	41.0	99.0	21.0	8.0	39.0	76.0	11.0	3.0	100.0	7.0	53.0	70.0	8.0	74.0	39.0	85.0	81.0	90.0	13.0	62.0	64.0	78.0	18.0	33.0	29.0	64.0	19.0
67.0	36.0	18.0	41.0	100.0	45.0	37.0	23.0	66.0	100.0	26.0	9.0	91.0	79.0	50.0	57.0	44.0	47.0	90.0	95.0	40.0	72.0	98.0	30.0	52.0	93.0	50.0	29.0	80.0	60.0	71.0	73.0	32.0	83.0	62.0	91.0	80.0	10.0	86.0	53.0	34.0	48.0	55.0	9.0	88.0	8.0	52.0	51.0	63.0	35.0	47.0	46.0	7.0
99.0	37.0	24.0	68.0	34.0	26.0	71.0	70.0	72.0	60.0	6.0	34.0	15.0	78.0	77.0	51.0	72.0	96.0	82.0	37.0	98.0	5.0	94.0	97.0	67.0	40.0	69.0	65.0	21.0	57.0	71.0	58.0	26.0	95.0	36.0	24.0	38.0	12.0	59.0	17.0	18.0	20.0	89.0	4.0	20.0	33.0	82.0	24.0	51.0	49.0	39.0	90.0
11.0	46.0	76.0	73.0	73.0	86.0	11.0	85.0	6.0	25.0	3.0	34.0	89.0	19.0	20.0	62.0	35.0	91.0	41.0	73.0	41.0	93.0	51.0	72.0	71.0	77.0	37.0	9.0	77.0	6.0	73.0	84.0	27.0	77.0	100.0	95.0	9.0	21.0	19.0	29.0	50.0	86.0	36.0	80.0	36.0	16.0	31.0	25.0	46.0	48.0	44.0
77.0	47.0	82.0	25.0	64.0	53.0	66.0	5.0	50.0	3.0	27.0	93.0	38.0	80.0	20.0	86.0	66.0	58.0	14.0	65.0	66.0	35.0	96.0	25.0	48.0	52.0	33.0	60.0	30.0	75.0	55.0	76.0	50.0	88.0	39.0	86.0	91.0	21.0	2.0	74.0	65.0	27.0	41.0	85.0	47.0	81.0	76.0	73.0	32.0	59.0
98.0	16.0	88.0	74.0	5.0	49.0	67.0	86.0	34.0	75.0	81.0	93.0	79.0	48.0	73.0	44.0	83.0	96.0	25.0	74.0	48.0	61.0	58.0	37.0	68.0	38.0	73.0	100.0	62.0	32.0	67.0	39.0	15.0	9.0	52.0	57.0	93.0	89.0	76.0	18.0	94.0	63.0	36.0	76.0	43.0	95.0	37.0	29.0	70.0
39.0	97.0	44.0	6.0	20.0	55.0	63.0	20.0	4.0	57.0	55.0	57.0	78.0	62.0	27.0	12.0	100.0	59.0	68.0	56.0	47.0	8.0	13.0	57.0	40.0	7.0	93.0	51.0	91.0	64.0	83.0	94.0	71.0	44.0	100.0	72.0	53.0	42.0	26.0	44.0	62.0	61.0	34.0	98.0	92.0	93.0	72.0	70.0
51.0	47.0	70.0	27.0	39.0	86.0	4.0	26.0	86.0	59.0	41.0	67.0	33.0	53.0	16.0	85.0	17.0	78.0	66.0	40.0	55.0	60.0	54.0	58.0	60.0	79.0	50.0	63.0	72.0	38.0	50.0	94.0	28.0	83.0	55.0	4.0	71.0	25.0	72.0	57.0	37.0	80.0	94.0	72.0	62.0	64.0	70.0
45.0	30.0	90.0	49.0	88.0	54.0	71.0	36.0	92.0	80.0	40.0	56.0	41.0	99.0	33.0	37.0	83.0	73.0	38.0	87.0	39.0	2.0	41.0	92.0	80.0	93.0	34.0	61.0	18.0	17.0	81.0	60.0	14.0	20.0	22.0	94.0	19.0	28.0	7.0	72.0	87.0	30.0	63.0	49.0	94.0	92.0
59.0	100.0	49.0	70.0	31.0	25.0	78.0	13.0	83.0	89.0	78.0	93.0	71.0	43.0	44.0	56.0	74.0	38.0	87.0	71.0	33.0	30.0	14.0	85.0	33.0	2.0	30.0	47.0	35.0	24.0	38.0	30.0	85.0	19.0	79.0	83.0	63.0	83.0	31.0	8.0	19.0	72.0	90.0	100.0	82.0
59.0	23.0	14.0	19.0	100.0	9.0	39.0	81.0	9.0	86.0	87.0	23.0	16.0	24.0	53.0	10.0	11.0	98.0	36.0	13.0	8.0	66.0	35.0	11.0	66.0	91.0	50.0	54.0	82.0	23.0	59.0	70.0	67.0	95.0	67.0	25.0	73.0	85.0	30.0	9.0	55.0	1.0	37.0	22.0
29.0	88.0	3.0	14.0	79.0	61.0	71.0	87.0	50.0	6.0	14.0	9.0	22.0	87.0	94.0	52.0	22.0	75.0	69.0	57.0	68.0	83.0	15.0	25.0	74.0	45.0	59.0	93.0	78.0	71.0	1.0	53.0	88.0	39.0	27.0	64.0	77.0	10.0	84.0	99.0	29.0	84.0	80.0
37.0	71.0	35.0	100.0	33.0	56.0	74.0	48.0	21.0	76.0	38.0	75.0	55.0	96.0	87.0	78.0	50.0	51.0	57.0	73.0	75.0	87.0	53.0	2.0	16.0	96.0	32.0	3.0	99.0	51.0	67.0	54.0	57.0	15.0	90.0	95.0	24.0	68.0	48.0	76.0	18.0	20.0
21.0	45.0	7.0	55.0	57.0	28.0	63.0	7.0	47.0	86.0	59.0	94.0	97.0	65.0	55.0	53.0	98.0	92.0	83.0	74.0	50.0	91.0	84.0	55.0	21.0	31.0	99.0	52.0	64.0	77.0	23.0	77.0	64.0	88.0	22.0	35.0	96.0	13.0	94.0	34.0	7.0
61.0	72.0	32.0	89.0	1.0	80.0	83.0	73.0	21.0	13.0	6.0	96.0	48.0	26.0	55.0	86.0	10.0	99.0	28.0	63.0	23.0	27.0	35.0	5.0	28.0	81.0	56.0	56.0	95.0	41.0	87.0	33.0	15.0	83.0	46.0	56.0	96.0	4.0	37.0	42.0
42.0	19.0	15.0	69.0	20.0	88.0	33.0	46.0	42.0	68.0	93.0	53.0	38.0	20.0	7.0	62.0	14.0	77.0	89.0	42.0	97.0	60.0	9.0	86.0	1.0	41.0	33.0	8.0	11.0	1.0	65.0	11.0	88.0	45.0	76.0	75.0	82.0	45.0	72.0
38.0	75.0	73.0	12.0	90.0	26.0	51.0	1.0	6.0	96.0	69.0	79.0	23.0	6.0	62.0	23.0	42.0	65.0	25.0	67.0	75.0	97.0	12.0	60.0	59.0	67.0	89.0	92.0	16.0	59.0	14.0	31.0	62.0	33.0	83.0	25.0	57.0	12.0
10.0	66.0	32.0	96.0	76.0	38.0	79.0	97.0	19.0	35.0	25.0	98.0	67.0	2.0	10.0	20.0	45.0	2.0	13.0	84.0	5.0	54.0	66.0	59.0	36.0	61.0	69.0	68.0	20.0	73.0	37.0	29.0	64.0	48.0	1.0	24.0	7.0
64.0	56.0	15.0	79.0	85.0	62.0	93.0	88.0	9.0	89.0	80.0	12.0	76.0	4.0	100.0	83.0	42.0	23.0	10.0	91.0	9.0	45.0	18.0	95.0	31.0	6.0	51.0	13.0	97.0	28.0	70.0	100.0	90.0	83.0	33.0	16.0
84.0	4.0	49.0	53.0	27.0	26.0	86.0	94.0	52.0	94.0	21.0	67.0	45.0	97.0	84.0	35.0	21.0	34.0	77.0	63.0	38.0	72.0	4.0	46.0	30.0	29.0	79.0	92.0	50.0	44.0	6.0	56.0	78.0	13.0	6.0
41.0	25.0	35.0	4.0	42.0	96.0	12.0	95.0	68.0	89.0	82.0	76.0	23.0	88.0	58.0	73.0	83.0	12.0	1.0	88.0	37.0	41.0	9.0	41.0	38.0	58.0	73.0	68.0	76.0	36.0	65.0	85.0	1.0	37.0
25.0	38.0	16.0	84.0	83.0	72.0	57.0	37.0	21.0	87.0	89.0	46.0	43.0	93.0	100.0	62.0	88.0	8.0	35.0	71.0	14.0	23.0	75.0	29.0	82.0	31.0	49.0	88.0	65.0	85.0	94.0	88.0	99.0
27.0	71.0	60.0	32.0	54.0	42.0	82.0	46.0	12.0	38.0	93.0	33.0	47.0	21.0	66.0	52.0	96.0	75.0	94.0	54.0	66.0	50.0	98.0	42.0	59.0	7.0	79.0	100.0	14.0	58.0	91.0	75.0
20.0	62.0	68.0	12.0	35.0	25.0	72.0	32.0	86.0	9.0	91.0	39.0	51.0	66.0	32.0	73.0	48.0	1.0	12.0	23.0	100.0	10.0	30.0	71.0	4.0	88.0	22.0	61.0	72.0	55.0	69.0
50.0	62.0	25.0	12.0	63.0	2.0	95.0	53.0	40.0	56.0	96.0	83.0	42.0	18.0	58.0	16.0	55.0	95.0	9.0	18.0	7.0	35.0	98.0	87.0	89.0	55.0	32.0	79.0	88.0	63.0
44.0	94.0	70.0	83.0	43.0	44.0	24.0	96.0	4.0	40.0	36.0	76.0	61.0	23.0	6.0	95.0	37.0	45.0	73.0	97.0	29.0	87.0	44.0	35.0	4.0	70.0	88.0	6.0	57.0
14.0	33.0	77.0	20.0	40.0	94.0	47.0	15.0	23.0	35.0	84.0	22.0	86.0	98.0	37.0	98.0	5.0	85.0	44.0	95.0	4.0	59.0	20.0	88.0	63.0	12.0	85.0	8.0
59.0	99.0	36.0	28.0	95.0	47.0	84.0	28.0	74.0	42.0	79.0	85.0	96.0	18.0	77.0	51.0	86.0	88.0	11.0	47.0	98.0	41.0	10.0	65.0	12.0	35.0	40.0
55.0	20.0	92.0	43.0	72.0	89.0	30.0	7.0	60.0	43.0	7.0	25.0	45.0	64.0	54.0	52.0	45.0	33.0	91.0	48.0	41.0	6.0	91.0	47.0	82.0	31.0
4.0	76.0	31.0	52.0	34.0	68.0	32.0	5.0	68.0	93.0	25.0	17.0	84.0	37.0	49.0	91.0	29.0	23.0	25.0	68.0	20.0	62.0	79.0	11.0	31.0
96.0	100.0	11.0	4.0	10.0	47.0	2.0	74.0	13.0	67.0	16.0	46.0	6.0	89.0	89.0	3.0	52.0	33.0	44.0	48.0	78.0	44.0	16.0	65.0
88.0	75.0	52.0	41.0	41.0	93.0	82.0	7.0	81.0	71.0	81.0	12.0	72.0	87.0	89.0	64.0	44.0	94.0	34.0	25.0	10.0	100.0	23.0
59.0	90.0	72.0	38.0	25.0	29.0	92.0	55.0	60.0	57.0	97.0	34.0	77.0	68.0	34.0	5.0	88.0	10.0	15.0	60.0	38.0	52.0
45.0	49.0	37.0	21.0	36.0	30.0	71.0	69.0	60.0	17.0	19.0	70.0	42.0	90.0	46.0	60.0	19.0	39.0	65.0	4.0	3.0
25.0	92.0	71.0	80.0	97.0	28.0	76.0	12.0	99.0	3.0	5.0	23.0	35.0	56.0	46.0	37.0	41.0	94.0	63.0	40.0
57.0	58.0	20.0	24.0	25.0	13.0	89.0	12.0	90.0	89.0	55.0	41.0	56.0	25.0	60.0	97.0	25.0	15.0	86.0
82.0	65.0	22.0	65.0	36.0	64.0	72.0	54.0	20.0	37.0	35.0	77.0	24.0	90.0	83.0	19.0	79.0	82.0
77.0	30.0	29.0	87.0	29.0	64.0	44.0	41.0	90.0	60.0	60.0	48.0	72.0	42.0	66.0	4.0	65.0
25.0	10.0	62.0	1.0	92.0	55.0	72.0	91.0	66.0	84.0	64.0	84.0	24.0	2.0	48.0	46.0
44.0	43.0	87.0	78.0	47.0	80.0	72.0	89.0	41.0	91.0	11.0	24.0	39.0	87.0	2.0
13.0	85.0	93.0	60.0	61.0	13.0	20.0	84.0	46.0	93.0	97.0	78.0	3.0	81.0
78.0	17.0	74.0	66.0	92.0	43.0	28.0	87.0	49.0	39.0	82.0	83.0	38.0
79.0	35.0	75.0	73.0	20.0	84.0	74.0	88.0	3.0	95.0	35.0	18.0
49.0	70.0	93.0	76.0	86.0	13.0	59.0	50.0	76.0	35.0	34.0
81.0	79.0	4.0	38.0	52.0	20.0	69.0	70.0	10.0	55.0
29.0	2.0	91.0	47.0	36.0	86.0	7.0	15.0	46.0
98.0	45.0	33.0	13.0	25.0	54.0	42.0	58.0
8.0	14.0	76.0	82.0	62.0	93.0	83.0
18.0	49.0	8.0	28.0	26.0	54.0
42.0	63.0	28.0	73.0	55.0
98.0	46.0	46.0	49.0
50.0	35.0	37.0
87.0	55.0
13.0

26.0	27.0	48.0	19.0	40.0	30.0	29.0	18.0	29.0	30.0	33.0	5.0	8.0	34.0	46.0	14.0	28.0	30.0	16.0	23.0	44.0	32.0	39.0	43.0	48.0	5.0	23.0	25.0	26.0	12.0	45.0	43.0	27.0	28.0	47.0	48.0	1.0	6.0	24.0	42.0	46.0	29.0	3.0	26.0	50.0	45.0	13.0	27.0	20.0	32.0	8.0	10.0	34.0	15.0	20.0	22.0	10.0	21.0	7.0	35.0	11.0	41.0	45.0	5.0	11.0	28.0	41.0	14.0	14.0	39.0	2.0	2.0	40.0	11.0	14.0	14.0	4.0	21.0	16.0	35.0	25.0	44.0	11.0	22.0	5.0	15.0	4.0	50.0	6.0	47.0	47.0	11.0	41.0	30.0	36.0	21.0	38.0	10.0	12.0	38.0

676.0	676.0	676.0
