qmkp_200_25_5_006
200
5

52.0	0.0	66.0	7.0	0.0	26.0	0.0	0.0	5.0	64.0	72.0	48.0	0.0	0.0	0.0	0.0	0.0	0.0	39.0	0.0	0.0	0.0	41.0	0.0	73.0	85.0	0.0	0.0	0.0	36.0	0.0	0.0	0.0	0.0	0.0	0.0	0.0	0.0	18.0	0.0	0.0	47.0	0.0	29.0	0.0	0.0	0.0	25.0	0.0	0.0	0.0	48.0	97.0	38.0	0.0	0.0	0.0	0.0	0.0	0.0	0.0	0.0	0.0	0.0	0.0	57.0	0.0	0.0	0.0	0.0	30.0	0.0	80.0	0.0	0.0	10.0	0.0	0.0	0.0	65.0	36.0	0.0	76.0	67.0	0.0	44.0	97.0	0.0	0.0	0.0	0.0	0.0	0.0	0.0	78.0	0.0	0.0	0.0	0.0	0.0	0.0	0.0	0.0	0.0	0.0	0.0	0.0	75.0	0.0	0.0	0.0	0.0	0.0	37.0	0.0	86.0	0.0	0.0	31.0	0.0	0.0	0.0	0.0	0.0	0.0	0.0	0.0	0.0	0.0	78.0	0.0	45.0	96.0	0.0	0.0	0.0	2.0	0.0	0.0	9.0	91.0	0.0	0.0	0.0	0.0	97.0	0.0	0.0	0.0	0.0	0.0	0.0	86.0	0.0	0.0	0.0	0.0	89.0	0.0	42.0	0.0	38.0	76.0	7.0	0.0	0.0	0.0	0.0	0.0	0.0	0.0	0.0	23.0	73.0	91.0	45.0	51.0	0.0	0.0	0.0	79.0	28.0	0.0	0.0	56.0	0.0	0.0	0.0	35.0	0.0	0.0	42.0	0.0	0.0	0.0	0.0	0.0	0.0	0.0	0.0
0.0	0.0	0.0	0.0	88.0	17.0	0.0	0.0	0.0	0.0	80.0	0.0	0.0	53.0	6.0	0.0	0.0	0.0	100.0	0.0	0.0	0.0	0.0	0.0	0.0	0.0	1.0	0.0	40.0	0.0	0.0	0.0	0.0	0.0	0.0	0.0	0.0	77.0	75.0	0.0	0.0	0.0	0.0	42.0	0.0	0.0	51.0	0.0	14.0	0.0	0.0	98.0	0.0	0.0	0.0	0.0	0.0	54.0	81.0	0.0	0.0	0.0	0.0	0.0	0.0	0.0	31.0	66.0	0.0	0.0	67.0	52.0	72.0	0.0	0.0	61.0	0.0	0.0	0.0	12.0	10.0	0.0	0.0	0.0	0.0	79.0	0.0	0.0	0.0	0.0	0.0	0.0	100.0	0.0	0.0	0.0	0.0	0.0	0.0	0.0	0.0	0.0	0.0	0.0	0.0	99.0	47.0	0.0	35.0	0.0	0.0	72.0	0.0	0.0	0.0	58.0	0.0	0.0	0.0	0.0	0.0	0.0	0.0	91.0	0.0	0.0	0.0	91.0	0.0	0.0	0.0	0.0	0.0	0.0	7.0	0.0	0.0	17.0	0.0	64.0	0.0	69.0	0.0	0.0	0.0	0.0	0.0	0.0	60.0	0.0	0.0	0.0	0.0	9.0	0.0	0.0	15.0	0.0	0.0	1.0	0.0	63.0	0.0	0.0	0.0	36.0	0.0	0.0	0.0	0.0	0.0	60.0	59.0	0.0	0.0	0.0	0.0	0.0	0.0	0.0	0.0	0.0	7.0	0.0	7.0	0.0	0.0	41.0	0.0	67.0	0.0	0.0	38.0	29.0	38.0	0.0	0.0	0.0	0.0
0.0	0.0	0.0	0.0	0.0	0.0	0.0	0.0	0.0	0.0	0.0	0.0	26.0	100.0	0.0	0.0	0.0	0.0	0.0	0.0	0.0	0.0	0.0	0.0	0.0	0.0	0.0	0.0	66.0	0.0	0.0	67.0	0.0	0.0	0.0	0.0	0.0	0.0	74.0	22.0	0.0	0.0	89.0	0.0	40.0	0.0	0.0	79.0	0.0	4.0	0.0	0.0	0.0	0.0	0.0	0.0	0.0	0.0	0.0	0.0	0.0	0.0	46.0	0.0	0.0	0.0	0.0	0.0	14.0	0.0	0.0	96.0	0.0	0.0	0.0	0.0	0.0	0.0	0.0	13.0	14.0	0.0	0.0	0.0	0.0	48.0	0.0	0.0	63.0	0.0	37.0	0.0	0.0	0.0	70.0	0.0	59.0	30.0	0.0	0.0	0.0	0.0	4.0	0.0	0.0	0.0	0.0	0.0	0.0	0.0	0.0	0.0	0.0	0.0	34.0	0.0	0.0	40.0	0.0	0.0	0.0	0.0	0.0	0.0	0.0	46.0	60.0	0.0	0.0	0.0	0.0	0.0	0.0	16.0	0.0	0.0	0.0	0.0	0.0	0.0	0.0	84.0	0.0	0.0	0.0	0.0	0.0	4.0	0.0	0.0	0.0	46.0	0.0	0.0	0.0	0.0	0.0	0.0	0.0	0.0	0.0	0.0	81.0	0.0	0.0	0.0	0.0	0.0	0.0	0.0	0.0	0.0	0.0	0.0	38.0	27.0	58.0	0.0	0.0	44.0	0.0	0.0	50.0	95.0	0.0	0.0	0.0	4.0	69.0	0.0	0.0	0.0	0.0	0.0	78.0	82.0	0.0	0.0
0.0	0.0	0.0	0.0	0.0	23.0	25.0	8.0	25.0	0.0	0.0	0.0	0.0	13.0	0.0	0.0	0.0	0.0	24.0	0.0	0.0	0.0	35.0	0.0	0.0	10.0	0.0	0.0	0.0	18.0	0.0	0.0	0.0	0.0	0.0	67.0	0.0	0.0	0.0	0.0	4.0	0.0	0.0	46.0	0.0	0.0	64.0	0.0	0.0	0.0	0.0	0.0	0.0	0.0	0.0	0.0	0.0	0.0	74.0	0.0	60.0	46.0	0.0	15.0	61.0	0.0	0.0	0.0	0.0	0.0	0.0	0.0	0.0	0.0	0.0	0.0	0.0	56.0	30.0	94.0	0.0	0.0	0.0	51.0	0.0	0.0	0.0	62.0	0.0	39.0	0.0	0.0	0.0	96.0	0.0	0.0	0.0	0.0	0.0	0.0	0.0	0.0	0.0	38.0	22.0	0.0	0.0	0.0	0.0	25.0	0.0	44.0	0.0	0.0	0.0	0.0	65.0	0.0	92.0	16.0	41.0	0.0	0.0	21.0	0.0	0.0	0.0	0.0	0.0	14.0	0.0	0.0	47.0	0.0	0.0	17.0	0.0	0.0	0.0	27.0	0.0	0.0	0.0	0.0	0.0	0.0	0.0	0.0	0.0	0.0	0.0	10.0	0.0	0.0	0.0	0.0	17.0	43.0	3.0	0.0	7.0	0.0	0.0	0.0	0.0	0.0	0.0	0.0	0.0	0.0	88.0	29.0	47.0	0.0	0.0	0.0	0.0	0.0	0.0	18.0	86.0	0.0	69.0	23.0	0.0	16.0	0.0	0.0	0.0	0.0	18.0	2.0	0.0	0.0	21.0	0.0	0.0
0.0	0.0	0.0	0.0	0.0	0.0	0.0	0.0	0.0	100.0	26.0	0.0	0.0	0.0	72.0	22.0	0.0	0.0	0.0	0.0	0.0	0.0	9.0	36.0	29.0	0.0	0.0	0.0	27.0	0.0	0.0	0.0	100.0	0.0	0.0	0.0	41.0	0.0	3.0	0.0	95.0	0.0	78.0	0.0	0.0	0.0	4.0	0.0	0.0	0.0	0.0	15.0	0.0	0.0	0.0	83.0	0.0	48.0	87.0	0.0	0.0	0.0	0.0	0.0	0.0	29.0	0.0	0.0	0.0	0.0	0.0	0.0	0.0	41.0	0.0	0.0	80.0	0.0	0.0	82.0	0.0	79.0	0.0	0.0	36.0	0.0	0.0	0.0	0.0	41.0	52.0	0.0	87.0	0.0	0.0	0.0	0.0	0.0	0.0	0.0	52.0	0.0	12.0	0.0	0.0	0.0	0.0	6.0	0.0	0.0	6.0	0.0	87.0	24.0	0.0	2.0	27.0	0.0	0.0	85.0	63.0	15.0	0.0	95.0	0.0	0.0	5.0	0.0	0.0	0.0	0.0	0.0	0.0	0.0	0.0	76.0	69.0	0.0	0.0	0.0	0.0	36.0	45.0	47.0	0.0	0.0	0.0	0.0	0.0	59.0	0.0	52.0	0.0	0.0	0.0	17.0	0.0	0.0	10.0	0.0	0.0	0.0	0.0	0.0	0.0	0.0	54.0	0.0	0.0	0.0	0.0	67.0	20.0	0.0	0.0	0.0	49.0	0.0	52.0	0.0	23.0	0.0	0.0	0.0	0.0	0.0	0.0	53.0	36.0	4.0	0.0	0.0	0.0	0.0	0.0	0.0
0.0	88.0	0.0	0.0	0.0	0.0	0.0	0.0	0.0	0.0	0.0	0.0	0.0	0.0	86.0	87.0	0.0	59.0	0.0	0.0	0.0	0.0	13.0	0.0	0.0	26.0	57.0	0.0	0.0	20.0	35.0	0.0	81.0	42.0	0.0	0.0	0.0	58.0	0.0	0.0	53.0	0.0	0.0	24.0	0.0	0.0	0.0	33.0	0.0	0.0	0.0	0.0	42.0	0.0	65.0	0.0	0.0	67.0	0.0	88.0	0.0	60.0	0.0	0.0	0.0	0.0	0.0	0.0	0.0	0.0	0.0	0.0	80.0	0.0	0.0	0.0	0.0	38.0	0.0	0.0	0.0	0.0	0.0	0.0	0.0	0.0	84.0	0.0	0.0	53.0	0.0	32.0	0.0	0.0	15.0	0.0	4.0	0.0	0.0	0.0	44.0	0.0	0.0	0.0	0.0	86.0	0.0	0.0	0.0	0.0	0.0	0.0	0.0	0.0	80.0	0.0	31.0	0.0	78.0	0.0	0.0	0.0	82.0	12.0	59.0	0.0	83.0	0.0	0.0	0.0	0.0	85.0	0.0	0.0	0.0	0.0	0.0	0.0	33.0	79.0	62.0	41.0	0.0	0.0	0.0	0.0	0.0	0.0	0.0	0.0	18.0	0.0	0.0	0.0	44.0	0.0	0.0	90.0	0.0	0.0	82.0	53.0	0.0	25.0	0.0	12.0	0.0	0.0	0.0	29.0	0.0	0.0	0.0	0.0	59.0	0.0	0.0	0.0	0.0	0.0	0.0	0.0	0.0	39.0	0.0	0.0	0.0	24.0	18.0	36.0	42.0	0.0	0.0	0.0	68.0
9.0	63.0	0.0	0.0	0.0	81.0	0.0	0.0	0.0	0.0	0.0	0.0	0.0	0.0	0.0	0.0	0.0	88.0	0.0	61.0	0.0	0.0	0.0	0.0	0.0	89.0	0.0	22.0	0.0	0.0	0.0	0.0	0.0	0.0	73.0	0.0	0.0	0.0	0.0	0.0	0.0	0.0	0.0	0.0	15.0	0.0	0.0	0.0	0.0	0.0	0.0	0.0	0.0	57.0	39.0	0.0	0.0	72.0	0.0	0.0	4.0	0.0	0.0	0.0	0.0	0.0	82.0	0.0	68.0	0.0	0.0	2.0	0.0	0.0	0.0	0.0	0.0	0.0	23.0	0.0	86.0	0.0	0.0	0.0	0.0	0.0	31.0	0.0	80.0	10.0	58.0	0.0	0.0	0.0	0.0	0.0	96.0	0.0	0.0	0.0	0.0	0.0	0.0	0.0	91.0	0.0	0.0	0.0	0.0	27.0	0.0	0.0	9.0	88.0	0.0	0.0	0.0	64.0	49.0	0.0	0.0	0.0	0.0	0.0	0.0	0.0	0.0	0.0	0.0	0.0	0.0	66.0	0.0	0.0	0.0	54.0	0.0	20.0	0.0	94.0	0.0	0.0	0.0	0.0	0.0	0.0	0.0	0.0	0.0	49.0	36.0	0.0	70.0	64.0	72.0	0.0	0.0	0.0	81.0	0.0	0.0	0.0	57.0	0.0	0.0	0.0	0.0	50.0	33.0	3.0	0.0	0.0	0.0	0.0	0.0	0.0	36.0	0.0	0.0	0.0	0.0	18.0	0.0	66.0	57.0	0.0	0.0	0.0	0.0	0.0	0.0	0.0	28.0	0.0
0.0	38.0	95.0	95.0	41.0	0.0	0.0	61.0	0.0	17.0	0.0	0.0	0.0	0.0	0.0	0.0	0.0	0.0	31.0	0.0	89.0	81.0	0.0	0.0	30.0	0.0	0.0	0.0	0.0	0.0	7.0	0.0	0.0	0.0	28.0	0.0	0.0	0.0	0.0	0.0	14.0	0.0	0.0	0.0	0.0	0.0	0.0	0.0	0.0	0.0	0.0	18.0	0.0	51.0	0.0	0.0	0.0	0.0	79.0	0.0	0.0	61.0	0.0	0.0	0.0	0.0	29.0	0.0	0.0	0.0	0.0	0.0	0.0	0.0	0.0	0.0	0.0	0.0	63.0	0.0	0.0	0.0	0.0	0.0	0.0	0.0	0.0	0.0	0.0	34.0	0.0	0.0	0.0	0.0	89.0	0.0	36.0	0.0	0.0	0.0	0.0	0.0	0.0	0.0	0.0	0.0	42.0	27.0	65.0	0.0	0.0	0.0	0.0	0.0	25.0	0.0	0.0	0.0	0.0	0.0	0.0	0.0	0.0	0.0	73.0	5.0	37.0	0.0	0.0	0.0	0.0	0.0	8.0	0.0	0.0	0.0	67.0	0.0	0.0	0.0	0.0	97.0	0.0	0.0	0.0	0.0	76.0	0.0	78.0	0.0	0.0	0.0	36.0	34.0	0.0	0.0	98.0	89.0	0.0	0.0	0.0	0.0	0.0	0.0	0.0	0.0	0.0	0.0	0.0	83.0	0.0	0.0	0.0	0.0	0.0	16.0	0.0	0.0	0.0	0.0	0.0	0.0	0.0	0.0	0.0	0.0	0.0	78.0	0.0	0.0	0.0	0.0	0.0
0.0	0.0	0.0	0.0	0.0	0.0	0.0	63.0	51.0	0.0	0.0	0.0	0.0	99.0	0.0	0.0	0.0	0.0	39.0	0.0	0.0	0.0	0.0	0.0	0.0	0.0	0.0	0.0	0.0	0.0	26.0	0.0	0.0	91.0	0.0	0.0	0.0	0.0	20.0	0.0	43.0	0.0	0.0	68.0	0.0	69.0	0.0	52.0	0.0	0.0	0.0	0.0	8.0	0.0	0.0	0.0	0.0	3.0	0.0	0.0	0.0	0.0	0.0	0.0	0.0	0.0	0.0	0.0	0.0	0.0	0.0	0.0	0.0	0.0	0.0	28.0	0.0	0.0	0.0	0.0	0.0	0.0	0.0	11.0	78.0	0.0	58.0	0.0	0.0	0.0	0.0	0.0	0.0	0.0	0.0	0.0	94.0	0.0	0.0	73.0	0.0	0.0	86.0	0.0	0.0	0.0	0.0	0.0	0.0	0.0	0.0	0.0	0.0	0.0	0.0	97.0	0.0	0.0	12.0	63.0	0.0	0.0	16.0	0.0	0.0	0.0	57.0	0.0	51.0	0.0	0.0	0.0	0.0	0.0	0.0	0.0	0.0	0.0	0.0	0.0	28.0	0.0	72.0	0.0	61.0	0.0	24.0	97.0	0.0	0.0	0.0	0.0	0.0	49.0	0.0	86.0	79.0	0.0	0.0	93.0	0.0	0.0	0.0	0.0	0.0	0.0	0.0	0.0	49.0	0.0	0.0	28.0	0.0	0.0	63.0	16.0	0.0	15.0	0.0	0.0	0.0	51.0	0.0	79.0	39.0	0.0	0.0	0.0	0.0	0.0	0.0	89.0
0.0	0.0	0.0	37.0	2.0	0.0	31.0	85.0	0.0	0.0	0.0	0.0	89.0	0.0	0.0	0.0	0.0	31.0	0.0	0.0	0.0	0.0	15.0	0.0	0.0	0.0	0.0	0.0	0.0	0.0	0.0	49.0	0.0	60.0	0.0	0.0	0.0	0.0	0.0	0.0	0.0	10.0	45.0	0.0	0.0	39.0	0.0	0.0	0.0	0.0	83.0	0.0	0.0	98.0	0.0	0.0	0.0	0.0	0.0	0.0	0.0	0.0	0.0	7.0	0.0	0.0	0.0	0.0	0.0	0.0	71.0	0.0	0.0	0.0	0.0	93.0	0.0	58.0	47.0	0.0	46.0	0.0	12.0	38.0	0.0	0.0	0.0	21.0	0.0	0.0	0.0	0.0	0.0	0.0	0.0	36.0	0.0	0.0	11.0	0.0	0.0	0.0	0.0	0.0	0.0	0.0	37.0	0.0	37.0	0.0	0.0	0.0	0.0	35.0	0.0	33.0	0.0	0.0	0.0	0.0	72.0	0.0	100.0	0.0	1.0	32.0	0.0	0.0	0.0	38.0	0.0	0.0	0.0	0.0	67.0	0.0	0.0	0.0	0.0	0.0	0.0	0.0	94.0	0.0	0.0	53.0	10.0	85.0	0.0	0.0	0.0	0.0	20.0	11.0	0.0	1.0	0.0	51.0	55.0	0.0	0.0	0.0	0.0	0.0	0.0	0.0	0.0	0.0	57.0	0.0	0.0	0.0	0.0	0.0	0.0	0.0	80.0	0.0	44.0	0.0	0.0	0.0	67.0	0.0	0.0	53.0	0.0	0.0	0.0	0.0	0.0
0.0	79.0	0.0	0.0	0.0	0.0	0.0	25.0	0.0	0.0	0.0	0.0	0.0	0.0	0.0	63.0	0.0	0.0	0.0	0.0	0.0	94.0	0.0	40.0	0.0	0.0	90.0	0.0	0.0	0.0	56.0	0.0	0.0	16.0	0.0	0.0	0.0	0.0	0.0	0.0	0.0	0.0	0.0	75.0	0.0	0.0	0.0	0.0	0.0	0.0	33.0	0.0	0.0	0.0	0.0	0.0	18.0	0.0	17.0	0.0	0.0	0.0	6.0	69.0	0.0	0.0	0.0	32.0	0.0	0.0	0.0	0.0	0.0	0.0	0.0	0.0	58.0	43.0	0.0	58.0	0.0	0.0	0.0	0.0	30.0	91.0	19.0	0.0	0.0	2.0	0.0	0.0	0.0	0.0	27.0	0.0	0.0	0.0	8.0	31.0	0.0	0.0	0.0	0.0	59.0	0.0	0.0	0.0	92.0	21.0	71.0	43.0	43.0	35.0	70.0	62.0	0.0	0.0	0.0	0.0	0.0	0.0	0.0	0.0	0.0	0.0	0.0	0.0	0.0	38.0	32.0	0.0	0.0	25.0	0.0	0.0	0.0	0.0	0.0	0.0	42.0	0.0	56.0	0.0	0.0	0.0	0.0	85.0	0.0	82.0	0.0	95.0	0.0	0.0	0.0	0.0	68.0	0.0	0.0	0.0	96.0	0.0	35.0	0.0	0.0	0.0	0.0	0.0	0.0	0.0	31.0	95.0	0.0	0.0	90.0	53.0	0.0	0.0	45.0	0.0	0.0	0.0	0.0	0.0	0.0	0.0	0.0	0.0	93.0	0.0
0.0	0.0	0.0	81.0	0.0	13.0	62.0	0.0	0.0	0.0	0.0	0.0	19.0	0.0	0.0	0.0	0.0	0.0	49.0	0.0	0.0	0.0	0.0	0.0	0.0	0.0	0.0	0.0	0.0	0.0	0.0	0.0	0.0	0.0	5.0	0.0	64.0	0.0	66.0	0.0	20.0	0.0	0.0	0.0	0.0	0.0	0.0	0.0	0.0	0.0	0.0	0.0	0.0	0.0	5.0	0.0	30.0	0.0	0.0	0.0	19.0	0.0	0.0	0.0	0.0	0.0	0.0	0.0	52.0	0.0	0.0	0.0	0.0	0.0	0.0	35.0	0.0	0.0	0.0	0.0	0.0	51.0	62.0	0.0	0.0	0.0	0.0	0.0	14.0	0.0	94.0	73.0	48.0	0.0	0.0	0.0	0.0	31.0	81.0	0.0	76.0	57.0	0.0	0.0	0.0	0.0	0.0	3.0	0.0	0.0	0.0	23.0	0.0	28.0	0.0	0.0	0.0	0.0	0.0	0.0	0.0	97.0	43.0	0.0	0.0	0.0	0.0	0.0	0.0	0.0	0.0	0.0	0.0	97.0	0.0	12.0	0.0	0.0	25.0	0.0	0.0	35.0	2.0	0.0	0.0	0.0	0.0	0.0	0.0	0.0	16.0	0.0	0.0	0.0	0.0	0.0	0.0	0.0	0.0	7.0	0.0	30.0	0.0	0.0	0.0	0.0	0.0	0.0	0.0	0.0	0.0	0.0	0.0	0.0	86.0	0.0	11.0	0.0	0.0	0.0	0.0	0.0	0.0	0.0	24.0	0.0	0.0	0.0	0.0
0.0	0.0	0.0	0.0	41.0	0.0	0.0	0.0	0.0	0.0	0.0	45.0	0.0	0.0	0.0	70.0	0.0	0.0	0.0	0.0	0.0	4.0	0.0	0.0	0.0	0.0	0.0	81.0	0.0	13.0	0.0	25.0	0.0	0.0	0.0	0.0	97.0	0.0	0.0	67.0	0.0	0.0	6.0	0.0	57.0	0.0	0.0	0.0	66.0	0.0	93.0	0.0	0.0	0.0	0.0	0.0	0.0	81.0	0.0	0.0	0.0	0.0	0.0	0.0	0.0	0.0	73.0	0.0	0.0	69.0	0.0	0.0	0.0	0.0	87.0	0.0	0.0	0.0	0.0	99.0	0.0	0.0	0.0	0.0	98.0	0.0	0.0	0.0	79.0	88.0	50.0	0.0	34.0	0.0	84.0	0.0	0.0	0.0	0.0	0.0	0.0	0.0	0.0	0.0	0.0	0.0	0.0	0.0	0.0	0.0	49.0	0.0	0.0	86.0	88.0	0.0	0.0	0.0	0.0	0.0	0.0	0.0	0.0	0.0	0.0	0.0	0.0	0.0	73.0	0.0	0.0	0.0	0.0	3.0	89.0	0.0	63.0	0.0	0.0	38.0	0.0	97.0	0.0	0.0	0.0	0.0	0.0	0.0	0.0	0.0	0.0	0.0	0.0	0.0	0.0	88.0	58.0	0.0	0.0	0.0	6.0	0.0	0.0	0.0	0.0	98.0	0.0	0.0	0.0	0.0	0.0	45.0	0.0	19.0	0.0	0.0	37.0	58.0	0.0	0.0	88.0	0.0	0.0	0.0	69.0	77.0	99.0	40.0
0.0	0.0	0.0	0.0	0.0	0.0	0.0	0.0	50.0	0.0	0.0	0.0	0.0	91.0	59.0	0.0	0.0	0.0	0.0	0.0	0.0	97.0	0.0	0.0	0.0	0.0	0.0	0.0	0.0	0.0	77.0	24.0	38.0	0.0	50.0	0.0	0.0	0.0	0.0	0.0	0.0	0.0	0.0	0.0	0.0	0.0	0.0	68.0	65.0	6.0	0.0	0.0	0.0	0.0	0.0	34.0	98.0	0.0	6.0	56.0	0.0	0.0	0.0	48.0	0.0	0.0	0.0	0.0	59.0	18.0	12.0	0.0	0.0	65.0	100.0	0.0	0.0	0.0	0.0	0.0	0.0	0.0	0.0	0.0	0.0	0.0	0.0	0.0	0.0	0.0	0.0	0.0	0.0	0.0	0.0	0.0	0.0	47.0	0.0	0.0	0.0	22.0	62.0	0.0	0.0	0.0	37.0	0.0	89.0	51.0	0.0	0.0	0.0	0.0	94.0	0.0	14.0	0.0	0.0	0.0	0.0	0.0	0.0	0.0	0.0	0.0	0.0	0.0	0.0	0.0	0.0	0.0	57.0	0.0	36.0	68.0	0.0	0.0	0.0	0.0	0.0	0.0	8.0	0.0	0.0	98.0	52.0	45.0	0.0	0.0	0.0	0.0	0.0	0.0	0.0	0.0	0.0	0.0	85.0	12.0	0.0	0.0	0.0	16.0	0.0	0.0	59.0	0.0	0.0	0.0	0.0	0.0	0.0	0.0	0.0	0.0	0.0	0.0	0.0	19.0	0.0	0.0	0.0	0.0	0.0	67.0	38.0
0.0	0.0	0.0	0.0	0.0	0.0	0.0	0.0	0.0	0.0	0.0	0.0	0.0	0.0	0.0	0.0	0.0	0.0	0.0	8.0	91.0	0.0	74.0	0.0	0.0	0.0	0.0	0.0	52.0	0.0	0.0	39.0	0.0	0.0	0.0	61.0	0.0	0.0	0.0	91.0	0.0	88.0	0.0	0.0	9.0	81.0	25.0	0.0	0.0	0.0	0.0	0.0	0.0	0.0	30.0	0.0	66.0	0.0	0.0	66.0	27.0	0.0	0.0	23.0	0.0	8.0	0.0	32.0	0.0	0.0	0.0	0.0	13.0	6.0	0.0	0.0	0.0	0.0	0.0	0.0	0.0	0.0	65.0	0.0	0.0	0.0	54.0	0.0	0.0	0.0	0.0	0.0	0.0	0.0	0.0	0.0	0.0	0.0	0.0	0.0	0.0	0.0	0.0	0.0	94.0	0.0	0.0	0.0	0.0	0.0	32.0	0.0	0.0	0.0	0.0	0.0	0.0	0.0	0.0	0.0	0.0	0.0	95.0	0.0	0.0	0.0	0.0	0.0	0.0	0.0	0.0	0.0	0.0	58.0	77.0	0.0	74.0	0.0	0.0	0.0	0.0	0.0	0.0	0.0	31.0	0.0	0.0	0.0	0.0	0.0	0.0	0.0	0.0	0.0	0.0	0.0	47.0	65.0	0.0	0.0	93.0	28.0	89.0	0.0	25.0	0.0	0.0	0.0	0.0	0.0	0.0	0.0	0.0	0.0	50.0	0.0	0.0	0.0	0.0	0.0	0.0	82.0	0.0	0.0	0.0	0.0
0.0	0.0	0.0	0.0	0.0	90.0	0.0	57.0	0.0	0.0	0.0	0.0	31.0	0.0	0.0	0.0	0.0	0.0	0.0	0.0	0.0	34.0	0.0	0.0	0.0	0.0	0.0	0.0	71.0	0.0	0.0	35.0	0.0	0.0	0.0	0.0	97.0	0.0	0.0	0.0	0.0	0.0	0.0	45.0	0.0	72.0	0.0	98.0	0.0	13.0	0.0	36.0	0.0	0.0	0.0	55.0	0.0	0.0	0.0	0.0	0.0	23.0	93.0	45.0	0.0	0.0	0.0	0.0	0.0	0.0	0.0	0.0	0.0	15.0	0.0	22.0	79.0	0.0	0.0	0.0	0.0	0.0	0.0	0.0	25.0	0.0	48.0	0.0	0.0	0.0	0.0	0.0	0.0	0.0	0.0	0.0	0.0	0.0	76.0	44.0	0.0	86.0	0.0	14.0	0.0	0.0	0.0	0.0	0.0	0.0	0.0	5.0	0.0	0.0	0.0	0.0	23.0	0.0	0.0	0.0	74.0	0.0	0.0	0.0	0.0	0.0	59.0	0.0	0.0	70.0	57.0	0.0	0.0	0.0	0.0	71.0	46.0	0.0	0.0	0.0	0.0	0.0	41.0	77.0	0.0	18.0	0.0	0.0	0.0	0.0	0.0	80.0	0.0	0.0	6.0	0.0	79.0	0.0	0.0	0.0	0.0	0.0	0.0	31.0	50.0	0.0	0.0	0.0	0.0	0.0	0.0	0.0	2.0	92.0	0.0	0.0	0.0	0.0	3.0	0.0	0.0	48.0	98.0	0.0	0.0
63.0	0.0	0.0	0.0	0.0	0.0	0.0	0.0	0.0	0.0	57.0	0.0	0.0	0.0	0.0	79.0	10.0	0.0	0.0	0.0	4.0	0.0	0.0	0.0	0.0	0.0	41.0	0.0	0.0	49.0	0.0	0.0	74.0	0.0	97.0	0.0	0.0	0.0	45.0	0.0	0.0	0.0	0.0	0.0	0.0	0.0	0.0	0.0	76.0	0.0	0.0	0.0	0.0	0.0	62.0	58.0	0.0	0.0	0.0	44.0	0.0	0.0	63.0	69.0	6.0	0.0	0.0	0.0	0.0	0.0	0.0	0.0	0.0	0.0	0.0	0.0	0.0	9.0	28.0	0.0	0.0	0.0	0.0	0.0	54.0	0.0	11.0	7.0	0.0	0.0	0.0	34.0	0.0	0.0	46.0	0.0	0.0	0.0	14.0	0.0	0.0	0.0	18.0	29.0	8.0	0.0	0.0	0.0	35.0	0.0	0.0	0.0	12.0	0.0	0.0	3.0	73.0	29.0	0.0	16.0	0.0	27.0	0.0	0.0	0.0	0.0	0.0	87.0	19.0	0.0	61.0	0.0	0.0	0.0	0.0	0.0	0.0	0.0	0.0	0.0	94.0	92.0	0.0	0.0	21.0	0.0	0.0	0.0	33.0	31.0	1.0	0.0	0.0	0.0	56.0	0.0	0.0	0.0	73.0	0.0	0.0	0.0	0.0	0.0	0.0	0.0	95.0	44.0	0.0	47.0	0.0	0.0	48.0	87.0	0.0	48.0	0.0	0.0	27.0	0.0	47.0	0.0	12.0	0.0
0.0	0.0	0.0	16.0	0.0	0.0	0.0	7.0	0.0	0.0	0.0	0.0	0.0	52.0	0.0	73.0	0.0	0.0	0.0	0.0	42.0	0.0	0.0	0.0	0.0	0.0	0.0	0.0	0.0	0.0	54.0	66.0	92.0	0.0	0.0	0.0	0.0	0.0	79.0	0.0	0.0	0.0	0.0	0.0	0.0	0.0	0.0	15.0	0.0	0.0	0.0	9.0	0.0	0.0	0.0	86.0	57.0	0.0	89.0	0.0	0.0	0.0	0.0	0.0	0.0	0.0	0.0	64.0	0.0	0.0	0.0	0.0	0.0	0.0	0.0	71.0	0.0	53.0	0.0	0.0	0.0	58.0	0.0	0.0	32.0	0.0	0.0	0.0	29.0	52.0	0.0	57.0	0.0	0.0	90.0	0.0	0.0	0.0	0.0	0.0	98.0	0.0	23.0	85.0	85.0	0.0	49.0	38.0	0.0	0.0	0.0	0.0	0.0	0.0	0.0	7.0	0.0	0.0	0.0	10.0	0.0	61.0	0.0	92.0	0.0	0.0	0.0	0.0	0.0	0.0	0.0	0.0	12.0	0.0	0.0	0.0	0.0	0.0	0.0	0.0	0.0	0.0	0.0	1.0	0.0	0.0	0.0	0.0	0.0	50.0	21.0	0.0	0.0	0.0	89.0	0.0	0.0	23.0	0.0	0.0	0.0	0.0	0.0	0.0	62.0	0.0	0.0	27.0	0.0	0.0	0.0	41.0	0.0	0.0	20.0	0.0	88.0	0.0	0.0	91.0	0.0	0.0	0.0
70.0	0.0	0.0	0.0	0.0	0.0	0.0	0.0	59.0	0.0	0.0	0.0	38.0	0.0	54.0	75.0	68.0	0.0	0.0	61.0	0.0	0.0	0.0	0.0	0.0	54.0	0.0	27.0	19.0	0.0	0.0	0.0	0.0	0.0	13.0	0.0	22.0	0.0	0.0	23.0	0.0	0.0	0.0	0.0	0.0	0.0	65.0	0.0	3.0	0.0	0.0	0.0	0.0	0.0	0.0	69.0	0.0	0.0	0.0	0.0	0.0	0.0	0.0	0.0	0.0	0.0	0.0	12.0	0.0	40.0	0.0	0.0	0.0	83.0	0.0	0.0	0.0	0.0	96.0	0.0	0.0	0.0	0.0	92.0	0.0	0.0	18.0	91.0	28.0	0.0	0.0	30.0	45.0	0.0	0.0	0.0	64.0	0.0	16.0	17.0	0.0	0.0	0.0	0.0	0.0	0.0	0.0	0.0	0.0	56.0	86.0	0.0	0.0	37.0	68.0	0.0	0.0	64.0	0.0	56.0	0.0	0.0	0.0	0.0	0.0	0.0	0.0	0.0	0.0	0.0	51.0	0.0	0.0	58.0	37.0	0.0	0.0	6.0	0.0	0.0	0.0	0.0	0.0	15.0	0.0	0.0	0.0	0.0	0.0	0.0	0.0	0.0	27.0	0.0	0.0	0.0	0.0	0.0	0.0	0.0	99.0	0.0	0.0	0.0	0.0	0.0	0.0	18.0	0.0	32.0	65.0	13.0	0.0	85.0	0.0	100.0	0.0	29.0	0.0	0.0	0.0	0.0
0.0	4.0	0.0	0.0	81.0	0.0	0.0	0.0	0.0	0.0	0.0	0.0	0.0	0.0	0.0	0.0	75.0	91.0	0.0	28.0	0.0	0.0	86.0	0.0	57.0	0.0	0.0	70.0	90.0	27.0	0.0	0.0	38.0	0.0	0.0	83.0	0.0	85.0	0.0	0.0	0.0	0.0	0.0	0.0	0.0	0.0	0.0	87.0	83.0	0.0	0.0	39.0	37.0	0.0	0.0	12.0	0.0	0.0	0.0	0.0	0.0	0.0	0.0	0.0	0.0	0.0	98.0	96.0	83.0	72.0	0.0	0.0	85.0	0.0	0.0	18.0	37.0	0.0	41.0	0.0	0.0	44.0	0.0	0.0	8.0	0.0	0.0	68.0	0.0	0.0	13.0	25.0	0.0	100.0	21.0	0.0	10.0	0.0	0.0	0.0	0.0	0.0	0.0	0.0	55.0	86.0	0.0	78.0	22.0	9.0	45.0	0.0	0.0	0.0	0.0	0.0	0.0	0.0	99.0	71.0	0.0	0.0	0.0	1.0	0.0	0.0	0.0	0.0	0.0	0.0	0.0	0.0	0.0	0.0	0.0	44.0	0.0	0.0	0.0	0.0	0.0	0.0	0.0	0.0	0.0	0.0	0.0	0.0	0.0	0.0	0.0	0.0	0.0	0.0	24.0	0.0	0.0	0.0	0.0	0.0	0.0	0.0	0.0	30.0	0.0	34.0	0.0	99.0	0.0	0.0	0.0	0.0	0.0	0.0	47.0	0.0	88.0	44.0	66.0	0.0	0.0
2.0	0.0	98.0	0.0	58.0	46.0	0.0	0.0	0.0	0.0	0.0	0.0	0.0	0.0	68.0	78.0	95.0	0.0	60.0	0.0	0.0	91.0	0.0	0.0	0.0	0.0	0.0	0.0	37.0	0.0	0.0	0.0	0.0	94.0	0.0	0.0	12.0	0.0	0.0	0.0	0.0	0.0	0.0	0.0	69.0	0.0	88.0	96.0	0.0	0.0	0.0	0.0	100.0	11.0	93.0	0.0	96.0	0.0	87.0	0.0	0.0	0.0	0.0	0.0	25.0	0.0	0.0	54.0	9.0	0.0	0.0	13.0	0.0	66.0	54.0	0.0	0.0	0.0	0.0	98.0	0.0	10.0	0.0	0.0	16.0	46.0	70.0	0.0	0.0	0.0	0.0	0.0	0.0	0.0	0.0	0.0	0.0	0.0	0.0	5.0	59.0	0.0	0.0	0.0	0.0	18.0	0.0	0.0	0.0	0.0	0.0	18.0	0.0	18.0	0.0	21.0	0.0	0.0	0.0	66.0	0.0	18.0	0.0	0.0	0.0	0.0	0.0	76.0	0.0	41.0	0.0	0.0	0.0	0.0	0.0	0.0	0.0	0.0	0.0	0.0	55.0	0.0	71.0	0.0	0.0	58.0	59.0	0.0	0.0	0.0	0.0	0.0	0.0	0.0	0.0	69.0	0.0	0.0	0.0	0.0	0.0	0.0	0.0	0.0	77.0	0.0	0.0	0.0	38.0	72.0	26.0	0.0	0.0	0.0	0.0	9.0	0.0	2.0	0.0	0.0
0.0	58.0	0.0	0.0	0.0	59.0	0.0	0.0	0.0	0.0	0.0	0.0	0.0	0.0	0.0	0.0	40.0	0.0	0.0	0.0	50.0	60.0	0.0	0.0	0.0	99.0	0.0	0.0	0.0	0.0	0.0	0.0	0.0	0.0	0.0	0.0	10.0	17.0	0.0	100.0	0.0	0.0	86.0	77.0	40.0	0.0	0.0	0.0	0.0	16.0	0.0	0.0	0.0	2.0	19.0	0.0	0.0	0.0	0.0	0.0	19.0	0.0	0.0	0.0	0.0	95.0	0.0	83.0	0.0	0.0	0.0	0.0	86.0	90.0	83.0	0.0	90.0	0.0	8.0	64.0	58.0	0.0	0.0	0.0	0.0	0.0	0.0	68.0	0.0	0.0	16.0	75.0	0.0	0.0	0.0	0.0	0.0	0.0	0.0	87.0	0.0	0.0	38.0	0.0	0.0	58.0	0.0	94.0	0.0	0.0	0.0	0.0	0.0	0.0	0.0	0.0	0.0	0.0	0.0	98.0	64.0	0.0	66.0	0.0	0.0	0.0	0.0	0.0	0.0	0.0	0.0	85.0	0.0	0.0	0.0	0.0	0.0	0.0	0.0	0.0	24.0	60.0	1.0	0.0	0.0	0.0	0.0	0.0	77.0	0.0	12.0	0.0	0.0	63.0	0.0	0.0	0.0	0.0	0.0	0.0	0.0	0.0	0.0	0.0	92.0	57.0	0.0	0.0	0.0	5.0	0.0	0.0	10.0	17.0	0.0	0.0	0.0	0.0	0.0
0.0	0.0	0.0	0.0	0.0	0.0	48.0	0.0	0.0	0.0	0.0	8.0	0.0	80.0	0.0	0.0	54.0	0.0	0.0	0.0	70.0	0.0	0.0	0.0	0.0	0.0	0.0	0.0	0.0	0.0	0.0	99.0	0.0	61.0	0.0	0.0	0.0	0.0	98.0	0.0	0.0	56.0	45.0	0.0	16.0	0.0	0.0	0.0	0.0	0.0	0.0	0.0	0.0	81.0	0.0	0.0	77.0	0.0	0.0	0.0	0.0	0.0	0.0	0.0	0.0	0.0	0.0	0.0	0.0	0.0	0.0	0.0	0.0	42.0	0.0	0.0	0.0	0.0	10.0	0.0	0.0	0.0	0.0	0.0	0.0	0.0	41.0	0.0	0.0	0.0	0.0	84.0	0.0	0.0	0.0	0.0	0.0	0.0	0.0	0.0	41.0	0.0	0.0	39.0	0.0	8.0	82.0	0.0	5.0	0.0	0.0	0.0	0.0	14.0	85.0	0.0	0.0	0.0	34.0	0.0	0.0	0.0	41.0	79.0	0.0	0.0	0.0	0.0	0.0	0.0	0.0	5.0	0.0	20.0	0.0	83.0	0.0	0.0	0.0	13.0	0.0	0.0	0.0	0.0	0.0	0.0	0.0	0.0	0.0	0.0	0.0	0.0	27.0	0.0	87.0	0.0	0.0	98.0	0.0	0.0	0.0	0.0	0.0	82.0	0.0	100.0	0.0	13.0	0.0	0.0	0.0	0.0	0.0	0.0	0.0	0.0	0.0	0.0
77.0	19.0	0.0	0.0	70.0	58.0	0.0	0.0	30.0	0.0	0.0	13.0	0.0	11.0	0.0	0.0	0.0	0.0	21.0	0.0	0.0	0.0	0.0	0.0	0.0	49.0	0.0	11.0	0.0	0.0	0.0	0.0	22.0	0.0	26.0	0.0	62.0	0.0	70.0	0.0	83.0	47.0	0.0	0.0	0.0	64.0	0.0	0.0	0.0	0.0	41.0	40.0	0.0	0.0	0.0	0.0	0.0	0.0	0.0	3.0	0.0	0.0	0.0	0.0	0.0	0.0	92.0	0.0	0.0	97.0	73.0	0.0	0.0	10.0	0.0	0.0	0.0	88.0	58.0	0.0	79.0	56.0	0.0	52.0	10.0	38.0	0.0	0.0	0.0	87.0	3.0	0.0	0.0	0.0	0.0	17.0	0.0	19.0	0.0	0.0	0.0	0.0	0.0	0.0	0.0	47.0	2.0	0.0	0.0	0.0	0.0	0.0	0.0	0.0	48.0	0.0	0.0	0.0	0.0	29.0	5.0	0.0	0.0	0.0	0.0	0.0	0.0	86.0	0.0	58.0	0.0	0.0	0.0	0.0	66.0	20.0	0.0	0.0	0.0	72.0	14.0	0.0	0.0	0.0	0.0	64.0	0.0	0.0	0.0	91.0	32.0	0.0	0.0	0.0	0.0	0.0	0.0	0.0	0.0	0.0	0.0	0.0	0.0	0.0	99.0	0.0	0.0	0.0	0.0	0.0	0.0	0.0	0.0	0.0	0.0	0.0	0.0
0.0	0.0	0.0	0.0	0.0	0.0	2.0	0.0	97.0	0.0	0.0	0.0	71.0	0.0	0.0	43.0	0.0	0.0	47.0	18.0	0.0	0.0	0.0	0.0	0.0	0.0	35.0	0.0	43.0	0.0	0.0	0.0	0.0	0.0	12.0	91.0	82.0	0.0	0.0	0.0	0.0	71.0	42.0	0.0	0.0	0.0	0.0	36.0	37.0	0.0	0.0	0.0	0.0	0.0	0.0	0.0	0.0	0.0	36.0	13.0	0.0	0.0	0.0	0.0	0.0	0.0	0.0	0.0	41.0	0.0	0.0	0.0	0.0	53.0	0.0	19.0	0.0	95.0	0.0	0.0	0.0	0.0	0.0	34.0	2.0	97.0	0.0	0.0	0.0	0.0	0.0	0.0	0.0	0.0	55.0	0.0	98.0	0.0	0.0	0.0	0.0	82.0	0.0	0.0	76.0	0.0	0.0	0.0	0.0	0.0	0.0	0.0	0.0	0.0	0.0	0.0	0.0	0.0	0.0	0.0	0.0	0.0	0.0	0.0	0.0	0.0	0.0	0.0	12.0	0.0	85.0	0.0	0.0	0.0	52.0	0.0	1.0	0.0	28.0	0.0	0.0	83.0	70.0	83.0	0.0	19.0	0.0	83.0	0.0	0.0	0.0	0.0	69.0	19.0	0.0	0.0	76.0	11.0	0.0	0.0	28.0	0.0	0.0	34.0	0.0	0.0	0.0	0.0	15.0	0.0	0.0	0.0	0.0	0.0	0.0	0.0
0.0	0.0	0.0	0.0	0.0	0.0	20.0	0.0	0.0	0.0	0.0	1.0	0.0	0.0	0.0	0.0	0.0	29.0	0.0	0.0	0.0	40.0	0.0	54.0	0.0	0.0	0.0	0.0	27.0	24.0	0.0	0.0	0.0	0.0	0.0	54.0	0.0	0.0	0.0	97.0	0.0	0.0	0.0	0.0	0.0	0.0	0.0	0.0	5.0	13.0	0.0	89.0	0.0	0.0	0.0	38.0	0.0	0.0	0.0	0.0	0.0	0.0	98.0	0.0	0.0	0.0	0.0	88.0	0.0	0.0	0.0	0.0	0.0	0.0	0.0	67.0	0.0	80.0	61.0	71.0	0.0	0.0	0.0	0.0	0.0	0.0	39.0	0.0	52.0	0.0	71.0	0.0	0.0	0.0	0.0	0.0	29.0	0.0	0.0	92.0	0.0	0.0	0.0	0.0	0.0	0.0	0.0	0.0	45.0	86.0	0.0	0.0	69.0	4.0	0.0	0.0	61.0	0.0	24.0	0.0	0.0	0.0	0.0	0.0	64.0	0.0	0.0	0.0	0.0	0.0	75.0	0.0	0.0	1.0	43.0	0.0	0.0	0.0	0.0	0.0	0.0	0.0	0.0	92.0	0.0	0.0	0.0	0.0	0.0	0.0	0.0	0.0	52.0	0.0	0.0	0.0	0.0	0.0	78.0	0.0	0.0	0.0	0.0	0.0	0.0	0.0	0.0	0.0	78.0	91.0	0.0	0.0	0.0	0.0	0.0
0.0	45.0	0.0	0.0	0.0	0.0	0.0	48.0	79.0	0.0	0.0	0.0	40.0	0.0	0.0	47.0	0.0	0.0	0.0	0.0	0.0	85.0	0.0	58.0	98.0	0.0	53.0	0.0	10.0	0.0	0.0	0.0	0.0	0.0	0.0	0.0	0.0	0.0	0.0	0.0	0.0	25.0	0.0	0.0	68.0	0.0	0.0	0.0	0.0	0.0	48.0	0.0	0.0	0.0	0.0	0.0	0.0	0.0	18.0	0.0	24.0	5.0	0.0	0.0	33.0	9.0	0.0	32.0	94.0	0.0	0.0	0.0	0.0	0.0	0.0	50.0	0.0	0.0	0.0	61.0	0.0	0.0	47.0	0.0	37.0	0.0	0.0	0.0	0.0	0.0	0.0	0.0	0.0	0.0	27.0	0.0	0.0	0.0	87.0	0.0	0.0	29.0	0.0	0.0	0.0	0.0	0.0	0.0	0.0	0.0	0.0	40.0	0.0	0.0	0.0	0.0	0.0	0.0	0.0	0.0	0.0	0.0	0.0	0.0	67.0	31.0	53.0	0.0	81.0	39.0	0.0	0.0	0.0	0.0	0.0	0.0	0.0	81.0	0.0	0.0	60.0	0.0	0.0	0.0	0.0	9.0	0.0	0.0	0.0	13.0	0.0	68.0	68.0	0.0	0.0	100.0	0.0	0.0	49.0	0.0	15.0	0.0	50.0	92.0	43.0	70.0	0.0	0.0	85.0	0.0	2.0	0.0	0.0	0.0
5.0	0.0	0.0	0.0	0.0	0.0	4.0	100.0	98.0	57.0	0.0	0.0	0.0	0.0	0.0	0.0	0.0	0.0	0.0	67.0	0.0	0.0	97.0	0.0	32.0	0.0	0.0	62.0	0.0	0.0	0.0	0.0	0.0	0.0	0.0	0.0	0.0	0.0	0.0	82.0	0.0	0.0	16.0	0.0	0.0	1.0	0.0	58.0	0.0	0.0	0.0	0.0	0.0	74.0	0.0	0.0	79.0	0.0	0.0	0.0	0.0	0.0	0.0	27.0	0.0	40.0	0.0	0.0	93.0	0.0	0.0	0.0	0.0	0.0	0.0	0.0	0.0	0.0	0.0	0.0	0.0	0.0	0.0	0.0	0.0	0.0	0.0	0.0	0.0	0.0	0.0	0.0	0.0	31.0	0.0	46.0	0.0	0.0	0.0	0.0	0.0	17.0	0.0	0.0	0.0	0.0	0.0	74.0	0.0	0.0	0.0	0.0	0.0	0.0	0.0	31.0	0.0	0.0	0.0	0.0	57.0	0.0	0.0	0.0	0.0	8.0	0.0	0.0	97.0	0.0	0.0	89.0	0.0	0.0	0.0	0.0	0.0	0.0	0.0	0.0	0.0	60.0	0.0	0.0	0.0	0.0	0.0	0.0	0.0	0.0	0.0	0.0	0.0	0.0	53.0	0.0	61.0	0.0	0.0	0.0	0.0	44.0	0.0	26.0	0.0	0.0	93.0	69.0	20.0	42.0	0.0	73.0	0.0
0.0	0.0	0.0	69.0	0.0	0.0	0.0	0.0	0.0	0.0	0.0	27.0	0.0	0.0	0.0	3.0	0.0	0.0	0.0	0.0	0.0	0.0	0.0	0.0	0.0	0.0	0.0	0.0	0.0	31.0	0.0	0.0	0.0	0.0	0.0	0.0	0.0	70.0	0.0	35.0	67.0	19.0	0.0	0.0	55.0	0.0	0.0	0.0	0.0	0.0	0.0	0.0	0.0	0.0	0.0	0.0	0.0	0.0	0.0	0.0	0.0	59.0	0.0	0.0	0.0	0.0	0.0	0.0	61.0	0.0	0.0	0.0	0.0	0.0	27.0	0.0	0.0	23.0	98.0	0.0	0.0	0.0	73.0	0.0	0.0	14.0	23.0	0.0	9.0	13.0	0.0	0.0	0.0	99.0	0.0	0.0	0.0	13.0	0.0	0.0	0.0	0.0	28.0	0.0	97.0	0.0	0.0	0.0	0.0	0.0	21.0	0.0	0.0	0.0	0.0	0.0	56.0	0.0	0.0	49.0	50.0	0.0	75.0	0.0	52.0	0.0	18.0	0.0	0.0	0.0	0.0	0.0	87.0	49.0	28.0	14.0	0.0	0.0	0.0	0.0	0.0	0.0	0.0	0.0	0.0	0.0	46.0	95.0	95.0	0.0	0.0	86.0	0.0	0.0	9.0	0.0	0.0	0.0	0.0	0.0	0.0	49.0	0.0	0.0	4.0	0.0	0.0	0.0	0.0	0.0	0.0	48.0
0.0	34.0	0.0	0.0	0.0	0.0	3.0	67.0	0.0	87.0	0.0	15.0	0.0	0.0	0.0	0.0	0.0	47.0	21.0	0.0	0.0	0.0	0.0	0.0	0.0	0.0	0.0	44.0	26.0	0.0	66.0	0.0	0.0	0.0	0.0	0.0	0.0	8.0	78.0	0.0	0.0	0.0	0.0	81.0	0.0	29.0	0.0	91.0	0.0	0.0	0.0	0.0	0.0	50.0	0.0	0.0	0.0	0.0	0.0	0.0	0.0	38.0	66.0	10.0	4.0	0.0	33.0	0.0	0.0	0.0	0.0	0.0	17.0	24.0	0.0	0.0	0.0	0.0	0.0	0.0	0.0	0.0	0.0	0.0	11.0	0.0	0.0	0.0	0.0	0.0	0.0	88.0	12.0	0.0	0.0	11.0	0.0	0.0	0.0	22.0	0.0	0.0	0.0	0.0	0.0	0.0	88.0	0.0	45.0	0.0	0.0	0.0	0.0	0.0	0.0	57.0	0.0	0.0	0.0	0.0	0.0	25.0	41.0	0.0	8.0	0.0	0.0	0.0	0.0	37.0	0.0	0.0	62.0	0.0	0.0	0.0	47.0	53.0	0.0	0.0	0.0	0.0	0.0	0.0	45.0	0.0	0.0	0.0	0.0	0.0	0.0	0.0	0.0	83.0	0.0	74.0	0.0	0.0	0.0	0.0	0.0	0.0	0.0	0.0	55.0	0.0	0.0	0.0	76.0	0.0	22.0
0.0	61.0	0.0	0.0	0.0	58.0	85.0	0.0	0.0	0.0	0.0	0.0	0.0	0.0	0.0	0.0	0.0	0.0	95.0	0.0	0.0	77.0	0.0	0.0	0.0	0.0	0.0	0.0	8.0	0.0	0.0	0.0	0.0	0.0	0.0	0.0	50.0	71.0	0.0	27.0	0.0	0.0	0.0	0.0	0.0	18.0	0.0	0.0	0.0	0.0	0.0	0.0	0.0	94.0	27.0	0.0	0.0	0.0	0.0	0.0	83.0	0.0	0.0	3.0	0.0	0.0	14.0	0.0	0.0	0.0	0.0	0.0	0.0	40.0	0.0	0.0	0.0	0.0	0.0	0.0	88.0	0.0	0.0	0.0	25.0	0.0	0.0	0.0	75.0	0.0	51.0	64.0	0.0	0.0	0.0	0.0	52.0	8.0	0.0	0.0	0.0	0.0	0.0	0.0	0.0	83.0	0.0	0.0	0.0	0.0	0.0	0.0	0.0	56.0	0.0	0.0	0.0	0.0	0.0	0.0	0.0	41.0	0.0	0.0	0.0	0.0	0.0	0.0	0.0	0.0	0.0	0.0	0.0	0.0	0.0	0.0	0.0	24.0	0.0	0.0	0.0	0.0	0.0	0.0	40.0	0.0	39.0	0.0	19.0	0.0	0.0	0.0	0.0	90.0	0.0	29.0	0.0	0.0	0.0	0.0	13.0	0.0	52.0	0.0	0.0	24.0	0.0	0.0	0.0	71.0
0.0	0.0	37.0	0.0	0.0	78.0	0.0	2.0	0.0	0.0	0.0	0.0	0.0	0.0	0.0	58.0	0.0	4.0	0.0	0.0	0.0	18.0	74.0	0.0	0.0	0.0	0.0	33.0	0.0	0.0	66.0	0.0	0.0	0.0	0.0	0.0	9.0	0.0	0.0	0.0	70.0	0.0	56.0	0.0	0.0	0.0	0.0	53.0	0.0	0.0	0.0	0.0	0.0	0.0	0.0	0.0	68.0	0.0	0.0	0.0	0.0	77.0	0.0	97.0	13.0	15.0	0.0	40.0	0.0	0.0	0.0	0.0	0.0	0.0	0.0	0.0	0.0	0.0	0.0	0.0	0.0	0.0	0.0	0.0	0.0	0.0	0.0	0.0	0.0	0.0	0.0	0.0	0.0	0.0	0.0	0.0	0.0	0.0	0.0	0.0	17.0	0.0	0.0	0.0	0.0	0.0	28.0	5.0	38.0	0.0	0.0	0.0	0.0	0.0	32.0	0.0	56.0	0.0	0.0	0.0	71.0	8.0	0.0	0.0	0.0	0.0	0.0	0.0	0.0	0.0	0.0	0.0	0.0	0.0	16.0	0.0	0.0	0.0	0.0	0.0	73.0	45.0	89.0	0.0	68.0	0.0	51.0	0.0	0.0	0.0	0.0	0.0	44.0	30.0	7.0	0.0	33.0	0.0	0.0	48.0	0.0	97.0	0.0	90.0	21.0	72.0	0.0	0.0	0.0
34.0	69.0	0.0	0.0	0.0	0.0	0.0	86.0	0.0	0.0	14.0	0.0	0.0	27.0	0.0	0.0	0.0	0.0	0.0	81.0	95.0	0.0	0.0	0.0	0.0	71.0	0.0	0.0	0.0	0.0	0.0	0.0	45.0	0.0	0.0	57.0	0.0	91.0	90.0	0.0	0.0	0.0	0.0	0.0	0.0	0.0	0.0	0.0	0.0	0.0	0.0	0.0	0.0	92.0	0.0	80.0	0.0	91.0	0.0	0.0	54.0	0.0	0.0	15.0	0.0	0.0	0.0	0.0	98.0	0.0	82.0	0.0	11.0	0.0	9.0	2.0	0.0	0.0	0.0	100.0	0.0	0.0	16.0	0.0	0.0	0.0	41.0	0.0	0.0	0.0	0.0	0.0	62.0	0.0	0.0	0.0	0.0	0.0	0.0	0.0	75.0	0.0	0.0	0.0	0.0	0.0	16.0	0.0	0.0	2.0	93.0	0.0	74.0	0.0	0.0	0.0	0.0	0.0	0.0	0.0	0.0	0.0	0.0	0.0	0.0	0.0	0.0	0.0	88.0	0.0	12.0	0.0	0.0	0.0	0.0	0.0	0.0	0.0	0.0	26.0	0.0	86.0	0.0	0.0	86.0	0.0	0.0	97.0	0.0	0.0	0.0	91.0	46.0	0.0	78.0	0.0	0.0	0.0	0.0	0.0	90.0	0.0	0.0	0.0	14.0	11.0	0.0	0.0
0.0	40.0	26.0	36.0	73.0	0.0	0.0	50.0	0.0	37.0	0.0	0.0	0.0	0.0	0.0	0.0	0.0	0.0	0.0	74.0	0.0	0.0	0.0	0.0	0.0	72.0	0.0	0.0	0.0	0.0	0.0	0.0	24.0	0.0	0.0	52.0	0.0	0.0	0.0	0.0	0.0	0.0	0.0	0.0	0.0	0.0	0.0	0.0	0.0	0.0	96.0	0.0	0.0	0.0	46.0	0.0	84.0	0.0	0.0	7.0	0.0	37.0	0.0	0.0	66.0	0.0	0.0	0.0	0.0	0.0	0.0	0.0	79.0	0.0	91.0	35.0	0.0	44.0	0.0	0.0	88.0	0.0	0.0	67.0	25.0	0.0	0.0	55.0	0.0	48.0	94.0	0.0	40.0	0.0	0.0	0.0	0.0	0.0	0.0	0.0	0.0	0.0	0.0	0.0	0.0	11.0	0.0	55.0	0.0	51.0	0.0	0.0	0.0	21.0	66.0	0.0	0.0	0.0	0.0	0.0	52.0	0.0	0.0	83.0	0.0	0.0	90.0	0.0	0.0	0.0	0.0	0.0	0.0	0.0	0.0	85.0	0.0	0.0	0.0	22.0	23.0	0.0	15.0	0.0	82.0	0.0	0.0	0.0	0.0	0.0	1.0	0.0	0.0	0.0	0.0	0.0	0.0	0.0	0.0	0.0	0.0	0.0	0.0	0.0	0.0	0.0	18.0
0.0	0.0	0.0	0.0	0.0	0.0	0.0	0.0	0.0	0.0	0.0	0.0	0.0	0.0	0.0	46.0	94.0	0.0	65.0	0.0	0.0	0.0	0.0	0.0	91.0	0.0	0.0	0.0	0.0	0.0	0.0	47.0	22.0	0.0	0.0	0.0	72.0	100.0	23.0	0.0	0.0	0.0	0.0	5.0	21.0	5.0	0.0	0.0	40.0	8.0	0.0	63.0	0.0	0.0	0.0	52.0	69.0	0.0	84.0	50.0	50.0	0.0	0.0	16.0	47.0	65.0	0.0	0.0	0.0	0.0	55.0	87.0	38.0	100.0	0.0	0.0	0.0	0.0	0.0	0.0	51.0	91.0	0.0	36.0	22.0	0.0	0.0	0.0	31.0	0.0	0.0	0.0	0.0	0.0	89.0	0.0	0.0	0.0	0.0	0.0	0.0	0.0	0.0	0.0	0.0	0.0	0.0	0.0	0.0	0.0	0.0	0.0	0.0	0.0	0.0	0.0	0.0	0.0	0.0	26.0	0.0	6.0	16.0	0.0	0.0	0.0	0.0	0.0	60.0	85.0	43.0	21.0	4.0	0.0	56.0	0.0	0.0	0.0	0.0	0.0	4.0	0.0	0.0	0.0	0.0	0.0	0.0	0.0	99.0	70.0	43.0	0.0	41.0	0.0	0.0	0.0	0.0	60.0	0.0	0.0	37.0	51.0	0.0	0.0	0.0	0.0
0.0	1.0	0.0	52.0	0.0	0.0	0.0	0.0	0.0	0.0	0.0	0.0	0.0	0.0	0.0	0.0	0.0	43.0	47.0	0.0	4.0	0.0	0.0	0.0	0.0	9.0	0.0	24.0	0.0	0.0	0.0	0.0	1.0	0.0	0.0	79.0	31.0	37.0	22.0	26.0	0.0	0.0	0.0	82.0	2.0	0.0	0.0	0.0	82.0	0.0	0.0	26.0	93.0	21.0	0.0	0.0	0.0	0.0	0.0	37.0	0.0	0.0	0.0	0.0	0.0	0.0	1.0	0.0	52.0	0.0	0.0	0.0	0.0	0.0	0.0	88.0	0.0	0.0	0.0	0.0	0.0	0.0	0.0	0.0	0.0	0.0	0.0	24.0	0.0	0.0	0.0	16.0	0.0	0.0	0.0	0.0	0.0	70.0	0.0	0.0	0.0	0.0	0.0	67.0	7.0	10.0	30.0	0.0	87.0	0.0	0.0	71.0	39.0	0.0	41.0	0.0	0.0	80.0	70.0	0.0	0.0	0.0	0.0	0.0	0.0	0.0	0.0	0.0	85.0	0.0	77.0	3.0	0.0	0.0	12.0	0.0	0.0	52.0	45.0	82.0	0.0	94.0	0.0	3.0	0.0	59.0	57.0	41.0	0.0	0.0	0.0	38.0	0.0	0.0	0.0	0.0	0.0	0.0	0.0	0.0	28.0	0.0	0.0	0.0	54.0
0.0	0.0	0.0	0.0	0.0	0.0	0.0	0.0	0.0	0.0	0.0	0.0	0.0	0.0	0.0	19.0	0.0	0.0	0.0	0.0	0.0	0.0	0.0	0.0	0.0	0.0	0.0	67.0	7.0	0.0	0.0	0.0	0.0	0.0	0.0	0.0	0.0	57.0	0.0	1.0	0.0	12.0	0.0	0.0	50.0	72.0	9.0	64.0	72.0	76.0	0.0	0.0	0.0	0.0	0.0	0.0	0.0	0.0	34.0	0.0	0.0	0.0	0.0	0.0	15.0	0.0	0.0	63.0	0.0	0.0	22.0	0.0	55.0	0.0	0.0	0.0	0.0	0.0	49.0	0.0	0.0	0.0	0.0	0.0	0.0	0.0	85.0	0.0	0.0	0.0	63.0	100.0	0.0	0.0	0.0	0.0	38.0	0.0	61.0	0.0	0.0	68.0	0.0	0.0	49.0	0.0	0.0	12.0	0.0	0.0	0.0	0.0	43.0	0.0	62.0	39.0	2.0	0.0	0.0	75.0	0.0	0.0	0.0	0.0	0.0	0.0	90.0	0.0	0.0	37.0	0.0	0.0	42.0	0.0	0.0	0.0	0.0	0.0	0.0	0.0	0.0	0.0	0.0	39.0	57.0	28.0	0.0	0.0	0.0	0.0	0.0	0.0	0.0	0.0	0.0	0.0	38.0	0.0	0.0	51.0	0.0	90.0	0.0	0.0
0.0	0.0	0.0	0.0	0.0	0.0	0.0	0.0	0.0	70.0	0.0	99.0	0.0	0.0	30.0	0.0	76.0	0.0	81.0	11.0	66.0	0.0	74.0	49.0	0.0	0.0	0.0	9.0	49.0	0.0	0.0	0.0	0.0	0.0	0.0	0.0	0.0	0.0	0.0	0.0	0.0	0.0	0.0	57.0	0.0	0.0	23.0	0.0	23.0	10.0	65.0	89.0	0.0	0.0	0.0	16.0	82.0	0.0	0.0	0.0	0.0	65.0	0.0	0.0	69.0	0.0	28.0	0.0	0.0	21.0	0.0	22.0	48.0	30.0	0.0	0.0	0.0	0.0	33.0	0.0	0.0	0.0	96.0	0.0	0.0	0.0	0.0	0.0	0.0	0.0	0.0	24.0	0.0	0.0	0.0	0.0	0.0	21.0	0.0	0.0	0.0	0.0	0.0	0.0	0.0	60.0	0.0	0.0	46.0	0.0	0.0	0.0	0.0	0.0	17.0	0.0	0.0	0.0	68.0	0.0	97.0	0.0	0.0	78.0	0.0	0.0	0.0	0.0	75.0	0.0	0.0	3.0	87.0	0.0	0.0	0.0	0.0	0.0	0.0	100.0	0.0	0.0	50.0	0.0	0.0	6.0	0.0	52.0	93.0	95.0	57.0	0.0	0.0	49.0	0.0	94.0	0.0	0.0	0.0	0.0	57.0	0.0	0.0
15.0	0.0	60.0	0.0	0.0	0.0	0.0	0.0	0.0	30.0	0.0	11.0	0.0	64.0	0.0	0.0	0.0	0.0	1.0	0.0	0.0	0.0	0.0	0.0	0.0	0.0	0.0	0.0	0.0	0.0	11.0	20.0	66.0	0.0	0.0	0.0	0.0	68.0	0.0	0.0	0.0	0.0	83.0	0.0	89.0	81.0	0.0	0.0	10.0	13.0	0.0	0.0	0.0	0.0	0.0	0.0	0.0	0.0	61.0	0.0	0.0	0.0	0.0	0.0	0.0	19.0	77.0	6.0	0.0	0.0	0.0	0.0	0.0	68.0	0.0	0.0	25.0	0.0	45.0	0.0	0.0	0.0	50.0	0.0	0.0	0.0	0.0	0.0	18.0	0.0	0.0	0.0	0.0	60.0	0.0	93.0	0.0	0.0	49.0	46.0	0.0	0.0	15.0	25.0	97.0	8.0	0.0	0.0	25.0	0.0	0.0	0.0	0.0	0.0	0.0	23.0	0.0	59.0	0.0	92.0	75.0	0.0	0.0	0.0	60.0	0.0	0.0	46.0	0.0	0.0	0.0	0.0	0.0	0.0	0.0	0.0	0.0	0.0	0.0	0.0	0.0	3.0	0.0	0.0	0.0	0.0	26.0	0.0	0.0	0.0	0.0	0.0	0.0	0.0	0.0	24.0	0.0	0.0	27.0	0.0	0.0	0.0
0.0	0.0	0.0	0.0	0.0	51.0	27.0	0.0	0.0	46.0	75.0	0.0	0.0	0.0	0.0	0.0	65.0	0.0	0.0	0.0	0.0	0.0	0.0	0.0	0.0	0.0	23.0	0.0	0.0	0.0	0.0	32.0	0.0	0.0	0.0	69.0	0.0	0.0	73.0	0.0	0.0	0.0	26.0	0.0	0.0	0.0	0.0	0.0	0.0	27.0	52.0	0.0	0.0	0.0	0.0	0.0	0.0	0.0	0.0	0.0	15.0	0.0	0.0	81.0	0.0	0.0	88.0	0.0	0.0	0.0	24.0	0.0	0.0	0.0	6.0	24.0	40.0	0.0	0.0	0.0	0.0	0.0	0.0	0.0	83.0	0.0	0.0	25.0	0.0	0.0	0.0	0.0	90.0	0.0	6.0	0.0	95.0	0.0	52.0	10.0	21.0	58.0	0.0	0.0	0.0	0.0	0.0	0.0	0.0	0.0	0.0	64.0	100.0	0.0	0.0	0.0	0.0	0.0	0.0	69.0	0.0	55.0	25.0	55.0	0.0	63.0	0.0	19.0	0.0	55.0	86.0	0.0	54.0	0.0	93.0	0.0	0.0	0.0	66.0	0.0	0.0	0.0	90.0	73.0	0.0	0.0	0.0	0.0	0.0	0.0	87.0	0.0	75.0	0.0	0.0	0.0	46.0	87.0	0.0	0.0	0.0
0.0	0.0	84.0	0.0	0.0	0.0	0.0	0.0	0.0	0.0	0.0	0.0	0.0	0.0	10.0	0.0	0.0	0.0	0.0	96.0	0.0	29.0	0.0	0.0	0.0	0.0	0.0	0.0	0.0	0.0	0.0	0.0	0.0	0.0	0.0	0.0	0.0	0.0	0.0	0.0	0.0	0.0	50.0	52.0	0.0	0.0	13.0	0.0	71.0	0.0	0.0	89.0	0.0	55.0	58.0	0.0	0.0	0.0	0.0	0.0	0.0	0.0	0.0	0.0	0.0	0.0	59.0	0.0	0.0	0.0	0.0	0.0	0.0	0.0	0.0	0.0	2.0	0.0	0.0	0.0	0.0	0.0	0.0	0.0	0.0	59.0	0.0	0.0	32.0	0.0	60.0	0.0	0.0	0.0	58.0	0.0	67.0	0.0	71.0	0.0	69.0	6.0	0.0	0.0	0.0	37.0	0.0	0.0	18.0	0.0	0.0	0.0	40.0	0.0	0.0	0.0	0.0	0.0	0.0	0.0	74.0	0.0	5.0	50.0	0.0	0.0	0.0	0.0	0.0	0.0	0.0	0.0	0.0	0.0	20.0	0.0	0.0	0.0	0.0	0.0	0.0	0.0	0.0	0.0	0.0	0.0	51.0	0.0	0.0	99.0	0.0	0.0	50.0	0.0	0.0	0.0	0.0	0.0	69.0	0.0
0.0	0.0	0.0	0.0	0.0	32.0	0.0	0.0	0.0	0.0	0.0	53.0	0.0	0.0	15.0	0.0	44.0	0.0	0.0	0.0	0.0	0.0	65.0	0.0	0.0	0.0	56.0	0.0	25.0	0.0	0.0	71.0	0.0	0.0	0.0	31.0	38.0	0.0	0.0	52.0	0.0	64.0	23.0	0.0	0.0	0.0	0.0	0.0	0.0	67.0	0.0	87.0	31.0	73.0	0.0	0.0	0.0	0.0	0.0	0.0	0.0	0.0	0.0	0.0	6.0	0.0	0.0	0.0	0.0	0.0	0.0	0.0	0.0	0.0	66.0	0.0	0.0	0.0	0.0	73.0	0.0	0.0	0.0	0.0	81.0	0.0	0.0	84.0	0.0	0.0	0.0	0.0	68.0	0.0	0.0	46.0	0.0	0.0	18.0	53.0	65.0	0.0	18.0	0.0	70.0	94.0	0.0	92.0	71.0	0.0	51.0	74.0	67.0	0.0	0.0	100.0	2.0	85.0	0.0	0.0	0.0	0.0	0.0	0.0	0.0	48.0	34.0	0.0	0.0	0.0	6.0	0.0	26.0	0.0	0.0	0.0	0.0	75.0	0.0	53.0	0.0	0.0	40.0	0.0	0.0	0.0	0.0	10.0	0.0	0.0	0.0	0.0	0.0	63.0	0.0	0.0	0.0	7.0	0.0
0.0	0.0	0.0	0.0	0.0	0.0	0.0	91.0	0.0	0.0	0.0	0.0	0.0	82.0	0.0	0.0	100.0	0.0	0.0	0.0	0.0	0.0	0.0	0.0	0.0	0.0	0.0	24.0	0.0	0.0	24.0	9.0	0.0	0.0	0.0	0.0	0.0	0.0	0.0	0.0	0.0	37.0	0.0	40.0	4.0	0.0	0.0	0.0	43.0	0.0	0.0	0.0	38.0	0.0	0.0	0.0	0.0	0.0	0.0	0.0	0.0	0.0	0.0	0.0	0.0	0.0	0.0	40.0	89.0	0.0	0.0	71.0	0.0	90.0	0.0	65.0	0.0	0.0	0.0	0.0	30.0	0.0	100.0	0.0	92.0	0.0	49.0	0.0	0.0	0.0	0.0	0.0	0.0	0.0	0.0	0.0	0.0	0.0	0.0	89.0	0.0	0.0	0.0	6.0	99.0	0.0	59.0	0.0	0.0	100.0	0.0	0.0	35.0	0.0	74.0	0.0	0.0	0.0	0.0	0.0	0.0	0.0	0.0	0.0	0.0	0.0	98.0	0.0	86.0	0.0	0.0	0.0	70.0	0.0	0.0	0.0	0.0	0.0	0.0	15.0	24.0	0.0	0.0	0.0	0.0	0.0	0.0	0.0	0.0	54.0	0.0	0.0	0.0	0.0	19.0	0.0	0.0	0.0
0.0	0.0	0.0	0.0	46.0	60.0	0.0	63.0	3.0	0.0	0.0	0.0	0.0	0.0	0.0	0.0	0.0	90.0	0.0	3.0	0.0	0.0	0.0	0.0	0.0	0.0	0.0	0.0	0.0	0.0	83.0	0.0	0.0	0.0	0.0	0.0	85.0	0.0	0.0	0.0	0.0	0.0	0.0	0.0	59.0	0.0	0.0	0.0	0.0	16.0	0.0	0.0	0.0	0.0	0.0	0.0	0.0	97.0	0.0	0.0	23.0	0.0	22.0	0.0	0.0	0.0	0.0	0.0	0.0	0.0	0.0	0.0	0.0	0.0	0.0	0.0	0.0	33.0	28.0	0.0	19.0	5.0	0.0	82.0	0.0	0.0	97.0	25.0	0.0	0.0	0.0	0.0	0.0	0.0	0.0	0.0	0.0	0.0	0.0	0.0	0.0	0.0	0.0	0.0	0.0	0.0	0.0	0.0	0.0	0.0	0.0	0.0	0.0	52.0	81.0	0.0	0.0	0.0	0.0	0.0	53.0	0.0	0.0	0.0	35.0	0.0	0.0	74.0	28.0	9.0	41.0	42.0	85.0	0.0	73.0	0.0	0.0	0.0	21.0	75.0	0.0	0.0	0.0	0.0	15.0	74.0	0.0	0.0	0.0	0.0	0.0	0.0	56.0	14.0	0.0	74.0	94.0
0.0	0.0	0.0	0.0	27.0	0.0	0.0	0.0	0.0	0.0	0.0	0.0	33.0	0.0	18.0	0.0	0.0	0.0	0.0	0.0	0.0	0.0	0.0	0.0	0.0	0.0	90.0	0.0	0.0	0.0	0.0	0.0	0.0	0.0	0.0	0.0	0.0	66.0	85.0	0.0	0.0	0.0	0.0	0.0	33.0	0.0	60.0	0.0	0.0	79.0	0.0	86.0	0.0	0.0	0.0	80.0	43.0	0.0	0.0	0.0	0.0	0.0	0.0	0.0	0.0	40.0	35.0	0.0	0.0	0.0	0.0	36.0	87.0	0.0	43.0	0.0	0.0	0.0	0.0	0.0	0.0	0.0	19.0	96.0	0.0	0.0	41.0	0.0	0.0	0.0	0.0	0.0	0.0	0.0	0.0	24.0	30.0	0.0	0.0	61.0	0.0	0.0	0.0	70.0	98.0	0.0	56.0	45.0	0.0	0.0	44.0	29.0	0.0	0.0	0.0	44.0	0.0	0.0	68.0	0.0	0.0	0.0	0.0	70.0	0.0	0.0	0.0	64.0	0.0	0.0	62.0	15.0	0.0	0.0	0.0	0.0	0.0	0.0	0.0	0.0	0.0	19.0	81.0	0.0	0.0	0.0	0.0	0.0	0.0	0.0	0.0	0.0	0.0	0.0	0.0	20.0
48.0	0.0	0.0	0.0	14.0	0.0	0.0	89.0	0.0	7.0	0.0	80.0	0.0	80.0	0.0	0.0	0.0	61.0	26.0	89.0	0.0	33.0	0.0	57.0	0.0	70.0	0.0	44.0	0.0	0.0	0.0	0.0	0.0	0.0	59.0	0.0	0.0	0.0	0.0	0.0	0.0	0.0	0.0	0.0	58.0	86.0	0.0	0.0	0.0	0.0	98.0	99.0	0.0	0.0	0.0	0.0	0.0	0.0	72.0	0.0	0.0	0.0	0.0	18.0	0.0	0.0	0.0	0.0	0.0	0.0	0.0	0.0	0.0	0.0	0.0	0.0	9.0	52.0	0.0	0.0	0.0	0.0	0.0	0.0	0.0	0.0	0.0	97.0	61.0	0.0	0.0	0.0	0.0	0.0	19.0	0.0	31.0	0.0	0.0	0.0	72.0	0.0	77.0	82.0	0.0	0.0	0.0	6.0	0.0	65.0	0.0	0.0	78.0	0.0	0.0	0.0	0.0	0.0	0.0	96.0	14.0	73.0	0.0	0.0	0.0	0.0	29.0	0.0	0.0	0.0	0.0	0.0	54.0	0.0	0.0	0.0	0.0	0.0	0.0	0.0	0.0	0.0	0.0	0.0	0.0	0.0	25.0	0.0	0.0	0.0	0.0	15.0	0.0	0.0	0.0
43.0	0.0	0.0	0.0	0.0	0.0	0.0	81.0	0.0	0.0	0.0	32.0	0.0	0.0	0.0	0.0	0.0	0.0	0.0	0.0	14.0	0.0	0.0	17.0	0.0	0.0	0.0	0.0	0.0	0.0	0.0	0.0	0.0	0.0	0.0	0.0	1.0	0.0	0.0	0.0	91.0	1.0	0.0	0.0	52.0	2.0	0.0	0.0	0.0	0.0	0.0	0.0	0.0	0.0	0.0	47.0	52.0	0.0	0.0	0.0	0.0	0.0	74.0	54.0	0.0	22.0	70.0	0.0	19.0	0.0	11.0	0.0	0.0	0.0	0.0	0.0	0.0	0.0	0.0	49.0	0.0	74.0	0.0	0.0	0.0	69.0	0.0	0.0	0.0	0.0	65.0	27.0	0.0	0.0	0.0	5.0	50.0	55.0	0.0	54.0	0.0	81.0	74.0	0.0	71.0	0.0	0.0	0.0	0.0	0.0	0.0	0.0	28.0	51.0	0.0	0.0	6.0	0.0	0.0	0.0	0.0	0.0	0.0	22.0	0.0	0.0	0.0	0.0	0.0	0.0	36.0	42.0	45.0	0.0	0.0	0.0	0.0	0.0	0.0	0.0	0.0	46.0	0.0	0.0	0.0	94.0	0.0	0.0	0.0	0.0	0.0	79.0	0.0	93.0
0.0	0.0	0.0	48.0	0.0	4.0	0.0	30.0	0.0	0.0	45.0	0.0	0.0	0.0	0.0	0.0	0.0	0.0	0.0	0.0	72.0	0.0	0.0	0.0	0.0	0.0	0.0	0.0	0.0	0.0	0.0	0.0	0.0	0.0	0.0	0.0	79.0	0.0	0.0	76.0	0.0	51.0	0.0	0.0	22.0	0.0	0.0	0.0	0.0	1.0	0.0	0.0	0.0	54.0	0.0	0.0	18.0	37.0	82.0	0.0	0.0	47.0	0.0	0.0	57.0	4.0	0.0	73.0	0.0	0.0	0.0	0.0	0.0	0.0	0.0	0.0	0.0	25.0	92.0	0.0	0.0	0.0	0.0	0.0	0.0	0.0	23.0	0.0	30.0	0.0	0.0	43.0	24.0	0.0	0.0	100.0	0.0	0.0	72.0	0.0	0.0	0.0	15.0	0.0	0.0	0.0	0.0	0.0	67.0	0.0	0.0	0.0	0.0	89.0	30.0	0.0	93.0	0.0	0.0	0.0	0.0	0.0	61.0	0.0	0.0	39.0	0.0	23.0	0.0	77.0	0.0	0.0	0.0	0.0	0.0	78.0	0.0	0.0	0.0	0.0	0.0	0.0	4.0	81.0	0.0	0.0	0.0	0.0	0.0	0.0	0.0	0.0	0.0
0.0	0.0	30.0	0.0	0.0	0.0	0.0	0.0	20.0	98.0	5.0	76.0	0.0	0.0	0.0	0.0	0.0	0.0	0.0	81.0	74.0	81.0	0.0	0.0	0.0	0.0	92.0	0.0	58.0	32.0	0.0	45.0	0.0	0.0	0.0	0.0	0.0	0.0	3.0	0.0	18.0	0.0	54.0	8.0	0.0	0.0	18.0	73.0	0.0	0.0	0.0	0.0	0.0	0.0	53.0	39.0	82.0	0.0	0.0	50.0	16.0	0.0	75.0	0.0	0.0	10.0	0.0	15.0	0.0	0.0	0.0	0.0	0.0	0.0	0.0	84.0	0.0	0.0	10.0	0.0	74.0	0.0	80.0	45.0	0.0	0.0	0.0	0.0	0.0	0.0	0.0	0.0	30.0	90.0	64.0	0.0	0.0	0.0	0.0	0.0	0.0	0.0	74.0	80.0	1.0	0.0	0.0	0.0	8.0	0.0	0.0	57.0	0.0	20.0	0.0	0.0	0.0	19.0	78.0	0.0	0.0	60.0	19.0	0.0	0.0	0.0	36.0	0.0	0.0	0.0	0.0	0.0	0.0	0.0	0.0	0.0	0.0	74.0	0.0	0.0	0.0	0.0	0.0	0.0	0.0	0.0	0.0	0.0	24.0	0.0	18.0	77.0
0.0	0.0	0.0	0.0	0.0	0.0	0.0	0.0	70.0	0.0	38.0	72.0	96.0	64.0	0.0	0.0	0.0	0.0	0.0	0.0	0.0	0.0	0.0	0.0	0.0	0.0	0.0	3.0	0.0	0.0	0.0	26.0	0.0	0.0	0.0	0.0	0.0	45.0	94.0	0.0	0.0	0.0	0.0	0.0	0.0	50.0	0.0	0.0	0.0	100.0	0.0	0.0	0.0	0.0	0.0	0.0	0.0	0.0	66.0	0.0	0.0	17.0	0.0	0.0	0.0	0.0	0.0	82.0	0.0	0.0	0.0	13.0	0.0	0.0	0.0	0.0	0.0	0.0	0.0	66.0	28.0	0.0	0.0	0.0	0.0	13.0	0.0	0.0	0.0	0.0	0.0	56.0	0.0	0.0	0.0	0.0	0.0	43.0	0.0	13.0	1.0	0.0	48.0	0.0	0.0	0.0	21.0	0.0	0.0	0.0	0.0	0.0	0.0	0.0	0.0	0.0	0.0	45.0	0.0	0.0	1.0	0.0	89.0	0.0	0.0	0.0	0.0	0.0	0.0	0.0	13.0	0.0	0.0	0.0	0.0	0.0	0.0	0.0	0.0	0.0	0.0	0.0	0.0	0.0	0.0	0.0	0.0	34.0	0.0	0.0	0.0
79.0	0.0	0.0	0.0	0.0	0.0	0.0	0.0	0.0	45.0	0.0	0.0	0.0	0.0	0.0	0.0	54.0	0.0	0.0	28.0	75.0	0.0	0.0	0.0	0.0	61.0	0.0	0.0	0.0	0.0	0.0	0.0	0.0	0.0	0.0	0.0	0.0	0.0	0.0	0.0	17.0	0.0	0.0	0.0	0.0	77.0	0.0	0.0	0.0	0.0	0.0	87.0	0.0	0.0	0.0	90.0	0.0	0.0	0.0	0.0	51.0	32.0	5.0	0.0	0.0	3.0	0.0	0.0	0.0	0.0	36.0	33.0	0.0	0.0	0.0	0.0	0.0	0.0	0.0	0.0	0.0	0.0	0.0	0.0	0.0	0.0	0.0	36.0	0.0	0.0	0.0	28.0	0.0	0.0	0.0	77.0	0.0	0.0	0.0	66.0	0.0	0.0	0.0	0.0	85.0	0.0	0.0	0.0	0.0	34.0	0.0	18.0	0.0	56.0	3.0	11.0	0.0	0.0	0.0	84.0	0.0	0.0	0.0	0.0	0.0	0.0	100.0	0.0	0.0	0.0	0.0	0.0	57.0	0.0	53.0	96.0	0.0	64.0	0.0	0.0	0.0	0.0	0.0	0.0	0.0	0.0	0.0	0.0	0.0	55.0
37.0	0.0	0.0	0.0	0.0	0.0	0.0	0.0	0.0	0.0	51.0	10.0	0.0	39.0	65.0	0.0	0.0	0.0	0.0	0.0	0.0	0.0	59.0	62.0	0.0	16.0	0.0	30.0	17.0	0.0	0.0	0.0	0.0	0.0	0.0	14.0	50.0	93.0	0.0	0.0	0.0	0.0	94.0	0.0	0.0	0.0	0.0	0.0	0.0	0.0	0.0	0.0	0.0	0.0	25.0	67.0	0.0	0.0	0.0	0.0	53.0	0.0	2.0	5.0	0.0	9.0	0.0	0.0	0.0	0.0	0.0	50.0	50.0	0.0	0.0	0.0	10.0	0.0	0.0	0.0	44.0	0.0	0.0	37.0	60.0	0.0	0.0	0.0	96.0	0.0	0.0	40.0	0.0	15.0	0.0	0.0	0.0	0.0	67.0	18.0	0.0	19.0	0.0	0.0	0.0	0.0	58.0	0.0	0.0	0.0	90.0	0.0	0.0	0.0	0.0	0.0	0.0	0.0	62.0	87.0	0.0	0.0	0.0	0.0	0.0	0.0	0.0	0.0	5.0	0.0	61.0	82.0	0.0	0.0	0.0	0.0	0.0	0.0	0.0	0.0	0.0	0.0	0.0	0.0	0.0	10.0	53.0	0.0	90.0
0.0	0.0	89.0	0.0	21.0	0.0	0.0	0.0	0.0	88.0	0.0	0.0	0.0	0.0	0.0	0.0	85.0	0.0	0.0	0.0	0.0	0.0	77.0	0.0	56.0	0.0	0.0	0.0	0.0	0.0	0.0	57.0	0.0	0.0	0.0	0.0	3.0	0.0	46.0	0.0	0.0	0.0	0.0	0.0	0.0	0.0	36.0	0.0	28.0	10.0	39.0	0.0	0.0	0.0	0.0	0.0	23.0	0.0	0.0	0.0	0.0	0.0	54.0	0.0	0.0	17.0	0.0	0.0	5.0	0.0	0.0	0.0	46.0	0.0	0.0	0.0	8.0	0.0	0.0	77.0	0.0	0.0	0.0	0.0	0.0	0.0	0.0	0.0	0.0	0.0	0.0	0.0	100.0	46.0	60.0	0.0	0.0	24.0	0.0	0.0	0.0	0.0	0.0	0.0	0.0	0.0	95.0	0.0	0.0	27.0	0.0	24.0	0.0	0.0	0.0	79.0	0.0	0.0	0.0	0.0	0.0	0.0	0.0	0.0	34.0	0.0	16.0	0.0	0.0	0.0	30.0	0.0	0.0	0.0	0.0	0.0	5.0	60.0	0.0	34.0	0.0	0.0	0.0	0.0	83.0	0.0	0.0	0.0
0.0	58.0	0.0	0.0	0.0	0.0	53.0	17.0	63.0	0.0	0.0	0.0	0.0	0.0	6.0	0.0	0.0	2.0	0.0	81.0	0.0	0.0	0.0	0.0	91.0	0.0	62.0	80.0	28.0	0.0	2.0	30.0	0.0	0.0	0.0	0.0	0.0	0.0	0.0	0.0	0.0	0.0	0.0	0.0	0.0	0.0	0.0	0.0	0.0	0.0	0.0	0.0	0.0	0.0	50.0	0.0	0.0	0.0	0.0	0.0	0.0	0.0	0.0	38.0	0.0	0.0	0.0	0.0	0.0	4.0	0.0	0.0	17.0	0.0	0.0	64.0	0.0	0.0	0.0	49.0	0.0	0.0	0.0	99.0	0.0	0.0	0.0	4.0	0.0	62.0	0.0	0.0	0.0	0.0	0.0	0.0	0.0	0.0	0.0	0.0	0.0	0.0	16.0	0.0	0.0	15.0	79.0	0.0	0.0	0.0	77.0	0.0	0.0	36.0	7.0	0.0	0.0	0.0	89.0	0.0	75.0	0.0	0.0	0.0	0.0	87.0	0.0	0.0	0.0	99.0	0.0	0.0	63.0	0.0	0.0	0.0	0.0	0.0	22.0	14.0	0.0	54.0	47.0	0.0	0.0	0.0	100.0
0.0	0.0	55.0	28.0	0.0	96.0	0.0	66.0	51.0	0.0	93.0	0.0	90.0	0.0	86.0	0.0	0.0	0.0	0.0	16.0	49.0	0.0	0.0	0.0	0.0	27.0	41.0	24.0	20.0	57.0	0.0	0.0	25.0	0.0	0.0	0.0	0.0	0.0	83.0	0.0	33.0	0.0	0.0	0.0	35.0	0.0	21.0	55.0	66.0	0.0	0.0	11.0	0.0	72.0	0.0	0.0	0.0	0.0	0.0	0.0	0.0	0.0	0.0	32.0	0.0	30.0	0.0	58.0	0.0	61.0	90.0	85.0	0.0	0.0	0.0	0.0	83.0	0.0	0.0	95.0	0.0	0.0	0.0	0.0	6.0	0.0	0.0	0.0	0.0	0.0	0.0	58.0	0.0	0.0	0.0	0.0	0.0	0.0	0.0	0.0	41.0	19.0	0.0	0.0	0.0	0.0	0.0	55.0	0.0	0.0	69.0	0.0	0.0	0.0	42.0	0.0	79.0	0.0	0.0	74.0	44.0	0.0	0.0	0.0	0.0	25.0	0.0	0.0	0.0	91.0	0.0	0.0	42.0	0.0	0.0	0.0	0.0	0.0	0.0	0.0	0.0	0.0	0.0	0.0	0.0	0.0
0.0	87.0	0.0	98.0	0.0	0.0	0.0	0.0	0.0	0.0	74.0	0.0	0.0	0.0	0.0	0.0	0.0	84.0	0.0	45.0	0.0	97.0	0.0	0.0	93.0	72.0	0.0	0.0	0.0	58.0	0.0	99.0	0.0	0.0	0.0	0.0	0.0	0.0	0.0	0.0	0.0	0.0	0.0	24.0	0.0	0.0	0.0	0.0	0.0	0.0	0.0	0.0	0.0	0.0	0.0	0.0	28.0	0.0	0.0	0.0	0.0	0.0	0.0	0.0	71.0	4.0	0.0	35.0	0.0	95.0	0.0	89.0	30.0	0.0	0.0	0.0	0.0	0.0	27.0	29.0	0.0	67.0	0.0	77.0	0.0	0.0	0.0	0.0	0.0	0.0	0.0	0.0	79.0	0.0	0.0	0.0	0.0	0.0	0.0	0.0	56.0	53.0	0.0	0.0	0.0	0.0	0.0	0.0	0.0	64.0	0.0	0.0	0.0	0.0	16.0	0.0	0.0	0.0	0.0	0.0	0.0	0.0	0.0	0.0	73.0	0.0	90.0	0.0	0.0	0.0	0.0	0.0	0.0	0.0	0.0	0.0	0.0	0.0	89.0	0.0	0.0	0.0	0.0	0.0	0.0
0.0	0.0	0.0	0.0	0.0	0.0	2.0	0.0	96.0	0.0	0.0	0.0	75.0	0.0	0.0	0.0	0.0	0.0	0.0	0.0	38.0	0.0	0.0	0.0	0.0	0.0	0.0	0.0	0.0	0.0	0.0	0.0	0.0	81.0	0.0	0.0	0.0	98.0	0.0	0.0	0.0	95.0	0.0	61.0	51.0	0.0	37.0	0.0	46.0	78.0	0.0	0.0	0.0	0.0	0.0	0.0	8.0	0.0	0.0	0.0	0.0	0.0	7.0	0.0	27.0	0.0	73.0	0.0	0.0	0.0	0.0	0.0	0.0	0.0	87.0	0.0	0.0	0.0	0.0	0.0	0.0	0.0	0.0	85.0	71.0	0.0	0.0	55.0	0.0	0.0	97.0	1.0	38.0	0.0	9.0	0.0	6.0	0.0	1.0	0.0	58.0	0.0	0.0	0.0	0.0	0.0	0.0	74.0	0.0	0.0	0.0	0.0	0.0	0.0	0.0	0.0	0.0	0.0	0.0	0.0	0.0	0.0	0.0	0.0	0.0	58.0	76.0	0.0	0.0	0.0	0.0	0.0	6.0	0.0	47.0	0.0	0.0	0.0	78.0	0.0	0.0	0.0	0.0	0.0
59.0	0.0	0.0	0.0	0.0	0.0	0.0	0.0	0.0	0.0	0.0	0.0	0.0	92.0	0.0	32.0	0.0	71.0	87.0	55.0	0.0	38.0	0.0	0.0	0.0	0.0	0.0	97.0	0.0	0.0	0.0	0.0	0.0	0.0	0.0	0.0	0.0	0.0	13.0	0.0	0.0	72.0	0.0	0.0	0.0	0.0	0.0	16.0	3.0	0.0	35.0	0.0	0.0	0.0	0.0	0.0	0.0	0.0	14.0	2.0	0.0	0.0	0.0	0.0	0.0	0.0	0.0	0.0	0.0	93.0	36.0	0.0	0.0	0.0	0.0	0.0	0.0	0.0	26.0	62.0	0.0	51.0	96.0	20.0	0.0	0.0	45.0	0.0	65.0	0.0	0.0	0.0	0.0	93.0	9.0	0.0	0.0	0.0	0.0	31.0	0.0	0.0	0.0	0.0	0.0	73.0	0.0	0.0	90.0	0.0	65.0	54.0	0.0	0.0	0.0	0.0	79.0	0.0	4.0	0.0	0.0	0.0	35.0	0.0	0.0	0.0	0.0	0.0	0.0	0.0	9.0	52.0	0.0	0.0	0.0	0.0	31.0	0.0	0.0	0.0	0.0	0.0	0.0
0.0	0.0	0.0	0.0	0.0	0.0	0.0	0.0	0.0	41.0	22.0	0.0	70.0	0.0	0.0	26.0	0.0	0.0	0.0	57.0	0.0	0.0	0.0	0.0	100.0	0.0	0.0	0.0	72.0	0.0	0.0	0.0	0.0	40.0	69.0	0.0	0.0	20.0	0.0	0.0	73.0	0.0	0.0	0.0	0.0	0.0	74.0	0.0	0.0	18.0	0.0	0.0	0.0	0.0	0.0	0.0	40.0	0.0	0.0	75.0	0.0	0.0	0.0	57.0	0.0	0.0	0.0	0.0	0.0	0.0	0.0	0.0	96.0	71.0	32.0	24.0	0.0	0.0	0.0	0.0	0.0	0.0	0.0	0.0	0.0	18.0	0.0	0.0	0.0	50.0	85.0	0.0	0.0	0.0	0.0	0.0	0.0	0.0	85.0	0.0	0.0	3.0	0.0	53.0	0.0	11.0	0.0	0.0	0.0	44.0	0.0	0.0	0.0	0.0	0.0	0.0	0.0	0.0	0.0	0.0	36.0	91.0	0.0	0.0	0.0	0.0	85.0	0.0	0.0	0.0	88.0	39.0	0.0	34.0	0.0	95.0	0.0	0.0	0.0	0.0	0.0	0.0
36.0	0.0	76.0	70.0	0.0	0.0	0.0	0.0	75.0	0.0	82.0	56.0	0.0	99.0	0.0	100.0	0.0	0.0	0.0	0.0	0.0	0.0	80.0	0.0	35.0	4.0	66.0	0.0	0.0	0.0	0.0	83.0	0.0	0.0	79.0	0.0	50.0	0.0	85.0	0.0	78.0	46.0	0.0	0.0	0.0	56.0	32.0	66.0	0.0	73.0	0.0	48.0	0.0	29.0	20.0	72.0	73.0	29.0	0.0	35.0	0.0	0.0	64.0	0.0	0.0	31.0	0.0	0.0	0.0	99.0	0.0	0.0	0.0	66.0	65.0	0.0	98.0	9.0	0.0	0.0	0.0	0.0	0.0	0.0	0.0	0.0	0.0	0.0	0.0	0.0	68.0	0.0	0.0	0.0	0.0	0.0	0.0	0.0	0.0	90.0	0.0	0.0	100.0	0.0	13.0	13.0	0.0	0.0	35.0	0.0	0.0	0.0	0.0	0.0	0.0	0.0	0.0	58.0	0.0	0.0	0.0	0.0	60.0	0.0	0.0	0.0	0.0	0.0	0.0	72.0	0.0	0.0	0.0	0.0	0.0	0.0	29.0	0.0	80.0	46.0	0.0
11.0	0.0	93.0	0.0	0.0	0.0	0.0	64.0	0.0	50.0	0.0	89.0	0.0	0.0	48.0	13.0	0.0	0.0	0.0	1.0	5.0	0.0	0.0	0.0	0.0	0.0	0.0	70.0	0.0	0.0	0.0	17.0	98.0	0.0	0.0	0.0	0.0	0.0	0.0	0.0	0.0	0.0	0.0	0.0	0.0	0.0	91.0	0.0	0.0	0.0	17.0	0.0	82.0	11.0	0.0	0.0	54.0	0.0	50.0	8.0	7.0	0.0	0.0	0.0	0.0	0.0	37.0	90.0	0.0	0.0	0.0	0.0	0.0	17.0	24.0	0.0	0.0	0.0	0.0	0.0	0.0	6.0	0.0	0.0	52.0	59.0	0.0	0.0	93.0	0.0	0.0	47.0	97.0	0.0	0.0	0.0	58.0	2.0	25.0	0.0	0.0	0.0	0.0	0.0	0.0	0.0	0.0	0.0	0.0	0.0	0.0	0.0	0.0	0.0	0.0	0.0	33.0	0.0	0.0	0.0	0.0	0.0	0.0	11.0	0.0	0.0	95.0	0.0	0.0	0.0	0.0	0.0	9.0	0.0	27.0	0.0	0.0	15.0	97.0	0.0
0.0	0.0	0.0	0.0	0.0	0.0	0.0	0.0	0.0	0.0	0.0	0.0	49.0	59.0	0.0	63.0	20.0	91.0	0.0	0.0	68.0	0.0	0.0	0.0	0.0	0.0	91.0	0.0	76.0	0.0	60.0	32.0	3.0	0.0	0.0	0.0	0.0	0.0	85.0	46.0	12.0	0.0	0.0	0.0	0.0	0.0	4.0	0.0	0.0	55.0	0.0	0.0	0.0	8.0	0.0	22.0	0.0	90.0	94.0	0.0	0.0	0.0	8.0	0.0	0.0	0.0	0.0	0.0	0.0	34.0	0.0	57.0	81.0	0.0	0.0	27.0	0.0	0.0	0.0	0.0	0.0	12.0	98.0	0.0	0.0	0.0	0.0	0.0	20.0	0.0	0.0	4.0	0.0	0.0	0.0	0.0	0.0	0.0	8.0	17.0	0.0	0.0	0.0	0.0	0.0	0.0	0.0	0.0	0.0	0.0	0.0	54.0	0.0	0.0	0.0	0.0	0.0	0.0	0.0	0.0	0.0	0.0	0.0	0.0	0.0	0.0	66.0	0.0	0.0	0.0	0.0	52.0	29.0	0.0	0.0	0.0	0.0	0.0	0.0
0.0	79.0	0.0	2.0	78.0	0.0	0.0	0.0	0.0	52.0	0.0	0.0	0.0	0.0	62.0	0.0	34.0	0.0	0.0	0.0	0.0	0.0	0.0	0.0	0.0	0.0	2.0	91.0	0.0	0.0	0.0	84.0	0.0	0.0	44.0	0.0	76.0	0.0	0.0	87.0	97.0	0.0	14.0	89.0	0.0	0.0	61.0	3.0	0.0	13.0	0.0	0.0	0.0	0.0	0.0	0.0	0.0	13.0	0.0	0.0	100.0	74.0	0.0	0.0	0.0	0.0	0.0	0.0	0.0	0.0	0.0	0.0	0.0	0.0	0.0	0.0	0.0	26.0	62.0	0.0	0.0	71.0	0.0	100.0	0.0	41.0	0.0	0.0	0.0	0.0	0.0	0.0	54.0	0.0	0.0	96.0	0.0	0.0	19.0	0.0	79.0	0.0	0.0	0.0	61.0	0.0	0.0	0.0	0.0	0.0	0.0	0.0	0.0	0.0	0.0	48.0	0.0	70.0	0.0	0.0	0.0	0.0	0.0	0.0	0.0	47.0	0.0	0.0	0.0	0.0	0.0	91.0	0.0	34.0	31.0	0.0	0.0	0.0
100.0	0.0	99.0	0.0	0.0	0.0	0.0	0.0	0.0	54.0	12.0	0.0	54.0	11.0	39.0	0.0	0.0	0.0	0.0	0.0	0.0	0.0	0.0	0.0	0.0	0.0	0.0	80.0	0.0	66.0	0.0	0.0	0.0	0.0	77.0	22.0	0.0	0.0	0.0	0.0	55.0	0.0	0.0	0.0	0.0	0.0	0.0	93.0	0.0	0.0	81.0	0.0	0.0	0.0	0.0	0.0	88.0	0.0	52.0	8.0	0.0	0.0	0.0	42.0	0.0	0.0	0.0	47.0	0.0	80.0	43.0	0.0	0.0	24.0	0.0	0.0	0.0	0.0	72.0	0.0	37.0	0.0	0.0	71.0	0.0	0.0	0.0	63.0	0.0	0.0	0.0	42.0	0.0	0.0	0.0	0.0	0.0	0.0	0.0	0.0	0.0	93.0	44.0	0.0	91.0	0.0	0.0	0.0	0.0	0.0	0.0	0.0	0.0	0.0	0.0	0.0	0.0	0.0	34.0	0.0	0.0	0.0	0.0	0.0	0.0	90.0	0.0	0.0	0.0	0.0	0.0	55.0	0.0	0.0	89.0	0.0	31.0
2.0	1.0	0.0	11.0	0.0	0.0	0.0	0.0	0.0	0.0	0.0	0.0	0.0	0.0	0.0	0.0	69.0	45.0	57.0	0.0	12.0	0.0	0.0	0.0	0.0	0.0	0.0	32.0	0.0	0.0	0.0	0.0	87.0	0.0	85.0	0.0	66.0	0.0	55.0	0.0	0.0	7.0	18.0	0.0	0.0	0.0	0.0	0.0	0.0	0.0	62.0	76.0	0.0	0.0	0.0	0.0	0.0	0.0	50.0	0.0	98.0	53.0	0.0	0.0	0.0	0.0	0.0	0.0	0.0	0.0	0.0	0.0	0.0	0.0	69.0	0.0	0.0	0.0	0.0	0.0	63.0	0.0	56.0	0.0	0.0	0.0	10.0	0.0	0.0	0.0	0.0	0.0	0.0	0.0	39.0	0.0	0.0	0.0	0.0	0.0	58.0	0.0	68.0	49.0	0.0	16.0	0.0	0.0	0.0	0.0	36.0	83.0	0.0	0.0	4.0	0.0	0.0	9.0	0.0	0.0	12.0	0.0	0.0	0.0	57.0	0.0	0.0	0.0	0.0	90.0	30.0	0.0	0.0	0.0	0.0	0.0
19.0	0.0	0.0	0.0	41.0	0.0	26.0	0.0	45.0	0.0	52.0	21.0	1.0	0.0	22.0	0.0	81.0	0.0	0.0	60.0	0.0	0.0	0.0	0.0	36.0	0.0	0.0	0.0	0.0	0.0	0.0	97.0	0.0	0.0	0.0	0.0	0.0	0.0	68.0	0.0	0.0	0.0	9.0	58.0	0.0	0.0	0.0	0.0	0.0	0.0	0.0	0.0	86.0	0.0	0.0	59.0	3.0	0.0	0.0	91.0	97.0	0.0	0.0	0.0	0.0	0.0	0.0	0.0	0.0	4.0	56.0	0.0	81.0	82.0	15.0	0.0	38.0	0.0	40.0	0.0	48.0	0.0	0.0	0.0	3.0	0.0	0.0	13.0	0.0	0.0	0.0	0.0	0.0	0.0	47.0	67.0	0.0	0.0	0.0	0.0	55.0	0.0	0.0	0.0	0.0	54.0	33.0	0.0	0.0	16.0	0.0	0.0	28.0	0.0	33.0	0.0	0.0	0.0	79.0	85.0	0.0	33.0	0.0	0.0	0.0	0.0	0.0	35.0	0.0	26.0	0.0	43.0	53.0	0.0	9.0
0.0	24.0	0.0	0.0	0.0	0.0	0.0	98.0	0.0	0.0	0.0	0.0	0.0	0.0	0.0	0.0	0.0	0.0	0.0	57.0	0.0	0.0	0.0	0.0	0.0	0.0	4.0	0.0	0.0	0.0	0.0	0.0	32.0	0.0	0.0	13.0	47.0	0.0	10.0	0.0	0.0	0.0	93.0	0.0	0.0	40.0	0.0	0.0	0.0	0.0	44.0	28.0	0.0	0.0	0.0	32.0	0.0	39.0	0.0	16.0	0.0	0.0	0.0	0.0	0.0	0.0	0.0	1.0	0.0	0.0	0.0	0.0	0.0	0.0	97.0	0.0	66.0	0.0	0.0	0.0	12.0	0.0	0.0	0.0	0.0	0.0	0.0	0.0	0.0	0.0	0.0	39.0	24.0	34.0	69.0	47.0	0.0	0.0	0.0	0.0	0.0	74.0	0.0	0.0	0.0	0.0	0.0	0.0	0.0	17.0	0.0	81.0	0.0	64.0	0.0	0.0	0.0	0.0	23.0	0.0	28.0	0.0	0.0	0.0	0.0	0.0	0.0	0.0	0.0	0.0	0.0	0.0	94.0	0.0
13.0	0.0	82.0	70.0	0.0	0.0	0.0	0.0	0.0	0.0	50.0	0.0	65.0	0.0	0.0	0.0	0.0	9.0	0.0	62.0	0.0	0.0	0.0	0.0	0.0	0.0	0.0	0.0	0.0	0.0	0.0	0.0	39.0	0.0	0.0	0.0	0.0	0.0	96.0	0.0	0.0	33.0	0.0	76.0	0.0	0.0	63.0	0.0	53.0	0.0	0.0	69.0	0.0	0.0	0.0	6.0	0.0	0.0	10.0	0.0	0.0	0.0	29.0	0.0	0.0	0.0	0.0	0.0	0.0	3.0	0.0	0.0	19.0	0.0	0.0	0.0	0.0	0.0	0.0	0.0	0.0	0.0	0.0	0.0	0.0	0.0	0.0	73.0	0.0	0.0	70.0	0.0	0.0	95.0	0.0	13.0	0.0	0.0	0.0	4.0	0.0	48.0	0.0	0.0	0.0	0.0	0.0	0.0	0.0	0.0	82.0	0.0	0.0	0.0	0.0	0.0	88.0	37.0	0.0	0.0	0.0	0.0	0.0	0.0	0.0	8.0	0.0	0.0	78.0	0.0	36.0	0.0	0.0
0.0	0.0	58.0	0.0	0.0	0.0	0.0	0.0	0.0	0.0	0.0	0.0	0.0	82.0	0.0	0.0	0.0	66.0	0.0	75.0	61.0	0.0	0.0	0.0	0.0	37.0	0.0	0.0	0.0	0.0	0.0	0.0	0.0	0.0	4.0	44.0	0.0	0.0	86.0	0.0	0.0	0.0	0.0	0.0	0.0	0.0	0.0	0.0	0.0	0.0	0.0	0.0	0.0	21.0	76.0	0.0	59.0	0.0	0.0	53.0	0.0	45.0	0.0	0.0	6.0	0.0	0.0	0.0	0.0	0.0	0.0	0.0	80.0	0.0	0.0	0.0	3.0	0.0	0.0	0.0	83.0	0.0	0.0	0.0	0.0	41.0	0.0	0.0	0.0	0.0	0.0	0.0	97.0	0.0	0.0	0.0	0.0	0.0	0.0	0.0	0.0	0.0	26.0	0.0	31.0	0.0	0.0	0.0	0.0	0.0	99.0	0.0	0.0	0.0	0.0	0.0	0.0	85.0	0.0	0.0	0.0	14.0	0.0	0.0	0.0	58.0	23.0	0.0	0.0	0.0	11.0	0.0
41.0	0.0	0.0	0.0	0.0	0.0	0.0	0.0	40.0	0.0	0.0	0.0	81.0	0.0	62.0	0.0	0.0	46.0	0.0	90.0	0.0	34.0	0.0	0.0	0.0	0.0	0.0	0.0	0.0	0.0	0.0	0.0	0.0	0.0	55.0	0.0	0.0	0.0	0.0	0.0	4.0	0.0	0.0	0.0	0.0	12.0	17.0	0.0	10.0	0.0	1.0	0.0	0.0	67.0	0.0	0.0	0.0	0.0	0.0	83.0	0.0	0.0	0.0	0.0	0.0	0.0	0.0	46.0	27.0	99.0	0.0	0.0	0.0	53.0	0.0	92.0	0.0	0.0	0.0	7.0	0.0	0.0	0.0	26.0	0.0	0.0	0.0	0.0	0.0	0.0	0.0	12.0	0.0	0.0	2.0	0.0	0.0	0.0	37.0	92.0	0.0	0.0	0.0	0.0	0.0	41.0	0.0	0.0	0.0	0.0	95.0	0.0	0.0	0.0	48.0	0.0	0.0	51.0	24.0	39.0	0.0	0.0	14.0	0.0	0.0	0.0	36.0	0.0	0.0	27.0	0.0
0.0	0.0	0.0	0.0	0.0	0.0	0.0	0.0	0.0	0.0	55.0	69.0	0.0	0.0	0.0	77.0	0.0	0.0	0.0	0.0	0.0	0.0	0.0	13.0	0.0	0.0	0.0	0.0	0.0	68.0	0.0	0.0	0.0	0.0	40.0	0.0	0.0	0.0	0.0	0.0	0.0	21.0	0.0	97.0	34.0	0.0	0.0	0.0	0.0	0.0	0.0	0.0	0.0	0.0	0.0	0.0	52.0	0.0	0.0	47.0	0.0	0.0	0.0	0.0	0.0	0.0	0.0	0.0	0.0	0.0	17.0	0.0	44.0	0.0	26.0	0.0	0.0	0.0	0.0	0.0	0.0	59.0	0.0	0.0	46.0	0.0	0.0	0.0	0.0	0.0	0.0	0.0	60.0	29.0	0.0	0.0	0.0	0.0	0.0	25.0	0.0	0.0	0.0	0.0	15.0	0.0	0.0	0.0	0.0	0.0	33.0	0.0	84.0	0.0	69.0	0.0	0.0	0.0	0.0	0.0	0.0	84.0	0.0	54.0	0.0	0.0	0.0	0.0	0.0	0.0
41.0	0.0	0.0	0.0	0.0	0.0	0.0	84.0	0.0	0.0	0.0	44.0	0.0	0.0	0.0	0.0	0.0	0.0	0.0	0.0	0.0	0.0	0.0	0.0	0.0	0.0	0.0	0.0	0.0	1.0	0.0	0.0	21.0	0.0	0.0	0.0	0.0	0.0	0.0	0.0	66.0	0.0	65.0	98.0	0.0	0.0	0.0	0.0	0.0	0.0	28.0	0.0	58.0	0.0	0.0	0.0	0.0	0.0	0.0	3.0	0.0	0.0	0.0	95.0	0.0	82.0	0.0	24.0	0.0	0.0	0.0	0.0	0.0	0.0	0.0	0.0	56.0	0.0	23.0	0.0	0.0	0.0	22.0	0.0	0.0	0.0	31.0	0.0	0.0	0.0	0.0	0.0	0.0	0.0	0.0	0.0	0.0	52.0	0.0	0.0	73.0	0.0	0.0	0.0	0.0	0.0	13.0	17.0	9.0	39.0	0.0	0.0	0.0	0.0	0.0	0.0	0.0	71.0	0.0	0.0	0.0	0.0	0.0	0.0	96.0	0.0	0.0	0.0	0.0
0.0	0.0	73.0	73.0	5.0	0.0	9.0	0.0	0.0	0.0	98.0	9.0	0.0	88.0	0.0	0.0	100.0	21.0	0.0	0.0	100.0	59.0	76.0	53.0	37.0	0.0	0.0	0.0	0.0	0.0	0.0	0.0	54.0	75.0	0.0	79.0	0.0	0.0	0.0	17.0	0.0	0.0	0.0	0.0	26.0	0.0	0.0	0.0	0.0	0.0	0.0	15.0	0.0	0.0	0.0	99.0	30.0	0.0	0.0	0.0	0.0	0.0	0.0	0.0	0.0	0.0	0.0	0.0	99.0	0.0	0.0	55.0	0.0	0.0	49.0	0.0	0.0	45.0	0.0	0.0	0.0	0.0	0.0	0.0	0.0	0.0	28.0	95.0	0.0	94.0	0.0	0.0	40.0	0.0	0.0	0.0	0.0	0.0	0.0	0.0	0.0	0.0	0.0	71.0	11.0	0.0	0.0	55.0	0.0	0.0	0.0	0.0	0.0	0.0	0.0	2.0	0.0	0.0	0.0	0.0	92.0	0.0	0.0	0.0	0.0	0.0	0.0	0.0
0.0	0.0	0.0	0.0	53.0	0.0	8.0	0.0	65.0	0.0	0.0	0.0	28.0	0.0	0.0	43.0	0.0	0.0	33.0	0.0	0.0	0.0	36.0	0.0	32.0	69.0	21.0	0.0	0.0	0.0	57.0	10.0	0.0	0.0	0.0	0.0	0.0	0.0	0.0	0.0	0.0	74.0	0.0	0.0	0.0	0.0	0.0	0.0	0.0	0.0	9.0	0.0	0.0	0.0	0.0	0.0	50.0	34.0	99.0	0.0	85.0	0.0	0.0	0.0	0.0	0.0	0.0	0.0	0.0	44.0	0.0	0.0	0.0	0.0	0.0	76.0	83.0	76.0	0.0	0.0	0.0	0.0	0.0	0.0	56.0	54.0	0.0	0.0	0.0	0.0	0.0	91.0	0.0	0.0	0.0	0.0	0.0	0.0	0.0	0.0	77.0	60.0	0.0	0.0	0.0	5.0	0.0	0.0	67.0	0.0	0.0	4.0	85.0	0.0	0.0	0.0	91.0	0.0	94.0	0.0	0.0	0.0	32.0	66.0	0.0	0.0	0.0
0.0	59.0	0.0	91.0	0.0	0.0	0.0	0.0	0.0	0.0	48.0	0.0	0.0	88.0	0.0	21.0	0.0	18.0	85.0	28.0	0.0	0.0	0.0	0.0	0.0	0.0	49.0	0.0	0.0	62.0	0.0	70.0	8.0	0.0	36.0	0.0	0.0	0.0	0.0	0.0	0.0	0.0	0.0	98.0	0.0	34.0	0.0	0.0	0.0	0.0	0.0	0.0	0.0	45.0	0.0	0.0	0.0	0.0	0.0	0.0	0.0	84.0	24.0	54.0	0.0	0.0	20.0	0.0	64.0	0.0	26.0	0.0	0.0	4.0	0.0	0.0	0.0	0.0	0.0	0.0	0.0	0.0	55.0	67.0	0.0	0.0	0.0	4.0	0.0	0.0	85.0	0.0	74.0	0.0	0.0	7.0	0.0	0.0	0.0	0.0	26.0	0.0	0.0	89.0	0.0	99.0	0.0	90.0	18.0	28.0	4.0	22.0	9.0	49.0	55.0	0.0	0.0	0.0	0.0	0.0	0.0	75.0	0.0	0.0	0.0	0.0
0.0	38.0	42.0	0.0	0.0	0.0	58.0	0.0	0.0	0.0	0.0	0.0	0.0	35.0	0.0	50.0	0.0	68.0	0.0	82.0	0.0	0.0	0.0	0.0	0.0	0.0	0.0	64.0	0.0	0.0	0.0	37.0	23.0	0.0	0.0	0.0	0.0	0.0	0.0	0.0	0.0	0.0	0.0	0.0	0.0	0.0	34.0	0.0	0.0	41.0	0.0	0.0	41.0	38.0	0.0	0.0	0.0	0.0	0.0	0.0	0.0	0.0	0.0	0.0	0.0	50.0	92.0	0.0	0.0	0.0	0.0	0.0	0.0	47.0	0.0	0.0	0.0	0.0	0.0	73.0	0.0	0.0	2.0	0.0	0.0	25.0	89.0	48.0	78.0	0.0	36.0	0.0	0.0	0.0	0.0	0.0	0.0	0.0	0.0	85.0	0.0	0.0	21.0	3.0	82.0	14.0	99.0	0.0	0.0	0.0	90.0	0.0	60.0	0.0	0.0	3.0	0.0	0.0	51.0	0.0	0.0	68.0	0.0	0.0	0.0
0.0	48.0	0.0	0.0	79.0	0.0	0.0	0.0	0.0	0.0	0.0	0.0	0.0	4.0	38.0	99.0	0.0	0.0	0.0	0.0	0.0	0.0	6.0	0.0	0.0	0.0	0.0	59.0	55.0	0.0	0.0	99.0	0.0	0.0	0.0	0.0	0.0	0.0	0.0	43.0	0.0	0.0	14.0	0.0	0.0	0.0	0.0	96.0	0.0	64.0	66.0	23.0	41.0	49.0	0.0	35.0	48.0	0.0	0.0	0.0	0.0	0.0	0.0	0.0	0.0	77.0	0.0	0.0	64.0	0.0	0.0	0.0	0.0	0.0	0.0	0.0	0.0	0.0	0.0	0.0	0.0	0.0	66.0	10.0	0.0	0.0	0.0	0.0	0.0	0.0	0.0	0.0	0.0	0.0	0.0	0.0	0.0	82.0	0.0	0.0	37.0	27.0	0.0	0.0	0.0	0.0	0.0	0.0	0.0	0.0	0.0	0.0	0.0	47.0	0.0	0.0	0.0	0.0	0.0	0.0	0.0	0.0	26.0	0.0
36.0	0.0	0.0	75.0	0.0	0.0	0.0	0.0	0.0	0.0	42.0	52.0	0.0	0.0	17.0	0.0	0.0	74.0	0.0	0.0	74.0	0.0	98.0	15.0	51.0	0.0	0.0	0.0	0.0	74.0	0.0	0.0	0.0	0.0	0.0	0.0	0.0	0.0	0.0	0.0	37.0	98.0	0.0	0.0	0.0	2.0	0.0	0.0	0.0	0.0	0.0	0.0	0.0	0.0	0.0	0.0	0.0	37.0	0.0	0.0	0.0	69.0	0.0	34.0	48.0	0.0	0.0	65.0	0.0	0.0	0.0	0.0	0.0	0.0	30.0	87.0	0.0	11.0	0.0	0.0	0.0	0.0	10.0	30.0	17.0	0.0	0.0	0.0	0.0	0.0	0.0	21.0	0.0	0.0	0.0	0.0	0.0	36.0	0.0	0.0	0.0	81.0	0.0	6.0	0.0	0.0	0.0	0.0	0.0	0.0	0.0	0.0	0.0	0.0	0.0	11.0	0.0	0.0	36.0	0.0	0.0	0.0	56.0
0.0	0.0	0.0	0.0	0.0	0.0	0.0	62.0	49.0	0.0	0.0	0.0	74.0	42.0	0.0	0.0	51.0	0.0	0.0	0.0	0.0	48.0	78.0	0.0	0.0	0.0	0.0	0.0	0.0	0.0	0.0	18.0	0.0	43.0	0.0	0.0	0.0	73.0	23.0	50.0	0.0	0.0	0.0	0.0	0.0	0.0	33.0	61.0	0.0	0.0	95.0	10.0	0.0	0.0	18.0	0.0	0.0	0.0	30.0	0.0	0.0	0.0	0.0	0.0	0.0	0.0	68.0	54.0	0.0	0.0	98.0	89.0	85.0	0.0	0.0	0.0	0.0	0.0	0.0	84.0	3.0	0.0	0.0	0.0	84.0	0.0	0.0	41.0	0.0	0.0	0.0	0.0	0.0	0.0	0.0	0.0	0.0	0.0	0.0	0.0	0.0	0.0	9.0	26.0	30.0	0.0	0.0	0.0	0.0	0.0	0.0	0.0	0.0	13.0	87.0	0.0	0.0	0.0	0.0	0.0	0.0	86.0
0.0	0.0	0.0	0.0	0.0	0.0	55.0	0.0	0.0	0.0	0.0	0.0	0.0	50.0	0.0	0.0	0.0	0.0	0.0	89.0	65.0	0.0	79.0	0.0	0.0	0.0	0.0	0.0	0.0	0.0	99.0	0.0	0.0	0.0	86.0	0.0	0.0	24.0	0.0	0.0	0.0	0.0	86.0	59.0	0.0	0.0	0.0	0.0	0.0	0.0	0.0	33.0	0.0	84.0	0.0	0.0	25.0	0.0	0.0	0.0	0.0	0.0	0.0	0.0	0.0	0.0	0.0	20.0	0.0	0.0	0.0	0.0	48.0	0.0	0.0	0.0	0.0	0.0	0.0	0.0	0.0	0.0	0.0	20.0	0.0	23.0	0.0	0.0	0.0	0.0	79.0	0.0	0.0	92.0	39.0	0.0	29.0	0.0	0.0	45.0	0.0	0.0	0.0	99.0	0.0	75.0	35.0	33.0	0.0	0.0	0.0	0.0	30.0	0.0	93.0	0.0	0.0	0.0	61.0	0.0	0.0
0.0	0.0	0.0	0.0	0.0	37.0	8.0	81.0	51.0	37.0	73.0	0.0	58.0	1.0	0.0	0.0	0.0	0.0	0.0	0.0	0.0	0.0	0.0	6.0	0.0	0.0	0.0	0.0	0.0	0.0	0.0	0.0	40.0	0.0	0.0	0.0	3.0	0.0	0.0	0.0	0.0	0.0	83.0	2.0	0.0	0.0	0.0	0.0	0.0	63.0	0.0	0.0	92.0	32.0	0.0	0.0	0.0	0.0	0.0	0.0	0.0	0.0	0.0	0.0	0.0	0.0	0.0	0.0	6.0	0.0	6.0	0.0	55.0	0.0	0.0	0.0	0.0	0.0	0.0	0.0	0.0	8.0	0.0	0.0	0.0	0.0	68.0	0.0	0.0	0.0	0.0	0.0	0.0	0.0	0.0	0.0	0.0	0.0	28.0	0.0	0.0	0.0	0.0	0.0	0.0	49.0	82.0	82.0	16.0	63.0	0.0	0.0	0.0	0.0	62.0	0.0	0.0	24.0	0.0	18.0
0.0	0.0	49.0	0.0	0.0	0.0	0.0	14.0	87.0	0.0	0.0	0.0	0.0	0.0	0.0	0.0	0.0	0.0	0.0	0.0	0.0	66.0	0.0	0.0	0.0	0.0	0.0	0.0	60.0	0.0	14.0	0.0	0.0	63.0	0.0	0.0	0.0	0.0	0.0	8.0	0.0	0.0	0.0	0.0	0.0	0.0	0.0	69.0	53.0	94.0	70.0	0.0	0.0	0.0	92.0	29.0	68.0	0.0	0.0	76.0	25.0	0.0	0.0	40.0	0.0	0.0	0.0	0.0	93.0	0.0	17.0	0.0	0.0	0.0	0.0	3.0	0.0	91.0	0.0	0.0	64.0	0.0	0.0	0.0	0.0	0.0	0.0	68.0	0.0	65.0	0.0	0.0	0.0	0.0	0.0	0.0	0.0	0.0	0.0	0.0	0.0	44.0	0.0	0.0	0.0	90.0	64.0	0.0	0.0	0.0	0.0	99.0	75.0	0.0	0.0	0.0	0.0	0.0	0.0
20.0	0.0	29.0	0.0	0.0	0.0	0.0	0.0	22.0	0.0	0.0	52.0	0.0	0.0	0.0	29.0	1.0	0.0	0.0	0.0	0.0	9.0	0.0	0.0	0.0	0.0	0.0	0.0	0.0	0.0	46.0	31.0	0.0	0.0	13.0	0.0	50.0	0.0	65.0	91.0	0.0	17.0	88.0	0.0	0.0	34.0	92.0	0.0	0.0	0.0	0.0	0.0	50.0	73.0	0.0	29.0	0.0	0.0	0.0	60.0	0.0	51.0	88.0	0.0	0.0	0.0	0.0	0.0	0.0	0.0	0.0	0.0	0.0	88.0	0.0	0.0	0.0	0.0	0.0	5.0	0.0	29.0	0.0	0.0	40.0	15.0	80.0	0.0	84.0	19.0	0.0	0.0	6.0	0.0	0.0	0.0	79.0	0.0	0.0	0.0	0.0	0.0	0.0	0.0	0.0	0.0	0.0	0.0	0.0	0.0	12.0	0.0	0.0	0.0	47.0	0.0	0.0	0.0
0.0	0.0	14.0	0.0	0.0	0.0	0.0	54.0	0.0	0.0	0.0	12.0	0.0	0.0	0.0	0.0	0.0	0.0	86.0	0.0	0.0	0.0	7.0	0.0	0.0	0.0	0.0	12.0	84.0	73.0	0.0	0.0	0.0	0.0	55.0	0.0	0.0	0.0	0.0	0.0	20.0	0.0	0.0	0.0	0.0	0.0	0.0	0.0	24.0	0.0	29.0	0.0	0.0	0.0	0.0	0.0	0.0	0.0	0.0	0.0	0.0	0.0	0.0	0.0	0.0	0.0	0.0	0.0	0.0	0.0	0.0	0.0	0.0	0.0	89.0	13.0	0.0	0.0	0.0	0.0	4.0	0.0	8.0	75.0	0.0	0.0	52.0	85.0	0.0	0.0	0.0	0.0	0.0	0.0	0.0	73.0	0.0	0.0	56.0	0.0	0.0	0.0	67.0	0.0	0.0	0.0	60.0	0.0	0.0	0.0	31.0	0.0	0.0	0.0	0.0	0.0	0.0
0.0	0.0	0.0	0.0	68.0	0.0	91.0	68.0	0.0	0.0	0.0	0.0	18.0	0.0	0.0	0.0	0.0	0.0	96.0	0.0	0.0	0.0	0.0	0.0	5.0	0.0	0.0	87.0	46.0	0.0	0.0	33.0	0.0	0.0	0.0	0.0	84.0	0.0	0.0	0.0	23.0	0.0	0.0	0.0	0.0	0.0	0.0	0.0	0.0	0.0	0.0	0.0	0.0	0.0	0.0	39.0	0.0	76.0	0.0	0.0	0.0	94.0	0.0	7.0	0.0	0.0	0.0	0.0	29.0	0.0	0.0	81.0	0.0	0.0	0.0	40.0	0.0	69.0	0.0	0.0	0.0	0.0	0.0	0.0	62.0	79.0	0.0	0.0	0.0	0.0	0.0	74.0	12.0	0.0	0.0	0.0	0.0	0.0	0.0	0.0	0.0	29.0	0.0	46.0	0.0	0.0	3.0	0.0	0.0	0.0	0.0	0.0	29.0	0.0	0.0	50.0
0.0	0.0	0.0	0.0	0.0	0.0	0.0	88.0	0.0	0.0	0.0	63.0	0.0	0.0	0.0	99.0	0.0	0.0	0.0	30.0	0.0	0.0	0.0	0.0	0.0	69.0	0.0	0.0	0.0	0.0	0.0	0.0	34.0	12.0	30.0	68.0	0.0	0.0	0.0	0.0	42.0	0.0	0.0	12.0	15.0	0.0	47.0	0.0	91.0	0.0	0.0	0.0	0.0	34.0	0.0	0.0	0.0	0.0	0.0	0.0	0.0	0.0	0.0	0.0	26.0	0.0	0.0	68.0	55.0	31.0	95.0	0.0	50.0	0.0	0.0	85.0	0.0	0.0	0.0	0.0	0.0	0.0	38.0	0.0	0.0	0.0	14.0	0.0	0.0	0.0	0.0	0.0	0.0	10.0	0.0	0.0	82.0	62.0	0.0	0.0	0.0	0.0	0.0	0.0	0.0	0.0	0.0	56.0	0.0	0.0	0.0	0.0	0.0	0.0	0.0
0.0	0.0	0.0	0.0	0.0	0.0	0.0	0.0	0.0	55.0	0.0	0.0	0.0	52.0	0.0	0.0	84.0	0.0	0.0	0.0	0.0	0.0	0.0	0.0	0.0	100.0	0.0	0.0	0.0	0.0	0.0	0.0	0.0	0.0	0.0	0.0	0.0	0.0	0.0	0.0	52.0	0.0	0.0	11.0	0.0	31.0	0.0	0.0	0.0	0.0	0.0	0.0	0.0	21.0	0.0	0.0	22.0	0.0	54.0	81.0	0.0	0.0	0.0	0.0	0.0	0.0	0.0	0.0	0.0	0.0	66.0	0.0	13.0	61.0	0.0	0.0	41.0	0.0	0.0	0.0	0.0	34.0	0.0	37.0	0.0	0.0	48.0	0.0	0.0	0.0	0.0	0.0	0.0	0.0	75.0	75.0	0.0	0.0	0.0	0.0	0.0	0.0	0.0	0.0	22.0	0.0	0.0	0.0	0.0	4.0	23.0	0.0	0.0	0.0
0.0	0.0	0.0	0.0	0.0	0.0	0.0	0.0	0.0	0.0	0.0	6.0	77.0	11.0	0.0	93.0	91.0	0.0	0.0	0.0	0.0	0.0	0.0	0.0	0.0	0.0	0.0	0.0	32.0	0.0	0.0	0.0	0.0	0.0	36.0	0.0	0.0	0.0	0.0	0.0	0.0	0.0	49.0	0.0	0.0	0.0	99.0	26.0	0.0	0.0	0.0	0.0	11.0	0.0	6.0	11.0	58.0	0.0	78.0	0.0	49.0	0.0	0.0	0.0	0.0	0.0	0.0	0.0	0.0	0.0	0.0	92.0	0.0	0.0	0.0	0.0	0.0	0.0	40.0	0.0	0.0	33.0	0.0	19.0	0.0	14.0	0.0	0.0	0.0	0.0	68.0	0.0	0.0	0.0	0.0	0.0	0.0	0.0	0.0	48.0	0.0	0.0	0.0	34.0	36.0	0.0	0.0	0.0	0.0	0.0	0.0	0.0	0.0
0.0	32.0	18.0	0.0	0.0	0.0	0.0	36.0	0.0	0.0	0.0	0.0	0.0	0.0	89.0	0.0	6.0	79.0	0.0	77.0	0.0	0.0	0.0	0.0	0.0	0.0	0.0	0.0	86.0	0.0	0.0	82.0	24.0	0.0	60.0	0.0	98.0	0.0	0.0	0.0	0.0	0.0	0.0	0.0	49.0	0.0	0.0	0.0	0.0	0.0	75.0	0.0	0.0	0.0	0.0	0.0	0.0	89.0	0.0	0.0	55.0	0.0	0.0	0.0	0.0	96.0	0.0	0.0	47.0	64.0	0.0	0.0	25.0	0.0	60.0	0.0	0.0	0.0	0.0	0.0	52.0	0.0	0.0	9.0	0.0	0.0	0.0	0.0	0.0	0.0	0.0	0.0	0.0	9.0	67.0	0.0	97.0	0.0	18.0	0.0	5.0	0.0	0.0	0.0	0.0	29.0	0.0	0.0	0.0	8.0	0.0	0.0
0.0	0.0	0.0	0.0	0.0	0.0	0.0	0.0	0.0	53.0	0.0	60.0	0.0	27.0	0.0	0.0	98.0	0.0	53.0	0.0	13.0	0.0	56.0	0.0	40.0	0.0	0.0	89.0	0.0	0.0	0.0	0.0	0.0	89.0	0.0	0.0	46.0	0.0	52.0	0.0	0.0	0.0	78.0	28.0	74.0	0.0	0.0	0.0	0.0	0.0	79.0	0.0	0.0	0.0	0.0	0.0	0.0	0.0	0.0	0.0	0.0	93.0	0.0	0.0	0.0	0.0	0.0	0.0	0.0	0.0	20.0	0.0	0.0	74.0	0.0	0.0	0.0	74.0	0.0	0.0	0.0	0.0	0.0	0.0	0.0	0.0	0.0	0.0	0.0	0.0	0.0	0.0	0.0	0.0	0.0	0.0	0.0	0.0	0.0	0.0	16.0	8.0	10.0	0.0	74.0	0.0	0.0	41.0	0.0	33.0	0.0
0.0	0.0	0.0	0.0	0.0	0.0	0.0	0.0	79.0	0.0	0.0	0.0	0.0	26.0	0.0	0.0	9.0	0.0	0.0	0.0	0.0	20.0	41.0	3.0	0.0	0.0	30.0	0.0	90.0	0.0	0.0	0.0	21.0	79.0	0.0	57.0	0.0	0.0	0.0	87.0	0.0	0.0	0.0	0.0	0.0	0.0	23.0	0.0	0.0	0.0	0.0	0.0	0.0	0.0	0.0	0.0	47.0	0.0	0.0	27.0	0.0	0.0	0.0	36.0	0.0	0.0	0.0	17.0	0.0	0.0	0.0	0.0	0.0	0.0	0.0	0.0	4.0	21.0	0.0	0.0	0.0	0.0	0.0	30.0	0.0	0.0	0.0	0.0	11.0	0.0	88.0	0.0	0.0	0.0	0.0	0.0	0.0	0.0	0.0	0.0	0.0	26.0	0.0	0.0	0.0	0.0	90.0	0.0	0.0	0.0
0.0	98.0	0.0	0.0	0.0	0.0	82.0	0.0	0.0	0.0	23.0	17.0	0.0	0.0	0.0	92.0	0.0	0.0	0.0	0.0	0.0	0.0	0.0	0.0	0.0	23.0	0.0	0.0	6.0	0.0	0.0	0.0	0.0	33.0	0.0	0.0	0.0	39.0	0.0	35.0	13.0	0.0	0.0	0.0	0.0	0.0	0.0	0.0	0.0	0.0	10.0	80.0	0.0	0.0	0.0	31.0	0.0	0.0	0.0	0.0	0.0	0.0	81.0	0.0	0.0	0.0	0.0	40.0	85.0	82.0	0.0	0.0	0.0	97.0	0.0	0.0	0.0	32.0	0.0	0.0	0.0	0.0	0.0	0.0	0.0	0.0	0.0	0.0	70.0	0.0	17.0	4.0	0.0	0.0	0.0	0.0	0.0	0.0	54.0	26.0	0.0	0.0	0.0	0.0	0.0	0.0	0.0	0.0	0.0
45.0	0.0	0.0	0.0	0.0	0.0	0.0	0.0	0.0	0.0	0.0	0.0	0.0	0.0	0.0	0.0	0.0	0.0	0.0	0.0	0.0	0.0	0.0	59.0	0.0	0.0	0.0	0.0	0.0	0.0	0.0	40.0	33.0	59.0	0.0	0.0	0.0	0.0	0.0	0.0	19.0	7.0	0.0	0.0	0.0	0.0	13.0	37.0	0.0	0.0	16.0	4.0	0.0	0.0	79.0	73.0	0.0	0.0	0.0	9.0	0.0	0.0	47.0	0.0	0.0	0.0	0.0	33.0	0.0	0.0	48.0	0.0	53.0	0.0	0.0	0.0	49.0	0.0	32.0	0.0	46.0	52.0	0.0	0.0	0.0	0.0	1.0	69.0	10.0	7.0	0.0	52.0	0.0	0.0	9.0	0.0	41.0	0.0	0.0	0.0	0.0	0.0	0.0	0.0	44.0	0.0	54.0	0.0
0.0	0.0	0.0	79.0	0.0	0.0	49.0	0.0	0.0	0.0	75.0	27.0	0.0	6.0	0.0	0.0	0.0	0.0	0.0	0.0	71.0	0.0	0.0	17.0	0.0	0.0	39.0	0.0	0.0	0.0	2.0	58.0	0.0	0.0	0.0	0.0	0.0	0.0	0.0	90.0	0.0	78.0	0.0	0.0	0.0	0.0	5.0	0.0	73.0	0.0	22.0	0.0	0.0	0.0	0.0	0.0	0.0	78.0	0.0	82.0	0.0	0.0	0.0	23.0	0.0	0.0	0.0	0.0	0.0	23.0	0.0	0.0	0.0	14.0	77.0	0.0	0.0	60.0	0.0	0.0	34.0	30.0	0.0	0.0	67.0	0.0	0.0	70.0	0.0	0.0	45.0	50.0	0.0	0.0	0.0	58.0	0.0	0.0	0.0	0.0	0.0	0.0	0.0	0.0	0.0	0.0	0.0
0.0	0.0	0.0	42.0	90.0	0.0	41.0	0.0	0.0	0.0	91.0	0.0	42.0	0.0	0.0	0.0	19.0	62.0	0.0	0.0	0.0	0.0	0.0	42.0	0.0	0.0	0.0	68.0	0.0	0.0	0.0	69.0	0.0	87.0	0.0	53.0	0.0	0.0	0.0	0.0	50.0	0.0	91.0	0.0	15.0	0.0	0.0	0.0	0.0	0.0	0.0	0.0	0.0	0.0	7.0	0.0	15.0	0.0	0.0	0.0	0.0	34.0	0.0	0.0	0.0	0.0	0.0	0.0	83.0	0.0	0.0	0.0	0.0	0.0	0.0	0.0	0.0	0.0	37.0	0.0	0.0	0.0	0.0	0.0	0.0	0.0	0.0	0.0	0.0	0.0	0.0	22.0	0.0	0.0	0.0	0.0	0.0	0.0	3.0	37.0	0.0	0.0	0.0	0.0	81.0	0.0
0.0	53.0	0.0	0.0	0.0	0.0	0.0	93.0	0.0	0.0	0.0	0.0	25.0	0.0	0.0	61.0	0.0	0.0	0.0	0.0	0.0	0.0	0.0	0.0	0.0	0.0	0.0	0.0	0.0	0.0	0.0	0.0	18.0	0.0	0.0	0.0	0.0	0.0	0.0	0.0	10.0	68.0	0.0	0.0	0.0	43.0	74.0	0.0	0.0	0.0	0.0	0.0	0.0	0.0	30.0	0.0	0.0	0.0	75.0	0.0	0.0	0.0	0.0	0.0	0.0	0.0	0.0	0.0	0.0	0.0	0.0	0.0	0.0	0.0	54.0	0.0	67.0	0.0	0.0	0.0	57.0	54.0	0.0	0.0	0.0	0.0	10.0	0.0	0.0	0.0	19.0	0.0	0.0	0.0	93.0	0.0	0.0	0.0	0.0	64.0	0.0	0.0	18.0	0.0	0.0
0.0	0.0	0.0	29.0	9.0	0.0	0.0	0.0	94.0	0.0	82.0	0.0	15.0	0.0	23.0	0.0	0.0	0.0	0.0	62.0	0.0	0.0	0.0	0.0	0.0	0.0	0.0	8.0	0.0	0.0	0.0	0.0	0.0	89.0	0.0	10.0	0.0	0.0	0.0	49.0	0.0	0.0	0.0	0.0	26.0	0.0	0.0	0.0	3.0	0.0	66.0	0.0	0.0	0.0	0.0	84.0	0.0	56.0	0.0	0.0	0.0	65.0	0.0	0.0	0.0	25.0	0.0	0.0	0.0	0.0	93.0	8.0	0.0	0.0	0.0	0.0	0.0	61.0	0.0	0.0	0.0	32.0	0.0	0.0	0.0	48.0	0.0	0.0	0.0	0.0	0.0	60.0	0.0	0.0	0.0	0.0	0.0	0.0	0.0	0.0	0.0	0.0	0.0	0.0
39.0	0.0	0.0	0.0	0.0	12.0	0.0	0.0	0.0	48.0	0.0	0.0	0.0	0.0	43.0	56.0	100.0	0.0	0.0	0.0	34.0	1.0	0.0	0.0	0.0	0.0	0.0	0.0	0.0	0.0	0.0	0.0	0.0	0.0	0.0	0.0	0.0	0.0	0.0	0.0	0.0	0.0	30.0	50.0	0.0	39.0	0.0	0.0	32.0	67.0	0.0	31.0	0.0	0.0	0.0	0.0	0.0	0.0	8.0	0.0	0.0	0.0	22.0	0.0	0.0	0.0	0.0	0.0	0.0	73.0	11.0	16.0	14.0	46.0	29.0	0.0	0.0	50.0	0.0	0.0	21.0	95.0	0.0	5.0	0.0	14.0	40.0	31.0	40.0	0.0	0.0	0.0	0.0	3.0	0.0	50.0	0.0	78.0	42.0	0.0	21.0	61.0	0.0
15.0	64.0	0.0	40.0	0.0	0.0	0.0	0.0	72.0	0.0	58.0	0.0	0.0	0.0	0.0	0.0	0.0	0.0	0.0	0.0	0.0	50.0	0.0	0.0	95.0	0.0	0.0	65.0	49.0	0.0	0.0	80.0	0.0	0.0	99.0	0.0	8.0	0.0	51.0	25.0	0.0	0.0	35.0	0.0	0.0	0.0	0.0	0.0	49.0	33.0	0.0	0.0	37.0	0.0	0.0	0.0	0.0	0.0	0.0	0.0	0.0	0.0	0.0	0.0	0.0	0.0	0.0	0.0	100.0	0.0	0.0	70.0	0.0	0.0	0.0	0.0	0.0	0.0	0.0	0.0	0.0	1.0	0.0	0.0	8.0	0.0	0.0	16.0	20.0	76.0	0.0	0.0	0.0	0.0	0.0	99.0	0.0	7.0	0.0	0.0	0.0	0.0
0.0	0.0	0.0	0.0	0.0	27.0	41.0	0.0	0.0	82.0	0.0	0.0	0.0	87.0	0.0	0.0	24.0	0.0	94.0	0.0	0.0	94.0	0.0	5.0	0.0	5.0	0.0	0.0	16.0	0.0	91.0	0.0	0.0	0.0	0.0	0.0	58.0	0.0	0.0	53.0	0.0	0.0	0.0	0.0	1.0	0.0	0.0	0.0	55.0	0.0	0.0	0.0	0.0	0.0	0.0	0.0	0.0	0.0	0.0	0.0	0.0	60.0	0.0	0.0	90.0	0.0	0.0	89.0	0.0	0.0	0.0	0.0	28.0	3.0	0.0	0.0	0.0	0.0	83.0	0.0	98.0	0.0	0.0	52.0	0.0	95.0	0.0	0.0	0.0	0.0	0.0	0.0	0.0	0.0	0.0	0.0	0.0	0.0	0.0	2.0	0.0
0.0	0.0	0.0	0.0	0.0	0.0	0.0	0.0	0.0	40.0	0.0	0.0	0.0	30.0	0.0	87.0	0.0	0.0	0.0	97.0	0.0	0.0	76.0	0.0	0.0	0.0	63.0	0.0	30.0	13.0	0.0	34.0	60.0	0.0	0.0	0.0	0.0	43.0	10.0	51.0	0.0	0.0	0.0	9.0	0.0	0.0	0.0	0.0	0.0	0.0	0.0	0.0	0.0	0.0	0.0	50.0	73.0	48.0	78.0	0.0	0.0	0.0	0.0	97.0	0.0	0.0	43.0	0.0	0.0	0.0	0.0	0.0	82.0	0.0	52.0	0.0	0.0	0.0	0.0	0.0	0.0	0.0	0.0	7.0	0.0	0.0	0.0	0.0	0.0	0.0	0.0	27.0	0.0	0.0	0.0	0.0	48.0	7.0	0.0	0.0
0.0	0.0	0.0	5.0	0.0	4.0	0.0	0.0	0.0	0.0	0.0	23.0	86.0	0.0	0.0	0.0	0.0	0.0	94.0	0.0	50.0	0.0	10.0	0.0	0.0	0.0	0.0	0.0	66.0	0.0	52.0	0.0	0.0	0.0	0.0	0.0	0.0	45.0	0.0	0.0	0.0	0.0	0.0	52.0	0.0	0.0	52.0	49.0	0.0	37.0	0.0	0.0	44.0	0.0	0.0	11.0	0.0	0.0	0.0	0.0	0.0	0.0	33.0	0.0	0.0	0.0	0.0	35.0	77.0	21.0	75.0	0.0	0.0	0.0	0.0	0.0	0.0	0.0	59.0	0.0	0.0	0.0	0.0	4.0	44.0	0.0	0.0	0.0	15.0	0.0	43.0	0.0	0.0	7.0	0.0	0.0	0.0	0.0	0.0
76.0	84.0	16.0	71.0	0.0	0.0	0.0	0.0	0.0	0.0	0.0	97.0	0.0	58.0	0.0	33.0	0.0	0.0	38.0	0.0	0.0	0.0	9.0	0.0	0.0	92.0	0.0	100.0	0.0	0.0	0.0	0.0	0.0	18.0	98.0	0.0	0.0	98.0	0.0	0.0	0.0	32.0	24.0	0.0	0.0	33.0	0.0	0.0	49.0	0.0	0.0	0.0	0.0	0.0	41.0	0.0	0.0	0.0	0.0	0.0	0.0	0.0	0.0	0.0	49.0	0.0	0.0	0.0	0.0	34.0	52.0	0.0	0.0	93.0	0.0	0.0	22.0	0.0	0.0	0.0	0.0	0.0	0.0	0.0	0.0	0.0	0.0	0.0	0.0	0.0	0.0	0.0	0.0	73.0	0.0	0.0	0.0	0.0
0.0	0.0	43.0	0.0	78.0	0.0	0.0	0.0	0.0	0.0	0.0	45.0	0.0	0.0	0.0	0.0	0.0	71.0	35.0	0.0	0.0	0.0	0.0	0.0	0.0	58.0	31.0	0.0	0.0	0.0	69.0	0.0	0.0	0.0	0.0	0.0	0.0	0.0	0.0	41.0	83.0	46.0	0.0	11.0	0.0	0.0	0.0	0.0	86.0	0.0	86.0	0.0	67.0	0.0	0.0	77.0	7.0	0.0	0.0	0.0	0.0	14.0	0.0	0.0	76.0	0.0	0.0	0.0	77.0	0.0	0.0	0.0	0.0	0.0	89.0	0.0	0.0	0.0	0.0	0.0	0.0	0.0	0.0	0.0	81.0	10.0	0.0	89.0	28.0	0.0	0.0	0.0	0.0	0.0	0.0	0.0	10.0
0.0	0.0	0.0	0.0	0.0	0.0	28.0	0.0	0.0	0.0	0.0	29.0	3.0	0.0	24.0	0.0	0.0	0.0	0.0	24.0	53.0	0.0	8.0	0.0	0.0	0.0	0.0	58.0	0.0	0.0	0.0	0.0	0.0	0.0	0.0	0.0	0.0	0.0	0.0	0.0	0.0	0.0	0.0	0.0	0.0	0.0	0.0	0.0	0.0	0.0	0.0	0.0	0.0	0.0	0.0	0.0	0.0	0.0	0.0	0.0	7.0	0.0	6.0	0.0	0.0	0.0	9.0	0.0	83.0	38.0	0.0	82.0	0.0	0.0	0.0	0.0	0.0	0.0	0.0	0.0	60.0	0.0	29.0	0.0	47.0	0.0	0.0	0.0	0.0	0.0	0.0	43.0	82.0	0.0	25.0	0.0
0.0	0.0	0.0	0.0	78.0	0.0	0.0	57.0	0.0	0.0	0.0	0.0	33.0	0.0	0.0	0.0	64.0	21.0	97.0	0.0	0.0	30.0	0.0	0.0	0.0	0.0	21.0	0.0	0.0	0.0	0.0	0.0	4.0	17.0	19.0	53.0	0.0	0.0	59.0	0.0	0.0	0.0	0.0	0.0	0.0	0.0	0.0	66.0	0.0	0.0	89.0	35.0	12.0	0.0	0.0	0.0	0.0	0.0	0.0	0.0	0.0	19.0	0.0	0.0	0.0	0.0	0.0	72.0	0.0	0.0	22.0	50.0	82.0	0.0	45.0	0.0	0.0	0.0	0.0	0.0	0.0	0.0	0.0	0.0	0.0	86.0	0.0	0.0	0.0	0.0	0.0	93.0	0.0	34.0	0.0
0.0	0.0	0.0	0.0	0.0	0.0	0.0	0.0	0.0	0.0	0.0	0.0	0.0	0.0	0.0	0.0	0.0	0.0	6.0	0.0	0.0	0.0	0.0	0.0	44.0	0.0	0.0	0.0	0.0	0.0	0.0	0.0	0.0	0.0	78.0	27.0	0.0	19.0	0.0	0.0	4.0	0.0	85.0	0.0	0.0	0.0	0.0	0.0	0.0	0.0	88.0	0.0	0.0	0.0	11.0	68.0	0.0	0.0	97.0	0.0	0.0	26.0	66.0	0.0	0.0	98.0	0.0	0.0	84.0	47.0	0.0	0.0	0.0	0.0	0.0	0.0	64.0	0.0	37.0	0.0	0.0	0.0	0.0	0.0	0.0	0.0	9.0	47.0	0.0	0.0	0.0	43.0	41.0	35.0
10.0	89.0	0.0	0.0	76.0	0.0	0.0	0.0	0.0	0.0	0.0	0.0	0.0	0.0	0.0	0.0	0.0	40.0	0.0	31.0	0.0	0.0	0.0	0.0	0.0	0.0	0.0	64.0	0.0	9.0	41.0	77.0	0.0	0.0	9.0	0.0	0.0	0.0	0.0	0.0	62.0	0.0	0.0	0.0	0.0	0.0	0.0	0.0	1.0	0.0	0.0	37.0	0.0	0.0	0.0	0.0	0.0	0.0	0.0	0.0	15.0	0.0	0.0	0.0	0.0	0.0	0.0	0.0	48.0	0.0	0.0	0.0	0.0	0.0	0.0	0.0	0.0	0.0	0.0	38.0	0.0	0.0	72.0	59.0	0.0	0.0	0.0	0.0	0.0	0.0	0.0	34.0	0.0
0.0	0.0	0.0	0.0	0.0	74.0	0.0	24.0	0.0	94.0	0.0	0.0	79.0	0.0	0.0	0.0	99.0	0.0	0.0	0.0	0.0	0.0	0.0	44.0	0.0	0.0	0.0	0.0	0.0	0.0	68.0	0.0	0.0	91.0	90.0	0.0	0.0	61.0	0.0	0.0	0.0	72.0	86.0	0.0	0.0	0.0	0.0	0.0	0.0	0.0	63.0	0.0	39.0	79.0	0.0	0.0	0.0	0.0	0.0	0.0	26.0	0.0	50.0	0.0	0.0	0.0	0.0	0.0	0.0	0.0	0.0	0.0	0.0	0.0	0.0	0.0	90.0	0.0	0.0	26.0	0.0	0.0	87.0	0.0	0.0	0.0	0.0	0.0	0.0	0.0	0.0	0.0
84.0	0.0	0.0	87.0	0.0	18.0	0.0	0.0	100.0	0.0	84.0	0.0	0.0	0.0	19.0	26.0	9.0	93.0	0.0	0.0	0.0	0.0	31.0	0.0	78.0	0.0	0.0	91.0	0.0	93.0	78.0	0.0	0.0	0.0	0.0	0.0	0.0	47.0	0.0	0.0	0.0	0.0	0.0	0.0	0.0	0.0	0.0	40.0	25.0	44.0	0.0	0.0	0.0	72.0	100.0	74.0	0.0	0.0	0.0	0.0	0.0	98.0	52.0	0.0	0.0	0.0	37.0	62.0	0.0	59.0	39.0	0.0	0.0	0.0	96.0	0.0	0.0	0.0	20.0	0.0	82.0	0.0	0.0	0.0	69.0	0.0	64.0	0.0	0.0	0.0	0.0
0.0	0.0	0.0	0.0	0.0	0.0	34.0	0.0	53.0	0.0	13.0	0.0	0.0	51.0	0.0	0.0	0.0	0.0	0.0	0.0	0.0	0.0	0.0	0.0	0.0	0.0	0.0	0.0	0.0	0.0	0.0	0.0	0.0	1.0	33.0	0.0	0.0	0.0	0.0	0.0	0.0	99.0	92.0	55.0	0.0	0.0	97.0	21.0	0.0	0.0	0.0	52.0	100.0	0.0	0.0	0.0	0.0	0.0	0.0	0.0	0.0	0.0	0.0	0.0	72.0	0.0	0.0	0.0	0.0	0.0	0.0	0.0	99.0	0.0	0.0	0.0	0.0	0.0	38.0	0.0	0.0	73.0	0.0	0.0	0.0	18.0	0.0	0.0	5.0	0.0
0.0	0.0	0.0	0.0	0.0	0.0	0.0	1.0	0.0	0.0	0.0	22.0	78.0	82.0	39.0	0.0	86.0	0.0	0.0	39.0	93.0	0.0	0.0	0.0	0.0	58.0	0.0	0.0	0.0	58.0	0.0	0.0	56.0	0.0	20.0	3.0	0.0	12.0	0.0	0.0	15.0	0.0	0.0	0.0	46.0	0.0	0.0	0.0	0.0	3.0	0.0	0.0	0.0	24.0	0.0	27.0	0.0	0.0	0.0	0.0	15.0	0.0	0.0	28.0	0.0	0.0	0.0	83.0	0.0	0.0	42.0	0.0	0.0	45.0	68.0	0.0	0.0	16.0	0.0	0.0	48.0	0.0	0.0	0.0	0.0	0.0	0.0	0.0	0.0
48.0	0.0	0.0	2.0	0.0	85.0	0.0	0.0	11.0	47.0	0.0	0.0	0.0	0.0	0.0	0.0	0.0	0.0	0.0	0.0	29.0	0.0	0.0	0.0	0.0	0.0	0.0	0.0	0.0	76.0	0.0	0.0	0.0	81.0	0.0	0.0	0.0	73.0	0.0	0.0	93.0	0.0	0.0	0.0	90.0	0.0	0.0	0.0	0.0	0.0	0.0	0.0	0.0	0.0	0.0	0.0	0.0	0.0	0.0	0.0	0.0	0.0	0.0	13.0	14.0	17.0	0.0	0.0	0.0	0.0	0.0	0.0	41.0	0.0	98.0	0.0	31.0	0.0	0.0	0.0	0.0	0.0	40.0	0.0	0.0	0.0	0.0	0.0
38.0	0.0	0.0	95.0	0.0	97.0	52.0	42.0	0.0	0.0	0.0	56.0	0.0	73.0	0.0	0.0	0.0	0.0	0.0	0.0	0.0	47.0	0.0	0.0	0.0	0.0	84.0	59.0	0.0	43.0	0.0	0.0	0.0	0.0	0.0	25.0	0.0	0.0	0.0	0.0	0.0	0.0	0.0	0.0	0.0	23.0	0.0	0.0	0.0	1.0	0.0	0.0	0.0	0.0	66.0	37.0	0.0	0.0	0.0	0.0	57.0	0.0	0.0	0.0	0.0	0.0	0.0	0.0	0.0	0.0	0.0	0.0	0.0	91.0	0.0	0.0	0.0	0.0	40.0	0.0	43.0	24.0	0.0	0.0	0.0	0.0	0.0
61.0	0.0	44.0	0.0	12.0	0.0	80.0	0.0	0.0	53.0	28.0	0.0	0.0	0.0	56.0	0.0	0.0	0.0	14.0	0.0	0.0	0.0	0.0	0.0	0.0	98.0	0.0	0.0	55.0	0.0	0.0	0.0	0.0	0.0	0.0	0.0	0.0	0.0	0.0	0.0	0.0	0.0	0.0	0.0	0.0	44.0	0.0	0.0	0.0	0.0	0.0	7.0	0.0	0.0	0.0	32.0	0.0	0.0	0.0	0.0	0.0	0.0	0.0	0.0	0.0	0.0	0.0	0.0	0.0	74.0	0.0	0.0	0.0	0.0	0.0	4.0	0.0	74.0	0.0	0.0	100.0	0.0	0.0	0.0	100.0	0.0
0.0	85.0	0.0	0.0	57.0	0.0	0.0	0.0	0.0	1.0	19.0	0.0	66.0	0.0	0.0	0.0	0.0	66.0	0.0	0.0	37.0	28.0	0.0	0.0	58.0	47.0	0.0	0.0	0.0	0.0	0.0	0.0	0.0	3.0	0.0	43.0	0.0	0.0	0.0	89.0	0.0	98.0	0.0	78.0	41.0	0.0	0.0	95.0	0.0	0.0	0.0	0.0	38.0	0.0	0.0	0.0	0.0	0.0	0.0	0.0	4.0	44.0	0.0	41.0	0.0	0.0	0.0	82.0	0.0	0.0	55.0	0.0	79.0	0.0	0.0	14.0	0.0	0.0	0.0	0.0	38.0	18.0	0.0	81.0	0.0
87.0	88.0	0.0	0.0	0.0	2.0	0.0	0.0	16.0	0.0	0.0	0.0	35.0	0.0	0.0	63.0	0.0	77.0	0.0	0.0	50.0	0.0	51.0	0.0	0.0	30.0	0.0	59.0	0.0	0.0	0.0	50.0	0.0	4.0	0.0	0.0	0.0	81.0	0.0	96.0	0.0	0.0	33.0	0.0	69.0	93.0	0.0	0.0	0.0	85.0	0.0	0.0	0.0	0.0	0.0	0.0	0.0	0.0	0.0	0.0	0.0	0.0	0.0	69.0	0.0	0.0	0.0	0.0	26.0	97.0	0.0	0.0	0.0	0.0	0.0	17.0	0.0	0.0	32.0	0.0	0.0	84.0	0.0	0.0
0.0	0.0	0.0	0.0	0.0	0.0	0.0	0.0	0.0	56.0	0.0	52.0	78.0	0.0	52.0	0.0	9.0	0.0	0.0	0.0	0.0	65.0	0.0	0.0	0.0	0.0	0.0	0.0	0.0	0.0	0.0	0.0	0.0	0.0	0.0	0.0	64.0	0.0	0.0	39.0	0.0	0.0	0.0	0.0	80.0	0.0	0.0	0.0	100.0	0.0	0.0	0.0	0.0	0.0	0.0	23.0	0.0	0.0	0.0	0.0	0.0	0.0	42.0	0.0	0.0	32.0	0.0	0.0	0.0	0.0	0.0	0.0	0.0	23.0	0.0	11.0	0.0	0.0	0.0	21.0	0.0	76.0	0.0
0.0	0.0	0.0	0.0	22.0	0.0	0.0	63.0	72.0	43.0	2.0	0.0	0.0	0.0	0.0	0.0	0.0	60.0	0.0	0.0	0.0	0.0	0.0	0.0	20.0	0.0	0.0	0.0	0.0	30.0	0.0	0.0	0.0	84.0	72.0	0.0	0.0	0.0	0.0	21.0	0.0	0.0	42.0	0.0	0.0	0.0	0.0	34.0	0.0	18.0	43.0	8.0	0.0	28.0	0.0	0.0	0.0	0.0	0.0	0.0	0.0	0.0	0.0	0.0	0.0	0.0	0.0	0.0	0.0	15.0	81.0	0.0	0.0	66.0	0.0	0.0	0.0	0.0	0.0	0.0	0.0	0.0
0.0	23.0	0.0	0.0	0.0	0.0	0.0	15.0	0.0	0.0	0.0	0.0	0.0	0.0	0.0	0.0	0.0	36.0	17.0	0.0	71.0	0.0	0.0	0.0	49.0	0.0	31.0	0.0	0.0	0.0	0.0	0.0	0.0	0.0	53.0	0.0	0.0	100.0	0.0	90.0	0.0	0.0	0.0	35.0	52.0	0.0	0.0	0.0	0.0	0.0	0.0	88.0	50.0	0.0	0.0	64.0	0.0	50.0	0.0	0.0	0.0	0.0	0.0	0.0	0.0	18.0	25.0	0.0	0.0	0.0	0.0	58.0	3.0	66.0	0.0	0.0	96.0	0.0	0.0	0.0	0.0
0.0	0.0	63.0	0.0	0.0	0.0	0.0	0.0	0.0	0.0	0.0	0.0	0.0	0.0	0.0	33.0	0.0	0.0	0.0	99.0	0.0	0.0	0.0	0.0	0.0	0.0	0.0	0.0	48.0	4.0	0.0	73.0	0.0	0.0	0.0	53.0	41.0	0.0	0.0	0.0	0.0	0.0	0.0	0.0	0.0	0.0	56.0	2.0	94.0	0.0	0.0	43.0	0.0	0.0	0.0	10.0	0.0	0.0	94.0	12.0	0.0	0.0	0.0	0.0	0.0	59.0	0.0	2.0	63.0	0.0	0.0	0.0	2.0	0.0	0.0	0.0	0.0	0.0	45.0	12.0
0.0	0.0	9.0	0.0	37.0	15.0	0.0	9.0	0.0	95.0	59.0	0.0	0.0	0.0	36.0	82.0	2.0	22.0	0.0	0.0	0.0	0.0	0.0	0.0	0.0	0.0	20.0	9.0	0.0	0.0	0.0	0.0	0.0	0.0	0.0	0.0	23.0	0.0	0.0	0.0	0.0	13.0	32.0	0.0	0.0	0.0	36.0	0.0	0.0	0.0	0.0	0.0	18.0	0.0	0.0	0.0	0.0	0.0	0.0	0.0	0.0	0.0	0.0	35.0	0.0	0.0	0.0	0.0	95.0	0.0	0.0	0.0	0.0	0.0	23.0	30.0	28.0	0.0	0.0
0.0	0.0	0.0	0.0	0.0	0.0	0.0	0.0	26.0	0.0	0.0	0.0	0.0	12.0	0.0	0.0	0.0	74.0	0.0	0.0	98.0	0.0	0.0	18.0	0.0	8.0	0.0	0.0	0.0	0.0	0.0	58.0	0.0	50.0	0.0	0.0	0.0	0.0	0.0	0.0	56.0	0.0	44.0	56.0	0.0	40.0	6.0	0.0	0.0	57.0	0.0	0.0	0.0	33.0	43.0	18.0	0.0	0.0	12.0	0.0	0.0	0.0	0.0	21.0	0.0	98.0	95.0	0.0	0.0	0.0	0.0	0.0	0.0	77.0	20.0	0.0	0.0	0.0
25.0	18.0	0.0	13.0	0.0	0.0	0.0	0.0	0.0	0.0	80.0	0.0	0.0	0.0	0.0	0.0	0.0	0.0	0.0	0.0	76.0	0.0	0.0	0.0	0.0	0.0	32.0	35.0	0.0	0.0	0.0	0.0	0.0	0.0	0.0	0.0	0.0	0.0	0.0	48.0	47.0	0.0	0.0	0.0	0.0	0.0	0.0	0.0	0.0	0.0	0.0	0.0	0.0	0.0	0.0	0.0	0.0	0.0	0.0	0.0	0.0	0.0	0.0	22.0	0.0	0.0	0.0	0.0	96.0	0.0	0.0	43.0	63.0	52.0	0.0	0.0	0.0
0.0	0.0	0.0	0.0	0.0	0.0	0.0	21.0	0.0	39.0	0.0	0.0	0.0	88.0	0.0	0.0	0.0	18.0	45.0	0.0	0.0	43.0	0.0	90.0	0.0	0.0	0.0	0.0	37.0	0.0	0.0	0.0	6.0	0.0	0.0	0.0	0.0	0.0	0.0	0.0	0.0	0.0	0.0	0.0	0.0	0.0	0.0	0.0	0.0	0.0	0.0	0.0	0.0	0.0	0.0	0.0	0.0	0.0	0.0	0.0	18.0	0.0	34.0	0.0	0.0	25.0	0.0	12.0	10.0	33.0	0.0	94.0	0.0	0.0	81.0	0.0
0.0	0.0	0.0	0.0	0.0	48.0	75.0	0.0	0.0	30.0	0.0	0.0	95.0	62.0	0.0	0.0	44.0	0.0	0.0	0.0	0.0	0.0	0.0	85.0	0.0	0.0	0.0	0.0	38.0	0.0	0.0	8.0	0.0	0.0	95.0	20.0	0.0	0.0	0.0	0.0	0.0	0.0	0.0	0.0	0.0	38.0	0.0	0.0	88.0	87.0	0.0	0.0	0.0	0.0	0.0	0.0	0.0	0.0	0.0	39.0	0.0	0.0	0.0	85.0	0.0	5.0	0.0	0.0	0.0	0.0	0.0	0.0	0.0	71.0	0.0
37.0	0.0	0.0	0.0	0.0	0.0	0.0	0.0	77.0	85.0	0.0	19.0	0.0	0.0	0.0	81.0	0.0	31.0	0.0	0.0	0.0	0.0	64.0	0.0	0.0	21.0	46.0	0.0	0.0	0.0	0.0	0.0	0.0	0.0	0.0	0.0	0.0	0.0	0.0	0.0	58.0	0.0	0.0	0.0	0.0	0.0	0.0	0.0	0.0	44.0	77.0	15.0	0.0	0.0	43.0	0.0	0.0	0.0	29.0	61.0	69.0	60.0	0.0	0.0	16.0	0.0	57.0	51.0	0.0	0.0	0.0	0.0	65.0	92.0
0.0	0.0	0.0	0.0	0.0	0.0	0.0	0.0	19.0	0.0	79.0	0.0	78.0	0.0	0.0	0.0	0.0	0.0	91.0	0.0	0.0	19.0	0.0	0.0	34.0	0.0	0.0	0.0	0.0	0.0	0.0	0.0	0.0	0.0	49.0	0.0	0.0	0.0	0.0	0.0	74.0	19.0	34.0	0.0	0.0	0.0	0.0	0.0	0.0	82.0	0.0	0.0	0.0	71.0	0.0	0.0	82.0	0.0	9.0	91.0	0.0	0.0	45.0	0.0	0.0	22.0	0.0	52.0	0.0	62.0	0.0	0.0	0.0
0.0	0.0	0.0	0.0	0.0	28.0	12.0	0.0	0.0	15.0	9.0	0.0	0.0	0.0	0.0	0.0	0.0	79.0	0.0	0.0	0.0	0.0	47.0	0.0	0.0	97.0	0.0	99.0	75.0	29.0	0.0	0.0	0.0	0.0	0.0	0.0	0.0	0.0	0.0	62.0	14.0	0.0	0.0	0.0	65.0	0.0	0.0	0.0	11.0	0.0	0.0	0.0	98.0	0.0	0.0	0.0	0.0	0.0	35.0	0.0	0.0	0.0	0.0	0.0	0.0	0.0	0.0	60.0	0.0	0.0	17.0	0.0
87.0	17.0	0.0	0.0	18.0	62.0	0.0	0.0	4.0	0.0	0.0	0.0	38.0	0.0	0.0	0.0	0.0	27.0	0.0	0.0	0.0	0.0	72.0	14.0	36.0	89.0	51.0	0.0	0.0	0.0	95.0	0.0	0.0	0.0	0.0	0.0	0.0	0.0	94.0	0.0	90.0	31.0	0.0	0.0	0.0	0.0	0.0	0.0	0.0	0.0	0.0	0.0	91.0	0.0	69.0	0.0	0.0	0.0	86.0	0.0	53.0	0.0	0.0	0.0	0.0	0.0	0.0	0.0	0.0	0.0	83.0
0.0	15.0	0.0	0.0	0.0	0.0	0.0	0.0	0.0	0.0	0.0	0.0	0.0	0.0	0.0	0.0	0.0	0.0	0.0	0.0	0.0	0.0	0.0	0.0	58.0	18.0	0.0	93.0	0.0	0.0	0.0	0.0	0.0	0.0	0.0	0.0	75.0	0.0	0.0	0.0	0.0	0.0	0.0	0.0	0.0	0.0	12.0	0.0	0.0	0.0	0.0	0.0	51.0	58.0	0.0	75.0	82.0	0.0	0.0	0.0	29.0	0.0	0.0	0.0	0.0	100.0	5.0	21.0	0.0	0.0
0.0	0.0	0.0	0.0	0.0	0.0	93.0	71.0	0.0	0.0	0.0	0.0	86.0	0.0	0.0	0.0	0.0	0.0	0.0	0.0	0.0	0.0	0.0	21.0	0.0	0.0	78.0	0.0	0.0	0.0	85.0	0.0	0.0	0.0	95.0	0.0	40.0	0.0	19.0	0.0	0.0	41.0	0.0	0.0	0.0	44.0	0.0	0.0	56.0	28.0	0.0	0.0	0.0	0.0	0.0	0.0	18.0	0.0	0.0	0.0	8.0	0.0	0.0	51.0	0.0	0.0	0.0	0.0	0.0
0.0	0.0	0.0	0.0	0.0	86.0	0.0	0.0	0.0	52.0	0.0	59.0	0.0	0.0	0.0	2.0	3.0	0.0	8.0	0.0	0.0	78.0	96.0	3.0	0.0	0.0	0.0	0.0	0.0	65.0	4.0	0.0	0.0	8.0	0.0	18.0	0.0	0.0	0.0	0.0	0.0	0.0	0.0	0.0	0.0	0.0	0.0	0.0	0.0	53.0	0.0	83.0	0.0	0.0	0.0	0.0	0.0	21.0	85.0	0.0	0.0	89.0	0.0	0.0	11.0	0.0	0.0	0.0
0.0	0.0	0.0	0.0	0.0	0.0	0.0	28.0	0.0	8.0	0.0	0.0	0.0	0.0	0.0	54.0	0.0	0.0	0.0	0.0	0.0	0.0	0.0	11.0	0.0	0.0	0.0	87.0	0.0	36.0	0.0	0.0	0.0	0.0	0.0	0.0	0.0	85.0	0.0	0.0	6.0	34.0	0.0	0.0	23.0	0.0	0.0	96.0	0.0	39.0	94.0	0.0	0.0	0.0	0.0	0.0	0.0	0.0	0.0	0.0	0.0	0.0	0.0	0.0	0.0	18.0	0.0
0.0	0.0	0.0	0.0	0.0	0.0	0.0	48.0	0.0	0.0	0.0	0.0	51.0	0.0	87.0	0.0	65.0	46.0	0.0	0.0	0.0	78.0	0.0	0.0	0.0	0.0	86.0	0.0	0.0	0.0	0.0	12.0	11.0	0.0	15.0	0.0	0.0	0.0	10.0	12.0	71.0	79.0	0.0	0.0	0.0	93.0	0.0	0.0	52.0	0.0	0.0	0.0	0.0	0.0	0.0	0.0	0.0	0.0	0.0	0.0	0.0	58.0	0.0	28.0	32.0	0.0
0.0	0.0	0.0	94.0	3.0	0.0	58.0	0.0	0.0	0.0	0.0	0.0	59.0	0.0	0.0	0.0	0.0	29.0	0.0	0.0	0.0	18.0	72.0	0.0	0.0	0.0	95.0	0.0	0.0	0.0	73.0	0.0	0.0	60.0	5.0	10.0	0.0	0.0	96.0	0.0	69.0	0.0	72.0	56.0	0.0	0.0	0.0	0.0	0.0	0.0	0.0	0.0	0.0	0.0	0.0	0.0	39.0	24.0	0.0	80.0	11.0	0.0	9.0	26.0	0.0
19.0	0.0	25.0	0.0	0.0	50.0	0.0	0.0	0.0	0.0	98.0	0.0	0.0	0.0	0.0	0.0	0.0	0.0	50.0	0.0	0.0	3.0	0.0	0.0	0.0	0.0	34.0	53.0	0.0	0.0	0.0	0.0	92.0	4.0	0.0	0.0	0.0	0.0	0.0	0.0	0.0	0.0	0.0	84.0	14.0	0.0	0.0	0.0	0.0	73.0	91.0	0.0	65.0	0.0	0.0	0.0	0.0	89.0	0.0	0.0	72.0	0.0	0.0	0.0
74.0	0.0	0.0	0.0	0.0	0.0	0.0	0.0	0.0	39.0	94.0	0.0	0.0	78.0	0.0	0.0	0.0	0.0	0.0	0.0	0.0	0.0	28.0	0.0	0.0	0.0	0.0	0.0	0.0	0.0	61.0	85.0	0.0	0.0	35.0	0.0	0.0	0.0	0.0	0.0	0.0	0.0	0.0	56.0	0.0	96.0	0.0	33.0	26.0	0.0	0.0	2.0	0.0	0.0	0.0	0.0	0.0	0.0	35.0	0.0	85.0	0.0	0.0
0.0	0.0	0.0	0.0	0.0	0.0	2.0	0.0	0.0	0.0	64.0	0.0	18.0	0.0	0.0	0.0	0.0	0.0	0.0	0.0	0.0	0.0	0.0	0.0	0.0	0.0	74.0	11.0	0.0	60.0	88.0	0.0	0.0	0.0	0.0	0.0	0.0	11.0	0.0	0.0	0.0	0.0	0.0	0.0	0.0	0.0	0.0	0.0	0.0	83.0	45.0	0.0	0.0	0.0	0.0	0.0	0.0	40.0	0.0	0.0	0.0	0.0
0.0	0.0	0.0	0.0	2.0	0.0	73.0	0.0	0.0	0.0	0.0	0.0	73.0	0.0	41.0	78.0	1.0	79.0	0.0	0.0	0.0	66.0	99.0	0.0	0.0	0.0	0.0	0.0	0.0	0.0	3.0	24.0	0.0	0.0	14.0	0.0	0.0	0.0	0.0	34.0	0.0	42.0	0.0	0.0	100.0	0.0	0.0	0.0	37.0	0.0	66.0	0.0	0.0	0.0	0.0	74.0	27.0	0.0	99.0	55.0	0.0
0.0	0.0	0.0	0.0	36.0	64.0	0.0	97.0	17.0	0.0	0.0	45.0	0.0	0.0	0.0	0.0	0.0	0.0	0.0	53.0	34.0	0.0	0.0	0.0	0.0	41.0	0.0	0.0	0.0	32.0	0.0	0.0	0.0	56.0	0.0	0.0	0.0	60.0	0.0	20.0	98.0	0.0	41.0	0.0	0.0	72.0	0.0	0.0	0.0	14.0	33.0	17.0	0.0	0.0	0.0	0.0	5.0	92.0	0.0	0.0
0.0	0.0	0.0	79.0	23.0	27.0	0.0	0.0	0.0	0.0	0.0	0.0	46.0	0.0	0.0	58.0	59.0	74.0	0.0	27.0	0.0	0.0	0.0	82.0	0.0	0.0	0.0	0.0	24.0	12.0	0.0	76.0	0.0	0.0	0.0	0.0	0.0	0.0	0.0	0.0	0.0	11.0	39.0	0.0	0.0	35.0	0.0	0.0	0.0	2.0	0.0	0.0	0.0	0.0	0.0	0.0	0.0	87.0	0.0
0.0	42.0	0.0	38.0	98.0	0.0	0.0	0.0	0.0	79.0	0.0	74.0	0.0	0.0	0.0	0.0	0.0	0.0	0.0	81.0	10.0	36.0	0.0	0.0	0.0	0.0	0.0	0.0	0.0	73.0	0.0	0.0	0.0	0.0	0.0	0.0	0.0	0.0	0.0	0.0	51.0	0.0	0.0	84.0	0.0	0.0	0.0	0.0	38.0	0.0	0.0	30.0	0.0	0.0	0.0	0.0	42.0	37.0
0.0	0.0	0.0	0.0	0.0	8.0	94.0	67.0	0.0	0.0	0.0	87.0	0.0	0.0	0.0	0.0	0.0	0.0	0.0	83.0	0.0	0.0	89.0	0.0	0.0	0.0	0.0	0.0	0.0	0.0	0.0	72.0	0.0	0.0	56.0	0.0	9.0	0.0	0.0	0.0	0.0	0.0	64.0	0.0	0.0	0.0	0.0	0.0	0.0	87.0	0.0	0.0	5.0	0.0	0.0	0.0	0.0
0.0	0.0	64.0	0.0	32.0	0.0	0.0	54.0	0.0	0.0	0.0	0.0	0.0	0.0	0.0	0.0	0.0	0.0	0.0	84.0	0.0	0.0	0.0	0.0	0.0	81.0	0.0	0.0	0.0	75.0	0.0	0.0	0.0	0.0	0.0	0.0	0.0	8.0	54.0	0.0	0.0	0.0	0.0	0.0	0.0	0.0	28.0	0.0	50.0	0.0	60.0	0.0	0.0	0.0	0.0	73.0
0.0	0.0	0.0	18.0	0.0	0.0	0.0	6.0	0.0	0.0	0.0	0.0	0.0	0.0	0.0	0.0	0.0	3.0	0.0	4.0	0.0	0.0	0.0	0.0	0.0	0.0	0.0	0.0	0.0	0.0	59.0	0.0	0.0	0.0	0.0	66.0	0.0	0.0	39.0	0.0	0.0	10.0	0.0	0.0	0.0	0.0	0.0	0.0	0.0	62.0	0.0	0.0	0.0	0.0	0.0
86.0	4.0	35.0	0.0	0.0	0.0	0.0	0.0	38.0	86.0	0.0	17.0	0.0	0.0	0.0	0.0	0.0	0.0	84.0	0.0	0.0	0.0	0.0	0.0	0.0	0.0	0.0	0.0	92.0	41.0	0.0	0.0	0.0	0.0	0.0	0.0	0.0	14.0	0.0	0.0	0.0	95.0	0.0	86.0	72.0	0.0	47.0	0.0	0.0	42.0	0.0	0.0	0.0	0.0
52.0	0.0	0.0	0.0	0.0	0.0	0.0	0.0	0.0	0.0	0.0	0.0	0.0	0.0	0.0	82.0	0.0	0.0	36.0	0.0	58.0	0.0	31.0	0.0	19.0	47.0	0.0	0.0	11.0	0.0	0.0	0.0	0.0	39.0	0.0	0.0	0.0	0.0	14.0	0.0	10.0	0.0	18.0	95.0	0.0	0.0	0.0	0.0	0.0	0.0	0.0	0.0	54.0
0.0	0.0	0.0	0.0	0.0	0.0	14.0	18.0	44.0	92.0	0.0	0.0	0.0	0.0	0.0	0.0	0.0	0.0	0.0	0.0	36.0	36.0	0.0	0.0	21.0	0.0	0.0	0.0	0.0	0.0	0.0	0.0	0.0	0.0	79.0	0.0	70.0	0.0	17.0	0.0	0.0	0.0	0.0	44.0	0.0	0.0	0.0	0.0	0.0	0.0	2.0	0.0
61.0	0.0	0.0	0.0	50.0	0.0	0.0	60.0	0.0	0.0	0.0	0.0	0.0	0.0	0.0	0.0	0.0	0.0	0.0	29.0	0.0	0.0	0.0	0.0	0.0	0.0	0.0	0.0	0.0	0.0	17.0	31.0	0.0	0.0	0.0	96.0	0.0	0.0	0.0	0.0	0.0	0.0	0.0	0.0	85.0	0.0	0.0	0.0	0.0	72.0	0.0
0.0	24.0	0.0	0.0	0.0	0.0	93.0	0.0	0.0	0.0	0.0	0.0	0.0	32.0	0.0	0.0	15.0	0.0	0.0	0.0	0.0	0.0	0.0	0.0	0.0	4.0	46.0	75.0	0.0	0.0	0.0	0.0	0.0	0.0	97.0	0.0	85.0	0.0	0.0	0.0	6.0	0.0	0.0	0.0	67.0	0.0	76.0	0.0	0.0	0.0
0.0	0.0	0.0	0.0	0.0	0.0	0.0	0.0	84.0	1.0	0.0	0.0	0.0	0.0	0.0	0.0	0.0	0.0	24.0	63.0	9.0	85.0	0.0	0.0	0.0	0.0	2.0	50.0	0.0	0.0	0.0	0.0	0.0	0.0	56.0	0.0	90.0	0.0	27.0	0.0	0.0	0.0	36.0	64.0	42.0	37.0	0.0	0.0	0.0
0.0	0.0	0.0	32.0	96.0	78.0	0.0	0.0	0.0	0.0	0.0	42.0	0.0	0.0	0.0	34.0	0.0	70.0	0.0	0.0	0.0	0.0	0.0	0.0	0.0	0.0	51.0	0.0	0.0	9.0	0.0	0.0	0.0	0.0	0.0	0.0	0.0	88.0	82.0	0.0	0.0	0.0	0.0	0.0	0.0	0.0	0.0	0.0
60.0	0.0	95.0	0.0	60.0	0.0	0.0	0.0	0.0	0.0	0.0	0.0	0.0	0.0	0.0	0.0	0.0	0.0	0.0	0.0	0.0	0.0	0.0	34.0	0.0	0.0	0.0	0.0	84.0	0.0	0.0	0.0	0.0	0.0	0.0	0.0	88.0	0.0	0.0	0.0	37.0	0.0	0.0	0.0	0.0	80.0	96.0
0.0	0.0	44.0	0.0	0.0	1.0	93.0	0.0	0.0	0.0	0.0	61.0	0.0	34.0	38.0	0.0	0.0	0.0	0.0	0.0	0.0	0.0	0.0	30.0	52.0	89.0	0.0	0.0	0.0	0.0	0.0	0.0	0.0	0.0	97.0	0.0	0.0	16.0	19.0	0.0	79.0	0.0	0.0	29.0	0.0	0.0
71.0	44.0	70.0	0.0	0.0	0.0	0.0	27.0	0.0	0.0	0.0	0.0	0.0	0.0	0.0	55.0	0.0	0.0	0.0	0.0	0.0	83.0	0.0	38.0	0.0	98.0	0.0	0.0	0.0	0.0	55.0	31.0	0.0	0.0	0.0	0.0	16.0	0.0	0.0	0.0	0.0	0.0	0.0	65.0	52.0
0.0	0.0	0.0	32.0	7.0	0.0	0.0	0.0	0.0	0.0	0.0	0.0	62.0	0.0	22.0	0.0	0.0	84.0	17.0	0.0	0.0	0.0	62.0	0.0	0.0	0.0	0.0	0.0	0.0	0.0	43.0	19.0	0.0	0.0	0.0	0.0	50.0	0.0	0.0	80.0	0.0	0.0	21.0	0.0
0.0	0.0	0.0	0.0	21.0	91.0	0.0	0.0	0.0	0.0	0.0	43.0	0.0	0.0	0.0	0.0	46.0	72.0	9.0	28.0	0.0	44.0	0.0	0.0	0.0	0.0	0.0	65.0	0.0	0.0	0.0	0.0	0.0	7.0	0.0	57.0	83.0	48.0	0.0	0.0	0.0	93.0	0.0
0.0	0.0	0.0	0.0	0.0	0.0	0.0	0.0	0.0	0.0	0.0	13.0	0.0	0.0	0.0	0.0	69.0	0.0	0.0	47.0	17.0	78.0	0.0	0.0	0.0	0.0	46.0	0.0	0.0	0.0	0.0	55.0	0.0	0.0	0.0	0.0	69.0	0.0	0.0	0.0	0.0	4.0
0.0	38.0	0.0	0.0	0.0	0.0	0.0	0.0	0.0	0.0	0.0	0.0	0.0	0.0	0.0	17.0	0.0	7.0	0.0	41.0	0.0	0.0	0.0	0.0	0.0	0.0	0.0	0.0	86.0	48.0	0.0	0.0	0.0	0.0	0.0	33.0	0.0	88.0	18.0	22.0	97.0
0.0	0.0	0.0	0.0	0.0	0.0	0.0	0.0	0.0	0.0	0.0	46.0	0.0	65.0	74.0	0.0	0.0	0.0	26.0	0.0	55.0	0.0	0.0	0.0	0.0	79.0	0.0	38.0	0.0	0.0	93.0	0.0	68.0	85.0	0.0	0.0	0.0	100.0	0.0	0.0
27.0	0.0	0.0	79.0	0.0	0.0	0.0	0.0	0.0	77.0	0.0	0.0	0.0	0.0	79.0	0.0	0.0	0.0	0.0	25.0	66.0	0.0	57.0	0.0	0.0	96.0	62.0	0.0	0.0	42.0	0.0	27.0	0.0	50.0	79.0	0.0	0.0	0.0	0.0
70.0	0.0	83.0	0.0	0.0	0.0	0.0	0.0	0.0	0.0	0.0	0.0	0.0	17.0	0.0	0.0	46.0	51.0	54.0	28.0	0.0	0.0	55.0	0.0	0.0	0.0	0.0	50.0	0.0	0.0	12.0	0.0	0.0	0.0	0.0	0.0	0.0	23.0
19.0	0.0	0.0	5.0	0.0	0.0	0.0	0.0	0.0	0.0	0.0	0.0	100.0	42.0	0.0	35.0	0.0	0.0	57.0	0.0	0.0	0.0	34.0	39.0	0.0	0.0	0.0	17.0	0.0	0.0	0.0	0.0	0.0	0.0	0.0	0.0	36.0
0.0	0.0	0.0	0.0	0.0	0.0	0.0	0.0	0.0	2.0	86.0	84.0	42.0	0.0	0.0	0.0	0.0	15.0	0.0	0.0	0.0	68.0	0.0	28.0	65.0	0.0	17.0	0.0	0.0	0.0	0.0	0.0	82.0	0.0	0.0	0.0
2.0	0.0	0.0	13.0	97.0	0.0	0.0	0.0	0.0	0.0	54.0	74.0	10.0	77.0	67.0	0.0	0.0	0.0	0.0	0.0	18.0	0.0	48.0	83.0	0.0	0.0	0.0	50.0	57.0	10.0	58.0	0.0	0.0	0.0	0.0
0.0	0.0	35.0	0.0	0.0	0.0	0.0	0.0	0.0	55.0	57.0	0.0	0.0	0.0	0.0	0.0	0.0	0.0	0.0	0.0	21.0	0.0	0.0	0.0	0.0	0.0	0.0	0.0	0.0	25.0	49.0	0.0	0.0	49.0
0.0	0.0	0.0	0.0	0.0	0.0	0.0	0.0	0.0	0.0	0.0	33.0	0.0	0.0	0.0	0.0	0.0	0.0	0.0	67.0	57.0	0.0	0.0	33.0	0.0	0.0	0.0	0.0	0.0	25.0	0.0	26.0	0.0
0.0	0.0	3.0	0.0	88.0	88.0	0.0	0.0	0.0	0.0	0.0	0.0	0.0	12.0	0.0	0.0	0.0	0.0	0.0	0.0	44.0	0.0	0.0	0.0	74.0	0.0	0.0	0.0	0.0	0.0	0.0	0.0
50.0	59.0	0.0	0.0	0.0	96.0	0.0	0.0	0.0	14.0	87.0	0.0	0.0	0.0	4.0	0.0	0.0	0.0	0.0	97.0	0.0	0.0	7.0	0.0	0.0	0.0	0.0	49.0	41.0	78.0	0.0
0.0	0.0	0.0	82.0	0.0	0.0	0.0	0.0	24.0	0.0	0.0	25.0	0.0	0.0	0.0	0.0	0.0	100.0	0.0	0.0	1.0	0.0	0.0	0.0	0.0	0.0	0.0	62.0	0.0	0.0
0.0	0.0	47.0	76.0	0.0	0.0	0.0	100.0	0.0	0.0	0.0	0.0	0.0	75.0	0.0	0.0	0.0	45.0	28.0	0.0	0.0	0.0	0.0	0.0	74.0	0.0	100.0	0.0	0.0
19.0	89.0	0.0	0.0	0.0	0.0	0.0	0.0	0.0	0.0	0.0	10.0	41.0	0.0	0.0	0.0	0.0	0.0	0.0	0.0	0.0	0.0	18.0	0.0	16.0	0.0	0.0	0.0
0.0	0.0	0.0	44.0	0.0	0.0	0.0	0.0	0.0	0.0	21.0	0.0	0.0	49.0	22.0	0.0	0.0	39.0	0.0	22.0	0.0	0.0	0.0	0.0	74.0	0.0	0.0
0.0	3.0	28.0	54.0	0.0	0.0	0.0	0.0	0.0	0.0	0.0	0.0	0.0	0.0	0.0	0.0	0.0	0.0	91.0	0.0	0.0	3.0	0.0	99.0	0.0	0.0
77.0	0.0	63.0	56.0	0.0	0.0	21.0	0.0	0.0	46.0	0.0	0.0	0.0	0.0	0.0	0.0	0.0	0.0	0.0	0.0	46.0	0.0	0.0	77.0	0.0
80.0	58.0	0.0	0.0	0.0	0.0	0.0	88.0	69.0	0.0	0.0	0.0	0.0	0.0	17.0	72.0	0.0	0.0	0.0	79.0	0.0	0.0	0.0	0.0
42.0	0.0	0.0	0.0	0.0	0.0	68.0	0.0	0.0	0.0	0.0	0.0	0.0	0.0	0.0	67.0	87.0	0.0	78.0	80.0	0.0	0.0	0.0
0.0	0.0	0.0	60.0	0.0	1.0	10.0	11.0	38.0	0.0	0.0	0.0	0.0	0.0	47.0	57.0	0.0	0.0	0.0	0.0	57.0	0.0
0.0	0.0	0.0	0.0	0.0	0.0	18.0	29.0	77.0	0.0	0.0	0.0	34.0	0.0	0.0	79.0	0.0	0.0	0.0	0.0	0.0
0.0	0.0	0.0	0.0	66.0	0.0	0.0	0.0	0.0	0.0	67.0	0.0	95.0	0.0	0.0	86.0	27.0	0.0	0.0	16.0
11.0	0.0	0.0	65.0	0.0	0.0	0.0	0.0	0.0	58.0	90.0	0.0	0.0	0.0	0.0	0.0	0.0	0.0	0.0
0.0	92.0	0.0	0.0	0.0	58.0	0.0	0.0	0.0	0.0	0.0	0.0	98.0	0.0	0.0	0.0	0.0	0.0
3.0	0.0	0.0	0.0	0.0	0.0	0.0	54.0	0.0	85.0	0.0	0.0	0.0	40.0	0.0	32.0	0.0
0.0	0.0	0.0	0.0	0.0	0.0	0.0	0.0	85.0	0.0	14.0	60.0	0.0	0.0	0.0	0.0
63.0	0.0	0.0	0.0	0.0	0.0	0.0	0.0	0.0	0.0	58.0	0.0	0.0	0.0	0.0
0.0	0.0	0.0	0.0	0.0	0.0	0.0	0.0	0.0	0.0	0.0	0.0	67.0	0.0
92.0	0.0	0.0	0.0	0.0	0.0	0.0	47.0	0.0	0.0	0.0	56.0	0.0
0.0	0.0	0.0	97.0	72.0	0.0	0.0	0.0	0.0	0.0	0.0	0.0
0.0	0.0	0.0	51.0	0.0	0.0	0.0	0.0	87.0	46.0	52.0
0.0	0.0	0.0	0.0	14.0	0.0	0.0	0.0	0.0	0.0
0.0	0.0	0.0	0.0	0.0	0.0	0.0	0.0	0.0
0.0	96.0	0.0	0.0	58.0	0.0	100.0	0.0
0.0	32.0	0.0	0.0	31.0	0.0	0.0
0.0	0.0	0.0	0.0	0.0	0.0
0.0	0.0	0.0	0.0	0.0
0.0	0.0	0.0	0.0
0.0	0.0	0.0
0.0	0.0
0.0

41.0	43.0	32.0	11.0	32.0	23.0	3.0	42.0	42.0	36.0	33.0	21.0	18.0	2.0	15.0	17.0	34.0	20.0	34.0	11.0	3.0	45.0	44.0	39.0	24.0	15.0	31.0	33.0	5.0	34.0	15.0	26.0	11.0	36.0	4.0	43.0	45.0	8.0	30.0	22.0	5.0	47.0	19.0	28.0	48.0	25.0	43.0	6.0	48.0	13.0	10.0	29.0	42.0	47.0	41.0	9.0	34.0	21.0	15.0	32.0	30.0	18.0	39.0	50.0	43.0	25.0	28.0	3.0	12.0	24.0	44.0	9.0	43.0	42.0	46.0	42.0	38.0	33.0	18.0	14.0	16.0	29.0	43.0	2.0	50.0	43.0	2.0	7.0	25.0	11.0	22.0	10.0	39.0	40.0	34.0	16.0	47.0	28.0	41.0	9.0	26.0	1.0	21.0	3.0	3.0	28.0	48.0	7.0	22.0	47.0	8.0	8.0	34.0	32.0	20.0	14.0	15.0	46.0	24.0	22.0	22.0	7.0	41.0	8.0	35.0	19.0	9.0	20.0	3.0	42.0	3.0	35.0	7.0	32.0	6.0	44.0	7.0	13.0	39.0	50.0	31.0	48.0	21.0	35.0	37.0	41.0	2.0	36.0	17.0	15.0	31.0	11.0	25.0	49.0	29.0	15.0	3.0	26.0	46.0	36.0	16.0	7.0	46.0	10.0	25.0	1.0	19.0	15.0	47.0	50.0	12.0	35.0	42.0	48.0	38.0	25.0	28.0	43.0	19.0	50.0	23.0	13.0	28.0	21.0	41.0	10.0	17.0	45.0	25.0	15.0	18.0	29.0	12.0	26.0	44.0	15.0	23.0	26.0	31.0	30.0

830.8800000000001	830.8800000000001	830.8800000000001	830.8800000000001	830.8800000000001
