qmkp_200_50_10_008
200
10

92.0	0.0	0.0	25.0	0.0	0.0	56.0	0.0	40.0	7.0	75.0	0.0	34.0	44.0	0.0	13.0	0.0	0.0	0.0	0.0	0.0	62.0	63.0	0.0	46.0	0.0	0.0	95.0	0.0	78.0	92.0	99.0	0.0	79.0	0.0	67.0	0.0	0.0	0.0	65.0	0.0	0.0	0.0	0.0	0.0	0.0	75.0	69.0	17.0	44.0	0.0	0.0	89.0	0.0	0.0	96.0	68.0	0.0	0.0	0.0	0.0	24.0	32.0	0.0	0.0	32.0	26.0	51.0	0.0	3.0	0.0	0.0	48.0	0.0	0.0	0.0	0.0	56.0	0.0	3.0	39.0	0.0	0.0	73.0	0.0	28.0	0.0	0.0	25.0	68.0	34.0	26.0	0.0	0.0	0.0	0.0	65.0	0.0	0.0	0.0	0.0	0.0	16.0	0.0	10.0	70.0	45.0	0.0	49.0	79.0	0.0	66.0	89.0	86.0	20.0	89.0	53.0	0.0	47.0	77.0	0.0	85.0	0.0	8.0	0.0	50.0	1.0	99.0	55.0	31.0	33.0	57.0	0.0	0.0	5.0	62.0	0.0	47.0	0.0	0.0	22.0	76.0	0.0	0.0	44.0	15.0	11.0	49.0	0.0	52.0	86.0	0.0	56.0	0.0	61.0	0.0	0.0	47.0	33.0	0.0	0.0	74.0	32.0	27.0	0.0	0.0	23.0	0.0	0.0	0.0	0.0	64.0	67.0	29.0	8.0	0.0	60.0	0.0	0.0	0.0	15.0	0.0	69.0	9.0	71.0	63.0	0.0	17.0	0.0	88.0	0.0	0.0	0.0	0.0	0.0	97.0	89.0	39.0	0.0	0.0
0.0	25.0	0.0	0.0	5.0	0.0	94.0	17.0	0.0	46.0	0.0	0.0	0.0	99.0	0.0	0.0	86.0	31.0	0.0	0.0	89.0	0.0	0.0	0.0	73.0	81.0	44.0	0.0	0.0	30.0	66.0	0.0	0.0	0.0	42.0	31.0	0.0	0.0	13.0	45.0	84.0	0.0	83.0	0.0	10.0	44.0	96.0	0.0	1.0	0.0	19.0	68.0	14.0	79.0	55.0	0.0	0.0	0.0	0.0	0.0	72.0	76.0	100.0	0.0	5.0	0.0	0.0	0.0	0.0	0.0	65.0	90.0	86.0	26.0	0.0	75.0	46.0	0.0	0.0	0.0	0.0	92.0	75.0	0.0	93.0	73.0	98.0	10.0	60.0	9.0	48.0	0.0	55.0	19.0	23.0	88.0	23.0	0.0	86.0	31.0	27.0	0.0	92.0	0.0	0.0	0.0	0.0	32.0	37.0	0.0	88.0	0.0	22.0	0.0	0.0	8.0	0.0	0.0	91.0	0.0	3.0	0.0	0.0	54.0	85.0	89.0	0.0	45.0	0.0	0.0	0.0	74.0	0.0	0.0	51.0	0.0	81.0	48.0	0.0	0.0	63.0	0.0	0.0	0.0	0.0	11.0	55.0	89.0	50.0	23.0	84.0	31.0	17.0	0.0	75.0	72.0	0.0	0.0	0.0	0.0	4.0	64.0	11.0	0.0	0.0	50.0	0.0	0.0	0.0	81.0	0.0	0.0	39.0	0.0	11.0	0.0	64.0	86.0	0.0	0.0	79.0	78.0	3.0	0.0	25.0	99.0	66.0	88.0	26.0	63.0	70.0	28.0	0.0	37.0	28.0	0.0	78.0	92.0	0.0
100.0	65.0	0.0	88.0	76.0	0.0	0.0	0.0	0.0	18.0	0.0	34.0	0.0	16.0	0.0	0.0	6.0	91.0	0.0	0.0	61.0	0.0	38.0	0.0	81.0	30.0	95.0	9.0	0.0	30.0	0.0	0.0	96.0	4.0	77.0	32.0	68.0	6.0	12.0	0.0	51.0	3.0	0.0	0.0	0.0	71.0	72.0	57.0	10.0	6.0	0.0	0.0	0.0	0.0	0.0	0.0	47.0	68.0	0.0	0.0	59.0	0.0	83.0	85.0	0.0	0.0	34.0	73.0	0.0	42.0	0.0	56.0	93.0	0.0	0.0	13.0	38.0	17.0	0.0	0.0	90.0	0.0	61.0	0.0	0.0	19.0	0.0	18.0	80.0	0.0	0.0	75.0	53.0	0.0	0.0	0.0	0.0	57.0	48.0	0.0	83.0	0.0	40.0	0.0	59.0	81.0	50.0	0.0	71.0	0.0	0.0	70.0	9.0	0.0	90.0	0.0	87.0	0.0	0.0	49.0	0.0	95.0	0.0	0.0	4.0	0.0	89.0	0.0	0.0	0.0	0.0	0.0	69.0	18.0	0.0	98.0	0.0	0.0	0.0	17.0	0.0	0.0	75.0	0.0	0.0	0.0	0.0	23.0	44.0	0.0	86.0	0.0	0.0	19.0	0.0	41.0	0.0	11.0	77.0	12.0	0.0	28.0	99.0	39.0	0.0	0.0	0.0	0.0	0.0	0.0	0.0	42.0	86.0	0.0	0.0	38.0	0.0	28.0	0.0	0.0	0.0	0.0	0.0	45.0	28.0	0.0	8.0	36.0	35.0	15.0	16.0	0.0	0.0	0.0	12.0	15.0	0.0	61.0
8.0	75.0	0.0	4.0	31.0	0.0	0.0	38.0	0.0	0.0	33.0	16.0	0.0	67.0	34.0	0.0	0.0	40.0	40.0	86.0	0.0	83.0	68.0	0.0	0.0	0.0	66.0	3.0	0.0	0.0	0.0	10.0	20.0	0.0	11.0	0.0	0.0	0.0	0.0	11.0	9.0	6.0	0.0	96.0	0.0	0.0	60.0	22.0	0.0	53.0	0.0	28.0	29.0	0.0	66.0	55.0	0.0	0.0	0.0	0.0	49.0	0.0	43.0	21.0	96.0	0.0	29.0	38.0	0.0	0.0	13.0	0.0	6.0	6.0	0.0	0.0	0.0	2.0	64.0	64.0	57.0	0.0	0.0	92.0	29.0	26.0	61.0	54.0	0.0	36.0	1.0	0.0	93.0	0.0	0.0	0.0	31.0	0.0	31.0	0.0	64.0	0.0	0.0	0.0	0.0	0.0	0.0	65.0	27.0	0.0	0.0	66.0	74.0	0.0	0.0	0.0	33.0	3.0	40.0	0.0	0.0	97.0	10.0	90.0	24.0	0.0	10.0	46.0	60.0	0.0	16.0	4.0	58.0	0.0	0.0	16.0	12.0	0.0	37.0	4.0	36.0	31.0	0.0	0.0	0.0	14.0	0.0	0.0	0.0	48.0	0.0	12.0	0.0	60.0	0.0	0.0	0.0	0.0	0.0	0.0	21.0	96.0	5.0	58.0	48.0	0.0	0.0	0.0	0.0	23.0	84.0	0.0	3.0	0.0	0.0	0.0	0.0	0.0	0.0	91.0	72.0	0.0	39.0	0.0	51.0	58.0	0.0	0.0	73.0	0.0	0.0	0.0	29.0	0.0	0.0	0.0	0.0
1.0	0.0	0.0	85.0	14.0	0.0	5.0	13.0	95.0	70.0	0.0	25.0	53.0	82.0	24.0	0.0	91.0	89.0	86.0	0.0	38.0	0.0	8.0	3.0	0.0	0.0	0.0	71.0	0.0	74.0	72.0	0.0	0.0	0.0	0.0	5.0	0.0	61.0	0.0	0.0	36.0	64.0	0.0	91.0	51.0	0.0	0.0	82.0	0.0	11.0	0.0	48.0	21.0	95.0	42.0	0.0	57.0	52.0	0.0	34.0	0.0	26.0	0.0	0.0	78.0	74.0	54.0	0.0	41.0	53.0	0.0	85.0	0.0	92.0	0.0	16.0	36.0	0.0	0.0	72.0	0.0	0.0	35.0	0.0	0.0	33.0	49.0	0.0	0.0	0.0	0.0	44.0	48.0	0.0	69.0	15.0	0.0	0.0	0.0	14.0	0.0	0.0	0.0	64.0	71.0	41.0	52.0	15.0	75.0	97.0	0.0	33.0	36.0	0.0	0.0	51.0	53.0	43.0	0.0	58.0	0.0	43.0	0.0	0.0	33.0	56.0	0.0	0.0	0.0	0.0	0.0	0.0	75.0	15.0	78.0	68.0	60.0	0.0	45.0	0.0	0.0	0.0	0.0	20.0	0.0	89.0	55.0	74.0	29.0	0.0	0.0	83.0	68.0	0.0	0.0	0.0	0.0	76.0	0.0	26.0	19.0	0.0	65.0	0.0	100.0	0.0	0.0	55.0	96.0	98.0	2.0	0.0	17.0	2.0	83.0	88.0	46.0	71.0	44.0	49.0	0.0	77.0	0.0	69.0	97.0	0.0	0.0	26.0	74.0	64.0	19.0	0.0	0.0	80.0	0.0	73.0
0.0	20.0	100.0	0.0	66.0	0.0	0.0	0.0	95.0	0.0	0.0	0.0	0.0	0.0	42.0	34.0	88.0	0.0	12.0	58.0	68.0	0.0	88.0	0.0	75.0	0.0	75.0	78.0	33.0	21.0	53.0	84.0	0.0	0.0	3.0	88.0	86.0	0.0	9.0	0.0	75.0	0.0	0.0	84.0	0.0	0.0	61.0	99.0	0.0	0.0	0.0	0.0	70.0	0.0	39.0	0.0	0.0	92.0	0.0	0.0	0.0	84.0	7.0	0.0	0.0	0.0	0.0	0.0	45.0	0.0	24.0	36.0	60.0	0.0	0.0	0.0	0.0	0.0	95.0	0.0	0.0	78.0	0.0	15.0	0.0	15.0	0.0	0.0	0.0	0.0	0.0	0.0	40.0	46.0	0.0	0.0	1.0	60.0	0.0	74.0	0.0	0.0	0.0	0.0	0.0	19.0	0.0	45.0	0.0	0.0	0.0	0.0	82.0	0.0	0.0	66.0	6.0	42.0	0.0	39.0	40.0	19.0	90.0	62.0	39.0	0.0	0.0	18.0	41.0	0.0	0.0	0.0	0.0	0.0	0.0	82.0	0.0	0.0	32.0	0.0	0.0	0.0	12.0	0.0	0.0	0.0	0.0	3.0	62.0	55.0	0.0	0.0	0.0	30.0	48.0	0.0	0.0	63.0	70.0	0.0	0.0	95.0	0.0	0.0	49.0	0.0	0.0	0.0	88.0	13.0	89.0	0.0	28.0	95.0	3.0	0.0	63.0	70.0	0.0	28.0	16.0	41.0	0.0	73.0	9.0	0.0	13.0	6.0	0.0	85.0	21.0	0.0	0.0	0.0	0.0
56.0	0.0	40.0	0.0	0.0	0.0	44.0	35.0	0.0	0.0	0.0	78.0	0.0	0.0	0.0	79.0	0.0	4.0	38.0	0.0	76.0	4.0	6.0	78.0	0.0	0.0	45.0	0.0	18.0	0.0	0.0	0.0	87.0	45.0	0.0	8.0	0.0	0.0	46.0	0.0	14.0	0.0	0.0	0.0	0.0	27.0	0.0	17.0	22.0	0.0	0.0	0.0	80.0	0.0	72.0	97.0	95.0	6.0	71.0	0.0	5.0	7.0	0.0	80.0	0.0	0.0	66.0	47.0	0.0	0.0	0.0	82.0	0.0	18.0	0.0	0.0	0.0	0.0	34.0	0.0	28.0	0.0	0.0	15.0	92.0	91.0	93.0	0.0	0.0	0.0	8.0	0.0	0.0	0.0	64.0	0.0	0.0	0.0	47.0	100.0	0.0	71.0	0.0	58.0	60.0	71.0	11.0	0.0	0.0	66.0	16.0	43.0	0.0	0.0	0.0	28.0	100.0	0.0	17.0	32.0	0.0	63.0	71.0	19.0	0.0	0.0	56.0	92.0	70.0	0.0	0.0	0.0	88.0	0.0	0.0	45.0	0.0	0.0	0.0	13.0	14.0	0.0	63.0	0.0	0.0	0.0	44.0	95.0	0.0	19.0	0.0	0.0	0.0	70.0	90.0	0.0	95.0	89.0	20.0	74.0	0.0	19.0	76.0	0.0	84.0	0.0	0.0	0.0	0.0	60.0	84.0	0.0	0.0	0.0	9.0	0.0	0.0	76.0	0.0	58.0	45.0	0.0	18.0	20.0	0.0	47.0	0.0	9.0	0.0	0.0	15.0	65.0	50.0	0.0
57.0	0.0	58.0	0.0	0.0	0.0	58.0	52.0	89.0	0.0	59.0	81.0	74.0	0.0	31.0	45.0	91.0	52.0	82.0	96.0	0.0	0.0	86.0	17.0	0.0	0.0	0.0	29.0	0.0	0.0	0.0	3.0	41.0	72.0	60.0	0.0	23.0	48.0	0.0	42.0	41.0	0.0	18.0	0.0	40.0	89.0	0.0	0.0	0.0	44.0	98.0	0.0	0.0	0.0	0.0	0.0	39.0	56.0	63.0	0.0	58.0	0.0	52.0	0.0	0.0	0.0	46.0	56.0	0.0	0.0	4.0	0.0	90.0	0.0	0.0	0.0	15.0	85.0	88.0	35.0	30.0	91.0	38.0	78.0	0.0	0.0	31.0	0.0	54.0	12.0	77.0	0.0	77.0	0.0	0.0	0.0	0.0	11.0	0.0	0.0	0.0	0.0	38.0	0.0	0.0	93.0	66.0	54.0	0.0	0.0	0.0	61.0	75.0	0.0	0.0	11.0	0.0	0.0	11.0	0.0	68.0	0.0	4.0	0.0	0.0	0.0	0.0	0.0	0.0	89.0	0.0	0.0	93.0	75.0	0.0	57.0	80.0	14.0	34.0	35.0	0.0	86.0	0.0	18.0	79.0	76.0	54.0	0.0	65.0	5.0	0.0	0.0	19.0	0.0	39.0	84.0	64.0	61.0	0.0	0.0	79.0	0.0	27.0	65.0	0.0	36.0	37.0	0.0	0.0	44.0	0.0	70.0	0.0	0.0	30.0	57.0	11.0	96.0	0.0	0.0	0.0	34.0	52.0	0.0	0.0	12.0	22.0	0.0	0.0	0.0	0.0	63.0	1.0
21.0	5.0	0.0	0.0	50.0	0.0	80.0	0.0	0.0	100.0	94.0	0.0	15.0	0.0	0.0	0.0	3.0	51.0	27.0	67.0	95.0	0.0	35.0	0.0	0.0	0.0	68.0	0.0	65.0	85.0	36.0	24.0	0.0	93.0	0.0	0.0	16.0	0.0	38.0	0.0	71.0	0.0	0.0	0.0	0.0	84.0	91.0	0.0	0.0	0.0	76.0	93.0	0.0	95.0	0.0	0.0	57.0	34.0	20.0	53.0	0.0	0.0	58.0	0.0	0.0	0.0	0.0	0.0	0.0	58.0	96.0	0.0	0.0	0.0	32.0	67.0	0.0	0.0	0.0	0.0	0.0	88.0	42.0	0.0	0.0	0.0	58.0	0.0	0.0	0.0	0.0	90.0	0.0	0.0	0.0	0.0	39.0	0.0	11.0	17.0	0.0	20.0	0.0	67.0	0.0	76.0	97.0	0.0	19.0	18.0	26.0	0.0	58.0	46.0	53.0	2.0	4.0	12.0	0.0	0.0	0.0	0.0	0.0	0.0	27.0	0.0	0.0	67.0	75.0	49.0	27.0	0.0	46.0	0.0	39.0	13.0	0.0	0.0	0.0	1.0	0.0	39.0	0.0	0.0	1.0	0.0	22.0	40.0	73.0	0.0	17.0	0.0	72.0	0.0	68.0	43.0	0.0	0.0	0.0	69.0	0.0	99.0	0.0	0.0	0.0	14.0	98.0	0.0	0.0	19.0	58.0	0.0	49.0	0.0	75.0	84.0	36.0	0.0	0.0	19.0	0.0	32.0	30.0	0.0	0.0	0.0	14.0	52.0	1.0	22.0	99.0	31.0
72.0	57.0	0.0	0.0	0.0	0.0	33.0	27.0	0.0	0.0	19.0	58.0	0.0	0.0	0.0	0.0	80.0	0.0	0.0	68.0	0.0	87.0	0.0	36.0	0.0	0.0	19.0	0.0	82.0	49.0	100.0	4.0	0.0	9.0	4.0	0.0	0.0	0.0	68.0	0.0	63.0	32.0	39.0	0.0	11.0	0.0	18.0	84.0	0.0	0.0	33.0	0.0	0.0	0.0	0.0	0.0	93.0	0.0	0.0	0.0	0.0	0.0	86.0	0.0	50.0	0.0	3.0	22.0	38.0	0.0	70.0	0.0	66.0	95.0	0.0	60.0	24.0	0.0	0.0	82.0	43.0	0.0	0.0	0.0	75.0	80.0	81.0	53.0	0.0	70.0	82.0	30.0	57.0	2.0	0.0	0.0	0.0	40.0	92.0	0.0	0.0	0.0	0.0	0.0	53.0	0.0	13.0	76.0	0.0	0.0	4.0	32.0	0.0	75.0	83.0	55.0	65.0	33.0	49.0	92.0	0.0	0.0	0.0	0.0	87.0	87.0	85.0	43.0	9.0	47.0	80.0	0.0	0.0	0.0	0.0	0.0	0.0	65.0	97.0	0.0	0.0	76.0	55.0	29.0	27.0	0.0	76.0	82.0	67.0	0.0	90.0	0.0	3.0	66.0	0.0	0.0	3.0	0.0	25.0	82.0	12.0	5.0	0.0	0.0	0.0	51.0	0.0	0.0	90.0	0.0	0.0	67.0	18.0	0.0	16.0	26.0	2.0	0.0	0.0	0.0	0.0	0.0	0.0	4.0	72.0	0.0	0.0	93.0	0.0	4.0	72.0
14.0	0.0	91.0	0.0	0.0	0.0	0.0	0.0	61.0	2.0	81.0	0.0	76.0	25.0	0.0	26.0	0.0	97.0	0.0	0.0	49.0	95.0	6.0	22.0	0.0	0.0	0.0	32.0	0.0	50.0	0.0	0.0	56.0	4.0	35.0	13.0	6.0	0.0	24.0	0.0	0.0	62.0	0.0	78.0	41.0	22.0	0.0	0.0	0.0	78.0	99.0	90.0	0.0	7.0	62.0	84.0	0.0	0.0	0.0	59.0	0.0	38.0	92.0	0.0	0.0	0.0	0.0	62.0	0.0	91.0	11.0	55.0	62.0	0.0	0.0	0.0	88.0	0.0	0.0	74.0	0.0	78.0	64.0	0.0	68.0	84.0	87.0	0.0	0.0	0.0	22.0	0.0	0.0	100.0	0.0	0.0	7.0	25.0	43.0	26.0	6.0	49.0	0.0	2.0	0.0	0.0	3.0	37.0	0.0	0.0	0.0	17.0	22.0	0.0	24.0	0.0	0.0	73.0	0.0	0.0	0.0	0.0	19.0	0.0	0.0	0.0	0.0	44.0	0.0	37.0	0.0	20.0	8.0	0.0	0.0	0.0	21.0	30.0	23.0	0.0	0.0	0.0	0.0	0.0	70.0	27.0	0.0	0.0	0.0	0.0	0.0	63.0	20.0	79.0	16.0	2.0	49.0	71.0	1.0	73.0	0.0	0.0	42.0	0.0	0.0	0.0	49.0	0.0	0.0	66.0	0.0	0.0	18.0	61.0	87.0	0.0	12.0	0.0	0.0	27.0	0.0	98.0	0.0	0.0	69.0	0.0	90.0	10.0	20.0	96.0
49.0	0.0	31.0	0.0	16.0	27.0	0.0	51.0	16.0	71.0	0.0	0.0	0.0	0.0	75.0	61.0	0.0	93.0	32.0	7.0	0.0	82.0	0.0	17.0	0.0	0.0	93.0	20.0	0.0	0.0	0.0	0.0	0.0	0.0	0.0	0.0	0.0	0.0	0.0	1.0	90.0	51.0	53.0	0.0	40.0	0.0	66.0	61.0	11.0	0.0	72.0	0.0	25.0	100.0	0.0	14.0	0.0	31.0	0.0	0.0	0.0	0.0	0.0	57.0	93.0	46.0	0.0	100.0	0.0	69.0	0.0	0.0	97.0	0.0	100.0	2.0	3.0	51.0	0.0	0.0	0.0	49.0	0.0	0.0	25.0	91.0	94.0	0.0	74.0	87.0	0.0	0.0	20.0	28.0	0.0	0.0	0.0	0.0	90.0	0.0	14.0	0.0	0.0	0.0	0.0	0.0	72.0	30.0	0.0	90.0	67.0	0.0	50.0	0.0	20.0	0.0	0.0	0.0	0.0	6.0	61.0	85.0	77.0	0.0	0.0	35.0	0.0	23.0	0.0	36.0	0.0	21.0	80.0	40.0	8.0	0.0	0.0	0.0	98.0	83.0	0.0	0.0	0.0	84.0	39.0	0.0	0.0	0.0	45.0	84.0	0.0	18.0	98.0	87.0	0.0	36.0	2.0	35.0	94.0	0.0	7.0	24.0	7.0	13.0	0.0	11.0	44.0	18.0	7.0	0.0	52.0	0.0	0.0	73.0	0.0	0.0	0.0	51.0	98.0	0.0	0.0	58.0	94.0	0.0	87.0	83.0	70.0	0.0	22.0
42.0	0.0	0.0	36.0	82.0	85.0	16.0	53.0	0.0	15.0	40.0	0.0	58.0	4.0	0.0	0.0	0.0	16.0	44.0	0.0	84.0	96.0	0.0	15.0	55.0	29.0	56.0	20.0	48.0	0.0	44.0	15.0	0.0	30.0	34.0	75.0	0.0	80.0	90.0	0.0	33.0	0.0	0.0	52.0	0.0	40.0	0.0	0.0	0.0	0.0	0.0	21.0	0.0	0.0	49.0	43.0	0.0	0.0	0.0	88.0	64.0	96.0	16.0	0.0	0.0	32.0	17.0	23.0	54.0	0.0	81.0	17.0	28.0	0.0	0.0	0.0	49.0	60.0	43.0	0.0	0.0	68.0	0.0	0.0	67.0	0.0	68.0	0.0	0.0	15.0	59.0	0.0	41.0	0.0	0.0	40.0	0.0	0.0	98.0	0.0	0.0	1.0	89.0	81.0	96.0	0.0	35.0	0.0	70.0	0.0	0.0	31.0	0.0	52.0	83.0	20.0	0.0	11.0	86.0	0.0	99.0	0.0	86.0	0.0	72.0	13.0	0.0	6.0	0.0	0.0	62.0	66.0	0.0	0.0	24.0	0.0	6.0	0.0	9.0	0.0	48.0	11.0	0.0	3.0	0.0	85.0	97.0	12.0	71.0	0.0	0.0	79.0	1.0	39.0	0.0	91.0	0.0	69.0	28.0	0.0	37.0	0.0	0.0	95.0	28.0	0.0	0.0	0.0	0.0	62.0	94.0	0.0	18.0	73.0	14.0	77.0	0.0	0.0	88.0	40.0	31.0	0.0	0.0	0.0	0.0	0.0	46.0	55.0
0.0	43.0	19.0	26.0	0.0	86.0	29.0	93.0	0.0	1.0	47.0	0.0	51.0	0.0	0.0	0.0	0.0	66.0	0.0	0.0	95.0	0.0	12.0	14.0	89.0	13.0	25.0	0.0	22.0	0.0	0.0	0.0	4.0	0.0	0.0	23.0	0.0	8.0	0.0	8.0	38.0	0.0	0.0	0.0	74.0	0.0	54.0	0.0	30.0	0.0	0.0	0.0	0.0	0.0	17.0	35.0	74.0	0.0	79.0	0.0	0.0	61.0	0.0	64.0	73.0	0.0	90.0	72.0	0.0	0.0	32.0	0.0	0.0	86.0	18.0	0.0	0.0	0.0	0.0	0.0	0.0	85.0	48.0	0.0	47.0	92.0	72.0	0.0	77.0	77.0	7.0	0.0	99.0	27.0	75.0	95.0	0.0	63.0	0.0	0.0	0.0	44.0	1.0	0.0	73.0	28.0	0.0	23.0	84.0	0.0	64.0	100.0	0.0	0.0	0.0	38.0	0.0	77.0	0.0	9.0	0.0	0.0	0.0	39.0	0.0	65.0	6.0	0.0	0.0	11.0	70.0	0.0	24.0	0.0	34.0	0.0	0.0	0.0	0.0	4.0	0.0	93.0	0.0	0.0	0.0	0.0	36.0	85.0	81.0	0.0	0.0	0.0	0.0	0.0	1.0	0.0	0.0	80.0	70.0	61.0	0.0	51.0	57.0	0.0	68.0	0.0	0.0	0.0	31.0	59.0	45.0	0.0	10.0	98.0	0.0	2.0	79.0	0.0	0.0	52.0	52.0	0.0	0.0	21.0	47.0	85.0	12.0
75.0	34.0	0.0	0.0	15.0	0.0	0.0	0.0	0.0	40.0	0.0	0.0	39.0	0.0	0.0	0.0	36.0	90.0	58.0	0.0	0.0	85.0	0.0	0.0	10.0	0.0	0.0	60.0	0.0	91.0	0.0	0.0	47.0	34.0	0.0	87.0	17.0	0.0	0.0	0.0	0.0	0.0	0.0	0.0	0.0	0.0	39.0	44.0	0.0	0.0	0.0	21.0	0.0	0.0	0.0	0.0	0.0	58.0	0.0	98.0	0.0	0.0	0.0	11.0	24.0	0.0	0.0	0.0	0.0	77.0	0.0	25.0	0.0	45.0	19.0	0.0	2.0	82.0	31.0	19.0	0.0	0.0	14.0	62.0	51.0	71.0	18.0	36.0	0.0	15.0	46.0	0.0	29.0	25.0	31.0	0.0	50.0	1.0	0.0	0.0	0.0	0.0	0.0	0.0	86.0	0.0	6.0	15.0	99.0	8.0	6.0	0.0	0.0	0.0	8.0	62.0	71.0	64.0	76.0	0.0	87.0	61.0	75.0	39.0	35.0	80.0	0.0	69.0	10.0	0.0	44.0	0.0	0.0	49.0	11.0	78.0	57.0	0.0	0.0	0.0	18.0	18.0	16.0	7.0	0.0	88.0	0.0	45.0	0.0	42.0	98.0	61.0	29.0	11.0	0.0	23.0	73.0	78.0	0.0	85.0	0.0	69.0	87.0	0.0	54.0	17.0	0.0	16.0	0.0	0.0	0.0	58.0	0.0	0.0	91.0	0.0	56.0	0.0	52.0	88.0	0.0	72.0	0.0	59.0	58.0	0.0
0.0	0.0	0.0	47.0	0.0	0.0	0.0	51.0	0.0	0.0	41.0	62.0	41.0	0.0	49.0	78.0	0.0	40.0	75.0	0.0	0.0	75.0	34.0	0.0	0.0	0.0	92.0	0.0	0.0	0.0	85.0	85.0	0.0	0.0	55.0	36.0	93.0	0.0	26.0	0.0	16.0	25.0	35.0	17.0	0.0	36.0	92.0	0.0	19.0	0.0	0.0	20.0	0.0	0.0	0.0	0.0	0.0	0.0	0.0	0.0	67.0	0.0	0.0	0.0	0.0	46.0	66.0	98.0	83.0	27.0	0.0	0.0	0.0	0.0	0.0	0.0	0.0	68.0	0.0	70.0	65.0	0.0	65.0	0.0	0.0	59.0	15.0	0.0	20.0	63.0	0.0	70.0	67.0	0.0	0.0	41.0	85.0	21.0	80.0	0.0	0.0	1.0	4.0	0.0	0.0	0.0	0.0	0.0	0.0	0.0	64.0	0.0	0.0	0.0	0.0	0.0	5.0	0.0	25.0	0.0	0.0	0.0	0.0	0.0	0.0	0.0	41.0	0.0	95.0	55.0	48.0	30.0	0.0	92.0	98.0	19.0	0.0	0.0	0.0	0.0	0.0	94.0	0.0	83.0	55.0	22.0	0.0	9.0	0.0	0.0	0.0	0.0	0.0	71.0	0.0	70.0	0.0	0.0	0.0	0.0	0.0	0.0	0.0	77.0	0.0	0.0	0.0	57.0	0.0	0.0	76.0	94.0	0.0	0.0	18.0	0.0	70.0	18.0	0.0	88.0	41.0	0.0	0.0	0.0	82.0
0.0	0.0	28.0	61.0	86.0	64.0	58.0	0.0	0.0	57.0	85.0	55.0	35.0	62.0	56.0	95.0	0.0	49.0	0.0	57.0	42.0	0.0	0.0	0.0	0.0	60.0	13.0	32.0	32.0	86.0	31.0	41.0	53.0	10.0	0.0	62.0	48.0	0.0	0.0	0.0	0.0	0.0	25.0	0.0	92.0	59.0	5.0	0.0	0.0	71.0	0.0	42.0	85.0	97.0	0.0	15.0	53.0	0.0	0.0	0.0	0.0	0.0	0.0	3.0	0.0	84.0	1.0	78.0	0.0	59.0	0.0	51.0	0.0	0.0	0.0	99.0	78.0	0.0	0.0	27.0	0.0	0.0	43.0	0.0	0.0	47.0	0.0	0.0	86.0	41.0	0.0	86.0	0.0	18.0	87.0	27.0	0.0	51.0	0.0	7.0	17.0	0.0	0.0	97.0	0.0	0.0	0.0	1.0	50.0	12.0	88.0	0.0	5.0	0.0	0.0	0.0	6.0	0.0	0.0	49.0	88.0	0.0	51.0	0.0	62.0	0.0	89.0	16.0	86.0	0.0	31.0	75.0	35.0	0.0	0.0	0.0	71.0	75.0	0.0	42.0	0.0	0.0	51.0	0.0	76.0	0.0	0.0	32.0	21.0	0.0	93.0	2.0	0.0	0.0	0.0	0.0	0.0	0.0	0.0	16.0	3.0	6.0	0.0	79.0	94.0	0.0	5.0	14.0	0.0	7.0	0.0	0.0	38.0	0.0	0.0	0.0	86.0	17.0	0.0	0.0	0.0	92.0	0.0	70.0
0.0	58.0	58.0	17.0	0.0	0.0	0.0	38.0	7.0	21.0	37.0	71.0	55.0	0.0	57.0	3.0	55.0	67.0	0.0	44.0	0.0	0.0	0.0	66.0	0.0	0.0	56.0	82.0	24.0	0.0	76.0	0.0	0.0	0.0	0.0	0.0	47.0	46.0	0.0	52.0	0.0	33.0	0.0	21.0	57.0	0.0	39.0	61.0	0.0	49.0	29.0	0.0	42.0	70.0	71.0	0.0	15.0	46.0	63.0	17.0	94.0	73.0	0.0	0.0	57.0	0.0	31.0	0.0	16.0	88.0	0.0	0.0	12.0	0.0	23.0	0.0	89.0	75.0	6.0	0.0	0.0	7.0	48.0	65.0	0.0	91.0	0.0	89.0	0.0	25.0	0.0	22.0	0.0	0.0	0.0	88.0	0.0	70.0	73.0	0.0	55.0	24.0	0.0	0.0	0.0	0.0	36.0	17.0	1.0	92.0	58.0	0.0	0.0	0.0	0.0	87.0	0.0	42.0	0.0	25.0	10.0	0.0	70.0	83.0	80.0	4.0	0.0	0.0	86.0	0.0	0.0	0.0	0.0	0.0	0.0	0.0	0.0	87.0	0.0	0.0	0.0	0.0	0.0	4.0	68.0	32.0	76.0	0.0	60.0	78.0	37.0	0.0	0.0	0.0	0.0	0.0	0.0	68.0	54.0	0.0	0.0	0.0	53.0	5.0	0.0	42.0	2.0	0.0	52.0	0.0	0.0	12.0	0.0	0.0	0.0	35.0	0.0	0.0	0.0	18.0	0.0	49.0	0.0
94.0	0.0	13.0	0.0	73.0	0.0	100.0	0.0	0.0	78.0	0.0	93.0	57.0	0.0	14.0	73.0	0.0	51.0	32.0	46.0	15.0	14.0	72.0	0.0	0.0	72.0	0.0	29.0	0.0	0.0	0.0	27.0	0.0	97.0	88.0	0.0	78.0	5.0	0.0	0.0	99.0	33.0	0.0	85.0	97.0	14.0	0.0	0.0	0.0	5.0	59.0	39.0	0.0	0.0	73.0	85.0	64.0	0.0	0.0	0.0	0.0	0.0	40.0	0.0	0.0	0.0	48.0	0.0	0.0	0.0	0.0	69.0	0.0	77.0	0.0	0.0	58.0	0.0	66.0	78.0	0.0	0.0	15.0	0.0	0.0	0.0	71.0	30.0	0.0	24.0	92.0	0.0	37.0	0.0	0.0	0.0	0.0	55.0	13.0	0.0	0.0	0.0	97.0	0.0	0.0	66.0	11.0	78.0	0.0	5.0	46.0	0.0	90.0	3.0	26.0	0.0	0.0	0.0	0.0	16.0	0.0	37.0	0.0	18.0	0.0	17.0	0.0	0.0	0.0	2.0	0.0	0.0	88.0	0.0	0.0	0.0	95.0	53.0	0.0	38.0	0.0	12.0	0.0	15.0	20.0	0.0	9.0	17.0	0.0	98.0	29.0	95.0	11.0	88.0	0.0	34.0	74.0	0.0	0.0	0.0	55.0	95.0	59.0	52.0	91.0	45.0	0.0	0.0	0.0	0.0	66.0	88.0	32.0	47.0	0.0	0.0	0.0	0.0	64.0	0.0	69.0	90.0
0.0	24.0	4.0	0.0	94.0	0.0	0.0	0.0	0.0	0.0	0.0	0.0	0.0	0.0	4.0	0.0	57.0	49.0	0.0	35.0	40.0	5.0	0.0	41.0	97.0	66.0	0.0	0.0	15.0	0.0	0.0	0.0	0.0	14.0	52.0	0.0	2.0	7.0	79.0	45.0	46.0	41.0	28.0	45.0	0.0	0.0	69.0	56.0	36.0	20.0	46.0	0.0	0.0	0.0	0.0	60.0	8.0	0.0	19.0	0.0	96.0	0.0	0.0	0.0	0.0	0.0	0.0	5.0	79.0	39.0	0.0	95.0	0.0	57.0	0.0	0.0	0.0	0.0	58.0	0.0	33.0	61.0	0.0	91.0	33.0	68.0	0.0	60.0	0.0	0.0	0.0	74.0	3.0	0.0	73.0	25.0	0.0	0.0	0.0	0.0	47.0	18.0	0.0	55.0	47.0	0.0	33.0	90.0	1.0	94.0	85.0	0.0	0.0	46.0	96.0	0.0	0.0	0.0	31.0	0.0	0.0	0.0	0.0	24.0	0.0	0.0	69.0	0.0	0.0	0.0	0.0	0.0	0.0	27.0	32.0	68.0	51.0	20.0	53.0	0.0	72.0	0.0	28.0	0.0	87.0	0.0	0.0	0.0	0.0	2.0	94.0	83.0	0.0	61.0	66.0	22.0	43.0	86.0	0.0	0.0	0.0	0.0	0.0	52.0	0.0	63.0	0.0	70.0	75.0	0.0	0.0	0.0	23.0	0.0	43.0	74.0	0.0	91.0	18.0	0.0	11.0
51.0	23.0	59.0	26.0	0.0	0.0	0.0	76.0	4.0	0.0	0.0	0.0	31.0	31.0	0.0	0.0	0.0	0.0	0.0	0.0	9.0	0.0	40.0	0.0	53.0	0.0	0.0	0.0	0.0	20.0	0.0	8.0	0.0	0.0	83.0	0.0	0.0	0.0	90.0	22.0	14.0	0.0	61.0	0.0	56.0	0.0	0.0	72.0	0.0	0.0	0.0	0.0	0.0	44.0	0.0	36.0	0.0	23.0	0.0	0.0	0.0	78.0	0.0	0.0	0.0	0.0	26.0	0.0	75.0	0.0	0.0	88.0	69.0	0.0	0.0	0.0	0.0	0.0	0.0	0.0	0.0	0.0	56.0	23.0	0.0	26.0	82.0	87.0	45.0	0.0	0.0	0.0	30.0	66.0	59.0	0.0	53.0	60.0	2.0	0.0	66.0	91.0	0.0	0.0	0.0	0.0	36.0	0.0	0.0	32.0	89.0	98.0	58.0	0.0	0.0	9.0	0.0	98.0	0.0	0.0	0.0	20.0	0.0	21.0	0.0	3.0	0.0	0.0	98.0	0.0	96.0	0.0	0.0	0.0	30.0	98.0	0.0	74.0	0.0	0.0	72.0	32.0	97.0	0.0	0.0	19.0	85.0	0.0	0.0	100.0	72.0	0.0	0.0	0.0	0.0	0.0	0.0	17.0	95.0	25.0	27.0	0.0	99.0	40.0	88.0	4.0	23.0	0.0	24.0	0.0	0.0	60.0	47.0	0.0	43.0	63.0	17.0	0.0	20.0	31.0
0.0	0.0	0.0	12.0	0.0	0.0	0.0	54.0	84.0	83.0	0.0	0.0	68.0	0.0	0.0	0.0	56.0	32.0	0.0	19.0	23.0	35.0	0.0	85.0	59.0	39.0	100.0	87.0	73.0	26.0	0.0	63.0	0.0	0.0	16.0	51.0	91.0	83.0	94.0	89.0	63.0	0.0	0.0	0.0	0.0	17.0	0.0	4.0	0.0	0.0	40.0	0.0	0.0	88.0	0.0	5.0	0.0	0.0	0.0	0.0	55.0	0.0	0.0	0.0	0.0	0.0	6.0	0.0	0.0	0.0	0.0	84.0	44.0	0.0	75.0	39.0	0.0	24.0	0.0	92.0	0.0	40.0	89.0	50.0	77.0	48.0	0.0	65.0	0.0	2.0	0.0	63.0	53.0	76.0	0.0	54.0	0.0	0.0	0.0	0.0	37.0	10.0	0.0	21.0	41.0	0.0	35.0	42.0	37.0	0.0	0.0	88.0	35.0	0.0	0.0	67.0	0.0	38.0	90.0	86.0	27.0	0.0	45.0	52.0	59.0	82.0	94.0	31.0	90.0	0.0	0.0	0.0	82.0	90.0	0.0	68.0	51.0	0.0	70.0	0.0	86.0	13.0	0.0	92.0	0.0	15.0	0.0	2.0	30.0	0.0	37.0	43.0	0.0	0.0	0.0	0.0	0.0	0.0	0.0	61.0	0.0	35.0	0.0	0.0	72.0	2.0	86.0	0.0	39.0	87.0	0.0	0.0	0.0	43.0	0.0	0.0	0.0	0.0	0.0
0.0	21.0	8.0	40.0	0.0	16.0	0.0	53.0	0.0	39.0	0.0	33.0	89.0	0.0	0.0	98.0	33.0	0.0	98.0	41.0	0.0	74.0	0.0	0.0	72.0	0.0	0.0	0.0	0.0	0.0	0.0	0.0	59.0	0.0	36.0	73.0	0.0	58.0	0.0	0.0	91.0	92.0	0.0	0.0	0.0	0.0	45.0	0.0	0.0	0.0	59.0	0.0	42.0	0.0	0.0	0.0	0.0	0.0	32.0	32.0	12.0	0.0	0.0	0.0	18.0	77.0	0.0	69.0	86.0	0.0	7.0	59.0	88.0	6.0	0.0	24.0	66.0	49.0	7.0	0.0	20.0	0.0	80.0	0.0	0.0	0.0	0.0	12.0	36.0	0.0	0.0	14.0	68.0	0.0	55.0	14.0	0.0	86.0	3.0	0.0	0.0	0.0	48.0	16.0	0.0	0.0	68.0	69.0	0.0	0.0	0.0	71.0	0.0	100.0	79.0	0.0	0.0	7.0	0.0	0.0	0.0	0.0	55.0	27.0	0.0	0.0	0.0	0.0	0.0	35.0	0.0	0.0	14.0	0.0	0.0	0.0	65.0	31.0	0.0	4.0	11.0	0.0	87.0	0.0	0.0	39.0	1.0	0.0	0.0	59.0	0.0	0.0	41.0	61.0	0.0	24.0	16.0	19.0	0.0	62.0	0.0	91.0	55.0	0.0	0.0	0.0	0.0	51.0	10.0	2.0	89.0	21.0	0.0	0.0	25.0	85.0	71.0	79.0
90.0	66.0	97.0	0.0	64.0	76.0	0.0	0.0	24.0	0.0	0.0	0.0	71.0	0.0	98.0	0.0	2.0	0.0	48.0	0.0	0.0	0.0	40.0	52.0	89.0	0.0	0.0	24.0	0.0	0.0	66.0	99.0	0.0	72.0	0.0	0.0	14.0	56.0	88.0	67.0	0.0	62.0	0.0	0.0	99.0	0.0	52.0	0.0	59.0	0.0	56.0	0.0	0.0	99.0	65.0	0.0	65.0	3.0	77.0	60.0	0.0	0.0	0.0	21.0	0.0	19.0	0.0	0.0	13.0	0.0	95.0	61.0	0.0	49.0	20.0	25.0	7.0	0.0	0.0	78.0	10.0	51.0	0.0	81.0	48.0	44.0	0.0	0.0	55.0	0.0	0.0	0.0	0.0	16.0	0.0	0.0	0.0	0.0	86.0	13.0	27.0	91.0	14.0	0.0	0.0	0.0	3.0	94.0	0.0	0.0	4.0	0.0	35.0	47.0	0.0	34.0	0.0	78.0	0.0	38.0	84.0	0.0	0.0	20.0	11.0	71.0	70.0	16.0	60.0	15.0	0.0	71.0	51.0	95.0	45.0	0.0	0.0	63.0	0.0	23.0	88.0	60.0	0.0	0.0	0.0	0.0	68.0	25.0	0.0	0.0	82.0	0.0	81.0	66.0	77.0	62.0	0.0	79.0	0.0	45.0	0.0	0.0	56.0	56.0	73.0	25.0	0.0	39.0	1.0	18.0	0.0	0.0	0.0	17.0	0.0	62.0	28.0
0.0	96.0	17.0	77.0	0.0	0.0	81.0	0.0	44.0	0.0	80.0	0.0	0.0	58.0	40.0	92.0	76.0	0.0	0.0	0.0	0.0	62.0	72.0	0.0	99.0	63.0	0.0	27.0	89.0	85.0	0.0	0.0	0.0	0.0	15.0	0.0	0.0	0.0	88.0	36.0	0.0	5.0	46.0	0.0	82.0	0.0	0.0	93.0	0.0	0.0	0.0	57.0	0.0	0.0	0.0	16.0	0.0	90.0	0.0	30.0	62.0	54.0	0.0	0.0	47.0	0.0	0.0	55.0	0.0	0.0	29.0	0.0	0.0	82.0	0.0	52.0	92.0	0.0	89.0	0.0	0.0	14.0	0.0	21.0	0.0	0.0	38.0	0.0	5.0	0.0	64.0	51.0	0.0	37.0	0.0	31.0	0.0	0.0	96.0	40.0	0.0	29.0	35.0	0.0	49.0	22.0	93.0	0.0	1.0	0.0	0.0	0.0	81.0	0.0	24.0	0.0	0.0	63.0	77.0	0.0	96.0	9.0	0.0	0.0	22.0	56.0	0.0	1.0	0.0	81.0	47.0	14.0	90.0	68.0	0.0	0.0	1.0	23.0	0.0	17.0	69.0	0.0	0.0	7.0	0.0	58.0	55.0	37.0	0.0	0.0	6.0	84.0	0.0	71.0	0.0	0.0	0.0	52.0	0.0	0.0	0.0	0.0	28.0	30.0	13.0	0.0	0.0	80.0	0.0	0.0	0.0	3.0	0.0	42.0	16.0	3.0
76.0	47.0	11.0	16.0	0.0	77.0	0.0	19.0	0.0	0.0	88.0	50.0	0.0	64.0	59.0	0.0	100.0	11.0	22.0	0.0	12.0	0.0	98.0	0.0	73.0	22.0	0.0	0.0	0.0	0.0	0.0	0.0	38.0	99.0	0.0	0.0	0.0	0.0	0.0	0.0	0.0	63.0	4.0	0.0	0.0	25.0	0.0	0.0	0.0	1.0	60.0	0.0	0.0	43.0	80.0	0.0	0.0	1.0	0.0	31.0	31.0	61.0	0.0	19.0	0.0	0.0	47.0	0.0	0.0	0.0	0.0	0.0	54.0	0.0	0.0	40.0	0.0	92.0	0.0	67.0	66.0	69.0	0.0	0.0	0.0	0.0	0.0	0.0	78.0	63.0	44.0	14.0	26.0	69.0	26.0	31.0	0.0	0.0	77.0	0.0	0.0	0.0	0.0	0.0	69.0	76.0	69.0	100.0	63.0	0.0	0.0	42.0	0.0	40.0	0.0	0.0	0.0	4.0	0.0	0.0	0.0	0.0	48.0	49.0	63.0	75.0	0.0	23.0	0.0	34.0	75.0	0.0	99.0	20.0	11.0	85.0	22.0	63.0	0.0	37.0	0.0	90.0	40.0	0.0	14.0	0.0	59.0	0.0	0.0	54.0	22.0	0.0	54.0	0.0	0.0	95.0	0.0	18.0	76.0	0.0	59.0	0.0	0.0	0.0	100.0	22.0	0.0	0.0	40.0	0.0	95.0	91.0	0.0	0.0	0.0
57.0	58.0	67.0	23.0	95.0	71.0	10.0	0.0	0.0	0.0	49.0	0.0	39.0	7.0	58.0	11.0	0.0	0.0	34.0	0.0	0.0	0.0	0.0	0.0	12.0	0.0	34.0	12.0	0.0	0.0	0.0	35.0	5.0	71.0	27.0	64.0	0.0	0.0	2.0	95.0	59.0	0.0	59.0	69.0	7.0	0.0	0.0	66.0	69.0	69.0	18.0	0.0	0.0	0.0	69.0	67.0	35.0	0.0	0.0	47.0	0.0	0.0	0.0	47.0	0.0	56.0	94.0	54.0	7.0	92.0	0.0	0.0	0.0	91.0	0.0	0.0	0.0	37.0	0.0	1.0	7.0	0.0	0.0	71.0	31.0	0.0	12.0	0.0	37.0	89.0	0.0	63.0	12.0	51.0	22.0	45.0	0.0	1.0	0.0	64.0	0.0	67.0	0.0	0.0	21.0	0.0	2.0	32.0	0.0	33.0	0.0	0.0	77.0	0.0	0.0	72.0	0.0	57.0	11.0	96.0	0.0	0.0	20.0	99.0	3.0	17.0	0.0	80.0	0.0	35.0	0.0	0.0	0.0	47.0	15.0	0.0	53.0	76.0	76.0	70.0	100.0	0.0	30.0	25.0	0.0	31.0	84.0	72.0	40.0	0.0	32.0	51.0	19.0	0.0	0.0	62.0	70.0	23.0	95.0	0.0	0.0	0.0	0.0	0.0	34.0	0.0	0.0	0.0	52.0	68.0	0.0	0.0	67.0	0.0
0.0	0.0	19.0	0.0	41.0	0.0	0.0	0.0	76.0	55.0	18.0	0.0	21.0	55.0	26.0	0.0	0.0	0.0	0.0	0.0	49.0	44.0	0.0	65.0	49.0	0.0	0.0	11.0	0.0	25.0	16.0	0.0	71.0	0.0	0.0	0.0	0.0	0.0	0.0	15.0	0.0	0.0	0.0	1.0	38.0	50.0	0.0	0.0	0.0	0.0	0.0	32.0	0.0	95.0	22.0	92.0	43.0	31.0	0.0	0.0	19.0	0.0	0.0	0.0	0.0	59.0	0.0	64.0	25.0	0.0	0.0	15.0	23.0	33.0	0.0	0.0	54.0	0.0	0.0	0.0	0.0	83.0	85.0	60.0	0.0	0.0	26.0	21.0	67.0	0.0	0.0	0.0	0.0	0.0	0.0	16.0	0.0	0.0	0.0	0.0	0.0	64.0	72.0	63.0	5.0	0.0	66.0	0.0	0.0	72.0	84.0	94.0	64.0	0.0	0.0	0.0	0.0	7.0	25.0	27.0	0.0	0.0	0.0	36.0	0.0	17.0	0.0	0.0	3.0	0.0	0.0	0.0	0.0	33.0	0.0	74.0	0.0	0.0	0.0	79.0	12.0	0.0	0.0	0.0	45.0	0.0	59.0	22.0	50.0	72.0	36.0	54.0	0.0	0.0	56.0	0.0	41.0	0.0	42.0	95.0	0.0	5.0	63.0	0.0	0.0	0.0	98.0	0.0	0.0	0.0	0.0	89.0	91.0
63.0	29.0	0.0	0.0	0.0	76.0	65.0	50.0	0.0	0.0	0.0	0.0	0.0	64.0	8.0	77.0	18.0	0.0	74.0	0.0	15.0	96.0	10.0	44.0	43.0	0.0	0.0	96.0	0.0	57.0	0.0	33.0	0.0	0.0	0.0	11.0	37.0	0.0	0.0	95.0	0.0	0.0	29.0	64.0	61.0	0.0	84.0	0.0	21.0	0.0	22.0	5.0	83.0	0.0	6.0	0.0	33.0	0.0	0.0	38.0	42.0	0.0	78.0	17.0	0.0	80.0	97.0	0.0	52.0	51.0	94.0	72.0	0.0	0.0	43.0	0.0	19.0	0.0	0.0	0.0	23.0	65.0	27.0	0.0	82.0	0.0	85.0	49.0	30.0	0.0	0.0	58.0	69.0	86.0	0.0	0.0	0.0	36.0	0.0	0.0	0.0	94.0	8.0	52.0	0.0	33.0	41.0	86.0	36.0	82.0	87.0	1.0	0.0	0.0	0.0	84.0	39.0	0.0	0.0	58.0	0.0	99.0	80.0	92.0	0.0	0.0	0.0	0.0	85.0	40.0	32.0	0.0	17.0	0.0	0.0	0.0	0.0	0.0	33.0	0.0	24.0	0.0	48.0	0.0	0.0	19.0	15.0	0.0	0.0	57.0	40.0	0.0	0.0	0.0	4.0	0.0	0.0	80.0	0.0	0.0	0.0	0.0	0.0	0.0	0.0	70.0	0.0	0.0	74.0	0.0	24.0	91.0
26.0	31.0	0.0	15.0	0.0	50.0	46.0	70.0	0.0	49.0	28.0	69.0	81.0	0.0	0.0	56.0	0.0	0.0	97.0	0.0	76.0	0.0	0.0	0.0	0.0	0.0	84.0	0.0	0.0	3.0	66.0	23.0	0.0	0.0	30.0	19.0	0.0	27.0	0.0	13.0	0.0	92.0	0.0	16.0	21.0	70.0	48.0	0.0	51.0	0.0	0.0	0.0	0.0	67.0	0.0	15.0	0.0	0.0	0.0	76.0	53.0	0.0	34.0	34.0	73.0	53.0	99.0	0.0	0.0	60.0	21.0	64.0	47.0	15.0	42.0	0.0	43.0	0.0	36.0	0.0	0.0	68.0	0.0	60.0	0.0	49.0	7.0	0.0	46.0	88.0	81.0	93.0	0.0	0.0	0.0	0.0	0.0	12.0	0.0	0.0	0.0	0.0	0.0	0.0	0.0	55.0	0.0	0.0	49.0	0.0	36.0	9.0	0.0	29.0	58.0	0.0	0.0	61.0	70.0	0.0	37.0	0.0	99.0	0.0	0.0	0.0	0.0	11.0	7.0	92.0	0.0	87.0	84.0	61.0	0.0	94.0	60.0	59.0	0.0	42.0	94.0	1.0	84.0	96.0	45.0	0.0	0.0	0.0	70.0	0.0	81.0	0.0	0.0	33.0	0.0	0.0	0.0	0.0	81.0	0.0	73.0	0.0	17.0	0.0	0.0	0.0	0.0	0.0	24.0	0.0	0.0
0.0	47.0	0.0	71.0	0.0	0.0	0.0	81.0	58.0	0.0	81.0	39.0	0.0	28.0	69.0	0.0	0.0	0.0	0.0	95.0	14.0	66.0	97.0	0.0	69.0	0.0	0.0	21.0	0.0	40.0	0.0	0.0	9.0	0.0	0.0	0.0	0.0	21.0	0.0	51.0	45.0	0.0	0.0	97.0	0.0	98.0	0.0	47.0	63.0	98.0	0.0	10.0	0.0	0.0	0.0	0.0	0.0	48.0	0.0	22.0	54.0	0.0	34.0	5.0	94.0	51.0	0.0	0.0	0.0	54.0	78.0	0.0	0.0	29.0	6.0	67.0	3.0	48.0	0.0	17.0	0.0	0.0	3.0	49.0	39.0	0.0	0.0	0.0	0.0	52.0	0.0	2.0	56.0	0.0	0.0	84.0	0.0	0.0	99.0	83.0	0.0	0.0	0.0	0.0	97.0	2.0	6.0	0.0	0.0	0.0	0.0	0.0	86.0	88.0	13.0	50.0	84.0	73.0	3.0	64.0	22.0	0.0	60.0	26.0	0.0	89.0	0.0	0.0	0.0	0.0	0.0	0.0	0.0	43.0	21.0	64.0	0.0	0.0	0.0	9.0	48.0	0.0	0.0	0.0	34.0	0.0	0.0	0.0	90.0	27.0	0.0	0.0	0.0	0.0	24.0	51.0	76.0	41.0	0.0	0.0	0.0	0.0	81.0	82.0	0.0	91.0	81.0	0.0	0.0	37.0
0.0	68.0	0.0	5.0	0.0	65.0	80.0	56.0	54.0	91.0	0.0	14.0	0.0	60.0	9.0	5.0	0.0	33.0	0.0	70.0	85.0	0.0	0.0	80.0	24.0	100.0	39.0	51.0	63.0	32.0	0.0	2.0	0.0	0.0	0.0	0.0	0.0	0.0	97.0	0.0	25.0	52.0	0.0	0.0	51.0	0.0	55.0	0.0	15.0	0.0	0.0	12.0	84.0	0.0	58.0	0.0	67.0	0.0	0.0	0.0	39.0	99.0	0.0	0.0	0.0	39.0	84.0	0.0	0.0	0.0	0.0	0.0	22.0	58.0	74.0	0.0	11.0	29.0	0.0	83.0	0.0	0.0	45.0	0.0	65.0	22.0	62.0	0.0	0.0	0.0	66.0	0.0	1.0	27.0	35.0	44.0	45.0	0.0	0.0	0.0	0.0	56.0	0.0	0.0	0.0	71.0	47.0	15.0	87.0	0.0	69.0	81.0	58.0	54.0	50.0	50.0	0.0	71.0	7.0	90.0	0.0	29.0	0.0	91.0	0.0	36.0	75.0	6.0	0.0	93.0	48.0	60.0	92.0	86.0	0.0	99.0	0.0	0.0	0.0	17.0	92.0	59.0	57.0	43.0	35.0	0.0	54.0	41.0	0.0	84.0	74.0	30.0	0.0	75.0	61.0	0.0	85.0	40.0	0.0	88.0	54.0	41.0	64.0	76.0	63.0	66.0	12.0	98.0	73.0
82.0	0.0	0.0	0.0	78.0	0.0	0.0	81.0	0.0	0.0	11.0	0.0	70.0	0.0	89.0	0.0	0.0	0.0	3.0	0.0	0.0	44.0	0.0	27.0	0.0	72.0	0.0	0.0	91.0	0.0	44.0	0.0	0.0	62.0	96.0	0.0	0.0	0.0	33.0	0.0	0.0	18.0	0.0	1.0	75.0	45.0	76.0	0.0	0.0	67.0	5.0	0.0	0.0	13.0	88.0	90.0	8.0	37.0	64.0	0.0	0.0	0.0	10.0	0.0	73.0	0.0	0.0	0.0	49.0	0.0	0.0	0.0	0.0	0.0	64.0	0.0	0.0	94.0	0.0	50.0	0.0	0.0	0.0	1.0	0.0	0.0	0.0	0.0	0.0	0.0	0.0	54.0	0.0	0.0	27.0	0.0	0.0	0.0	0.0	0.0	0.0	0.0	2.0	0.0	0.0	26.0	0.0	75.0	3.0	0.0	65.0	42.0	14.0	64.0	69.0	0.0	7.0	43.0	42.0	48.0	0.0	9.0	0.0	0.0	0.0	38.0	0.0	27.0	0.0	0.0	57.0	0.0	0.0	86.0	0.0	0.0	62.0	42.0	0.0	13.0	0.0	98.0	0.0	0.0	40.0	0.0	0.0	0.0	30.0	0.0	34.0	26.0	3.0	65.0	35.0	89.0	86.0	0.0	49.0	77.0	0.0	0.0	0.0	82.0	0.0	15.0	0.0	38.0
11.0	91.0	0.0	54.0	0.0	29.0	91.0	0.0	0.0	0.0	35.0	19.0	0.0	0.0	0.0	90.0	0.0	0.0	0.0	68.0	0.0	0.0	64.0	12.0	88.0	95.0	0.0	50.0	23.0	0.0	48.0	93.0	92.0	0.0	16.0	31.0	0.0	56.0	0.0	19.0	0.0	0.0	98.0	31.0	14.0	0.0	40.0	50.0	10.0	0.0	0.0	0.0	0.0	0.0	51.0	94.0	0.0	0.0	14.0	22.0	0.0	54.0	39.0	0.0	0.0	0.0	47.0	0.0	95.0	44.0	57.0	0.0	12.0	47.0	0.0	55.0	0.0	0.0	0.0	48.0	0.0	77.0	9.0	0.0	89.0	94.0	97.0	0.0	95.0	90.0	0.0	0.0	0.0	0.0	7.0	0.0	0.0	0.0	50.0	1.0	26.0	13.0	0.0	31.0	0.0	0.0	0.0	4.0	21.0	0.0	0.0	47.0	0.0	85.0	0.0	62.0	19.0	0.0	0.0	0.0	0.0	0.0	82.0	45.0	0.0	70.0	72.0	0.0	70.0	6.0	19.0	95.0	95.0	44.0	90.0	14.0	0.0	0.0	75.0	0.0	0.0	89.0	16.0	0.0	0.0	0.0	80.0	0.0	0.0	0.0	0.0	94.0	74.0	52.0	61.0	16.0	5.0	0.0	52.0	0.0	44.0	31.0	49.0	51.0	0.0	71.0	9.0
53.0	0.0	0.0	0.0	0.0	93.0	21.0	0.0	81.0	91.0	0.0	50.0	31.0	96.0	0.0	0.0	78.0	0.0	0.0	0.0	99.0	41.0	25.0	0.0	0.0	0.0	62.0	0.0	0.0	0.0	0.0	0.0	91.0	0.0	0.0	0.0	78.0	0.0	0.0	0.0	0.0	63.0	0.0	17.0	0.0	0.0	0.0	71.0	66.0	0.0	0.0	0.0	0.0	66.0	0.0	0.0	16.0	0.0	0.0	0.0	16.0	0.0	0.0	0.0	72.0	85.0	0.0	0.0	0.0	73.0	0.0	72.0	59.0	3.0	0.0	15.0	0.0	47.0	4.0	25.0	0.0	99.0	0.0	98.0	0.0	0.0	0.0	0.0	0.0	79.0	0.0	61.0	0.0	68.0	0.0	0.0	11.0	92.0	69.0	86.0	0.0	0.0	62.0	37.0	42.0	8.0	0.0	74.0	0.0	68.0	50.0	0.0	75.0	52.0	18.0	32.0	77.0	67.0	91.0	0.0	0.0	63.0	40.0	0.0	0.0	30.0	0.0	24.0	0.0	0.0	0.0	13.0	0.0	54.0	88.0	96.0	52.0	0.0	0.0	51.0	0.0	73.0	16.0	0.0	0.0	45.0	0.0	0.0	70.0	81.0	51.0	60.0	0.0	0.0	0.0	0.0	7.0	70.0	93.0	0.0	0.0	20.0	88.0	0.0	18.0	26.0
67.0	0.0	0.0	83.0	87.0	30.0	0.0	28.0	92.0	35.0	0.0	19.0	82.0	30.0	68.0	16.0	0.0	0.0	0.0	0.0	21.0	60.0	73.0	0.0	68.0	60.0	0.0	29.0	87.0	0.0	83.0	0.0	0.0	52.0	61.0	53.0	0.0	0.0	56.0	38.0	0.0	38.0	68.0	0.0	75.0	0.0	0.0	0.0	60.0	0.0	0.0	0.0	0.0	0.0	39.0	0.0	57.0	0.0	0.0	0.0	0.0	0.0	58.0	21.0	0.0	34.0	0.0	76.0	0.0	72.0	0.0	42.0	11.0	31.0	0.0	60.0	0.0	0.0	7.0	93.0	23.0	17.0	78.0	78.0	0.0	0.0	0.0	0.0	2.0	37.0	14.0	0.0	0.0	0.0	0.0	36.0	35.0	0.0	24.0	0.0	26.0	0.0	2.0	0.0	0.0	10.0	16.0	0.0	0.0	0.0	93.0	81.0	58.0	0.0	78.0	0.0	32.0	98.0	11.0	78.0	0.0	0.0	0.0	66.0	96.0	2.0	65.0	52.0	47.0	41.0	89.0	68.0	0.0	0.0	0.0	88.0	50.0	0.0	45.0	7.0	59.0	0.0	0.0	32.0	77.0	14.0	19.0	30.0	0.0	0.0	98.0	17.0	37.0	34.0	0.0	0.0	0.0	0.0	0.0	82.0	63.0	0.0	0.0	37.0	0.0
47.0	0.0	97.0	49.0	0.0	33.0	0.0	0.0	27.0	0.0	67.0	96.0	0.0	0.0	31.0	0.0	0.0	0.0	53.0	0.0	86.0	76.0	65.0	0.0	83.0	0.0	17.0	0.0	0.0	0.0	0.0	67.0	2.0	0.0	63.0	0.0	0.0	81.0	31.0	0.0	0.0	0.0	57.0	0.0	0.0	15.0	19.0	95.0	0.0	95.0	22.0	0.0	40.0	18.0	0.0	61.0	0.0	0.0	0.0	0.0	0.0	0.0	96.0	0.0	7.0	33.0	23.0	83.0	79.0	0.0	0.0	34.0	0.0	0.0	0.0	0.0	55.0	86.0	0.0	41.0	0.0	16.0	0.0	0.0	63.0	0.0	73.0	44.0	37.0	0.0	0.0	90.0	0.0	4.0	20.0	0.0	37.0	0.0	0.0	9.0	0.0	0.0	29.0	0.0	59.0	100.0	0.0	5.0	0.0	33.0	0.0	0.0	63.0	0.0	0.0	0.0	72.0	0.0	9.0	0.0	22.0	0.0	90.0	8.0	88.0	0.0	0.0	0.0	0.0	54.0	17.0	43.0	2.0	0.0	0.0	0.0	0.0	18.0	0.0	0.0	0.0	0.0	78.0	0.0	99.0	0.0	77.0	50.0	0.0	9.0	0.0	5.0	55.0	0.0	83.0	9.0	4.0	0.0	0.0	0.0	0.0	20.0	0.0	0.0
0.0	72.0	0.0	82.0	0.0	20.0	28.0	0.0	0.0	0.0	0.0	87.0	0.0	0.0	98.0	97.0	96.0	14.0	73.0	4.0	52.0	0.0	6.0	0.0	61.0	14.0	0.0	87.0	0.0	0.0	0.0	72.0	22.0	61.0	0.0	0.0	0.0	0.0	10.0	0.0	0.0	0.0	0.0	62.0	90.0	0.0	78.0	0.0	49.0	0.0	100.0	75.0	0.0	0.0	41.0	0.0	17.0	32.0	0.0	55.0	57.0	0.0	85.0	59.0	0.0	1.0	0.0	0.0	0.0	25.0	0.0	0.0	0.0	97.0	4.0	0.0	0.0	71.0	0.0	42.0	0.0	40.0	75.0	0.0	0.0	72.0	0.0	0.0	18.0	74.0	0.0	77.0	0.0	0.0	0.0	98.0	0.0	0.0	0.0	0.0	0.0	65.0	0.0	18.0	28.0	0.0	69.0	82.0	20.0	6.0	0.0	0.0	0.0	67.0	76.0	55.0	0.0	0.0	92.0	64.0	0.0	95.0	100.0	0.0	62.0	0.0	0.0	0.0	31.0	0.0	3.0	25.0	2.0	40.0	56.0	0.0	0.0	13.0	95.0	0.0	2.0	0.0	0.0	0.0	0.0	0.0	0.0	0.0	88.0	0.0	0.0	6.0	5.0	0.0	0.0	0.0	0.0	88.0	0.0	75.0	0.0	0.0	8.0
27.0	0.0	0.0	96.0	61.0	0.0	72.0	0.0	85.0	0.0	0.0	0.0	53.0	79.0	0.0	0.0	31.0	0.0	0.0	95.0	0.0	19.0	94.0	0.0	0.0	13.0	11.0	0.0	0.0	68.0	0.0	99.0	2.0	65.0	32.0	53.0	65.0	0.0	0.0	0.0	0.0	72.0	0.0	42.0	64.0	85.0	25.0	0.0	0.0	84.0	55.0	64.0	0.0	0.0	0.0	34.0	0.0	45.0	0.0	75.0	0.0	72.0	0.0	17.0	0.0	38.0	98.0	9.0	58.0	2.0	63.0	0.0	27.0	44.0	46.0	0.0	24.0	0.0	0.0	37.0	100.0	32.0	0.0	0.0	68.0	71.0	0.0	22.0	31.0	14.0	0.0	6.0	0.0	0.0	0.0	89.0	24.0	10.0	100.0	33.0	91.0	65.0	29.0	0.0	0.0	0.0	29.0	45.0	12.0	65.0	0.0	16.0	71.0	0.0	0.0	0.0	61.0	22.0	46.0	0.0	86.0	5.0	0.0	71.0	0.0	97.0	16.0	0.0	26.0	0.0	0.0	23.0	96.0	4.0	0.0	0.0	0.0	46.0	0.0	21.0	0.0	0.0	0.0	0.0	93.0	74.0	0.0	0.0	0.0	23.0	0.0	64.0	0.0	0.0	20.0	35.0	81.0	38.0	0.0	58.0	76.0	0.0
0.0	81.0	1.0	0.0	88.0	64.0	76.0	0.0	59.0	97.0	0.0	44.0	0.0	0.0	93.0	0.0	0.0	0.0	0.0	0.0	0.0	95.0	42.0	0.0	55.0	0.0	19.0	0.0	53.0	0.0	0.0	47.0	17.0	43.0	0.0	28.0	68.0	0.0	0.0	0.0	0.0	0.0	0.0	0.0	0.0	68.0	88.0	32.0	57.0	0.0	0.0	19.0	0.0	61.0	0.0	21.0	30.0	46.0	0.0	98.0	0.0	25.0	0.0	34.0	0.0	75.0	0.0	40.0	0.0	0.0	0.0	7.0	0.0	0.0	13.0	0.0	0.0	0.0	0.0	0.0	27.0	0.0	0.0	0.0	0.0	96.0	0.0	35.0	32.0	0.0	0.0	0.0	34.0	63.0	0.0	30.0	0.0	0.0	0.0	13.0	69.0	0.0	0.0	79.0	99.0	0.0	0.0	0.0	28.0	0.0	46.0	0.0	0.0	0.0	0.0	23.0	0.0	74.0	0.0	0.0	0.0	0.0	0.0	67.0	46.0	0.0	72.0	9.0	87.0	22.0	0.0	14.0	0.0	29.0	0.0	0.0	0.0	97.0	36.0	8.0	0.0	76.0	83.0	0.0	47.0	95.0	0.0	0.0	46.0	0.0	82.0	0.0	0.0	14.0	0.0	0.0	0.0	0.0	56.0	88.0	56.0
0.0	0.0	0.0	63.0	0.0	86.0	0.0	0.0	0.0	0.0	0.0	0.0	40.0	0.0	0.0	75.0	67.0	0.0	31.0	4.0	98.0	10.0	0.0	0.0	0.0	0.0	35.0	78.0	0.0	0.0	11.0	0.0	57.0	0.0	0.0	0.0	64.0	63.0	0.0	0.0	0.0	46.0	0.0	0.0	56.0	55.0	0.0	0.0	0.0	0.0	58.0	0.0	0.0	83.0	17.0	0.0	0.0	80.0	16.0	0.0	0.0	0.0	0.0	0.0	74.0	0.0	0.0	0.0	85.0	0.0	91.0	0.0	59.0	0.0	82.0	0.0	0.0	0.0	0.0	0.0	0.0	0.0	0.0	0.0	0.0	97.0	85.0	20.0	76.0	88.0	0.0	65.0	75.0	0.0	45.0	25.0	87.0	0.0	0.0	3.0	0.0	17.0	33.0	0.0	91.0	41.0	0.0	6.0	13.0	0.0	40.0	0.0	0.0	44.0	59.0	84.0	0.0	0.0	33.0	84.0	0.0	3.0	13.0	0.0	10.0	0.0	36.0	0.0	17.0	0.0	0.0	92.0	0.0	0.0	0.0	70.0	76.0	13.0	0.0	0.0	0.0	0.0	0.0	0.0	0.0	0.0	77.0	0.0	80.0	0.0	74.0	14.0	0.0	41.0	0.0	58.0	0.0	0.0	15.0	59.0
4.0	0.0	0.0	100.0	10.0	77.0	0.0	0.0	80.0	0.0	0.0	0.0	0.0	0.0	0.0	0.0	0.0	0.0	90.0	0.0	0.0	10.0	58.0	0.0	0.0	79.0	99.0	0.0	0.0	0.0	45.0	88.0	14.0	0.0	7.0	0.0	0.0	29.0	0.0	0.0	26.0	17.0	50.0	0.0	20.0	15.0	21.0	0.0	0.0	94.0	72.0	0.0	0.0	70.0	98.0	0.0	60.0	61.0	0.0	0.0	0.0	0.0	0.0	0.0	0.0	0.0	56.0	0.0	0.0	38.0	0.0	0.0	69.0	82.0	0.0	21.0	98.0	6.0	0.0	0.0	0.0	0.0	0.0	0.0	20.0	37.0	56.0	53.0	0.0	0.0	0.0	1.0	85.0	0.0	99.0	0.0	0.0	0.0	80.0	0.0	0.0	88.0	91.0	0.0	0.0	26.0	0.0	0.0	61.0	55.0	0.0	10.0	11.0	28.0	0.0	0.0	0.0	0.0	24.0	0.0	0.0	0.0	0.0	33.0	49.0	0.0	90.0	58.0	0.0	0.0	0.0	43.0	0.0	0.0	70.0	0.0	42.0	46.0	0.0	98.0	95.0	0.0	0.0	0.0	0.0	0.0	53.0	0.0	50.0	0.0	97.0	0.0	0.0	53.0	0.0	87.0	40.0	5.0	64.0
0.0	42.0	90.0	0.0	45.0	46.0	26.0	30.0	0.0	0.0	85.0	53.0	0.0	81.0	0.0	53.0	53.0	0.0	0.0	0.0	22.0	44.0	68.0	0.0	98.0	0.0	0.0	72.0	0.0	0.0	0.0	4.0	0.0	0.0	11.0	0.0	0.0	0.0	24.0	0.0	0.0	35.0	0.0	42.0	0.0	0.0	0.0	97.0	0.0	46.0	0.0	0.0	0.0	0.0	6.0	46.0	0.0	44.0	0.0	0.0	0.0	87.0	0.0	0.0	61.0	52.0	0.0	10.0	97.0	47.0	0.0	4.0	0.0	0.0	0.0	53.0	79.0	3.0	66.0	0.0	48.0	58.0	9.0	17.0	91.0	0.0	84.0	0.0	40.0	0.0	29.0	0.0	0.0	33.0	41.0	22.0	0.0	94.0	0.0	23.0	1.0	57.0	0.0	0.0	20.0	43.0	0.0	0.0	0.0	12.0	0.0	98.0	56.0	88.0	54.0	36.0	48.0	0.0	0.0	0.0	24.0	60.0	0.0	0.0	9.0	52.0	0.0	0.0	34.0	0.0	83.0	67.0	0.0	0.0	52.0	0.0	76.0	0.0	29.0	0.0	0.0	0.0	0.0	43.0	44.0	64.0	0.0	0.0	0.0	0.0	53.0	53.0	0.0	74.0	90.0	0.0	0.0	0.0
0.0	68.0	0.0	0.0	68.0	0.0	0.0	0.0	12.0	0.0	0.0	27.0	83.0	0.0	0.0	0.0	0.0	94.0	75.0	0.0	90.0	28.0	28.0	0.0	0.0	0.0	0.0	0.0	13.0	23.0	16.0	0.0	24.0	36.0	0.0	81.0	0.0	0.0	0.0	22.0	80.0	0.0	79.0	0.0	0.0	0.0	0.0	0.0	17.0	22.0	0.0	0.0	69.0	34.0	26.0	26.0	0.0	0.0	0.0	16.0	68.0	0.0	98.0	0.0	6.0	0.0	0.0	0.0	63.0	68.0	57.0	94.0	0.0	57.0	57.0	1.0	0.0	0.0	65.0	0.0	78.0	83.0	17.0	80.0	40.0	18.0	74.0	0.0	45.0	0.0	0.0	0.0	0.0	41.0	98.0	66.0	0.0	18.0	0.0	82.0	0.0	58.0	0.0	44.0	0.0	0.0	0.0	85.0	0.0	0.0	0.0	24.0	0.0	99.0	59.0	0.0	0.0	0.0	0.0	0.0	0.0	0.0	0.0	5.0	3.0	78.0	48.0	0.0	92.0	0.0	50.0	44.0	20.0	73.0	0.0	0.0	69.0	0.0	0.0	0.0	99.0	0.0	18.0	57.0	1.0	0.0	0.0	0.0	42.0	68.0	82.0	0.0	0.0	61.0	76.0	0.0	0.0
8.0	68.0	0.0	0.0	0.0	60.0	49.0	0.0	0.0	0.0	0.0	0.0	0.0	0.0	82.0	40.0	57.0	83.0	0.0	73.0	26.0	0.0	0.0	0.0	0.0	0.0	0.0	0.0	0.0	0.0	0.0	0.0	0.0	0.0	34.0	0.0	43.0	0.0	0.0	64.0	0.0	0.0	0.0	10.0	0.0	0.0	6.0	97.0	0.0	0.0	16.0	76.0	0.0	46.0	3.0	0.0	0.0	76.0	0.0	0.0	0.0	50.0	1.0	26.0	0.0	23.0	0.0	0.0	0.0	0.0	0.0	0.0	43.0	63.0	0.0	0.0	0.0	0.0	22.0	0.0	99.0	0.0	0.0	0.0	7.0	0.0	5.0	0.0	0.0	0.0	0.0	75.0	0.0	0.0	65.0	43.0	71.0	25.0	27.0	0.0	0.0	81.0	0.0	95.0	28.0	5.0	85.0	27.0	0.0	80.0	0.0	11.0	0.0	0.0	40.0	78.0	0.0	70.0	0.0	0.0	84.0	68.0	76.0	0.0	0.0	69.0	0.0	0.0	0.0	51.0	69.0	0.0	0.0	0.0	76.0	93.0	0.0	0.0	25.0	0.0	0.0	0.0	18.0	0.0	2.0	96.0	0.0	32.0	9.0	70.0	67.0	0.0	35.0	50.0	0.0	31.0
18.0	0.0	0.0	0.0	0.0	0.0	0.0	76.0	0.0	0.0	0.0	65.0	0.0	26.0	0.0	0.0	3.0	0.0	22.0	0.0	0.0	0.0	0.0	0.0	11.0	0.0	8.0	0.0	0.0	0.0	0.0	0.0	28.0	0.0	0.0	71.0	49.0	43.0	0.0	0.0	17.0	92.0	0.0	0.0	53.0	98.0	80.0	68.0	63.0	0.0	24.0	6.0	63.0	0.0	0.0	0.0	34.0	0.0	53.0	88.0	0.0	89.0	30.0	47.0	8.0	37.0	59.0	0.0	0.0	82.0	10.0	0.0	0.0	0.0	98.0	34.0	0.0	88.0	0.0	92.0	55.0	0.0	98.0	0.0	0.0	0.0	0.0	0.0	70.0	39.0	0.0	0.0	30.0	0.0	80.0	29.0	0.0	8.0	99.0	45.0	65.0	0.0	99.0	45.0	0.0	0.0	0.0	21.0	0.0	54.0	77.0	0.0	91.0	0.0	0.0	81.0	6.0	33.0	0.0	10.0	94.0	77.0	0.0	0.0	0.0	59.0	0.0	90.0	28.0	0.0	93.0	23.0	0.0	33.0	0.0	0.0	74.0	0.0	77.0	0.0	0.0	63.0	0.0	0.0	98.0	0.0	21.0	0.0	0.0	97.0	0.0	41.0	0.0	0.0	0.0
0.0	0.0	4.0	0.0	12.0	0.0	0.0	0.0	57.0	93.0	16.0	7.0	0.0	76.0	0.0	54.0	92.0	63.0	2.0	0.0	16.0	23.0	0.0	0.0	0.0	60.0	54.0	0.0	0.0	62.0	1.0	94.0	86.0	95.0	0.0	51.0	97.0	30.0	0.0	0.0	0.0	0.0	11.0	65.0	0.0	0.0	26.0	0.0	29.0	0.0	48.0	77.0	27.0	0.0	96.0	33.0	85.0	25.0	9.0	0.0	0.0	8.0	53.0	41.0	55.0	0.0	65.0	42.0	96.0	85.0	27.0	86.0	34.0	0.0	0.0	48.0	63.0	0.0	66.0	54.0	92.0	7.0	33.0	0.0	48.0	0.0	0.0	42.0	54.0	93.0	0.0	0.0	54.0	0.0	12.0	76.0	19.0	0.0	0.0	0.0	0.0	0.0	100.0	0.0	0.0	0.0	0.0	92.0	55.0	85.0	0.0	0.0	33.0	0.0	61.0	0.0	0.0	60.0	0.0	65.0	95.0	0.0	0.0	0.0	12.0	0.0	18.0	0.0	0.0	0.0	66.0	33.0	0.0	24.0	88.0	50.0	0.0	0.0	0.0	0.0	78.0	58.0	4.0	27.0	0.0	0.0	0.0	97.0	13.0	0.0	46.0	0.0	0.0	0.0
93.0	25.0	0.0	0.0	0.0	41.0	0.0	92.0	0.0	97.0	69.0	0.0	0.0	11.0	11.0	0.0	12.0	0.0	0.0	71.0	51.0	95.0	81.0	100.0	0.0	21.0	0.0	0.0	0.0	0.0	0.0	40.0	26.0	0.0	14.0	92.0	64.0	86.0	16.0	0.0	65.0	40.0	4.0	0.0	68.0	0.0	52.0	8.0	81.0	0.0	21.0	61.0	0.0	0.0	62.0	0.0	0.0	0.0	0.0	65.0	12.0	0.0	0.0	97.0	0.0	0.0	32.0	48.0	40.0	68.0	97.0	0.0	76.0	17.0	0.0	0.0	0.0	0.0	0.0	23.0	37.0	37.0	83.0	0.0	91.0	0.0	2.0	50.0	0.0	0.0	0.0	81.0	16.0	0.0	0.0	1.0	0.0	0.0	11.0	0.0	0.0	0.0	68.0	34.0	86.0	4.0	0.0	0.0	0.0	99.0	0.0	0.0	99.0	0.0	76.0	0.0	42.0	0.0	43.0	0.0	93.0	0.0	0.0	99.0	0.0	0.0	0.0	29.0	57.0	0.0	0.0	0.0	0.0	0.0	0.0	0.0	4.0	0.0	0.0	0.0	75.0	46.0	63.0	91.0	39.0	11.0	0.0	51.0	0.0	0.0	65.0	0.0	0.0
0.0	0.0	0.0	44.0	64.0	38.0	0.0	5.0	0.0	0.0	0.0	42.0	0.0	23.0	0.0	9.0	97.0	27.0	67.0	0.0	0.0	0.0	68.0	0.0	0.0	0.0	16.0	38.0	95.0	75.0	40.0	3.0	0.0	56.0	0.0	0.0	0.0	0.0	0.0	93.0	0.0	0.0	95.0	20.0	74.0	41.0	43.0	12.0	23.0	39.0	0.0	0.0	0.0	9.0	73.0	57.0	75.0	96.0	54.0	0.0	0.0	51.0	84.0	86.0	0.0	99.0	0.0	83.0	12.0	0.0	0.0	35.0	0.0	0.0	0.0	0.0	60.0	0.0	0.0	0.0	0.0	81.0	1.0	2.0	0.0	0.0	62.0	48.0	54.0	0.0	0.0	0.0	0.0	0.0	52.0	58.0	65.0	11.0	18.0	100.0	46.0	0.0	41.0	0.0	17.0	96.0	0.0	0.0	87.0	0.0	0.0	0.0	10.0	0.0	0.0	4.0	0.0	90.0	30.0	0.0	8.0	0.0	0.0	95.0	32.0	0.0	11.0	96.0	53.0	0.0	14.0	95.0	0.0	0.0	81.0	0.0	0.0	0.0	0.0	62.0	13.0	0.0	80.0	80.0	48.0	10.0	0.0	40.0	0.0	0.0	77.0	0.0
0.0	22.0	59.0	0.0	51.0	0.0	0.0	0.0	0.0	57.0	19.0	0.0	0.0	0.0	28.0	0.0	84.0	1.0	63.0	0.0	0.0	46.0	0.0	75.0	0.0	0.0	75.0	59.0	0.0	0.0	53.0	0.0	72.0	86.0	0.0	0.0	62.0	94.0	54.0	3.0	21.0	74.0	0.0	0.0	0.0	73.0	62.0	35.0	32.0	0.0	0.0	0.0	43.0	68.0	79.0	0.0	30.0	52.0	62.0	0.0	81.0	0.0	93.0	86.0	78.0	0.0	70.0	36.0	0.0	0.0	38.0	0.0	0.0	42.0	0.0	90.0	0.0	0.0	0.0	27.0	0.0	93.0	11.0	73.0	0.0	98.0	0.0	0.0	0.0	0.0	85.0	90.0	0.0	0.0	0.0	11.0	45.0	59.0	72.0	54.0	0.0	35.0	0.0	99.0	0.0	0.0	48.0	47.0	0.0	36.0	88.0	37.0	0.0	47.0	50.0	31.0	0.0	0.0	91.0	38.0	0.0	54.0	0.0	78.0	0.0	30.0	0.0	62.0	0.0	0.0	0.0	1.0	77.0	52.0	0.0	0.0	0.0	46.0	0.0	1.0	0.0	0.0	93.0	0.0	10.0	37.0	0.0	0.0	60.0	35.0	0.0
0.0	2.0	0.0	0.0	0.0	52.0	88.0	0.0	0.0	0.0	0.0	0.0	0.0	74.0	40.0	54.0	30.0	0.0	46.0	0.0	0.0	0.0	0.0	38.0	0.0	52.0	0.0	0.0	97.0	90.0	91.0	0.0	0.0	0.0	0.0	21.0	4.0	0.0	77.0	31.0	34.0	2.0	33.0	0.0	59.0	0.0	14.0	0.0	0.0	0.0	0.0	78.0	25.0	16.0	0.0	31.0	0.0	0.0	0.0	78.0	0.0	0.0	0.0	0.0	0.0	0.0	0.0	10.0	4.0	0.0	0.0	61.0	89.0	58.0	0.0	0.0	70.0	25.0	0.0	75.0	0.0	33.0	60.0	0.0	31.0	55.0	43.0	71.0	18.0	6.0	0.0	71.0	0.0	94.0	0.0	0.0	34.0	0.0	0.0	0.0	37.0	54.0	100.0	0.0	26.0	78.0	35.0	0.0	0.0	0.0	24.0	35.0	51.0	14.0	75.0	76.0	0.0	0.0	36.0	11.0	45.0	0.0	0.0	84.0	19.0	0.0	98.0	29.0	60.0	78.0	0.0	27.0	0.0	0.0	0.0	0.0	0.0	30.0	22.0	0.0	0.0	0.0	98.0	0.0	64.0	0.0	0.0	0.0	84.0	0.0
0.0	0.0	10.0	0.0	7.0	0.0	93.0	49.0	0.0	0.0	0.0	0.0	0.0	18.0	0.0	10.0	22.0	0.0	0.0	65.0	0.0	0.0	0.0	38.0	0.0	0.0	67.0	26.0	39.0	19.0	93.0	72.0	0.0	28.0	0.0	74.0	28.0	0.0	61.0	0.0	0.0	30.0	78.0	0.0	0.0	0.0	0.0	0.0	0.0	0.0	13.0	0.0	0.0	0.0	0.0	54.0	74.0	0.0	0.0	55.0	22.0	69.0	0.0	0.0	0.0	51.0	6.0	53.0	77.0	0.0	29.0	0.0	63.0	0.0	53.0	38.0	0.0	0.0	0.0	9.0	86.0	0.0	85.0	0.0	0.0	0.0	93.0	0.0	60.0	0.0	16.0	0.0	7.0	51.0	0.0	51.0	0.0	0.0	0.0	0.0	94.0	36.0	0.0	0.0	0.0	0.0	0.0	12.0	0.0	12.0	0.0	0.0	0.0	0.0	84.0	24.0	0.0	24.0	65.0	0.0	0.0	0.0	22.0	0.0	0.0	46.0	0.0	0.0	0.0	0.0	0.0	0.0	9.0	92.0	23.0	0.0	4.0	16.0	0.0	93.0	92.0	0.0	0.0	0.0	0.0	0.0	0.0	8.0	0.0
0.0	0.0	12.0	1.0	0.0	29.0	33.0	94.0	4.0	73.0	0.0	95.0	0.0	89.0	0.0	0.0	0.0	0.0	0.0	0.0	0.0	61.0	35.0	77.0	56.0	0.0	89.0	0.0	0.0	0.0	0.0	0.0	0.0	0.0	0.0	82.0	0.0	0.0	0.0	20.0	56.0	0.0	0.0	90.0	89.0	61.0	0.0	0.0	0.0	56.0	0.0	14.0	26.0	64.0	0.0	86.0	2.0	73.0	0.0	0.0	0.0	88.0	92.0	9.0	16.0	0.0	11.0	41.0	44.0	0.0	0.0	0.0	22.0	7.0	0.0	95.0	26.0	16.0	47.0	0.0	70.0	0.0	0.0	0.0	0.0	9.0	6.0	0.0	0.0	91.0	0.0	24.0	0.0	0.0	0.0	69.0	0.0	76.0	48.0	0.0	0.0	0.0	0.0	69.0	33.0	0.0	76.0	94.0	83.0	7.0	36.0	0.0	0.0	0.0	0.0	0.0	0.0	57.0	0.0	0.0	0.0	20.0	6.0	67.0	0.0	0.0	0.0	0.0	56.0	10.0	0.0	5.0	47.0	0.0	53.0	0.0	0.0	0.0	0.0	7.0	84.0	81.0	46.0	0.0	0.0	51.0	55.0	39.0
99.0	7.0	89.0	60.0	50.0	0.0	0.0	6.0	0.0	0.0	79.0	0.0	88.0	0.0	0.0	0.0	0.0	0.0	35.0	31.0	0.0	0.0	0.0	39.0	63.0	32.0	0.0	13.0	0.0	0.0	56.0	96.0	0.0	0.0	52.0	0.0	72.0	0.0	11.0	0.0	50.0	0.0	87.0	21.0	0.0	30.0	0.0	41.0	0.0	0.0	9.0	75.0	0.0	0.0	0.0	52.0	0.0	45.0	0.0	0.0	65.0	0.0	0.0	81.0	96.0	76.0	0.0	0.0	33.0	0.0	94.0	31.0	41.0	0.0	79.0	0.0	49.0	0.0	23.0	2.0	0.0	0.0	0.0	0.0	0.0	22.0	24.0	0.0	0.0	11.0	0.0	74.0	0.0	0.0	0.0	0.0	0.0	3.0	0.0	0.0	53.0	72.0	43.0	79.0	0.0	0.0	29.0	43.0	0.0	0.0	0.0	0.0	10.0	21.0	0.0	0.0	0.0	73.0	0.0	81.0	0.0	44.0	0.0	0.0	0.0	0.0	59.0	0.0	0.0	0.0	0.0	86.0	0.0	20.0	29.0	0.0	0.0	40.0	34.0	0.0	47.0	0.0	0.0	0.0	61.0	0.0	49.0
91.0	36.0	0.0	0.0	0.0	66.0	96.0	39.0	0.0	0.0	0.0	0.0	11.0	0.0	56.0	0.0	0.0	48.0	47.0	0.0	73.0	60.0	40.0	0.0	29.0	51.0	0.0	0.0	65.0	0.0	0.0	0.0	0.0	0.0	0.0	0.0	70.0	99.0	0.0	0.0	0.0	5.0	67.0	0.0	0.0	0.0	0.0	77.0	0.0	0.0	69.0	92.0	18.0	0.0	0.0	0.0	94.0	0.0	0.0	0.0	12.0	0.0	0.0	66.0	0.0	0.0	51.0	0.0	0.0	0.0	51.0	0.0	0.0	0.0	11.0	0.0	0.0	36.0	0.0	9.0	3.0	0.0	0.0	95.0	9.0	0.0	0.0	0.0	15.0	0.0	38.0	52.0	0.0	0.0	0.0	79.0	0.0	0.0	74.0	42.0	23.0	0.0	0.0	0.0	0.0	22.0	80.0	0.0	27.0	0.0	0.0	0.0	81.0	14.0	46.0	98.0	55.0	0.0	84.0	0.0	0.0	0.0	0.0	0.0	53.0	0.0	32.0	0.0	28.0	0.0	0.0	0.0	87.0	39.0	0.0	0.0	0.0	73.0	78.0	0.0	69.0	0.0	0.0	50.0	72.0	0.0
0.0	71.0	37.0	0.0	0.0	0.0	25.0	61.0	0.0	16.0	89.0	65.0	0.0	0.0	23.0	0.0	52.0	0.0	0.0	55.0	13.0	0.0	0.0	0.0	53.0	0.0	63.0	67.0	51.0	0.0	0.0	0.0	80.0	0.0	0.0	0.0	72.0	60.0	83.0	12.0	4.0	63.0	0.0	74.0	42.0	0.0	0.0	0.0	0.0	71.0	0.0	44.0	0.0	0.0	0.0	0.0	0.0	0.0	0.0	29.0	8.0	0.0	0.0	40.0	0.0	9.0	0.0	0.0	0.0	0.0	0.0	0.0	0.0	36.0	0.0	0.0	0.0	0.0	53.0	58.0	0.0	0.0	0.0	43.0	33.0	0.0	57.0	64.0	19.0	32.0	6.0	0.0	70.0	0.0	93.0	25.0	0.0	0.0	21.0	0.0	62.0	41.0	0.0	48.0	7.0	0.0	0.0	56.0	91.0	82.0	0.0	87.0	69.0	43.0	80.0	0.0	0.0	31.0	54.0	23.0	71.0	0.0	46.0	87.0	29.0	3.0	82.0	0.0	0.0	93.0	14.0	0.0	67.0	2.0	40.0	0.0	98.0	6.0	9.0	51.0	0.0	61.0	0.0	59.0	0.0
88.0	33.0	0.0	58.0	0.0	74.0	0.0	0.0	0.0	0.0	40.0	4.0	88.0	55.0	0.0	24.0	0.0	0.0	0.0	0.0	39.0	0.0	95.0	0.0	0.0	0.0	48.0	54.0	4.0	0.0	0.0	71.0	0.0	69.0	0.0	95.0	6.0	31.0	0.0	86.0	24.0	0.0	0.0	0.0	0.0	0.0	96.0	0.0	8.0	0.0	61.0	0.0	64.0	0.0	12.0	0.0	0.0	0.0	65.0	0.0	0.0	77.0	0.0	10.0	29.0	91.0	54.0	19.0	0.0	69.0	92.0	0.0	0.0	0.0	0.0	37.0	32.0	0.0	64.0	41.0	0.0	9.0	0.0	55.0	0.0	0.0	95.0	55.0	84.0	57.0	11.0	0.0	55.0	43.0	1.0	8.0	97.0	0.0	0.0	23.0	26.0	6.0	27.0	73.0	0.0	0.0	99.0	82.0	98.0	54.0	0.0	51.0	0.0	0.0	52.0	16.0	64.0	0.0	0.0	2.0	0.0	0.0	46.0	66.0	3.0	14.0	0.0	65.0	58.0	0.0	0.0	0.0	0.0	92.0	0.0	18.0	0.0	0.0	83.0	27.0	0.0	0.0	0.0	0.0
17.0	0.0	0.0	0.0	0.0	0.0	0.0	73.0	58.0	7.0	0.0	9.0	13.0	0.0	76.0	36.0	0.0	0.0	0.0	0.0	0.0	50.0	0.0	0.0	0.0	0.0	0.0	48.0	0.0	29.0	0.0	3.0	46.0	40.0	0.0	88.0	8.0	0.0	83.0	73.0	0.0	0.0	57.0	0.0	0.0	0.0	96.0	0.0	0.0	100.0	17.0	4.0	53.0	0.0	64.0	61.0	0.0	0.0	0.0	62.0	58.0	0.0	24.0	88.0	35.0	0.0	25.0	0.0	0.0	0.0	60.0	35.0	0.0	0.0	16.0	0.0	0.0	0.0	2.0	55.0	40.0	31.0	98.0	0.0	92.0	72.0	30.0	73.0	23.0	42.0	0.0	18.0	0.0	0.0	11.0	0.0	91.0	13.0	0.0	0.0	21.0	0.0	0.0	20.0	77.0	0.0	58.0	0.0	0.0	0.0	0.0	25.0	48.0	34.0	0.0	65.0	74.0	8.0	6.0	11.0	97.0	97.0	0.0	62.0	0.0	81.0	66.0	51.0	0.0	61.0	0.0	10.0	74.0	0.0	33.0	0.0	11.0	0.0	7.0	74.0	0.0	7.0	92.0
69.0	0.0	0.0	0.0	0.0	0.0	22.0	81.0	0.0	0.0	0.0	89.0	77.0	0.0	0.0	0.0	0.0	0.0	85.0	0.0	24.0	0.0	0.0	0.0	54.0	0.0	36.0	0.0	35.0	66.0	16.0	42.0	0.0	32.0	93.0	0.0	21.0	0.0	78.0	0.0	100.0	0.0	58.0	41.0	0.0	0.0	33.0	45.0	4.0	0.0	0.0	0.0	21.0	87.0	0.0	39.0	0.0	0.0	0.0	0.0	0.0	0.0	0.0	38.0	45.0	31.0	76.0	0.0	35.0	66.0	0.0	44.0	0.0	0.0	33.0	0.0	0.0	100.0	80.0	25.0	0.0	43.0	21.0	0.0	0.0	23.0	0.0	28.0	0.0	70.0	25.0	23.0	0.0	88.0	0.0	60.0	0.0	17.0	40.0	0.0	0.0	0.0	54.0	0.0	0.0	27.0	0.0	91.0	5.0	72.0	53.0	65.0	0.0	0.0	18.0	0.0	0.0	47.0	36.0	0.0	0.0	0.0	0.0	60.0	0.0	65.0	79.0	17.0	11.0	0.0	0.0	0.0	39.0	0.0	79.0	0.0	0.0	89.0	0.0	100.0	65.0	16.0
68.0	36.0	0.0	94.0	0.0	66.0	99.0	86.0	0.0	30.0	70.0	29.0	6.0	0.0	0.0	0.0	0.0	91.0	57.0	94.0	78.0	0.0	0.0	0.0	55.0	7.0	0.0	0.0	92.0	0.0	0.0	0.0	0.0	0.0	0.0	98.0	0.0	0.0	0.0	61.0	70.0	67.0	0.0	0.0	0.0	0.0	0.0	0.0	100.0	87.0	0.0	0.0	1.0	0.0	0.0	18.0	75.0	0.0	15.0	100.0	95.0	0.0	0.0	0.0	0.0	0.0	63.0	20.0	46.0	0.0	40.0	42.0	0.0	0.0	0.0	91.0	0.0	55.0	0.0	0.0	0.0	0.0	37.0	58.0	0.0	0.0	90.0	18.0	15.0	6.0	0.0	53.0	0.0	0.0	0.0	35.0	0.0	0.0	1.0	59.0	73.0	2.0	0.0	47.0	6.0	48.0	23.0	75.0	90.0	75.0	0.0	0.0	82.0	80.0	49.0	51.0	95.0	0.0	0.0	43.0	85.0	0.0	0.0	81.0	2.0	0.0	0.0	35.0	0.0	36.0	0.0	18.0	72.0	66.0	87.0	18.0	0.0	76.0	91.0	81.0	77.0
85.0	22.0	0.0	20.0	0.0	86.0	18.0	0.0	91.0	0.0	39.0	0.0	100.0	8.0	0.0	0.0	0.0	0.0	0.0	26.0	97.0	58.0	87.0	0.0	0.0	0.0	66.0	0.0	47.0	3.0	0.0	69.0	0.0	0.0	25.0	4.0	60.0	68.0	70.0	0.0	59.0	0.0	0.0	0.0	0.0	0.0	53.0	0.0	0.0	0.0	55.0	0.0	0.0	78.0	70.0	0.0	0.0	0.0	33.0	47.0	0.0	0.0	72.0	0.0	0.0	68.0	82.0	67.0	68.0	0.0	91.0	68.0	40.0	27.0	0.0	0.0	85.0	93.0	0.0	0.0	0.0	84.0	0.0	89.0	0.0	63.0	88.0	0.0	34.0	71.0	0.0	74.0	49.0	57.0	64.0	0.0	0.0	0.0	0.0	75.0	0.0	0.0	61.0	0.0	0.0	23.0	13.0	78.0	0.0	0.0	0.0	0.0	69.0	0.0	53.0	0.0	0.0	0.0	6.0	0.0	0.0	0.0	42.0	67.0	0.0	71.0	81.0	59.0	63.0	0.0	66.0	34.0	42.0	0.0	5.0	16.0	0.0	0.0	25.0	0.0
0.0	0.0	74.0	59.0	0.0	0.0	0.0	53.0	0.0	0.0	0.0	93.0	34.0	37.0	46.0	22.0	93.0	92.0	0.0	0.0	88.0	91.0	33.0	32.0	76.0	0.0	0.0	0.0	95.0	0.0	0.0	0.0	80.0	1.0	61.0	83.0	0.0	0.0	0.0	0.0	85.0	0.0	34.0	0.0	0.0	69.0	45.0	29.0	0.0	0.0	35.0	0.0	0.0	0.0	97.0	0.0	70.0	0.0	0.0	0.0	65.0	0.0	0.0	34.0	0.0	0.0	34.0	0.0	99.0	0.0	31.0	0.0	0.0	0.0	0.0	0.0	0.0	93.0	0.0	0.0	0.0	0.0	0.0	33.0	68.0	0.0	0.0	30.0	0.0	14.0	0.0	47.0	0.0	0.0	0.0	38.0	79.0	59.0	0.0	0.0	0.0	86.0	61.0	0.0	0.0	0.0	15.0	0.0	0.0	24.0	0.0	0.0	78.0	42.0	85.0	90.0	0.0	0.0	3.0	11.0	94.0	0.0	23.0	95.0	0.0	0.0	68.0	57.0	0.0	0.0	48.0	0.0	63.0	0.0	0.0	23.0	11.0	0.0	0.0
0.0	0.0	34.0	0.0	0.0	46.0	70.0	86.0	0.0	0.0	0.0	0.0	72.0	0.0	0.0	36.0	25.0	94.0	64.0	72.0	94.0	0.0	0.0	100.0	0.0	60.0	83.0	68.0	0.0	0.0	66.0	0.0	74.0	0.0	30.0	0.0	63.0	0.0	0.0	0.0	17.0	0.0	0.0	0.0	0.0	87.0	0.0	44.0	86.0	0.0	80.0	49.0	0.0	87.0	34.0	11.0	0.0	0.0	97.0	0.0	0.0	18.0	0.0	97.0	61.0	0.0	0.0	80.0	80.0	84.0	78.0	99.0	60.0	0.0	98.0	0.0	0.0	0.0	23.0	0.0	0.0	0.0	0.0	0.0	0.0	59.0	21.0	99.0	0.0	64.0	0.0	0.0	0.0	0.0	65.0	0.0	1.0	0.0	41.0	0.0	0.0	13.0	69.0	32.0	24.0	0.0	0.0	0.0	58.0	13.0	78.0	12.0	0.0	81.0	62.0	17.0	0.0	0.0	0.0	0.0	48.0	0.0	0.0	21.0	9.0	0.0	46.0	94.0	14.0	91.0	89.0	0.0	0.0	14.0	15.0	0.0	0.0	0.0
14.0	19.0	90.0	61.0	0.0	13.0	47.0	16.0	0.0	18.0	78.0	0.0	32.0	0.0	68.0	71.0	36.0	82.0	41.0	0.0	73.0	32.0	0.0	0.0	0.0	0.0	39.0	1.0	16.0	0.0	0.0	64.0	0.0	89.0	24.0	0.0	77.0	75.0	40.0	0.0	94.0	52.0	8.0	31.0	0.0	29.0	0.0	98.0	100.0	0.0	0.0	15.0	84.0	0.0	89.0	0.0	0.0	0.0	66.0	23.0	41.0	0.0	27.0	27.0	0.0	0.0	27.0	0.0	0.0	21.0	99.0	0.0	62.0	0.0	1.0	63.0	79.0	0.0	0.0	53.0	57.0	0.0	0.0	48.0	0.0	0.0	0.0	19.0	62.0	27.0	0.0	0.0	94.0	0.0	0.0	0.0	7.0	0.0	68.0	0.0	1.0	0.0	0.0	0.0	0.0	88.0	75.0	54.0	52.0	0.0	82.0	65.0	0.0	0.0	89.0	63.0	31.0	0.0	41.0	0.0	48.0	68.0	11.0	25.0	0.0	0.0	82.0	0.0	0.0	0.0	0.0	59.0	80.0	22.0	45.0	7.0	0.0
0.0	0.0	84.0	44.0	0.0	61.0	28.0	53.0	0.0	97.0	54.0	31.0	97.0	0.0	8.0	52.0	2.0	82.0	32.0	52.0	45.0	48.0	0.0	94.0	0.0	0.0	58.0	0.0	0.0	0.0	0.0	0.0	81.0	19.0	0.0	0.0	0.0	69.0	18.0	0.0	49.0	0.0	67.0	38.0	54.0	0.0	0.0	72.0	93.0	6.0	6.0	79.0	88.0	0.0	0.0	0.0	0.0	0.0	6.0	0.0	0.0	0.0	0.0	0.0	0.0	0.0	0.0	77.0	38.0	0.0	0.0	20.0	0.0	33.0	55.0	39.0	41.0	13.0	86.0	0.0	0.0	89.0	86.0	0.0	74.0	0.0	0.0	4.0	6.0	0.0	96.0	0.0	93.0	0.0	28.0	0.0	88.0	0.0	0.0	30.0	0.0	0.0	61.0	7.0	0.0	12.0	0.0	0.0	80.0	0.0	0.0	15.0	0.0	0.0	0.0	9.0	0.0	0.0	0.0	0.0	22.0	71.0	0.0	0.0	29.0	80.0	95.0	50.0	0.0	22.0	0.0	82.0	11.0	16.0	28.0	0.0
0.0	6.0	0.0	27.0	0.0	93.0	46.0	0.0	0.0	19.0	21.0	0.0	0.0	47.0	0.0	0.0	0.0	0.0	36.0	28.0	1.0	0.0	0.0	0.0	60.0	0.0	64.0	53.0	0.0	0.0	0.0	0.0	0.0	0.0	0.0	31.0	85.0	0.0	96.0	0.0	0.0	0.0	80.0	0.0	78.0	11.0	0.0	0.0	0.0	29.0	26.0	7.0	37.0	0.0	9.0	0.0	17.0	82.0	0.0	0.0	99.0	0.0	0.0	84.0	18.0	0.0	0.0	96.0	0.0	0.0	36.0	91.0	44.0	0.0	0.0	97.0	97.0	48.0	0.0	44.0	35.0	0.0	18.0	16.0	0.0	83.0	0.0	47.0	0.0	4.0	64.0	0.0	40.0	0.0	50.0	53.0	0.0	72.0	0.0	0.0	0.0	98.0	0.0	54.0	0.0	0.0	48.0	0.0	0.0	0.0	0.0	0.0	58.0	14.0	0.0	0.0	43.0	0.0	0.0	39.0	42.0	1.0	0.0	0.0	27.0	0.0	8.0	51.0	76.0	0.0	52.0	0.0	0.0	77.0	0.0
0.0	0.0	83.0	0.0	21.0	78.0	0.0	0.0	0.0	0.0	0.0	96.0	1.0	0.0	70.0	6.0	0.0	0.0	66.0	48.0	0.0	44.0	54.0	47.0	77.0	16.0	0.0	91.0	48.0	0.0	0.0	8.0	0.0	0.0	0.0	76.0	57.0	66.0	51.0	0.0	70.0	0.0	11.0	0.0	0.0	0.0	26.0	0.0	0.0	50.0	11.0	3.0	76.0	0.0	0.0	7.0	0.0	0.0	67.0	0.0	33.0	59.0	95.0	0.0	0.0	57.0	85.0	1.0	0.0	57.0	57.0	0.0	65.0	78.0	96.0	57.0	0.0	0.0	0.0	0.0	2.0	0.0	0.0	0.0	0.0	12.0	13.0	17.0	90.0	0.0	0.0	77.0	0.0	0.0	31.0	0.0	7.0	19.0	5.0	0.0	0.0	0.0	0.0	6.0	0.0	35.0	2.0	64.0	17.0	34.0	0.0	62.0	0.0	99.0	31.0	77.0	0.0	43.0	0.0	0.0	0.0	0.0	0.0	77.0	93.0	67.0	41.0	0.0	0.0	34.0	92.0	65.0	0.0	0.0
83.0	0.0	0.0	63.0	66.0	41.0	0.0	0.0	0.0	0.0	0.0	0.0	0.0	54.0	61.0	50.0	0.0	0.0	0.0	0.0	0.0	59.0	75.0	0.0	0.0	18.0	0.0	70.0	0.0	0.0	0.0	0.0	0.0	0.0	44.0	0.0	42.0	0.0	8.0	0.0	94.0	22.0	0.0	0.0	0.0	0.0	32.0	0.0	0.0	0.0	0.0	0.0	74.0	0.0	37.0	0.0	0.0	0.0	54.0	93.0	52.0	90.0	0.0	0.0	0.0	0.0	0.0	50.0	0.0	0.0	82.0	20.0	0.0	0.0	3.0	0.0	0.0	95.0	0.0	0.0	0.0	0.0	78.0	75.0	50.0	78.0	65.0	99.0	15.0	73.0	0.0	39.0	0.0	30.0	0.0	0.0	45.0	40.0	80.0	0.0	0.0	0.0	92.0	0.0	0.0	0.0	0.0	30.0	89.0	28.0	0.0	62.0	0.0	0.0	0.0	17.0	0.0	0.0	28.0	0.0	3.0	0.0	0.0	0.0	15.0	0.0	0.0	46.0	0.0	0.0	75.0	43.0	85.0
0.0	0.0	24.0	0.0	0.0	15.0	70.0	60.0	97.0	46.0	77.0	21.0	0.0	0.0	0.0	64.0	0.0	0.0	0.0	0.0	90.0	15.0	7.0	18.0	0.0	56.0	0.0	19.0	51.0	0.0	15.0	6.0	41.0	30.0	0.0	76.0	25.0	0.0	23.0	21.0	0.0	77.0	0.0	63.0	0.0	0.0	0.0	0.0	0.0	13.0	26.0	0.0	58.0	47.0	0.0	0.0	0.0	28.0	81.0	39.0	56.0	68.0	32.0	0.0	0.0	40.0	0.0	65.0	79.0	0.0	45.0	0.0	97.0	51.0	0.0	0.0	0.0	16.0	0.0	0.0	16.0	97.0	0.0	0.0	0.0	0.0	0.0	12.0	66.0	35.0	89.0	71.0	0.0	9.0	0.0	13.0	0.0	45.0	0.0	59.0	51.0	27.0	0.0	48.0	0.0	49.0	0.0	30.0	0.0	10.0	31.0	25.0	41.0	0.0	92.0	0.0	0.0	30.0	0.0	0.0	38.0	0.0	97.0	22.0	17.0	0.0	0.0	0.0	0.0	56.0	83.0	0.0
53.0	6.0	0.0	0.0	24.0	70.0	0.0	99.0	2.0	69.0	0.0	0.0	0.0	27.0	68.0	0.0	63.0	69.0	10.0	0.0	80.0	30.0	0.0	0.0	0.0	0.0	0.0	0.0	0.0	61.0	11.0	77.0	0.0	0.0	0.0	0.0	0.0	0.0	0.0	3.0	64.0	0.0	99.0	82.0	0.0	0.0	95.0	81.0	88.0	53.0	40.0	0.0	0.0	92.0	3.0	57.0	12.0	92.0	72.0	14.0	0.0	0.0	63.0	83.0	0.0	0.0	0.0	17.0	30.0	0.0	0.0	15.0	0.0	0.0	83.0	0.0	17.0	0.0	0.0	0.0	85.0	0.0	0.0	0.0	52.0	82.0	75.0	0.0	0.0	0.0	0.0	98.0	61.0	51.0	65.0	0.0	53.0	31.0	0.0	0.0	0.0	8.0	44.0	55.0	0.0	6.0	70.0	50.0	0.0	82.0	0.0	9.0	0.0	0.0	59.0	0.0	0.0	21.0	0.0	2.0	0.0	21.0	0.0	31.0	0.0	4.0	26.0	0.0	0.0	12.0	79.0
0.0	73.0	0.0	0.0	50.0	0.0	0.0	88.0	32.0	0.0	0.0	75.0	0.0	70.0	0.0	0.0	90.0	50.0	66.0	47.0	0.0	89.0	0.0	50.0	43.0	0.0	0.0	52.0	74.0	69.0	70.0	0.0	0.0	0.0	0.0	0.0	0.0	40.0	0.0	55.0	0.0	9.0	0.0	0.0	66.0	60.0	51.0	0.0	0.0	0.0	0.0	50.0	99.0	91.0	0.0	71.0	2.0	6.0	0.0	99.0	0.0	18.0	0.0	84.0	90.0	32.0	0.0	0.0	57.0	0.0	34.0	88.0	83.0	15.0	0.0	40.0	0.0	62.0	9.0	39.0	21.0	17.0	40.0	0.0	33.0	13.0	50.0	0.0	8.0	34.0	48.0	0.0	49.0	21.0	0.0	0.0	67.0	0.0	0.0	53.0	0.0	0.0	58.0	24.0	0.0	0.0	28.0	0.0	92.0	0.0	0.0	15.0	46.0	0.0	34.0	0.0	0.0	18.0	0.0	0.0	0.0	66.0	63.0	0.0	0.0	0.0	0.0	0.0	44.0	73.0
13.0	72.0	0.0	0.0	47.0	0.0	78.0	0.0	0.0	43.0	0.0	0.0	71.0	0.0	83.0	0.0	0.0	0.0	0.0	52.0	0.0	22.0	0.0	92.0	0.0	0.0	0.0	0.0	0.0	24.0	25.0	75.0	0.0	0.0	32.0	0.0	29.0	0.0	9.0	0.0	58.0	0.0	0.0	63.0	0.0	0.0	45.0	0.0	0.0	0.0	98.0	0.0	93.0	0.0	0.0	0.0	0.0	0.0	0.0	9.0	0.0	0.0	0.0	70.0	96.0	96.0	68.0	0.0	0.0	0.0	0.0	0.0	0.0	0.0	0.0	91.0	0.0	79.0	54.0	0.0	82.0	17.0	0.0	0.0	80.0	9.0	0.0	0.0	72.0	39.0	19.0	0.0	0.0	34.0	7.0	91.0	0.0	0.0	0.0	0.0	58.0	0.0	0.0	0.0	71.0	0.0	0.0	0.0	60.0	58.0	32.0	0.0	35.0	0.0	41.0	35.0	15.0	0.0	61.0	0.0	5.0	32.0	0.0	0.0	39.0	0.0	0.0	0.0	82.0
50.0	20.0	0.0	8.0	43.0	0.0	0.0	72.0	0.0	0.0	57.0	0.0	0.0	8.0	0.0	0.0	15.0	48.0	0.0	0.0	0.0	0.0	0.0	0.0	0.0	28.0	32.0	0.0	59.0	15.0	6.0	76.0	70.0	22.0	61.0	7.0	0.0	70.0	51.0	0.0	0.0	0.0	65.0	2.0	10.0	65.0	0.0	0.0	0.0	56.0	3.0	0.0	46.0	76.0	81.0	32.0	33.0	43.0	0.0	62.0	90.0	80.0	0.0	88.0	34.0	43.0	0.0	0.0	82.0	0.0	0.0	70.0	68.0	0.0	0.0	96.0	0.0	61.0	9.0	55.0	0.0	99.0	0.0	0.0	77.0	0.0	0.0	0.0	12.0	0.0	62.0	52.0	0.0	67.0	80.0	97.0	80.0	0.0	0.0	48.0	0.0	50.0	0.0	38.0	43.0	0.0	62.0	66.0	99.0	0.0	14.0	0.0	62.0	24.0	86.0	0.0	94.0	89.0	60.0	0.0	0.0	0.0	61.0	0.0	41.0	40.0	44.0	46.0
0.0	0.0	0.0	0.0	0.0	73.0	0.0	0.0	0.0	47.0	0.0	11.0	35.0	0.0	0.0	0.0	0.0	14.0	28.0	38.0	75.0	33.0	81.0	25.0	65.0	0.0	0.0	36.0	0.0	35.0	71.0	23.0	16.0	0.0	0.0	0.0	16.0	0.0	70.0	0.0	0.0	59.0	78.0	0.0	45.0	5.0	98.0	0.0	24.0	89.0	53.0	0.0	0.0	0.0	92.0	0.0	0.0	81.0	40.0	15.0	0.0	0.0	0.0	0.0	39.0	0.0	0.0	14.0	0.0	0.0	0.0	62.0	39.0	0.0	2.0	0.0	4.0	26.0	0.0	0.0	47.0	0.0	32.0	0.0	75.0	17.0	82.0	0.0	0.0	0.0	0.0	82.0	29.0	97.0	8.0	0.0	0.0	0.0	0.0	0.0	0.0	96.0	0.0	0.0	0.0	90.0	1.0	0.0	0.0	30.0	33.0	0.0	55.0	88.0	18.0	10.0	0.0	0.0	0.0	51.0	0.0	0.0	60.0	93.0	97.0	78.0	0.0
51.0	0.0	0.0	28.0	82.0	0.0	0.0	0.0	0.0	0.0	94.0	0.0	80.0	10.0	94.0	36.0	59.0	27.0	16.0	36.0	100.0	0.0	0.0	0.0	0.0	0.0	0.0	71.0	12.0	0.0	74.0	0.0	87.0	0.0	0.0	0.0	0.0	61.0	42.0	0.0	0.0	10.0	5.0	70.0	0.0	0.0	16.0	0.0	0.0	46.0	76.0	0.0	45.0	95.0	75.0	0.0	54.0	13.0	0.0	96.0	56.0	36.0	0.0	21.0	65.0	0.0	0.0	0.0	53.0	30.0	45.0	6.0	58.0	92.0	38.0	72.0	57.0	58.0	90.0	0.0	15.0	0.0	21.0	16.0	97.0	0.0	0.0	74.0	0.0	0.0	0.0	0.0	0.0	20.0	0.0	12.0	83.0	7.0	0.0	0.0	0.0	0.0	64.0	0.0	0.0	22.0	56.0	82.0	0.0	0.0	0.0	0.0	61.0	31.0	0.0	0.0	0.0	76.0	0.0	0.0	0.0	0.0	0.0	94.0	11.0	84.0
100.0	51.0	91.0	0.0	59.0	0.0	61.0	21.0	3.0	86.0	36.0	54.0	0.0	43.0	58.0	0.0	0.0	0.0	59.0	28.0	0.0	76.0	50.0	62.0	79.0	0.0	0.0	0.0	95.0	0.0	94.0	0.0	57.0	0.0	0.0	0.0	30.0	0.0	0.0	85.0	0.0	14.0	71.0	0.0	87.0	0.0	60.0	82.0	69.0	0.0	0.0	0.0	0.0	22.0	41.0	69.0	0.0	0.0	66.0	74.0	65.0	0.0	97.0	0.0	30.0	94.0	29.0	32.0	0.0	0.0	0.0	70.0	91.0	0.0	0.0	72.0	27.0	46.0	0.0	0.0	0.0	0.0	13.0	55.0	51.0	0.0	40.0	0.0	22.0	8.0	0.0	0.0	0.0	23.0	62.0	0.0	97.0	98.0	0.0	0.0	0.0	8.0	0.0	0.0	0.0	28.0	0.0	0.0	14.0	33.0	60.0	0.0	0.0	0.0	0.0	0.0	0.0	10.0	0.0	0.0	0.0	88.0	46.0	26.0	0.0
87.0	0.0	0.0	0.0	0.0	49.0	80.0	56.0	0.0	0.0	56.0	32.0	75.0	26.0	0.0	84.0	79.0	0.0	0.0	41.0	20.0	0.0	0.0	0.0	0.0	53.0	0.0	0.0	0.0	0.0	94.0	29.0	41.0	0.0	16.0	0.0	0.0	0.0	61.0	42.0	0.0	21.0	0.0	0.0	63.0	0.0	66.0	0.0	57.0	0.0	0.0	27.0	73.0	0.0	0.0	7.0	80.0	0.0	33.0	54.0	44.0	0.0	93.0	98.0	91.0	23.0	0.0	57.0	50.0	0.0	0.0	0.0	0.0	100.0	0.0	0.0	0.0	0.0	0.0	49.0	0.0	0.0	0.0	59.0	26.0	54.0	64.0	0.0	30.0	0.0	0.0	66.0	0.0	70.0	0.0	0.0	0.0	38.0	0.0	82.0	0.0	70.0	65.0	0.0	13.0	30.0	39.0	1.0	0.0	45.0	0.0	62.0	45.0	87.0	100.0	86.0	0.0	81.0	0.0	13.0	75.0	29.0	0.0	27.0
0.0	80.0	0.0	12.0	0.0	66.0	61.0	0.0	16.0	0.0	0.0	38.0	87.0	0.0	0.0	83.0	0.0	58.0	0.0	0.0	6.0	20.0	11.0	71.0	44.0	80.0	43.0	0.0	78.0	12.0	0.0	0.0	27.0	0.0	75.0	0.0	0.0	0.0	65.0	43.0	35.0	0.0	17.0	0.0	0.0	0.0	16.0	50.0	0.0	44.0	0.0	0.0	34.0	0.0	29.0	0.0	0.0	0.0	0.0	82.0	16.0	20.0	49.0	47.0	24.0	87.0	84.0	0.0	58.0	51.0	0.0	28.0	0.0	0.0	54.0	55.0	0.0	76.0	0.0	23.0	0.0	0.0	67.0	0.0	80.0	0.0	90.0	96.0	0.0	0.0	51.0	13.0	9.0	5.0	39.0	0.0	0.0	0.0	0.0	86.0	0.0	0.0	50.0	0.0	40.0	0.0	91.0	77.0	7.0	0.0	55.0	0.0	0.0	0.0	93.0	10.0	83.0	32.0	45.0	0.0	0.0	54.0	61.0
80.0	84.0	0.0	7.0	0.0	71.0	0.0	0.0	0.0	0.0	0.0	0.0	0.0	92.0	35.0	0.0	0.0	58.0	67.0	53.0	63.0	44.0	0.0	56.0	86.0	0.0	0.0	0.0	0.0	0.0	87.0	85.0	0.0	0.0	0.0	68.0	48.0	0.0	4.0	3.0	100.0	0.0	0.0	0.0	0.0	0.0	0.0	0.0	15.0	0.0	0.0	0.0	0.0	75.0	22.0	0.0	0.0	61.0	77.0	0.0	0.0	0.0	3.0	20.0	67.0	95.0	0.0	0.0	0.0	0.0	0.0	0.0	88.0	0.0	71.0	66.0	0.0	0.0	0.0	0.0	0.0	0.0	0.0	0.0	58.0	68.0	75.0	92.0	0.0	0.0	0.0	0.0	95.0	14.0	0.0	0.0	0.0	28.0	0.0	0.0	1.0	40.0	93.0	48.0	87.0	0.0	0.0	47.0	62.0	0.0	16.0	26.0	71.0	62.0	0.0	0.0	0.0	18.0	7.0	55.0	7.0	0.0
0.0	0.0	0.0	0.0	96.0	86.0	81.0	95.0	0.0	70.0	0.0	83.0	63.0	10.0	42.0	78.0	40.0	0.0	0.0	50.0	0.0	0.0	0.0	0.0	1.0	8.0	6.0	92.0	68.0	53.0	0.0	0.0	0.0	4.0	54.0	0.0	76.0	80.0	0.0	91.0	0.0	0.0	67.0	0.0	0.0	0.0	24.0	0.0	94.0	0.0	92.0	39.0	27.0	0.0	46.0	0.0	2.0	0.0	0.0	69.0	35.0	47.0	0.0	0.0	0.0	0.0	76.0	0.0	71.0	0.0	0.0	0.0	27.0	23.0	0.0	0.0	48.0	0.0	0.0	0.0	19.0	55.0	0.0	27.0	0.0	0.0	21.0	52.0	0.0	2.0	0.0	0.0	0.0	28.0	49.0	34.0	69.0	0.0	0.0	0.0	89.0	60.0	57.0	81.0	0.0	0.0	96.0	0.0	18.0	72.0	56.0	0.0	16.0	7.0	0.0	0.0	0.0	85.0	0.0	0.0	47.0
0.0	20.0	0.0	77.0	0.0	70.0	0.0	50.0	10.0	0.0	70.0	0.0	0.0	0.0	28.0	7.0	24.0	0.0	62.0	0.0	0.0	0.0	0.0	8.0	0.0	47.0	24.0	0.0	0.0	81.0	0.0	45.0	77.0	0.0	20.0	0.0	40.0	0.0	0.0	0.0	57.0	40.0	0.0	0.0	0.0	0.0	0.0	0.0	0.0	77.0	0.0	90.0	0.0	0.0	20.0	32.0	23.0	82.0	0.0	32.0	0.0	0.0	0.0	0.0	88.0	67.0	0.0	42.0	8.0	82.0	0.0	0.0	0.0	80.0	0.0	0.0	25.0	67.0	0.0	0.0	0.0	0.0	0.0	65.0	0.0	13.0	0.0	0.0	25.0	75.0	34.0	99.0	0.0	28.0	62.0	0.0	100.0	60.0	55.0	0.0	40.0	45.0	0.0	22.0	67.0	0.0	26.0	29.0	43.0	92.0	4.0	13.0	0.0	46.0	0.0	0.0	52.0	0.0	0.0	0.0
8.0	48.0	35.0	57.0	0.0	0.0	66.0	0.0	27.0	0.0	0.0	0.0	0.0	0.0	26.0	0.0	24.0	13.0	68.0	29.0	0.0	0.0	24.0	88.0	49.0	54.0	95.0	0.0	0.0	0.0	81.0	28.0	0.0	100.0	94.0	0.0	1.0	30.0	0.0	0.0	6.0	0.0	67.0	0.0	62.0	0.0	48.0	50.0	0.0	42.0	0.0	0.0	100.0	0.0	0.0	0.0	0.0	65.0	81.0	0.0	0.0	81.0	0.0	32.0	0.0	0.0	0.0	0.0	0.0	0.0	0.0	0.0	43.0	86.0	55.0	24.0	0.0	0.0	0.0	0.0	8.0	19.0	0.0	88.0	28.0	16.0	31.0	0.0	0.0	78.0	76.0	55.0	0.0	0.0	81.0	27.0	40.0	0.0	0.0	0.0	0.0	16.0	46.0	0.0	82.0	0.0	0.0	0.0	67.0	0.0	0.0	0.0	65.0	46.0	83.0	0.0	0.0	0.0	67.0
0.0	22.0	47.0	85.0	89.0	0.0	1.0	75.0	0.0	0.0	0.0	17.0	24.0	99.0	0.0	0.0	0.0	33.0	0.0	99.0	69.0	45.0	49.0	66.0	0.0	76.0	86.0	0.0	93.0	18.0	11.0	58.0	0.0	0.0	8.0	0.0	50.0	24.0	45.0	32.0	94.0	0.0	5.0	0.0	73.0	10.0	68.0	0.0	0.0	0.0	50.0	0.0	0.0	78.0	29.0	0.0	79.0	0.0	9.0	89.0	26.0	70.0	18.0	53.0	0.0	74.0	0.0	0.0	64.0	0.0	48.0	47.0	0.0	65.0	0.0	44.0	1.0	75.0	15.0	0.0	0.0	0.0	63.0	36.0	14.0	0.0	0.0	0.0	14.0	0.0	0.0	0.0	5.0	45.0	0.0	0.0	0.0	0.0	35.0	0.0	0.0	0.0	0.0	47.0	0.0	0.0	0.0	58.0	94.0	0.0	0.0	0.0	0.0	17.0	0.0	96.0	0.0	55.0
0.0	0.0	0.0	26.0	82.0	0.0	1.0	21.0	10.0	40.0	53.0	67.0	0.0	50.0	0.0	0.0	78.0	32.0	78.0	28.0	94.0	0.0	0.0	0.0	30.0	20.0	69.0	0.0	28.0	0.0	0.0	80.0	0.0	90.0	64.0	95.0	21.0	43.0	0.0	27.0	93.0	0.0	0.0	4.0	0.0	0.0	95.0	8.0	70.0	0.0	55.0	0.0	0.0	0.0	93.0	88.0	95.0	0.0	0.0	0.0	62.0	96.0	0.0	0.0	0.0	0.0	0.0	0.0	0.0	23.0	44.0	58.0	0.0	11.0	0.0	94.0	0.0	85.0	0.0	83.0	58.0	52.0	0.0	82.0	12.0	0.0	62.0	61.0	0.0	11.0	0.0	91.0	0.0	0.0	0.0	0.0	0.0	88.0	59.0	83.0	61.0	47.0	0.0	52.0	0.0	82.0	87.0	37.0	73.0	0.0	0.0	0.0	0.0	75.0	0.0	79.0	0.0
0.0	48.0	82.0	79.0	0.0	94.0	97.0	0.0	1.0	98.0	53.0	72.0	0.0	52.0	12.0	0.0	0.0	49.0	49.0	0.0	0.0	0.0	0.0	0.0	0.0	3.0	0.0	0.0	0.0	0.0	31.0	0.0	70.0	0.0	0.0	8.0	20.0	0.0	0.0	0.0	52.0	68.0	0.0	72.0	0.0	28.0	0.0	93.0	88.0	0.0	65.0	0.0	63.0	0.0	0.0	55.0	0.0	0.0	31.0	74.0	0.0	0.0	0.0	84.0	63.0	63.0	77.0	44.0	0.0	10.0	0.0	95.0	26.0	49.0	0.0	99.0	0.0	0.0	48.0	0.0	0.0	0.0	0.0	96.0	0.0	0.0	85.0	55.0	0.0	56.0	61.0	0.0	0.0	49.0	0.0	9.0	9.0	0.0	96.0	0.0	0.0	0.0	0.0	0.0	1.0	0.0	34.0	0.0	68.0	45.0	77.0	0.0	71.0	29.0	3.0	65.0
8.0	21.0	11.0	89.0	64.0	0.0	56.0	0.0	35.0	0.0	0.0	0.0	0.0	0.0	0.0	0.0	82.0	75.0	0.0	6.0	45.0	22.0	51.0	0.0	30.0	100.0	100.0	0.0	1.0	0.0	65.0	14.0	0.0	0.0	0.0	20.0	0.0	0.0	0.0	36.0	69.0	43.0	16.0	46.0	3.0	94.0	0.0	0.0	0.0	0.0	52.0	0.0	0.0	29.0	28.0	63.0	0.0	45.0	58.0	29.0	19.0	94.0	15.0	0.0	0.0	0.0	48.0	0.0	0.0	88.0	0.0	81.0	5.0	0.0	96.0	50.0	2.0	11.0	26.0	0.0	76.0	0.0	0.0	0.0	0.0	67.0	0.0	0.0	42.0	66.0	88.0	0.0	57.0	27.0	0.0	0.0	0.0	22.0	79.0	6.0	0.0	85.0	0.0	0.0	83.0	41.0	0.0	94.0	0.0	90.0	0.0	0.0	3.0	0.0	0.0
67.0	0.0	36.0	77.0	0.0	91.0	81.0	0.0	0.0	20.0	0.0	0.0	0.0	20.0	0.0	57.0	75.0	0.0	0.0	0.0	0.0	59.0	67.0	34.0	0.0	1.0	62.0	0.0	0.0	4.0	0.0	0.0	75.0	51.0	69.0	0.0	0.0	91.0	0.0	0.0	0.0	0.0	65.0	0.0	0.0	0.0	76.0	87.0	0.0	29.0	0.0	0.0	50.0	0.0	0.0	0.0	0.0	9.0	24.0	70.0	0.0	65.0	45.0	42.0	76.0	42.0	47.0	63.0	0.0	20.0	65.0	0.0	66.0	10.0	1.0	9.0	0.0	0.0	18.0	31.0	0.0	78.0	52.0	0.0	0.0	0.0	0.0	61.0	0.0	6.0	98.0	0.0	0.0	0.0	23.0	51.0	58.0	0.0	47.0	0.0	0.0	0.0	8.0	0.0	55.0	45.0	0.0	0.0	67.0	0.0	0.0	78.0	0.0	21.0
36.0	0.0	0.0	0.0	0.0	64.0	58.0	67.0	30.0	0.0	65.0	73.0	0.0	0.0	17.0	0.0	54.0	62.0	0.0	90.0	97.0	24.0	0.0	0.0	3.0	28.0	58.0	0.0	0.0	49.0	74.0	5.0	0.0	23.0	0.0	0.0	37.0	0.0	0.0	0.0	56.0	0.0	78.0	55.0	0.0	27.0	0.0	47.0	0.0	0.0	0.0	0.0	0.0	0.0	0.0	0.0	0.0	53.0	31.0	0.0	0.0	0.0	0.0	18.0	34.0	95.0	10.0	71.0	0.0	0.0	39.0	0.0	50.0	0.0	13.0	0.0	100.0	0.0	0.0	0.0	50.0	0.0	69.0	5.0	95.0	59.0	70.0	0.0	0.0	0.0	93.0	0.0	0.0	0.0	0.0	0.0	84.0	0.0	0.0	0.0	85.0	24.0	72.0	60.0	74.0	0.0	69.0	54.0	9.0	0.0	15.0	52.0	13.0
99.0	95.0	1.0	37.0	13.0	0.0	0.0	53.0	72.0	0.0	0.0	87.0	0.0	0.0	0.0	29.0	0.0	0.0	31.0	0.0	88.0	79.0	0.0	0.0	84.0	35.0	63.0	66.0	0.0	31.0	58.0	0.0	0.0	0.0	92.0	10.0	98.0	0.0	0.0	0.0	0.0	0.0	0.0	0.0	0.0	0.0	0.0	0.0	35.0	0.0	0.0	0.0	82.0	0.0	0.0	69.0	0.0	0.0	31.0	0.0	19.0	0.0	44.0	98.0	58.0	41.0	81.0	0.0	0.0	0.0	61.0	0.0	69.0	79.0	0.0	0.0	53.0	28.0	7.0	65.0	0.0	0.0	0.0	81.0	0.0	0.0	0.0	0.0	46.0	0.0	23.0	0.0	5.0	0.0	97.0	50.0	0.0	0.0	62.0	0.0	12.0	0.0	0.0	0.0	9.0	27.0	64.0	38.0	73.0	0.0	93.0	0.0
73.0	0.0	15.0	11.0	85.0	36.0	74.0	0.0	29.0	24.0	54.0	0.0	77.0	0.0	0.0	72.0	0.0	0.0	0.0	5.0	0.0	32.0	88.0	67.0	87.0	0.0	0.0	95.0	70.0	81.0	0.0	5.0	46.0	0.0	75.0	100.0	16.0	4.0	0.0	78.0	69.0	0.0	0.0	83.0	69.0	0.0	98.0	64.0	0.0	94.0	72.0	0.0	0.0	69.0	0.0	31.0	94.0	39.0	0.0	84.0	25.0	0.0	0.0	21.0	30.0	0.0	0.0	0.0	51.0	0.0	0.0	85.0	56.0	0.0	0.0	0.0	28.0	74.0	0.0	40.0	0.0	36.0	66.0	12.0	0.0	70.0	24.0	6.0	0.0	0.0	58.0	79.0	0.0	0.0	0.0	91.0	38.0	0.0	0.0	0.0	0.0	0.0	87.0	0.0	0.0	0.0	0.0	40.0	0.0	0.0	0.0
0.0	46.0	0.0	11.0	54.0	16.0	67.0	0.0	24.0	0.0	83.0	64.0	51.0	15.0	52.0	0.0	28.0	4.0	0.0	65.0	71.0	27.0	0.0	51.0	0.0	0.0	76.0	0.0	98.0	85.0	0.0	25.0	44.0	28.0	1.0	0.0	0.0	0.0	89.0	0.0	0.0	75.0	51.0	87.0	0.0	0.0	0.0	0.0	47.0	0.0	0.0	81.0	67.0	0.0	0.0	0.0	18.0	0.0	0.0	0.0	0.0	35.0	0.0	0.0	7.0	4.0	0.0	47.0	68.0	0.0	36.0	60.0	0.0	75.0	0.0	37.0	0.0	89.0	0.0	30.0	80.0	0.0	0.0	49.0	0.0	0.0	3.0	24.0	0.0	55.0	0.0	10.0	0.0	7.0	0.0	9.0	0.0	0.0	50.0	0.0	0.0	0.0	0.0	35.0	0.0	0.0	33.0	0.0	0.0	39.0
82.0	87.0	0.0	11.0	0.0	0.0	95.0	84.0	37.0	39.0	0.0	0.0	0.0	33.0	0.0	0.0	0.0	0.0	88.0	0.0	80.0	0.0	94.0	26.0	0.0	25.0	0.0	79.0	0.0	0.0	2.0	0.0	0.0	69.0	55.0	50.0	42.0	30.0	0.0	0.0	12.0	0.0	49.0	0.0	0.0	0.0	0.0	83.0	9.0	0.0	0.0	5.0	71.0	0.0	0.0	98.0	44.0	0.0	0.0	0.0	0.0	9.0	0.0	0.0	0.0	0.0	42.0	0.0	0.0	0.0	0.0	0.0	0.0	0.0	0.0	0.0	89.0	38.0	47.0	98.0	57.0	0.0	0.0	0.0	0.0	58.0	51.0	0.0	0.0	93.0	0.0	0.0	0.0	0.0	8.0	0.0	13.0	21.0	0.0	36.0	0.0	19.0	0.0	0.0	0.0	63.0	0.0	0.0	0.0
97.0	55.0	55.0	0.0	73.0	0.0	0.0	48.0	0.0	0.0	60.0	78.0	0.0	0.0	0.0	0.0	73.0	89.0	0.0	41.0	25.0	0.0	0.0	16.0	97.0	95.0	0.0	91.0	10.0	96.0	5.0	10.0	83.0	44.0	0.0	69.0	0.0	5.0	24.0	0.0	46.0	0.0	0.0	0.0	0.0	28.0	0.0	92.0	70.0	96.0	32.0	38.0	3.0	11.0	0.0	0.0	41.0	0.0	48.0	81.0	0.0	0.0	11.0	0.0	98.0	88.0	0.0	57.0	82.0	39.0	0.0	76.0	0.0	71.0	14.0	78.0	0.0	24.0	94.0	0.0	0.0	0.0	83.0	17.0	0.0	0.0	46.0	32.0	0.0	0.0	0.0	86.0	0.0	43.0	0.0	9.0	0.0	0.0	73.0	0.0	0.0	0.0	69.0	0.0	12.0	0.0	0.0	0.0
25.0	0.0	68.0	44.0	41.0	0.0	0.0	46.0	0.0	0.0	38.0	0.0	75.0	0.0	29.0	9.0	20.0	49.0	0.0	0.0	0.0	89.0	0.0	22.0	0.0	0.0	42.0	0.0	0.0	0.0	0.0	58.0	67.0	37.0	78.0	0.0	0.0	0.0	38.0	88.0	0.0	77.0	44.0	0.0	0.0	0.0	87.0	57.0	0.0	0.0	42.0	0.0	0.0	0.0	0.0	0.0	0.0	0.0	26.0	0.0	27.0	80.0	0.0	0.0	0.0	17.0	69.0	44.0	0.0	57.0	0.0	73.0	58.0	0.0	90.0	23.0	0.0	0.0	0.0	58.0	66.0	85.0	47.0	9.0	0.0	19.0	93.0	11.0	0.0	36.0	68.0	0.0	0.0	0.0	0.0	0.0	95.0	71.0	42.0	0.0	34.0	56.0	0.0	8.0	25.0	1.0	90.0
0.0	51.0	32.0	0.0	76.0	0.0	0.0	0.0	0.0	0.0	84.0	16.0	79.0	89.0	49.0	0.0	0.0	25.0	0.0	98.0	0.0	0.0	0.0	0.0	0.0	0.0	53.0	46.0	76.0	0.0	48.0	0.0	3.0	0.0	0.0	0.0	12.0	0.0	0.0	0.0	45.0	6.0	0.0	52.0	0.0	0.0	50.0	50.0	76.0	0.0	57.0	41.0	32.0	0.0	0.0	26.0	24.0	0.0	59.0	22.0	0.0	35.0	90.0	0.0	82.0	0.0	0.0	0.0	9.0	0.0	0.0	0.0	0.0	0.0	80.0	68.0	38.0	0.0	0.0	0.0	0.0	16.0	0.0	99.0	67.0	0.0	0.0	0.0	0.0	0.0	0.0	4.0	0.0	13.0	0.0	0.0	85.0	100.0	0.0	0.0	39.0	20.0	26.0	83.0	51.0	82.0
0.0	37.0	78.0	6.0	3.0	91.0	0.0	38.0	0.0	8.0	96.0	0.0	0.0	0.0	0.0	44.0	79.0	55.0	49.0	0.0	0.0	0.0	24.0	0.0	28.0	0.0	0.0	0.0	13.0	46.0	0.0	0.0	0.0	0.0	0.0	0.0	3.0	0.0	0.0	0.0	0.0	0.0	89.0	52.0	0.0	34.0	0.0	0.0	0.0	0.0	0.0	30.0	70.0	0.0	0.0	0.0	87.0	52.0	90.0	0.0	0.0	0.0	53.0	25.0	0.0	67.0	0.0	12.0	0.0	25.0	28.0	0.0	70.0	0.0	0.0	87.0	0.0	0.0	0.0	0.0	0.0	0.0	0.0	28.0	24.0	0.0	23.0	97.0	0.0	28.0	0.0	0.0	48.0	0.0	0.0	31.0	59.0	0.0	34.0	0.0	77.0	16.0	44.0	85.0	77.0
92.0	0.0	0.0	0.0	0.0	0.0	51.0	0.0	0.0	33.0	0.0	41.0	56.0	35.0	0.0	0.0	26.0	10.0	0.0	44.0	23.0	0.0	28.0	0.0	0.0	43.0	17.0	50.0	20.0	0.0	51.0	6.0	0.0	0.0	0.0	0.0	65.0	55.0	42.0	58.0	0.0	15.0	44.0	8.0	0.0	0.0	83.0	78.0	0.0	0.0	0.0	42.0	10.0	91.0	31.0	0.0	28.0	0.0	22.0	81.0	64.0	55.0	0.0	0.0	38.0	0.0	64.0	0.0	0.0	21.0	86.0	0.0	0.0	57.0	0.0	16.0	0.0	0.0	0.0	0.0	0.0	51.0	0.0	81.0	0.0	0.0	35.0	0.0	0.0	81.0	86.0	16.0	0.0	67.0	0.0	90.0	79.0	0.0	36.0	0.0	81.0	0.0	52.0	32.0
87.0	0.0	33.0	29.0	52.0	57.0	0.0	100.0	0.0	0.0	37.0	0.0	13.0	0.0	61.0	5.0	0.0	51.0	20.0	0.0	58.0	59.0	24.0	24.0	0.0	0.0	7.0	0.0	3.0	85.0	0.0	5.0	0.0	13.0	0.0	32.0	0.0	0.0	19.0	0.0	99.0	0.0	0.0	98.0	0.0	0.0	27.0	98.0	0.0	0.0	0.0	67.0	30.0	78.0	0.0	0.0	89.0	49.0	0.0	0.0	25.0	84.0	93.0	0.0	0.0	83.0	0.0	0.0	9.0	0.0	0.0	82.0	64.0	69.0	97.0	0.0	70.0	0.0	0.0	0.0	47.0	0.0	98.0	45.0	0.0	0.0	42.0	21.0	0.0	68.0	48.0	59.0	0.0	0.0	96.0	0.0	0.0	0.0	0.0	0.0	0.0	0.0	0.0
0.0	9.0	48.0	20.0	0.0	99.0	0.0	83.0	93.0	61.0	71.0	0.0	13.0	20.0	0.0	0.0	0.0	0.0	7.0	0.0	0.0	0.0	29.0	40.0	26.0	61.0	78.0	88.0	37.0	1.0	31.0	50.0	74.0	0.0	0.0	0.0	0.0	38.0	7.0	0.0	79.0	0.0	0.0	67.0	0.0	0.0	52.0	57.0	0.0	0.0	0.0	0.0	0.0	15.0	54.0	0.0	0.0	0.0	0.0	94.0	66.0	0.0	0.0	42.0	36.0	0.0	65.0	78.0	4.0	14.0	99.0	60.0	56.0	0.0	0.0	64.0	11.0	61.0	42.0	0.0	0.0	36.0	0.0	90.0	47.0	45.0	67.0	0.0	0.0	0.0	0.0	0.0	39.0	0.0	12.0	0.0	36.0	0.0	0.0	0.0	0.0	30.0
0.0	52.0	4.0	0.0	0.0	53.0	0.0	47.0	0.0	0.0	57.0	0.0	0.0	43.0	4.0	0.0	0.0	72.0	52.0	43.0	0.0	0.0	0.0	56.0	77.0	32.0	30.0	0.0	0.0	9.0	0.0	0.0	10.0	19.0	0.0	76.0	23.0	51.0	0.0	20.0	69.0	0.0	51.0	55.0	28.0	0.0	44.0	55.0	58.0	0.0	88.0	60.0	74.0	31.0	62.0	0.0	0.0	14.0	94.0	76.0	27.0	16.0	50.0	0.0	0.0	16.0	0.0	0.0	94.0	10.0	0.0	53.0	0.0	0.0	0.0	0.0	55.0	0.0	61.0	0.0	0.0	90.0	0.0	66.0	0.0	0.0	64.0	0.0	33.0	50.0	97.0	0.0	8.0	40.0	0.0	0.0	54.0	0.0	0.0	0.0	0.0
77.0	0.0	95.0	37.0	48.0	0.0	82.0	98.0	57.0	0.0	45.0	0.0	0.0	0.0	0.0	0.0	0.0	0.0	0.0	72.0	1.0	0.0	59.0	0.0	0.0	0.0	0.0	0.0	100.0	0.0	52.0	93.0	38.0	64.0	4.0	73.0	54.0	62.0	81.0	57.0	0.0	87.0	16.0	86.0	78.0	75.0	84.0	99.0	19.0	42.0	0.0	0.0	0.0	0.0	71.0	62.0	0.0	34.0	0.0	0.0	12.0	0.0	0.0	0.0	14.0	89.0	63.0	47.0	0.0	12.0	0.0	0.0	0.0	73.0	0.0	0.0	64.0	0.0	0.0	0.0	0.0	0.0	38.0	0.0	0.0	15.0	96.0	28.0	0.0	86.0	12.0	0.0	89.0	0.0	24.0	0.0	70.0	0.0	15.0	8.0
0.0	0.0	72.0	0.0	41.0	0.0	0.0	57.0	0.0	0.0	0.0	1.0	53.0	0.0	95.0	63.0	77.0	31.0	75.0	0.0	0.0	78.0	43.0	26.0	0.0	69.0	0.0	0.0	0.0	0.0	0.0	98.0	0.0	0.0	0.0	69.0	0.0	0.0	0.0	71.0	0.0	91.0	0.0	88.0	0.0	85.0	61.0	71.0	0.0	94.0	67.0	0.0	69.0	0.0	10.0	0.0	0.0	0.0	10.0	48.0	50.0	40.0	0.0	63.0	100.0	0.0	0.0	36.0	0.0	0.0	2.0	0.0	21.0	58.0	34.0	50.0	70.0	0.0	38.0	64.0	42.0	45.0	0.0	0.0	90.0	17.0	0.0	0.0	0.0	0.0	0.0	0.0	66.0	100.0	44.0	86.0	0.0	24.0	0.0
0.0	21.0	95.0	51.0	0.0	94.0	0.0	0.0	0.0	0.0	0.0	0.0	0.0	39.0	0.0	51.0	0.0	65.0	0.0	5.0	0.0	72.0	80.0	0.0	74.0	61.0	0.0	31.0	32.0	12.0	0.0	0.0	0.0	0.0	0.0	0.0	0.0	74.0	90.0	27.0	0.0	46.0	21.0	0.0	47.0	0.0	0.0	38.0	8.0	0.0	0.0	54.0	0.0	7.0	11.0	0.0	0.0	15.0	48.0	75.0	70.0	0.0	0.0	0.0	2.0	0.0	58.0	30.0	44.0	24.0	0.0	3.0	0.0	0.0	57.0	0.0	0.0	0.0	0.0	0.0	28.0	19.0	33.0	0.0	60.0	0.0	0.0	0.0	40.0	0.0	0.0	0.0	95.0	78.0	89.0	0.0	0.0	61.0
0.0	0.0	3.0	32.0	22.0	0.0	48.0	0.0	0.0	23.0	0.0	80.0	0.0	0.0	0.0	0.0	0.0	0.0	0.0	0.0	66.0	66.0	0.0	0.0	58.0	94.0	0.0	0.0	0.0	0.0	0.0	67.0	0.0	84.0	66.0	0.0	0.0	0.0	33.0	55.0	76.0	0.0	92.0	0.0	0.0	12.0	0.0	5.0	0.0	19.0	98.0	42.0	0.0	0.0	0.0	35.0	0.0	0.0	19.0	99.0	27.0	0.0	88.0	10.0	11.0	58.0	88.0	0.0	34.0	78.0	0.0	0.0	84.0	0.0	0.0	0.0	0.0	49.0	0.0	0.0	81.0	0.0	0.0	0.0	0.0	52.0	52.0	44.0	0.0	9.0	0.0	40.0	35.0	28.0	68.0	0.0	74.0
37.0	42.0	0.0	0.0	0.0	60.0	63.0	0.0	0.0	0.0	0.0	0.0	0.0	66.0	15.0	18.0	45.0	59.0	32.0	57.0	0.0	5.0	0.0	0.0	78.0	86.0	0.0	50.0	48.0	0.0	0.0	0.0	55.0	49.0	44.0	0.0	1.0	0.0	16.0	96.0	0.0	66.0	0.0	33.0	31.0	0.0	80.0	30.0	13.0	0.0	24.0	0.0	0.0	0.0	38.0	0.0	79.0	0.0	48.0	0.0	0.0	0.0	0.0	0.0	0.0	3.0	0.0	50.0	0.0	0.0	17.0	18.0	0.0	42.0	0.0	16.0	46.0	0.0	31.0	95.0	0.0	24.0	12.0	9.0	0.0	0.0	17.0	28.0	18.0	47.0	0.0	86.0	0.0	70.0	0.0	32.0
1.0	48.0	88.0	86.0	0.0	17.0	0.0	24.0	0.0	0.0	0.0	0.0	0.0	0.0	82.0	0.0	2.0	0.0	0.0	0.0	82.0	77.0	0.0	0.0	0.0	0.0	62.0	35.0	0.0	26.0	0.0	3.0	38.0	0.0	61.0	0.0	0.0	55.0	30.0	37.0	94.0	0.0	92.0	0.0	0.0	93.0	0.0	9.0	0.0	93.0	0.0	0.0	0.0	0.0	0.0	0.0	47.0	45.0	31.0	36.0	82.0	0.0	75.0	7.0	67.0	0.0	56.0	0.0	0.0	0.0	95.0	39.0	0.0	0.0	0.0	50.0	8.0	75.0	1.0	0.0	0.0	0.0	27.0	0.0	0.0	37.0	2.0	0.0	0.0	64.0	45.0	0.0	100.0	80.0	70.0
0.0	21.0	65.0	0.0	69.0	68.0	39.0	90.0	0.0	50.0	0.0	23.0	40.0	25.0	0.0	11.0	0.0	0.0	0.0	83.0	58.0	0.0	0.0	9.0	0.0	0.0	0.0	0.0	24.0	0.0	89.0	81.0	53.0	0.0	41.0	0.0	52.0	15.0	0.0	46.0	0.0	0.0	86.0	0.0	0.0	62.0	34.0	73.0	73.0	14.0	32.0	63.0	0.0	87.0	80.0	11.0	0.0	0.0	8.0	38.0	0.0	17.0	0.0	32.0	68.0	0.0	21.0	86.0	29.0	10.0	80.0	80.0	37.0	13.0	0.0	89.0	50.0	5.0	35.0	0.0	27.0	68.0	0.0	0.0	0.0	30.0	42.0	42.0	63.0	100.0	13.0	0.0	0.0	0.0
33.0	15.0	98.0	85.0	57.0	6.0	3.0	48.0	1.0	0.0	0.0	14.0	0.0	14.0	89.0	53.0	0.0	0.0	45.0	31.0	84.0	0.0	70.0	4.0	0.0	0.0	0.0	61.0	0.0	0.0	64.0	0.0	62.0	0.0	0.0	0.0	53.0	51.0	0.0	0.0	67.0	55.0	0.0	15.0	0.0	34.0	0.0	0.0	0.0	0.0	0.0	0.0	0.0	48.0	84.0	0.0	0.0	83.0	62.0	0.0	24.0	57.0	9.0	18.0	0.0	0.0	8.0	96.0	0.0	0.0	30.0	100.0	87.0	0.0	66.0	0.0	85.0	0.0	29.0	46.0	0.0	49.0	77.0	43.0	5.0	0.0	0.0	0.0	47.0	13.0	0.0	93.0	91.0
64.0	17.0	0.0	31.0	87.0	0.0	55.0	67.0	0.0	0.0	19.0	27.0	0.0	0.0	0.0	49.0	70.0	0.0	0.0	91.0	92.0	23.0	0.0	61.0	38.0	70.0	30.0	0.0	52.0	0.0	70.0	23.0	66.0	99.0	0.0	0.0	0.0	2.0	86.0	23.0	92.0	0.0	14.0	0.0	46.0	0.0	32.0	0.0	88.0	76.0	14.0	95.0	58.0	75.0	13.0	25.0	0.0	46.0	95.0	3.0	76.0	0.0	0.0	1.0	50.0	92.0	0.0	0.0	0.0	90.0	3.0	15.0	66.0	5.0	10.0	0.0	94.0	0.0	0.0	25.0	14.0	0.0	0.0	0.0	40.0	55.0	0.0	95.0	0.0	0.0	0.0	67.0
11.0	94.0	70.0	0.0	52.0	0.0	0.0	85.0	0.0	0.0	82.0	83.0	0.0	73.0	0.0	85.0	0.0	0.0	14.0	0.0	0.0	76.0	69.0	0.0	0.0	32.0	0.0	0.0	41.0	0.0	0.0	0.0	0.0	0.0	0.0	0.0	82.0	0.0	0.0	69.0	74.0	0.0	0.0	0.0	0.0	93.0	0.0	0.0	0.0	70.0	66.0	34.0	35.0	0.0	0.0	0.0	0.0	0.0	0.0	0.0	0.0	46.0	9.0	22.0	76.0	66.0	0.0	67.0	0.0	0.0	58.0	63.0	63.0	28.0	0.0	0.0	8.0	0.0	0.0	58.0	35.0	8.0	0.0	33.0	0.0	0.0	0.0	55.0	62.0	93.0	0.0
0.0	0.0	0.0	0.0	0.0	7.0	84.0	26.0	40.0	45.0	0.0	52.0	12.0	0.0	61.0	88.0	0.0	8.0	35.0	46.0	0.0	0.0	36.0	0.0	66.0	0.0	44.0	12.0	24.0	0.0	0.0	65.0	2.0	16.0	35.0	0.0	0.0	56.0	17.0	0.0	50.0	30.0	0.0	0.0	0.0	0.0	75.0	34.0	77.0	94.0	15.0	0.0	80.0	56.0	79.0	8.0	0.0	0.0	0.0	91.0	0.0	0.0	0.0	0.0	0.0	5.0	97.0	0.0	80.0	0.0	0.0	57.0	0.0	0.0	53.0	0.0	0.0	0.0	49.0	0.0	12.0	0.0	62.0	24.0	0.0	0.0	0.0	0.0	96.0	36.0
36.0	59.0	0.0	42.0	16.0	0.0	92.0	68.0	0.0	76.0	0.0	83.0	36.0	0.0	81.0	0.0	0.0	0.0	0.0	80.0	51.0	26.0	40.0	0.0	14.0	0.0	29.0	0.0	0.0	23.0	0.0	41.0	0.0	6.0	0.0	30.0	0.0	0.0	0.0	0.0	0.0	12.0	96.0	0.0	0.0	0.0	4.0	61.0	0.0	0.0	0.0	25.0	60.0	67.0	84.0	0.0	0.0	0.0	72.0	5.0	65.0	0.0	26.0	0.0	20.0	72.0	0.0	23.0	99.0	5.0	0.0	10.0	0.0	0.0	0.0	40.0	52.0	0.0	92.0	0.0	0.0	0.0	0.0	0.0	93.0	0.0	91.0	0.0	0.0
0.0	0.0	0.0	90.0	32.0	59.0	0.0	0.0	0.0	0.0	0.0	37.0	0.0	1.0	0.0	11.0	59.0	0.0	39.0	21.0	0.0	0.0	93.0	85.0	26.0	50.0	0.0	0.0	0.0	70.0	0.0	55.0	7.0	0.0	0.0	47.0	49.0	0.0	0.0	31.0	0.0	41.0	38.0	85.0	0.0	90.0	93.0	11.0	0.0	0.0	0.0	30.0	68.0	41.0	18.0	63.0	42.0	0.0	49.0	23.0	0.0	56.0	74.0	99.0	0.0	0.0	17.0	0.0	0.0	86.0	66.0	0.0	0.0	30.0	0.0	70.0	0.0	91.0	98.0	0.0	4.0	0.0	43.0	7.0	0.0	0.0	0.0	89.0
35.0	57.0	30.0	52.0	55.0	14.0	40.0	0.0	0.0	0.0	48.0	0.0	49.0	17.0	22.0	0.0	86.0	50.0	85.0	86.0	48.0	0.0	57.0	23.0	30.0	61.0	94.0	0.0	0.0	0.0	0.0	43.0	0.0	0.0	83.0	94.0	9.0	0.0	39.0	0.0	0.0	12.0	17.0	0.0	0.0	0.0	0.0	0.0	0.0	0.0	0.0	7.0	0.0	79.0	90.0	93.0	69.0	0.0	0.0	0.0	36.0	82.0	0.0	0.0	0.0	18.0	86.0	0.0	51.0	0.0	0.0	67.0	86.0	83.0	96.0	48.0	12.0	0.0	0.0	20.0	0.0	39.0	0.0	28.0	36.0	79.0	61.0
32.0	0.0	2.0	0.0	0.0	85.0	0.0	68.0	62.0	20.0	0.0	0.0	67.0	58.0	0.0	0.0	12.0	16.0	1.0	0.0	100.0	85.0	0.0	6.0	0.0	0.0	0.0	20.0	4.0	42.0	0.0	0.0	0.0	0.0	0.0	0.0	87.0	12.0	57.0	56.0	0.0	89.0	24.0	0.0	70.0	0.0	38.0	85.0	60.0	29.0	57.0	0.0	0.0	20.0	8.0	0.0	0.0	0.0	57.0	49.0	0.0	0.0	75.0	32.0	0.0	72.0	0.0	88.0	0.0	0.0	41.0	44.0	82.0	3.0	76.0	98.0	3.0	0.0	0.0	0.0	98.0	11.0	0.0	58.0	0.0	47.0
50.0	83.0	0.0	92.0	9.0	0.0	0.0	0.0	10.0	0.0	51.0	0.0	0.0	0.0	10.0	90.0	97.0	0.0	79.0	0.0	0.0	0.0	0.0	61.0	0.0	2.0	8.0	75.0	0.0	0.0	2.0	39.0	0.0	83.0	17.0	32.0	0.0	51.0	0.0	0.0	14.0	0.0	0.0	86.0	0.0	0.0	0.0	36.0	0.0	0.0	0.0	0.0	0.0	0.0	0.0	27.0	51.0	88.0	61.0	0.0	97.0	0.0	19.0	0.0	37.0	82.0	77.0	32.0	18.0	0.0	0.0	0.0	0.0	0.0	0.0	0.0	0.0	0.0	57.0	0.0	0.0	0.0	0.0	0.0	0.0
63.0	30.0	74.0	42.0	4.0	23.0	0.0	0.0	77.0	74.0	0.0	0.0	0.0	56.0	42.0	0.0	0.0	0.0	0.0	0.0	0.0	0.0	0.0	41.0	19.0	1.0	61.0	0.0	0.0	0.0	0.0	0.0	59.0	0.0	0.0	0.0	38.0	19.0	0.0	11.0	0.0	51.0	0.0	0.0	0.0	2.0	98.0	0.0	0.0	89.0	0.0	0.0	0.0	0.0	48.0	74.0	0.0	0.0	27.0	57.0	0.0	18.0	65.0	21.0	0.0	0.0	0.0	0.0	59.0	0.0	90.0	0.0	0.0	50.0	97.0	0.0	48.0	0.0	0.0	0.0	83.0	78.0	93.0	0.0
0.0	85.0	80.0	17.0	78.0	11.0	82.0	38.0	29.0	74.0	0.0	0.0	71.0	16.0	31.0	0.0	0.0	57.0	0.0	0.0	0.0	59.0	3.0	0.0	33.0	15.0	0.0	0.0	0.0	28.0	93.0	81.0	81.0	0.0	99.0	31.0	83.0	63.0	0.0	77.0	8.0	23.0	0.0	44.0	92.0	92.0	0.0	55.0	69.0	59.0	0.0	0.0	0.0	29.0	15.0	94.0	0.0	0.0	0.0	0.0	0.0	0.0	0.0	0.0	0.0	91.0	12.0	0.0	0.0	0.0	56.0	27.0	0.0	51.0	0.0	0.0	76.0	0.0	0.0	0.0	0.0	0.0	0.0
0.0	0.0	22.0	2.0	0.0	0.0	0.0	0.0	92.0	0.0	0.0	17.0	95.0	14.0	24.0	66.0	0.0	14.0	48.0	1.0	0.0	23.0	0.0	34.0	27.0	0.0	58.0	0.0	98.0	56.0	0.0	0.0	93.0	16.0	0.0	41.0	0.0	58.0	11.0	0.0	0.0	0.0	93.0	0.0	19.0	55.0	0.0	43.0	23.0	0.0	56.0	0.0	37.0	0.0	93.0	0.0	23.0	0.0	0.0	0.0	90.0	0.0	0.0	0.0	0.0	0.0	53.0	0.0	0.0	0.0	0.0	0.0	65.0	81.0	0.0	99.0	0.0	18.0	56.0	11.0	0.0	0.0
0.0	0.0	56.0	70.0	82.0	31.0	0.0	100.0	6.0	11.0	0.0	0.0	45.0	0.0	0.0	0.0	0.0	40.0	82.0	0.0	6.0	0.0	46.0	0.0	13.0	58.0	90.0	57.0	0.0	0.0	0.0	0.0	12.0	0.0	89.0	0.0	47.0	0.0	19.0	10.0	54.0	47.0	90.0	0.0	0.0	15.0	14.0	0.0	0.0	1.0	0.0	39.0	4.0	38.0	0.0	79.0	58.0	0.0	23.0	0.0	0.0	21.0	96.0	91.0	58.0	54.0	79.0	54.0	0.0	59.0	35.0	85.0	86.0	0.0	94.0	58.0	7.0	0.0	0.0	65.0	0.0
50.0	4.0	0.0	0.0	93.0	1.0	0.0	0.0	62.0	28.0	0.0	84.0	3.0	55.0	0.0	0.0	61.0	33.0	88.0	0.0	86.0	0.0	0.0	0.0	56.0	0.0	74.0	94.0	10.0	77.0	0.0	0.0	0.0	61.0	0.0	14.0	32.0	53.0	0.0	28.0	0.0	64.0	0.0	0.0	64.0	18.0	0.0	4.0	2.0	61.0	7.0	33.0	0.0	0.0	0.0	0.0	0.0	0.0	55.0	0.0	0.0	53.0	23.0	86.0	46.0	0.0	0.0	91.0	76.0	46.0	0.0	27.0	53.0	11.0	4.0	0.0	78.0	0.0	25.0	11.0
24.0	0.0	0.0	0.0	6.0	0.0	0.0	33.0	18.0	40.0	0.0	75.0	33.0	10.0	21.0	0.0	0.0	0.0	0.0	0.0	0.0	0.0	0.0	0.0	0.0	94.0	0.0	0.0	18.0	25.0	64.0	0.0	0.0	0.0	27.0	0.0	87.0	38.0	84.0	0.0	0.0	0.0	52.0	6.0	3.0	97.0	100.0	99.0	0.0	0.0	0.0	40.0	0.0	65.0	0.0	24.0	40.0	0.0	0.0	50.0	0.0	9.0	30.0	3.0	25.0	38.0	95.0	30.0	0.0	0.0	0.0	92.0	49.0	44.0	0.0	0.0	16.0	0.0	0.0
0.0	4.0	0.0	0.0	5.0	82.0	0.0	0.0	16.0	47.0	81.0	15.0	56.0	0.0	46.0	38.0	0.0	0.0	0.0	0.0	0.0	80.0	92.0	42.0	95.0	0.0	0.0	0.0	88.0	0.0	0.0	41.0	55.0	0.0	98.0	100.0	52.0	0.0	0.0	55.0	0.0	71.0	40.0	99.0	53.0	0.0	0.0	19.0	0.0	0.0	98.0	0.0	66.0	48.0	0.0	10.0	0.0	93.0	4.0	0.0	0.0	0.0	27.0	45.0	53.0	48.0	52.0	77.0	0.0	0.0	47.0	0.0	0.0	0.0	97.0	98.0	0.0	87.0
0.0	84.0	0.0	27.0	0.0	6.0	12.0	24.0	94.0	0.0	0.0	62.0	0.0	61.0	74.0	0.0	39.0	0.0	0.0	0.0	78.0	0.0	99.0	42.0	66.0	30.0	73.0	67.0	56.0	0.0	38.0	38.0	0.0	0.0	0.0	0.0	69.0	58.0	0.0	72.0	84.0	57.0	0.0	13.0	0.0	0.0	54.0	0.0	0.0	0.0	58.0	0.0	0.0	32.0	0.0	76.0	0.0	0.0	0.0	21.0	0.0	65.0	0.0	0.0	7.0	78.0	71.0	0.0	0.0	5.0	0.0	12.0	0.0	53.0	98.0	35.0	44.0
13.0	20.0	0.0	72.0	0.0	0.0	0.0	83.0	0.0	31.0	86.0	52.0	0.0	0.0	0.0	46.0	9.0	0.0	0.0	20.0	55.0	0.0	86.0	87.0	0.0	32.0	39.0	13.0	52.0	0.0	0.0	0.0	0.0	0.0	0.0	45.0	40.0	0.0	63.0	0.0	0.0	0.0	0.0	78.0	35.0	0.0	80.0	61.0	90.0	25.0	0.0	0.0	18.0	0.0	86.0	0.0	0.0	0.0	91.0	0.0	52.0	97.0	95.0	71.0	33.0	0.0	52.0	24.0	75.0	0.0	0.0	80.0	28.0	65.0	30.0	96.0
0.0	92.0	0.0	26.0	0.0	86.0	0.0	37.0	95.0	9.0	0.0	0.0	0.0	82.0	11.0	16.0	13.0	71.0	0.0	0.0	18.0	33.0	19.0	0.0	44.0	12.0	14.0	0.0	0.0	0.0	27.0	80.0	0.0	49.0	26.0	0.0	0.0	87.0	28.0	74.0	18.0	13.0	0.0	32.0	0.0	95.0	0.0	0.0	0.0	0.0	0.0	0.0	0.0	0.0	2.0	88.0	0.0	0.0	85.0	76.0	0.0	47.0	71.0	0.0	0.0	81.0	0.0	0.0	35.0	0.0	0.0	37.0	24.0	0.0	39.0
0.0	23.0	0.0	0.0	98.0	50.0	98.0	0.0	0.0	0.0	21.0	97.0	0.0	0.0	90.0	76.0	0.0	25.0	0.0	84.0	0.0	0.0	0.0	0.0	0.0	0.0	80.0	40.0	19.0	29.0	0.0	0.0	10.0	9.0	0.0	68.0	0.0	58.0	0.0	54.0	0.0	95.0	0.0	100.0	0.0	90.0	14.0	25.0	0.0	0.0	0.0	0.0	57.0	51.0	48.0	22.0	10.0	0.0	0.0	0.0	67.0	20.0	18.0	96.0	0.0	18.0	78.0	41.0	0.0	9.0	88.0	91.0	0.0	0.0
0.0	0.0	0.0	0.0	100.0	72.0	0.0	0.0	43.0	0.0	12.0	0.0	0.0	0.0	0.0	50.0	6.0	0.0	58.0	87.0	97.0	100.0	21.0	69.0	9.0	49.0	0.0	0.0	0.0	0.0	27.0	42.0	75.0	57.0	76.0	0.0	0.0	0.0	0.0	57.0	77.0	93.0	0.0	94.0	0.0	31.0	70.0	0.0	5.0	9.0	0.0	82.0	25.0	94.0	0.0	0.0	0.0	0.0	48.0	0.0	59.0	73.0	0.0	33.0	15.0	72.0	42.0	0.0	0.0	71.0	0.0	17.0	85.0
0.0	19.0	34.0	0.0	8.0	0.0	21.0	55.0	0.0	0.0	0.0	0.0	0.0	0.0	93.0	95.0	15.0	0.0	73.0	0.0	0.0	72.0	91.0	53.0	97.0	19.0	0.0	38.0	0.0	0.0	8.0	0.0	0.0	0.0	17.0	83.0	45.0	30.0	16.0	0.0	0.0	0.0	0.0	34.0	0.0	0.0	0.0	68.0	0.0	0.0	3.0	53.0	9.0	0.0	0.0	34.0	72.0	0.0	0.0	85.0	0.0	0.0	0.0	0.0	64.0	40.0	36.0	0.0	0.0	0.0	0.0	0.0
0.0	62.0	0.0	0.0	22.0	20.0	50.0	0.0	71.0	0.0	22.0	68.0	4.0	94.0	83.0	0.0	69.0	30.0	0.0	0.0	58.0	0.0	0.0	0.0	0.0	71.0	0.0	49.0	0.0	32.0	52.0	0.0	99.0	2.0	59.0	98.0	0.0	0.0	83.0	73.0	33.0	21.0	94.0	31.0	0.0	0.0	0.0	0.0	83.0	7.0	7.0	41.0	0.0	0.0	50.0	0.0	27.0	0.0	3.0	0.0	6.0	21.0	0.0	49.0	63.0	0.0	3.0	0.0	0.0	0.0	0.0
0.0	0.0	0.0	76.0	0.0	63.0	0.0	18.0	30.0	0.0	22.0	86.0	0.0	94.0	0.0	58.0	0.0	0.0	46.0	0.0	44.0	0.0	0.0	0.0	0.0	75.0	0.0	99.0	9.0	0.0	89.0	0.0	27.0	60.0	0.0	16.0	22.0	92.0	0.0	59.0	8.0	0.0	0.0	34.0	0.0	37.0	61.0	0.0	0.0	65.0	76.0	33.0	80.0	0.0	23.0	0.0	0.0	0.0	0.0	89.0	39.0	94.0	65.0	90.0	48.0	0.0	72.0	0.0	0.0	15.0
36.0	52.0	88.0	100.0	44.0	0.0	0.0	0.0	32.0	76.0	16.0	12.0	85.0	71.0	7.0	14.0	0.0	0.0	61.0	0.0	54.0	0.0	0.0	0.0	0.0	62.0	0.0	0.0	50.0	79.0	0.0	44.0	0.0	77.0	88.0	55.0	99.0	0.0	97.0	28.0	81.0	0.0	0.0	56.0	0.0	0.0	0.0	0.0	0.0	70.0	11.0	0.0	38.0	12.0	0.0	19.0	2.0	0.0	0.0	86.0	0.0	0.0	0.0	91.0	0.0	51.0	0.0	72.0	0.0
36.0	0.0	0.0	51.0	0.0	69.0	0.0	12.0	0.0	0.0	41.0	0.0	0.0	58.0	0.0	0.0	0.0	19.0	70.0	85.0	0.0	0.0	90.0	0.0	0.0	0.0	0.0	25.0	0.0	0.0	15.0	66.0	0.0	2.0	0.0	21.0	0.0	0.0	7.0	0.0	63.0	0.0	0.0	66.0	16.0	96.0	0.0	0.0	0.0	6.0	83.0	59.0	60.0	0.0	0.0	70.0	0.0	0.0	64.0	0.0	36.0	82.0	70.0	0.0	36.0	14.0	0.0	52.0
60.0	0.0	0.0	0.0	63.0	70.0	0.0	80.0	0.0	0.0	0.0	34.0	0.0	68.0	0.0	0.0	0.0	45.0	27.0	0.0	81.0	1.0	0.0	0.0	64.0	0.0	91.0	89.0	0.0	91.0	0.0	75.0	0.0	43.0	70.0	3.0	0.0	98.0	34.0	28.0	0.0	0.0	0.0	0.0	0.0	0.0	0.0	0.0	0.0	92.0	0.0	0.0	62.0	94.0	0.0	44.0	15.0	0.0	0.0	0.0	0.0	0.0	84.0	50.0	29.0	0.0	97.0
0.0	0.0	0.0	0.0	83.0	0.0	0.0	64.0	5.0	17.0	0.0	0.0	0.0	0.0	0.0	29.0	0.0	17.0	74.0	0.0	0.0	15.0	69.0	0.0	0.0	26.0	0.0	0.0	0.0	0.0	0.0	29.0	0.0	0.0	0.0	90.0	0.0	43.0	11.0	75.0	85.0	44.0	0.0	40.0	0.0	89.0	0.0	0.0	99.0	27.0	81.0	36.0	49.0	85.0	13.0	0.0	0.0	29.0	0.0	0.0	0.0	38.0	0.0	0.0	0.0	12.0
0.0	15.0	0.0	81.0	0.0	76.0	47.0	38.0	85.0	0.0	0.0	94.0	0.0	3.0	10.0	0.0	10.0	60.0	0.0	0.0	0.0	18.0	0.0	0.0	1.0	0.0	0.0	0.0	0.0	85.0	0.0	70.0	0.0	94.0	0.0	0.0	83.0	0.0	55.0	66.0	0.0	0.0	0.0	0.0	56.0	0.0	0.0	0.0	0.0	0.0	0.0	81.0	17.0	68.0	0.0	18.0	0.0	0.0	24.0	0.0	0.0	16.0	28.0	91.0	78.0
0.0	0.0	0.0	0.0	0.0	0.0	0.0	84.0	0.0	0.0	0.0	88.0	0.0	30.0	41.0	100.0	84.0	43.0	33.0	0.0	0.0	0.0	76.0	14.0	0.0	0.0	0.0	0.0	0.0	90.0	50.0	0.0	0.0	0.0	65.0	95.0	0.0	85.0	45.0	3.0	24.0	0.0	70.0	1.0	0.0	0.0	0.0	96.0	63.0	0.0	20.0	0.0	0.0	0.0	68.0	41.0	0.0	17.0	62.0	0.0	0.0	95.0	0.0	51.0
94.0	0.0	0.0	53.0	0.0	54.0	0.0	13.0	0.0	23.0	20.0	0.0	52.0	0.0	0.0	0.0	93.0	0.0	0.0	0.0	66.0	14.0	67.0	0.0	43.0	0.0	0.0	26.0	24.0	0.0	96.0	0.0	24.0	15.0	0.0	0.0	0.0	0.0	0.0	97.0	20.0	0.0	0.0	0.0	45.0	52.0	0.0	30.0	39.0	5.0	0.0	16.0	6.0	0.0	0.0	97.0	74.0	0.0	0.0	75.0	0.0	73.0	0.0
0.0	0.0	0.0	0.0	35.0	77.0	34.0	0.0	0.0	0.0	2.0	0.0	0.0	56.0	25.0	12.0	0.0	0.0	22.0	92.0	7.0	0.0	0.0	36.0	0.0	0.0	0.0	57.0	0.0	86.0	76.0	27.0	54.0	0.0	0.0	53.0	0.0	0.0	0.0	63.0	97.0	0.0	0.0	83.0	0.0	0.0	66.0	0.0	0.0	0.0	48.0	55.0	0.0	0.0	100.0	0.0	59.0	0.0	0.0	0.0	0.0	0.0
0.0	11.0	0.0	17.0	97.0	0.0	11.0	0.0	21.0	0.0	0.0	0.0	0.0	38.0	0.0	91.0	68.0	0.0	0.0	33.0	0.0	0.0	90.0	94.0	0.0	0.0	28.0	77.0	0.0	0.0	46.0	60.0	0.0	21.0	71.0	17.0	0.0	5.0	0.0	0.0	0.0	0.0	14.0	0.0	0.0	6.0	0.0	56.0	0.0	53.0	29.0	0.0	0.0	0.0	78.0	60.0	0.0	0.0	0.0	0.0	36.0
0.0	2.0	0.0	0.0	41.0	11.0	0.0	16.0	29.0	72.0	96.0	71.0	80.0	0.0	8.0	57.0	0.0	55.0	0.0	81.0	0.0	36.0	0.0	44.0	0.0	28.0	0.0	59.0	92.0	48.0	0.0	0.0	0.0	38.0	0.0	0.0	9.0	0.0	0.0	60.0	0.0	0.0	38.0	90.0	83.0	0.0	40.0	56.0	0.0	74.0	61.0	0.0	47.0	71.0	56.0	23.0	0.0	0.0	0.0	0.0
37.0	97.0	0.0	5.0	0.0	0.0	0.0	0.0	6.0	0.0	0.0	0.0	99.0	96.0	35.0	4.0	0.0	0.0	0.0	53.0	94.0	0.0	57.0	0.0	67.0	0.0	49.0	8.0	0.0	25.0	80.0	0.0	0.0	100.0	0.0	63.0	98.0	0.0	0.0	98.0	53.0	0.0	0.0	0.0	67.0	0.0	0.0	18.0	50.0	0.0	0.0	0.0	74.0	0.0	0.0	26.0	17.0	0.0	0.0
7.0	7.0	10.0	25.0	21.0	0.0	75.0	30.0	0.0	0.0	22.0	30.0	0.0	0.0	67.0	97.0	0.0	77.0	0.0	0.0	0.0	25.0	17.0	32.0	0.0	86.0	0.0	13.0	38.0	0.0	0.0	23.0	80.0	0.0	64.0	49.0	0.0	0.0	0.0	0.0	0.0	0.0	28.0	0.0	54.0	0.0	17.0	50.0	0.0	37.0	0.0	0.0	0.0	0.0	48.0	0.0	34.0	90.0
96.0	0.0	96.0	12.0	0.0	0.0	0.0	16.0	80.0	0.0	27.0	32.0	8.0	7.0	0.0	64.0	15.0	54.0	17.0	0.0	78.0	0.0	54.0	27.0	21.0	0.0	13.0	0.0	47.0	28.0	0.0	27.0	25.0	0.0	90.0	0.0	44.0	0.0	0.0	79.0	0.0	54.0	84.0	0.0	41.0	25.0	10.0	0.0	0.0	17.0	0.0	83.0	0.0	0.0	0.0	48.0	28.0
0.0	0.0	0.0	0.0	18.0	0.0	10.0	0.0	83.0	85.0	0.0	4.0	90.0	45.0	60.0	54.0	0.0	0.0	0.0	0.0	0.0	0.0	0.0	49.0	0.0	19.0	93.0	0.0	0.0	0.0	0.0	0.0	29.0	0.0	30.0	0.0	67.0	0.0	0.0	0.0	0.0	0.0	5.0	64.0	0.0	0.0	0.0	0.0	69.0	0.0	0.0	0.0	52.0	49.0	42.0	80.0
2.0	0.0	0.0	89.0	72.0	49.0	0.0	0.0	39.0	0.0	57.0	0.0	0.0	0.0	54.0	0.0	63.0	90.0	91.0	0.0	1.0	0.0	19.0	0.0	0.0	0.0	16.0	0.0	0.0	23.0	20.0	0.0	54.0	83.0	0.0	0.0	14.0	87.0	0.0	83.0	0.0	35.0	0.0	76.0	0.0	92.0	0.0	0.0	61.0	0.0	98.0	0.0	0.0	76.0	29.0
58.0	0.0	0.0	0.0	22.0	93.0	90.0	58.0	34.0	0.0	0.0	0.0	48.0	0.0	80.0	0.0	0.0	76.0	76.0	0.0	0.0	0.0	28.0	93.0	99.0	0.0	32.0	14.0	79.0	0.0	0.0	75.0	73.0	6.0	18.0	0.0	88.0	0.0	0.0	89.0	25.0	41.0	13.0	0.0	0.0	75.0	68.0	5.0	0.0	84.0	59.0	50.0	0.0	0.0
0.0	0.0	0.0	73.0	0.0	77.0	9.0	0.0	75.0	44.0	100.0	0.0	0.0	77.0	0.0	0.0	0.0	10.0	69.0	8.0	0.0	65.0	78.0	0.0	0.0	0.0	26.0	59.0	0.0	57.0	0.0	0.0	59.0	0.0	31.0	25.0	54.0	0.0	91.0	0.0	0.0	40.0	0.0	93.0	0.0	0.0	0.0	0.0	69.0	0.0	50.0	99.0	18.0
0.0	95.0	0.0	0.0	0.0	61.0	0.0	0.0	0.0	0.0	0.0	85.0	0.0	0.0	62.0	52.0	0.0	0.0	0.0	13.0	0.0	0.0	0.0	10.0	0.0	38.0	0.0	0.0	0.0	1.0	0.0	0.0	94.0	44.0	0.0	0.0	100.0	23.0	0.0	0.0	8.0	0.0	47.0	0.0	41.0	0.0	89.0	0.0	0.0	14.0	0.0	0.0
0.0	0.0	0.0	74.0	0.0	0.0	0.0	0.0	0.0	51.0	0.0	77.0	0.0	34.0	23.0	0.0	81.0	71.0	38.0	0.0	72.0	5.0	0.0	0.0	44.0	0.0	0.0	1.0	0.0	0.0	85.0	0.0	88.0	11.0	66.0	0.0	56.0	0.0	0.0	27.0	0.0	34.0	1.0	0.0	0.0	0.0	93.0	0.0	14.0	0.0	40.0
51.0	0.0	0.0	0.0	38.0	8.0	0.0	0.0	0.0	80.0	67.0	0.0	62.0	0.0	31.0	67.0	0.0	73.0	0.0	54.0	0.0	0.0	72.0	74.0	41.0	54.0	0.0	35.0	0.0	0.0	0.0	97.0	0.0	78.0	76.0	37.0	11.0	0.0	0.0	86.0	0.0	84.0	61.0	14.0	48.0	0.0	0.0	0.0	0.0	0.0
1.0	96.0	41.0	0.0	0.0	38.0	87.0	0.0	77.0	84.0	56.0	0.0	16.0	0.0	0.0	85.0	82.0	65.0	0.0	49.0	0.0	0.0	94.0	58.0	0.0	7.0	60.0	39.0	42.0	85.0	0.0	9.0	0.0	0.0	31.0	10.0	0.0	11.0	0.0	34.0	0.0	0.0	31.0	67.0	0.0	0.0	0.0	79.0	0.0
80.0	0.0	28.0	0.0	0.0	0.0	0.0	0.0	71.0	35.0	0.0	23.0	99.0	0.0	18.0	0.0	75.0	0.0	0.0	97.0	39.0	60.0	0.0	0.0	0.0	0.0	82.0	61.0	0.0	76.0	61.0	51.0	0.0	0.0	13.0	0.0	0.0	0.0	0.0	78.0	0.0	0.0	0.0	0.0	1.0	0.0	17.0	77.0
54.0	78.0	0.0	80.0	54.0	98.0	48.0	93.0	7.0	0.0	2.0	0.0	0.0	0.0	46.0	0.0	78.0	0.0	20.0	87.0	0.0	15.0	0.0	58.0	85.0	0.0	8.0	64.0	0.0	0.0	76.0	73.0	83.0	0.0	48.0	89.0	4.0	21.0	0.0	31.0	11.0	0.0	0.0	0.0	94.0	0.0	74.0
71.0	45.0	0.0	0.0	0.0	0.0	94.0	91.0	0.0	42.0	59.0	0.0	0.0	27.0	89.0	79.0	0.0	3.0	0.0	2.0	15.0	0.0	0.0	12.0	96.0	0.0	79.0	71.0	32.0	6.0	0.0	0.0	21.0	0.0	0.0	0.0	59.0	0.0	43.0	0.0	0.0	94.0	36.0	53.0	0.0	0.0
0.0	0.0	17.0	0.0	0.0	0.0	15.0	29.0	8.0	14.0	0.0	0.0	33.0	0.0	0.0	0.0	20.0	24.0	32.0	0.0	53.0	68.0	0.0	0.0	0.0	38.0	0.0	47.0	0.0	0.0	0.0	0.0	0.0	10.0	9.0	0.0	0.0	75.0	0.0	76.0	0.0	0.0	0.0	0.0	0.0
0.0	0.0	0.0	93.0	0.0	0.0	70.0	0.0	13.0	0.0	1.0	41.0	13.0	98.0	81.0	25.0	0.0	0.0	75.0	31.0	94.0	0.0	0.0	0.0	76.0	0.0	6.0	19.0	33.0	92.0	24.0	0.0	0.0	43.0	68.0	0.0	75.0	0.0	59.0	0.0	0.0	21.0	0.0	78.0
0.0	0.0	0.0	0.0	92.0	0.0	45.0	0.0	93.0	0.0	30.0	0.0	0.0	0.0	0.0	74.0	0.0	40.0	17.0	34.0	0.0	10.0	0.0	44.0	68.0	68.0	68.0	62.0	0.0	95.0	0.0	73.0	0.0	29.0	28.0	0.0	0.0	0.0	0.0	44.0	0.0	0.0	0.0
49.0	68.0	0.0	0.0	0.0	32.0	0.0	100.0	0.0	97.0	0.0	0.0	40.0	0.0	34.0	0.0	0.0	0.0	39.0	0.0	3.0	96.0	10.0	100.0	0.0	0.0	0.0	74.0	0.0	19.0	3.0	38.0	0.0	10.0	0.0	0.0	43.0	91.0	74.0	11.0	0.0	0.0
84.0	0.0	0.0	0.0	81.0	26.0	0.0	0.0	45.0	78.0	0.0	0.0	95.0	0.0	0.0	0.0	0.0	0.0	21.0	19.0	0.0	0.0	0.0	0.0	9.0	47.0	0.0	36.0	0.0	0.0	0.0	0.0	83.0	17.0	0.0	81.0	0.0	0.0	21.0	0.0	22.0
0.0	0.0	0.0	70.0	58.0	0.0	10.0	64.0	98.0	46.0	89.0	0.0	0.0	0.0	0.0	29.0	24.0	0.0	0.0	0.0	54.0	13.0	0.0	0.0	0.0	38.0	81.0	98.0	69.0	26.0	59.0	0.0	0.0	0.0	43.0	15.0	66.0	93.0	12.0	0.0
0.0	71.0	82.0	82.0	1.0	99.0	93.0	0.0	3.0	0.0	0.0	15.0	0.0	92.0	7.0	0.0	13.0	0.0	0.0	0.0	0.0	15.0	0.0	0.0	100.0	0.0	22.0	17.0	45.0	0.0	16.0	0.0	0.0	0.0	15.0	0.0	0.0	71.0	0.0
32.0	0.0	0.0	40.0	72.0	12.0	0.0	0.0	74.0	17.0	6.0	0.0	46.0	0.0	0.0	0.0	0.0	15.0	0.0	0.0	0.0	81.0	0.0	68.0	0.0	41.0	0.0	85.0	30.0	0.0	0.0	0.0	0.0	33.0	0.0	0.0	0.0	0.0
45.0	42.0	14.0	0.0	0.0	63.0	88.0	0.0	0.0	0.0	94.0	0.0	0.0	0.0	0.0	0.0	14.0	0.0	0.0	65.0	0.0	100.0	39.0	0.0	0.0	89.0	1.0	0.0	0.0	16.0	0.0	0.0	89.0	0.0	62.0	0.0	0.0
68.0	11.0	16.0	31.0	0.0	0.0	30.0	67.0	31.0	58.0	97.0	0.0	0.0	45.0	63.0	74.0	0.0	0.0	0.0	61.0	0.0	71.0	0.0	0.0	0.0	22.0	33.0	0.0	0.0	0.0	60.0	84.0	0.0	0.0	0.0	3.0
0.0	0.0	19.0	0.0	4.0	0.0	1.0	0.0	0.0	0.0	0.0	0.0	0.0	0.0	31.0	0.0	0.0	0.0	0.0	0.0	63.0	0.0	0.0	67.0	0.0	0.0	0.0	0.0	0.0	0.0	0.0	83.0	0.0	80.0	0.0
0.0	54.0	77.0	0.0	73.0	0.0	71.0	65.0	48.0	0.0	10.0	0.0	0.0	0.0	55.0	0.0	0.0	76.0	0.0	0.0	0.0	0.0	65.0	24.0	0.0	0.0	47.0	0.0	0.0	71.0	0.0	10.0	0.0	59.0
0.0	21.0	51.0	0.0	6.0	78.0	1.0	0.0	0.0	0.0	0.0	0.0	0.0	0.0	0.0	0.0	22.0	67.0	33.0	0.0	89.0	0.0	0.0	0.0	0.0	56.0	3.0	0.0	0.0	0.0	0.0	0.0	0.0
7.0	0.0	0.0	0.0	0.0	0.0	0.0	68.0	0.0	0.0	58.0	64.0	0.0	0.0	0.0	0.0	0.0	0.0	0.0	42.0	0.0	0.0	56.0	0.0	85.0	0.0	3.0	6.0	0.0	0.0	93.0	18.0
0.0	49.0	68.0	45.0	0.0	0.0	43.0	81.0	0.0	0.0	78.0	0.0	0.0	24.0	16.0	28.0	0.0	0.0	16.0	0.0	6.0	0.0	0.0	4.0	35.0	0.0	0.0	48.0	47.0	0.0	0.0
51.0	13.0	0.0	100.0	0.0	0.0	0.0	44.0	0.0	24.0	15.0	0.0	81.0	16.0	0.0	7.0	0.0	53.0	0.0	92.0	90.0	0.0	9.0	93.0	0.0	26.0	0.0	56.0	28.0	78.0
94.0	0.0	36.0	0.0	0.0	0.0	61.0	0.0	0.0	0.0	28.0	62.0	0.0	0.0	37.0	0.0	0.0	57.0	16.0	4.0	85.0	0.0	87.0	22.0	9.0	0.0	33.0	4.0	74.0
45.0	0.0	27.0	0.0	47.0	98.0	0.0	57.0	84.0	0.0	28.0	0.0	84.0	63.0	0.0	65.0	94.0	12.0	49.0	3.0	29.0	47.0	0.0	61.0	50.0	0.0	0.0	67.0
14.0	0.0	3.0	0.0	91.0	49.0	0.0	94.0	0.0	0.0	46.0	78.0	53.0	0.0	0.0	48.0	0.0	0.0	9.0	70.0	0.0	0.0	0.0	0.0	0.0	0.0	92.0
0.0	97.0	53.0	0.0	7.0	55.0	0.0	0.0	0.0	4.0	0.0	0.0	19.0	0.0	61.0	49.0	51.0	0.0	0.0	0.0	82.0	10.0	0.0	82.0	0.0	0.0
0.0	0.0	6.0	84.0	0.0	0.0	0.0	48.0	88.0	0.0	23.0	47.0	67.0	0.0	0.0	0.0	7.0	36.0	86.0	46.0	0.0	79.0	59.0	0.0	57.0
0.0	3.0	0.0	99.0	0.0	0.0	90.0	12.0	90.0	0.0	0.0	88.0	0.0	0.0	91.0	53.0	76.0	0.0	0.0	0.0	0.0	37.0	0.0	83.0
0.0	9.0	0.0	14.0	0.0	87.0	0.0	0.0	69.0	11.0	0.0	0.0	84.0	72.0	0.0	0.0	4.0	89.0	0.0	0.0	54.0	0.0	51.0
8.0	0.0	0.0	0.0	0.0	0.0	0.0	0.0	0.0	0.0	22.0	99.0	91.0	5.0	0.0	0.0	0.0	0.0	24.0	0.0	0.0	31.0
0.0	9.0	6.0	77.0	46.0	0.0	80.0	92.0	0.0	99.0	0.0	90.0	0.0	3.0	0.0	0.0	0.0	0.0	0.0	0.0	56.0
0.0	0.0	0.0	79.0	23.0	0.0	0.0	63.0	78.0	0.0	0.0	0.0	0.0	5.0	0.0	0.0	0.0	16.0	10.0	0.0
0.0	0.0	0.0	0.0	0.0	0.0	0.0	94.0	46.0	0.0	0.0	0.0	16.0	32.0	0.0	0.0	84.0	0.0	0.0
0.0	0.0	50.0	0.0	5.0	0.0	70.0	33.0	0.0	37.0	0.0	0.0	58.0	0.0	0.0	20.0	56.0	85.0
0.0	50.0	0.0	0.0	0.0	0.0	87.0	0.0	0.0	92.0	0.0	0.0	93.0	0.0	57.0	0.0	0.0
0.0	0.0	0.0	18.0	0.0	0.0	89.0	33.0	60.0	0.0	0.0	0.0	0.0	68.0	0.0	43.0
16.0	0.0	39.0	80.0	79.0	0.0	43.0	0.0	3.0	0.0	19.0	55.0	13.0	100.0	3.0
0.0	98.0	87.0	82.0	41.0	0.0	0.0	0.0	0.0	64.0	70.0	22.0	95.0	88.0
0.0	0.0	0.0	93.0	0.0	0.0	9.0	48.0	0.0	0.0	0.0	52.0	24.0
10.0	0.0	0.0	36.0	0.0	0.0	79.0	0.0	71.0	5.0	31.0	17.0
85.0	22.0	0.0	0.0	17.0	0.0	0.0	33.0	56.0	64.0	45.0
76.0	0.0	21.0	22.0	65.0	0.0	63.0	0.0	79.0	0.0
0.0	46.0	16.0	0.0	0.0	41.0	4.0	85.0	0.0
66.0	46.0	0.0	97.0	0.0	0.0	48.0	15.0
0.0	83.0	0.0	65.0	5.0	98.0	0.0
0.0	38.0	64.0	85.0	0.0	39.0
97.0	0.0	0.0	36.0	99.0
0.0	0.0	0.0	0.0
37.0	37.0	82.0
0.0	0.0
0.0

30.0	41.0	31.0	6.0	40.0	33.0	1.0	26.0	48.0	26.0	6.0	6.0	19.0	18.0	32.0	25.0	33.0	15.0	18.0	46.0	16.0	41.0	20.0	42.0	19.0	49.0	35.0	3.0	14.0	44.0	26.0	41.0	22.0	30.0	25.0	45.0	39.0	23.0	27.0	18.0	7.0	32.0	8.0	42.0	46.0	49.0	6.0	5.0	28.0	33.0	45.0	10.0	17.0	45.0	30.0	11.0	24.0	39.0	6.0	8.0	30.0	35.0	13.0	27.0	22.0	17.0	18.0	2.0	44.0	36.0	15.0	43.0	48.0	14.0	26.0	38.0	4.0	30.0	33.0	2.0	18.0	36.0	6.0	30.0	47.0	36.0	1.0	41.0	16.0	20.0	42.0	22.0	46.0	30.0	17.0	15.0	22.0	34.0	2.0	38.0	45.0	26.0	9.0	42.0	40.0	17.0	24.0	48.0	6.0	9.0	48.0	33.0	37.0	4.0	1.0	43.0	43.0	25.0	15.0	2.0	36.0	15.0	5.0	2.0	2.0	44.0	10.0	19.0	13.0	7.0	48.0	14.0	31.0	11.0	47.0	37.0	30.0	48.0	19.0	39.0	24.0	8.0	17.0	29.0	42.0	33.0	44.0	44.0	37.0	3.0	27.0	10.0	43.0	37.0	43.0	2.0	45.0	1.0	41.0	1.0	20.0	6.0	28.0	30.0	21.0	29.0	13.0	20.0	11.0	20.0	17.0	32.0	17.0	50.0	38.0	43.0	46.0	24.0	7.0	6.0	42.0	17.0	22.0	22.0	44.0	13.0	45.0	1.0	44.0	13.0	1.0	26.0	26.0	14.0	21.0	49.0	35.0	50.0	3.0	29.0

408.48	408.48	408.48	408.48	408.48	408.48	408.48	408.48	408.48	408.48
