qmkp_100_25_3_008
100
3

0.0	0.0	50.0	71.0	0.0	0.0	0.0	0.0	91.0	0.0	95.0	0.0	95.0	0.0	0.0	0.0	0.0	0.0	81.0	67.0	0.0	0.0	0.0	0.0	0.0	68.0	0.0	0.0	77.0	0.0	0.0	0.0	86.0	0.0	0.0	0.0	0.0	0.0	11.0	0.0	0.0	0.0	0.0	0.0	18.0	62.0	0.0	0.0	45.0	0.0	89.0	0.0	0.0	0.0	0.0	0.0	88.0	0.0	0.0	0.0	68.0	0.0	66.0	0.0	0.0	0.0	0.0	0.0	100.0	0.0	0.0	0.0	0.0	0.0	35.0	0.0	0.0	0.0	0.0	36.0	39.0	0.0	0.0	0.0	0.0	0.0	0.0	24.0	0.0	0.0	0.0	0.0	0.0	24.0	72.0	88.0	0.0	0.0	0.0	0.0
0.0	0.0	25.0	0.0	0.0	0.0	0.0	0.0	94.0	17.0	0.0	0.0	0.0	0.0	0.0	0.0	99.0	0.0	0.0	86.0	31.0	0.0	0.0	0.0	0.0	0.0	0.0	0.0	73.0	81.0	0.0	0.0	0.0	0.0	30.0	66.0	0.0	0.0	0.0	0.0	45.0	13.0	0.0	13.0	45.0	84.0	0.0	83.0	0.0	10.0	0.0	0.0	96.0	0.0	0.0	0.0	0.0	19.0	68.0	0.0	0.0	0.0	92.0	0.0	0.0	0.0	0.0	0.0	0.0	0.0	0.0	0.0	0.0	0.0	0.0	0.0	0.0	0.0	0.0	0.0	0.0	0.0	0.0	0.0	55.0	0.0	0.0	18.0	0.0	0.0	75.0	0.0	0.0	0.0	0.0	0.0	0.0	92.0	75.0
93.0	73.0	0.0	0.0	10.0	60.0	9.0	48.0	0.0	55.0	0.0	0.0	0.0	0.0	88.0	23.0	0.0	0.0	0.0	0.0	0.0	0.0	2.0	92.0	0.0	0.0	0.0	0.0	0.0	73.0	0.0	0.0	0.0	0.0	0.0	22.0	0.0	0.0	8.0	0.0	0.0	91.0	0.0	3.0	0.0	0.0	0.0	0.0	85.0	0.0	0.0	0.0	45.0	0.0	0.0	0.0	0.0	11.0	0.0	51.0	0.0	0.0	0.0	48.0	0.0	0.0	0.0	0.0	0.0	0.0	0.0	0.0	0.0	87.0	0.0	0.0	79.0	0.0	23.0	0.0	0.0	31.0	17.0	0.0	75.0	0.0	0.0	0.0	0.0	0.0	0.0	0.0	9.0	0.0	0.0	0.0	0.0	0.0
0.0	0.0	0.0	81.0	0.0	0.0	0.0	2.0	0.0	0.0	0.0	64.0	0.0	2.0	0.0	79.0	78.0	0.0	0.0	0.0	0.0	0.0	0.0	35.0	0.0	0.0	0.0	26.0	63.0	0.0	0.0	0.0	0.0	0.0	0.0	0.0	0.0	0.0	0.0	78.0	0.0	89.0	0.0	100.0	65.0	0.0	88.0	0.0	0.0	0.0	0.0	0.0	0.0	0.0	65.0	34.0	0.0	0.0	0.0	0.0	0.0	0.0	50.0	0.0	0.0	0.0	61.0	0.0	38.0	0.0	0.0	100.0	0.0	0.0	17.0	0.0	0.0	0.0	0.0	0.0	0.0	0.0	87.0	0.0	77.0	0.0	0.0	68.0	6.0	12.0	0.0	0.0	0.0	0.0	56.0	0.0	0.0
72.0	0.0	0.0	0.0	12.0	78.0	0.0	0.0	0.0	0.0	0.0	0.0	0.0	68.0	0.0	0.0	0.0	16.0	83.0	0.0	5.0	0.0	34.0	0.0	0.0	0.0	0.0	21.0	0.0	0.0	0.0	0.0	0.0	0.0	13.0	0.0	0.0	0.0	0.0	0.0	0.0	90.0	0.0	0.0	82.0	0.0	0.0	15.0	18.0	80.0	0.0	0.0	75.0	0.0	0.0	0.0	0.0	0.0	0.0	0.0	0.0	48.0	0.0	0.0	4.0	0.0	20.0	59.0	0.0	0.0	0.0	35.0	0.0	0.0	0.0	0.0	70.0	0.0	38.0	0.0	0.0	0.0	87.0	0.0	0.0	0.0	0.0	0.0	0.0	0.0	0.0	0.0	0.0	0.0	0.0	89.0
0.0	0.0	0.0	0.0	69.0	0.0	0.0	0.0	98.0	0.0	0.0	0.0	17.0	0.0	0.0	0.0	88.0	0.0	0.0	0.0	0.0	26.0	0.0	0.0	86.0	0.0	0.0	19.0	0.0	41.0	0.0	11.0	0.0	0.0	12.0	0.0	28.0	99.0	39.0	0.0	0.0	0.0	0.0	0.0	0.0	0.0	0.0	0.0	0.0	0.0	0.0	0.0	38.0	0.0	28.0	0.0	0.0	0.0	0.0	0.0	0.0	31.0	0.0	0.0	0.0	0.0	0.0	90.0	0.0	0.0	0.0	0.0	0.0	0.0	0.0	0.0	12.0	0.0	75.0	0.0	0.0	0.0	0.0	0.0	0.0	31.0	0.0	0.0	0.0	56.0	0.0	0.0	14.0	0.0	0.0
16.0	0.0	67.0	0.0	0.0	0.0	0.0	40.0	0.0	68.0	0.0	0.0	0.0	0.0	0.0	85.0	0.0	0.0	0.0	0.0	0.0	63.0	0.0	0.0	10.0	20.0	0.0	11.0	0.0	0.0	0.0	0.0	11.0	0.0	0.0	6.0	0.0	96.0	0.0	0.0	60.0	0.0	97.0	0.0	0.0	0.0	28.0	29.0	0.0	0.0	0.0	0.0	0.0	0.0	0.0	0.0	0.0	0.0	33.0	0.0	0.0	21.0	96.0	0.0	29.0	0.0	0.0	0.0	0.0	0.0	67.0	0.0	0.0	6.0	0.0	0.0	0.0	0.0	10.0	0.0	0.0	0.0	0.0	4.0	0.0	92.0	0.0	0.0	26.0	0.0	33.0	0.0	0.0	36.0
0.0	0.0	93.0	0.0	0.0	0.0	0.0	47.0	0.0	0.0	0.0	64.0	0.0	0.0	0.0	0.0	0.0	0.0	65.0	27.0	0.0	0.0	0.0	0.0	0.0	0.0	0.0	0.0	0.0	0.0	0.0	3.0	0.0	0.0	0.0	0.0	0.0	0.0	10.0	0.0	0.0	0.0	0.0	0.0	10.0	46.0	60.0	0.0	16.0	0.0	0.0	58.0	0.0	0.0	16.0	12.0	0.0	0.0	0.0	0.0	87.0	0.0	0.0	0.0	0.0	0.0	0.0	14.0	0.0	0.0	0.0	0.0	0.0	0.0	12.0	0.0	60.0	0.0	0.0	0.0	0.0	0.0	0.0	21.0	96.0	0.0	0.0	58.0	0.0	0.0	0.0	0.0	0.0
23.0	84.0	0.0	3.0	0.0	0.0	0.0	0.0	0.0	0.0	91.0	72.0	0.0	39.0	0.0	0.0	21.0	0.0	0.0	0.0	0.0	41.0	0.0	0.0	29.0	0.0	0.0	0.0	0.0	0.0	0.0	1.0	0.0	0.0	85.0	0.0	6.0	5.0	0.0	0.0	0.0	0.0	70.0	0.0	0.0	0.0	53.0	82.0	24.0	0.0	91.0	89.0	86.0	0.0	0.0	29.0	0.0	34.0	0.0	0.0	0.0	0.0	71.0	0.0	74.0	0.0	0.0	0.0	0.0	0.0	0.0	0.0	0.0	0.0	61.0	0.0	0.0	0.0	8.0	0.0	0.0	91.0	51.0	0.0	0.0	0.0	0.0	0.0	0.0	0.0	0.0	0.0
50.0	0.0	42.0	0.0	0.0	0.0	0.0	48.0	0.0	0.0	0.0	0.0	0.0	0.0	0.0	78.0	74.0	54.0	0.0	0.0	0.0	53.0	0.0	85.0	0.0	92.0	0.0	0.0	0.0	36.0	0.0	0.0	72.0	0.0	0.0	35.0	0.0	0.0	33.0	49.0	0.0	0.0	0.0	0.0	0.0	0.0	0.0	15.0	69.0	0.0	0.0	0.0	0.0	0.0	14.0	0.0	0.0	0.0	64.0	0.0	68.0	0.0	0.0	0.0	0.0	59.0	5.0	0.0	0.0	33.0	0.0	0.0	0.0	0.0	51.0	0.0	0.0	0.0	0.0	0.0	0.0	0.0	0.0	43.0	0.0	0.0	0.0	0.0	0.0	0.0	0.0
0.0	0.0	0.0	0.0	75.0	15.0	78.0	68.0	60.0	0.0	45.0	0.0	0.0	0.0	0.0	20.0	0.0	0.0	0.0	55.0	74.0	29.0	0.0	0.0	0.0	0.0	0.0	0.0	0.0	0.0	0.0	0.0	76.0	0.0	0.0	0.0	0.0	87.0	65.0	0.0	100.0	0.0	0.0	55.0	0.0	71.0	0.0	2.0	0.0	0.0	0.0	0.0	0.0	83.0	0.0	39.0	0.0	71.0	0.0	0.0	49.0	0.0	0.0	98.0	0.0	0.0	97.0	0.0	0.0	26.0	0.0	3.0	0.0	19.0	0.0	0.0	80.0	0.0	0.0	0.0	0.0	0.0	20.0	100.0	0.0	0.0	0.0	0.0	0.0	0.0
0.0	0.0	0.0	0.0	0.0	0.0	48.0	0.0	88.0	0.0	0.0	0.0	58.0	0.0	0.0	0.0	88.0	0.0	0.0	0.0	0.0	75.0	0.0	15.0	0.0	21.0	53.0	0.0	35.0	0.0	3.0	88.0	0.0	0.0	0.0	0.0	0.0	0.0	0.0	0.0	0.0	0.0	84.0	0.0	0.0	0.0	0.0	0.0	38.0	0.0	0.0	0.0	70.0	0.0	39.0	0.0	0.0	0.0	0.0	0.0	0.0	0.0	84.0	7.0	0.0	0.0	0.0	0.0	0.0	0.0	0.0	0.0	0.0	92.0	0.0	0.0	0.0	0.0	0.0	0.0	0.0	0.0	95.0	0.0	0.0	78.0	0.0	0.0	0.0
0.0	0.0	0.0	0.0	0.0	0.0	0.0	0.0	0.0	0.0	0.0	89.0	0.0	0.0	0.0	0.0	0.0	0.0	0.0	0.0	0.0	0.0	0.0	0.0	0.0	19.0	0.0	0.0	0.0	0.0	0.0	0.0	0.0	0.0	85.0	0.0	66.0	6.0	42.0	0.0	39.0	40.0	19.0	0.0	0.0	0.0	0.0	39.0	0.0	0.0	18.0	0.0	0.0	0.0	0.0	0.0	0.0	0.0	0.0	82.0	0.0	0.0	32.0	0.0	0.0	0.0	12.0	0.0	0.0	0.0	0.0	3.0	0.0	0.0	0.0	0.0	0.0	0.0	0.0	0.0	96.0	0.0	0.0	0.0	63.0	70.0	0.0	0.0
0.0	0.0	0.0	0.0	0.0	0.0	0.0	0.0	0.0	13.0	89.0	0.0	0.0	0.0	0.0	55.0	0.0	0.0	63.0	0.0	0.0	0.0	28.0	0.0	0.0	0.0	0.0	0.0	73.0	0.0	0.0	0.0	0.0	0.0	0.0	4.0	85.0	0.0	0.0	0.0	0.0	0.0	0.0	0.0	0.0	0.0	0.0	40.0	0.0	0.0	0.0	44.0	35.0	0.0	0.0	0.0	0.0	0.0	0.0	0.0	0.0	79.0	0.0	4.0	0.0	0.0	0.0	76.0	0.0	0.0	6.0	78.0	0.0	0.0	0.0	0.0	0.0	18.0	0.0	0.0	0.0	0.0	0.0	0.0	0.0	0.0	8.0
0.0	0.0	0.0	0.0	14.0	0.0	0.0	0.0	0.0	27.0	0.0	0.0	54.0	0.0	0.0	0.0	0.0	0.0	76.0	72.0	97.0	95.0	6.0	0.0	0.0	0.0	5.0	7.0	0.0	80.0	0.0	0.0	66.0	47.0	0.0	0.0	0.0	82.0	0.0	18.0	0.0	0.0	0.0	0.0	34.0	0.0	28.0	0.0	0.0	15.0	92.0	0.0	0.0	0.0	0.0	0.0	0.0	0.0	8.0	0.0	0.0	0.0	64.0	0.0	0.0	0.0	0.0	4.0	0.0	0.0	71.0	0.0	0.0	0.0	0.0	0.0	0.0	0.0	11.0	0.0	0.0	66.0	0.0	55.0	0.0	0.0
0.0	0.0	0.0	100.0	0.0	17.0	32.0	0.0	0.0	57.0	27.0	0.0	0.0	0.0	56.0	92.0	70.0	0.0	0.0	0.0	88.0	0.0	0.0	45.0	0.0	0.0	0.0	0.0	0.0	0.0	0.0	0.0	63.0	0.0	0.0	0.0	44.0	0.0	0.0	0.0	0.0	0.0	0.0	0.0	0.0	0.0	0.0	90.0	0.0	95.0	89.0	20.0	0.0	0.0	0.0	19.0	0.0	0.0	0.0	84.0	0.0	0.0	0.0	0.0	0.0	57.0	0.0	0.0	0.0	0.0	0.0	0.0	0.0	0.0	0.0	0.0	0.0	58.0	45.0	0.0	18.0	0.0	0.0	0.0	0.0
0.0	9.0	0.0	0.0	15.0	65.0	0.0	0.0	0.0	56.0	57.0	0.0	0.0	0.0	0.0	0.0	0.0	58.0	52.0	0.0	0.0	0.0	0.0	0.0	81.0	74.0	0.0	0.0	0.0	45.0	0.0	0.0	52.0	0.0	0.0	0.0	0.0	0.0	0.0	0.0	0.0	0.0	0.0	0.0	0.0	0.0	0.0	0.0	0.0	0.0	0.0	3.0	41.0	0.0	0.0	0.0	0.0	0.0	23.0	48.0	0.0	0.0	0.0	0.0	0.0	0.0	0.0	72.0	40.0	89.0	0.0	0.0	0.0	0.0	0.0	98.0	0.0	0.0	0.0	0.0	0.0	39.0	56.0	0.0
0.0	0.0	0.0	0.0	0.0	0.0	0.0	0.0	0.0	46.0	0.0	66.0	0.0	0.0	0.0	0.0	90.0	0.0	0.0	0.0	15.0	85.0	0.0	0.0	35.0	0.0	20.0	0.0	38.0	78.0	0.0	0.0	31.0	0.0	0.0	0.0	12.0	77.0	0.0	77.0	0.0	0.0	0.0	0.0	0.0	0.0	0.0	0.0	0.0	0.0	38.0	0.0	0.0	93.0	0.0	0.0	0.0	0.0	0.0	0.0	0.0	0.0	0.0	75.0	0.0	0.0	11.0	0.0	0.0	0.0	0.0	0.0	0.0	0.0	0.0	4.0	0.0	0.0	0.0	0.0	0.0	0.0	0.0
0.0	0.0	93.0	0.0	68.0	57.0	80.0	14.0	0.0	0.0	0.0	0.0	0.0	86.0	0.0	18.0	79.0	76.0	0.0	0.0	0.0	65.0	5.0	0.0	0.0	19.0	0.0	0.0	0.0	0.0	0.0	0.0	0.0	61.0	0.0	0.0	0.0	0.0	0.0	0.0	97.0	12.0	36.0	0.0	0.0	0.0	0.0	0.0	0.0	0.0	70.0	0.0	0.0	30.0	0.0	0.0	11.0	96.0	0.0	0.0	0.0	0.0	22.0	28.0	0.0	12.0	0.0	0.0	0.0	0.0	0.0	0.0	63.0	1.0	0.0	21.0	5.0	0.0	0.0	0.0	31.0	0.0
0.0	100.0	94.0	0.0	0.0	0.0	0.0	0.0	0.0	0.0	0.0	0.0	0.0	27.0	67.0	0.0	97.0	35.0	0.0	0.0	0.0	0.0	0.0	0.0	0.0	0.0	85.0	0.0	0.0	24.0	0.0	93.0	0.0	0.0	16.0	0.0	38.0	0.0	0.0	0.0	0.0	0.0	0.0	0.0	0.0	0.0	0.0	0.0	0.0	0.0	0.0	0.0	0.0	0.0	50.0	0.0	0.0	0.0	0.0	0.0	0.0	34.0	20.0	0.0	0.0	0.0	0.0	58.0	0.0	0.0	0.0	0.0	0.0	0.0	0.0	52.0	0.0	0.0	0.0	0.0	32.0
0.0	0.0	0.0	0.0	0.0	0.0	0.0	42.0	0.0	0.0	0.0	0.0	0.0	0.0	0.0	0.0	0.0	90.0	0.0	0.0	0.0	0.0	0.0	0.0	0.0	0.0	0.0	0.0	24.0	0.0	0.0	0.0	0.0	0.0	0.0	76.0	97.0	0.0	19.0	18.0	0.0	0.0	0.0	0.0	0.0	46.0	53.0	0.0	41.0	100.0	0.0	0.0	0.0	0.0	0.0	0.0	0.0	27.0	0.0	0.0	0.0	0.0	0.0	0.0	49.0	0.0	0.0	0.0	0.0	27.0	0.0	0.0	13.0	0.0	0.0	0.0	0.0	0.0	0.0	39.0
0.0	1.0	0.0	0.0	0.0	0.0	0.0	0.0	0.0	0.0	0.0	0.0	0.0	0.0	0.0	0.0	0.0	0.0	43.0	0.0	0.0	0.0	69.0	0.0	0.0	0.0	0.0	0.0	0.0	14.0	98.0	0.0	0.0	19.0	0.0	0.0	0.0	49.0	0.0	75.0	0.0	1.0	0.0	0.0	0.0	0.0	0.0	0.0	32.0	30.0	0.0	0.0	0.0	14.0	0.0	0.0	0.0	0.0	22.0	99.0	31.0	40.0	0.0	0.0	57.0	0.0	0.0	0.0	0.0	33.0	27.0	0.0	0.0	19.0	0.0	0.0	0.0	0.0	0.0
80.0	0.0	0.0	68.0	0.0	0.0	0.0	0.0	0.0	0.0	0.0	0.0	0.0	42.0	0.0	0.0	49.0	0.0	0.0	0.0	0.0	0.0	0.0	0.0	4.0	0.0	0.0	0.0	68.0	0.0	0.0	0.0	0.0	0.0	39.0	0.0	11.0	0.0	0.0	34.0	0.0	0.0	0.0	0.0	0.0	0.0	0.0	0.0	0.0	0.0	0.0	0.0	0.0	0.0	0.0	0.0	0.0	86.0	0.0	50.0	0.0	3.0	0.0	0.0	0.0	93.0	0.0	100.0	0.0	60.0	0.0	0.0	0.0	0.0	0.0	0.0	0.0	0.0
56.0	46.0	0.0	0.0	0.0	0.0	0.0	0.0	81.0	0.0	0.0	0.0	70.0	0.0	0.0	30.0	57.0	2.0	0.0	0.0	0.0	0.0	64.0	0.0	0.0	0.0	0.0	0.0	0.0	0.0	95.0	13.0	0.0	0.0	0.0	0.0	0.0	0.0	0.0	0.0	0.0	0.0	0.0	0.0	65.0	0.0	0.0	0.0	33.0	0.0	0.0	92.0	0.0	0.0	0.0	0.0	87.0	87.0	85.0	0.0	0.0	9.0	47.0	0.0	0.0	0.0	0.0	0.0	0.0	0.0	0.0	0.0	0.0	0.0	0.0	0.0	0.0
0.0	55.0	29.0	0.0	100.0	0.0	0.0	0.0	37.0	0.0	0.0	90.0	0.0	0.0	52.0	0.0	0.0	0.0	3.0	0.0	25.0	82.0	0.0	76.0	10.0	0.0	0.0	0.0	0.0	0.0	0.0	90.0	0.0	0.0	0.0	0.0	18.0	0.0	16.0	26.0	2.0	0.0	0.0	0.0	0.0	0.0	0.0	4.0	72.0	0.0	0.0	93.0	0.0	0.0	0.0	72.0	7.0	14.0	0.0	91.0	0.0	0.0	0.0	0.0	0.0	0.0	9.0	25.0	0.0	0.0	0.0	62.0	0.0	0.0	0.0	58.0
40.0	0.0	49.0	95.0	6.0	0.0	96.0	0.0	0.0	0.0	88.0	0.0	0.0	0.0	0.0	56.0	4.0	35.0	0.0	71.0	74.0	24.0	0.0	0.0	0.0	11.0	78.0	41.0	0.0	53.0	0.0	0.0	78.0	0.0	0.0	90.0	0.0	7.0	0.0	0.0	0.0	0.0	0.0	0.0	0.0	59.0	0.0	0.0	0.0	0.0	0.0	0.0	0.0	0.0	0.0	0.0	0.0	0.0	0.0	0.0	0.0	0.0	55.0	62.0	0.0	0.0	0.0	88.0	0.0	0.0	74.0	0.0	78.0	64.0	0.0
84.0	87.0	0.0	0.0	0.0	0.0	6.0	0.0	100.0	0.0	0.0	0.0	73.0	0.0	0.0	0.0	0.0	0.0	6.0	0.0	0.0	0.0	2.0	0.0	0.0	3.0	37.0	0.0	0.0	0.0	0.0	17.0	0.0	0.0	0.0	0.0	0.0	0.0	73.0	0.0	0.0	0.0	0.0	19.0	0.0	0.0	0.0	0.0	0.0	0.0	0.0	0.0	0.0	0.0	20.0	0.0	93.0	0.0	0.0	0.0	0.0	30.0	0.0	0.0	0.0	0.0	0.0	0.0	0.0	70.0	0.0	0.0	0.0	0.0
0.0	0.0	63.0	0.0	62.0	0.0	0.0	0.0	2.0	0.0	0.0	71.0	1.0	0.0	66.0	0.0	42.0	0.0	0.0	0.0	0.0	32.0	0.0	66.0	0.0	0.0	18.0	0.0	0.0	87.0	0.0	0.0	8.0	0.0	0.0	0.0	0.0	0.0	0.0	0.0	0.0	69.0	0.0	0.0	0.0	0.0	0.0	0.0	0.0	96.0	0.0	0.0	0.0	30.0	0.0	0.0	0.0	16.0	0.0	78.0	51.0	0.0	0.0	0.0	0.0	0.0	0.0	0.0	0.0	75.0	61.0	0.0	0.0
0.0	0.0	7.0	0.0	82.0	0.0	0.0	0.0	0.0	0.0	0.0	0.0	0.0	0.0	0.0	0.0	0.0	0.0	0.0	0.0	0.0	0.0	0.0	0.0	0.0	1.0	90.0	51.0	53.0	0.0	40.0	0.0	0.0	0.0	0.0	47.0	0.0	0.0	0.0	0.0	0.0	0.0	0.0	100.0	0.0	0.0	0.0	0.0	31.0	0.0	0.0	0.0	0.0	0.0	57.0	93.0	0.0	0.0	0.0	0.0	51.0	69.0	0.0	0.0	0.0	0.0	0.0	0.0	0.0	2.0	3.0	0.0
0.0	0.0	49.0	0.0	0.0	25.0	91.0	94.0	0.0	0.0	0.0	87.0	0.0	0.0	20.0	0.0	0.0	0.0	0.0	0.0	0.0	0.0	0.0	0.0	0.0	0.0	0.0	0.0	0.0	0.0	0.0	0.0	82.0	0.0	0.0	0.0	0.0	67.0	0.0	50.0	0.0	0.0	0.0	0.0	0.0	0.0	0.0	6.0	0.0	0.0	85.0	77.0	0.0	0.0	35.0	0.0	23.0	0.0	0.0	74.0	0.0	0.0	80.0	40.0	8.0	0.0	0.0	0.0	98.0	83.0	0.0
0.0	84.0	0.0	0.0	0.0	0.0	0.0	45.0	84.0	0.0	0.0	38.0	0.0	0.0	0.0	0.0	36.0	2.0	35.0	0.0	0.0	0.0	0.0	0.0	24.0	7.0	0.0	0.0	0.0	0.0	0.0	44.0	0.0	0.0	7.0	0.0	52.0	0.0	0.0	0.0	0.0	0.0	0.0	0.0	0.0	16.0	0.0	0.0	0.0	0.0	0.0	0.0	0.0	0.0	0.0	78.0	57.0	45.0	0.0	0.0	0.0	0.0	86.0	0.0	0.0	0.0	82.0	0.0	0.0	0.0
53.0	0.0	15.0	40.0	0.0	58.0	4.0	0.0	0.0	0.0	0.0	0.0	0.0	0.0	0.0	84.0	0.0	0.0	0.0	0.0	0.0	55.0	29.0	56.0	20.0	0.0	90.0	44.0	0.0	79.0	30.0	0.0	2.0	0.0	0.0	0.0	0.0	0.0	0.0	0.0	0.0	47.0	0.0	52.0	0.0	40.0	0.0	0.0	0.0	0.0	0.0	0.0	0.0	0.0	0.0	0.0	0.0	0.0	0.0	0.0	0.0	0.0	0.0	0.0	64.0	0.0	0.0	0.0	0.0
0.0	0.0	0.0	0.0	0.0	0.0	0.0	0.0	6.0	81.0	17.0	0.0	55.0	0.0	0.0	0.0	0.0	60.0	43.0	0.0	0.0	0.0	0.0	0.0	0.0	0.0	0.0	0.0	68.0	0.0	0.0	0.0	0.0	0.0	0.0	0.0	41.0	0.0	0.0	40.0	0.0	0.0	0.0	0.0	0.0	0.0	0.0	0.0	89.0	0.0	0.0	0.0	0.0	0.0	35.0	0.0	70.0	0.0	0.0	0.0	0.0	0.0	52.0	83.0	0.0	0.0	0.0	11.0
0.0	0.0	0.0	0.0	86.0	0.0	72.0	13.0	0.0	6.0	0.0	0.0	62.0	66.0	0.0	0.0	0.0	94.0	0.0	0.0	0.0	9.0	0.0	0.0	0.0	11.0	0.0	0.0	0.0	0.0	85.0	0.0	0.0	0.0	0.0	71.0	0.0	0.0	79.0	0.0	0.0	39.0	0.0	0.0	0.0	0.0	69.0	28.0	0.0	0.0	0.0	0.0	0.0	95.0	28.0	0.0	0.0	0.0	0.0	62.0	0.0	0.0	0.0	18.0	73.0	0.0	11.0
0.0	0.0	0.0	0.0	40.0	0.0	0.0	0.0	0.0	0.0	0.0	0.0	46.0	55.0	0.0	0.0	0.0	0.0	0.0	0.0	0.0	26.0	0.0	86.0	29.0	93.0	0.0	0.0	0.0	47.0	0.0	51.0	0.0	0.0	0.0	0.0	0.0	0.0	0.0	0.0	0.0	0.0	0.0	0.0	62.0	0.0	89.0	13.0	0.0	0.0	0.0	0.0	0.0	0.0	0.0	0.0	0.0	0.0	0.0	0.0	0.0	17.0	8.0	0.0	8.0	38.0
0.0	0.0	0.0	0.0	0.0	0.0	0.0	0.0	0.0	0.0	0.0	0.0	0.0	0.0	0.0	0.0	0.0	35.0	0.0	0.0	0.0	79.0	0.0	0.0	61.0	0.0	0.0	0.0	73.0	0.0	90.0	0.0	0.0	0.0	0.0	0.0	0.0	0.0	0.0	0.0	0.0	0.0	0.0	0.0	0.0	0.0	0.0	0.0	0.0	85.0	0.0	0.0	0.0	47.0	92.0	72.0	0.0	0.0	32.0	0.0	7.0	0.0	0.0	39.0	0.0
0.0	0.0	0.0	0.0	0.0	0.0	0.0	0.0	0.0	44.0	1.0	0.0	0.0	0.0	28.0	0.0	23.0	84.0	0.0	64.0	100.0	0.0	0.0	0.0	0.0	0.0	0.0	0.0	0.0	0.0	0.0	0.0	0.0	0.0	0.0	0.0	0.0	0.0	65.0	0.0	92.0	0.0	11.0	0.0	0.0	0.0	0.0	0.0	0.0	34.0	0.0	0.0	0.0	0.0	4.0	0.0	0.0	0.0	0.0	0.0	0.0	0.0	0.0	0.0
0.0	0.0	40.0	0.0	0.0	0.0	0.0	1.0	0.0	0.0	80.0	0.0	26.0	0.0	0.0	0.0	0.0	57.0	0.0	68.0	0.0	0.0	0.0	0.0	0.0	0.0	66.0	0.0	0.0	0.0	0.0	0.0	0.0	0.0	0.0	0.0	0.0	0.0	0.0	0.0	0.0	0.0	52.0	0.0	0.0	0.0	0.0	0.0	0.0	85.0	0.0	0.0	0.0	0.0	0.0	73.0	0.0	0.0	0.0	0.0	0.0	0.0	0.0
0.0	0.0	77.0	0.0	39.0	0.0	0.0	0.0	36.0	90.0	0.0	88.0	0.0	0.0	0.0	0.0	0.0	10.0	0.0	0.0	0.0	0.0	0.0	0.0	0.0	0.0	0.0	0.0	0.0	0.0	0.0	0.0	87.0	0.0	0.0	0.0	0.0	0.0	0.0	0.0	0.0	0.0	0.0	0.0	39.0	0.0	38.0	0.0	0.0	0.0	0.0	0.0	0.0	0.0	0.0	0.0	58.0	0.0	98.0	0.0	0.0	0.0
0.0	0.0	0.0	0.0	0.0	0.0	0.0	0.0	0.0	0.0	0.0	0.0	45.0	0.0	0.0	0.0	0.0	0.0	82.0	0.0	20.0	0.0	0.0	0.0	0.0	0.0	62.0	51.0	71.0	18.0	36.0	0.0	15.0	0.0	0.0	0.0	29.0	0.0	0.0	31.0	0.0	50.0	0.0	0.0	0.0	0.0	0.0	0.0	0.0	0.0	86.0	0.0	6.0	15.0	99.0	8.0	6.0	0.0	0.0	0.0	8.0
0.0	71.0	0.0	0.0	0.0	29.0	87.0	0.0	0.0	0.0	0.0	39.0	0.0	22.0	0.0	0.0	0.0	3.0	87.0	44.0	0.0	0.0	0.0	0.0	11.0	0.0	0.0	57.0	0.0	0.0	0.0	0.0	0.0	18.0	16.0	0.0	17.0	88.0	0.0	45.0	0.0	0.0	0.0	0.0	0.0	61.0	0.0	0.0	11.0	0.0	23.0	0.0	0.0	0.0	0.0	0.0	85.0	0.0	69.0	0.0
0.0	0.0	0.0	0.0	22.0	16.0	0.0	0.0	0.0	58.0	0.0	0.0	91.0	0.0	0.0	0.0	0.0	52.0	88.0	0.0	0.0	0.0	0.0	59.0	0.0	0.0	0.0	0.0	0.0	0.0	0.0	0.0	0.0	0.0	0.0	0.0	51.0	0.0	0.0	41.0	0.0	0.0	41.0	0.0	49.0	78.0	0.0	40.0	0.0	82.0	0.0	75.0	0.0	0.0	0.0	0.0	0.0	92.0	0.0
0.0	85.0	85.0	0.0	0.0	55.0	0.0	0.0	93.0	0.0	26.0	0.0	16.0	0.0	0.0	35.0	17.0	0.0	0.0	0.0	92.0	0.0	0.0	0.0	0.0	0.0	20.0	0.0	0.0	0.0	0.0	0.0	0.0	0.0	0.0	67.0	0.0	0.0	0.0	0.0	46.0	0.0	0.0	0.0	0.0	0.0	5.0	0.0	0.0	0.0	0.0	0.0	0.0	0.0	0.0	68.0	0.0	0.0
0.0	0.0	0.0	65.0	0.0	0.0	0.0	5.0	0.0	0.0	0.0	0.0	0.0	0.0	0.0	70.0	0.0	0.0	0.0	0.0	0.0	0.0	0.0	0.0	21.0	80.0	0.0	0.0	0.0	0.0	0.0	0.0	0.0	0.0	0.0	0.0	0.0	0.0	0.0	0.0	21.0	0.0	0.0	0.0	0.0	0.0	67.0	25.0	0.0	0.0	0.0	0.0	0.0	0.0	0.0	0.0	0.0
95.0	55.0	48.0	0.0	0.0	0.0	0.0	0.0	98.0	0.0	48.0	0.0	0.0	0.0	0.0	0.0	79.0	0.0	0.0	0.0	0.0	22.0	0.0	0.0	0.0	0.0	0.0	0.0	0.0	0.0	0.0	0.0	0.0	0.0	0.0	0.0	0.0	0.0	0.0	0.0	0.0	0.0	77.0	0.0	0.0	0.0	0.0	95.0	0.0	76.0	94.0	0.0	0.0	18.0	0.0	70.0
0.0	88.0	0.0	0.0	0.0	0.0	0.0	82.0	0.0	0.0	0.0	0.0	0.0	0.0	61.0	86.0	0.0	0.0	58.0	0.0	0.0	0.0	0.0	0.0	0.0	55.0	35.0	0.0	0.0	0.0	0.0	0.0	0.0	0.0	49.0	0.0	0.0	25.0	0.0	0.0	0.0	0.0	0.0	60.0	13.0	0.0	14.0	43.0	0.0	31.0	41.0	53.0	0.0	0.0	0.0
48.0	0.0	0.0	0.0	0.0	0.0	0.0	0.0	0.0	92.0	0.0	2.0	53.0	0.0	71.0	0.0	0.0	0.0	85.0	0.0	0.0	0.0	0.0	0.0	0.0	0.0	0.0	0.0	0.0	0.0	0.0	0.0	3.0	0.0	0.0	0.0	0.0	0.0	0.0	0.0	0.0	59.0	0.0	0.0	0.0	0.0	0.0	0.0	99.0	78.0	0.0	0.0	27.0	0.0
43.0	0.0	0.0	0.0	0.0	0.0	0.0	0.0	0.0	0.0	0.0	0.0	0.0	0.0	0.0	0.0	0.0	87.0	27.0	0.0	0.0	0.0	0.0	0.0	66.0	0.0	0.0	0.0	97.0	0.0	0.0	0.0	1.0	50.0	12.0	0.0	0.0	0.0	0.0	0.0	0.0	0.0	0.0	6.0	0.0	0.0	0.0	0.0	88.0	0.0	51.0	0.0	62.0
89.0	0.0	0.0	0.0	0.0	0.0	0.0	33.0	0.0	35.0	0.0	0.0	0.0	0.0	0.0	75.0	0.0	42.0	0.0	0.0	51.0	0.0	76.0	0.0	0.0	0.0	0.0	21.0	0.0	93.0	2.0	0.0	0.0	0.0	0.0	0.0	0.0	0.0	16.0	0.0	38.0	62.0	79.0	94.0	0.0	5.0	14.0	0.0	7.0	0.0	0.0	0.0
0.0	0.0	0.0	0.0	17.0	0.0	0.0	0.0	92.0	0.0	70.0	0.0	0.0	58.0	0.0	0.0	0.0	0.0	0.0	0.0	0.0	38.0	7.0	21.0	37.0	0.0	0.0	55.0	0.0	57.0	3.0	55.0	0.0	0.0	0.0	44.0	0.0	0.0	0.0	0.0	0.0	0.0	0.0	56.0	0.0	0.0	0.0	0.0	0.0	0.0	27.0
0.0	0.0	0.0	0.0	97.0	0.0	0.0	52.0	0.0	33.0	0.0	21.0	57.0	0.0	39.0	61.0	0.0	49.0	0.0	0.0	0.0	42.0	0.0	0.0	71.0	0.0	15.0	46.0	63.0	17.0	0.0	0.0	0.0	0.0	0.0	0.0	0.0	0.0	0.0	31.0	0.0	0.0	0.0	88.0	0.0	0.0	12.0	0.0	23.0	0.0
0.0	0.0	6.0	0.0	0.0	0.0	0.0	0.0	0.0	65.0	0.0	0.0	0.0	0.0	0.0	0.0	0.0	25.0	0.0	22.0	0.0	0.0	0.0	88.0	0.0	70.0	73.0	0.0	0.0	65.0	0.0	0.0	0.0	0.0	0.0	0.0	0.0	0.0	0.0	0.0	0.0	0.0	43.0	0.0	0.0	0.0	0.0	0.0	87.0
0.0	0.0	0.0	25.0	10.0	0.0	0.0	0.0	83.0	80.0	0.0	0.0	0.0	0.0	0.0	71.0	0.0	0.0	0.0	0.0	0.0	0.0	0.0	87.0	0.0	0.0	0.0	0.0	0.0	0.0	86.0	0.0	32.0	76.0	0.0	60.0	78.0	37.0	0.0	0.0	0.0	0.0	0.0	0.0	0.0	75.0	0.0	0.0
0.0	0.0	0.0	0.0	0.0	0.0	0.0	0.0	0.0	41.0	52.0	0.0	0.0	0.0	0.0	0.0	0.0	0.0	35.0	0.0	0.0	0.0	18.0	0.0	0.0	0.0	0.0	0.0	0.0	0.0	0.0	13.0	0.0	0.0	0.0	0.0	100.0	0.0	0.0	78.0	0.0	0.0	0.0	0.0	0.0	0.0	0.0
0.0	0.0	0.0	51.0	0.0	0.0	46.0	0.0	0.0	14.0	72.0	0.0	0.0	0.0	0.0	0.0	0.0	0.0	0.0	0.0	0.0	27.0	0.0	97.0	88.0	0.0	78.0	5.0	0.0	0.0	0.0	0.0	33.0	0.0	0.0	69.0	0.0	0.0	0.0	0.0	0.0	0.0	5.0	0.0	0.0	39.0
0.0	73.0	85.0	0.0	0.0	0.0	0.0	0.0	0.0	0.0	40.0	0.0	0.0	0.0	0.0	0.0	0.0	0.0	0.0	0.0	0.0	32.0	77.0	0.0	0.0	58.0	0.0	0.0	0.0	78.0	0.0	0.0	15.0	0.0	0.0	0.0	0.0	0.0	30.0	0.0	24.0	92.0	0.0	37.0	0.0
0.0	0.0	0.0	35.0	73.0	0.0	0.0	97.0	0.0	0.0	66.0	0.0	0.0	78.0	0.0	0.0	17.0	0.0	0.0	0.0	15.0	0.0	26.0	0.0	0.0	0.0	0.0	0.0	0.0	0.0	0.0	0.0	0.0	0.0	0.0	0.0	17.0	0.0	0.0	0.0	0.0	0.0	0.0	0.0
0.0	0.0	0.0	0.0	0.0	53.0	0.0	38.0	0.0	0.0	76.0	15.0	0.0	0.0	0.0	9.0	0.0	0.0	0.0	0.0	0.0	29.0	0.0	0.0	0.0	30.0	0.0	0.0	34.0	0.0	0.0	0.0	0.0	0.0	55.0	95.0	59.0	0.0	88.0	0.0	45.0	0.0	0.0
0.0	0.0	0.0	0.0	0.0	0.0	0.0	0.0	0.0	0.0	0.0	0.0	0.0	64.0	0.0	0.0	3.0	0.0	0.0	0.0	24.0	4.0	0.0	0.0	0.0	0.0	0.0	0.0	0.0	0.0	0.0	0.0	0.0	0.0	0.0	0.0	0.0	57.0	49.0	0.0	35.0	0.0
5.0	0.0	41.0	97.0	66.0	0.0	0.0	0.0	0.0	0.0	0.0	0.0	0.0	0.0	0.0	52.0	0.0	2.0	7.0	79.0	0.0	0.0	46.0	0.0	45.0	0.0	0.0	0.0	0.0	0.0	69.0	0.0	0.0	0.0	0.0	0.0	0.0	0.0	0.0	0.0	0.0
0.0	60.0	0.0	0.0	0.0	0.0	0.0	0.0	96.0	0.0	0.0	0.0	0.0	0.0	0.0	0.0	54.0	1.0	0.0	0.0	0.0	0.0	0.0	0.0	0.0	0.0	0.0	0.0	0.0	0.0	0.0	0.0	0.0	0.0	0.0	68.0	0.0	0.0	0.0	0.0
0.0	60.0	0.0	0.0	0.0	74.0	0.0	0.0	0.0	0.0	96.0	0.0	0.0	0.0	0.0	0.0	47.0	0.0	0.0	0.0	0.0	99.0	0.0	0.0	0.0	30.0	0.0	1.0	0.0	0.0	85.0	0.0	0.0	46.0	0.0	48.0	0.0	0.0	31.0
0.0	0.0	0.0	24.0	0.0	0.0	69.0	0.0	0.0	0.0	0.0	0.0	0.0	0.0	0.0	0.0	0.0	68.0	51.0	20.0	53.0	0.0	0.0	0.0	0.0	28.0	0.0	0.0	20.0	0.0	0.0	0.0	0.0	82.0	0.0	83.0	0.0	61.0
0.0	0.0	43.0	0.0	0.0	0.0	0.0	0.0	0.0	0.0	52.0	0.0	0.0	0.0	0.0	0.0	0.0	75.0	0.0	0.0	0.0	0.0	0.0	0.0	0.0	0.0	74.0	0.0	0.0	0.0	0.0	0.0	0.0	0.0	0.0	0.0	0.0
23.0	59.0	0.0	0.0	0.0	0.0	0.0	0.0	52.0	64.0	0.0	0.0	0.0	0.0	31.0	0.0	0.0	0.0	0.0	0.0	0.0	9.0	0.0	0.0	98.0	0.0	0.0	0.0	0.0	0.0	0.0	0.0	0.0	0.0	0.0	0.0
0.0	83.0	0.0	0.0	0.0	90.0	0.0	0.0	0.0	26.0	0.0	0.0	0.0	56.0	0.0	0.0	0.0	62.0	0.0	0.0	0.0	0.0	44.0	0.0	0.0	8.0	0.0	0.0	0.0	0.0	0.0	78.0	0.0	0.0	0.0
26.0	0.0	0.0	94.0	0.0	0.0	0.0	0.0	0.0	0.0	0.0	0.0	0.0	0.0	0.0	0.0	0.0	0.0	56.0	23.0	0.0	26.0	82.0	0.0	0.0	0.0	0.0	0.0	0.0	0.0	0.0	0.0	66.0	0.0
0.0	0.0	92.0	0.0	0.0	72.0	0.0	0.0	0.0	0.0	0.0	0.0	0.0	0.0	36.0	0.0	0.0	0.0	0.0	0.0	0.0	0.0	0.0	58.0	0.0	0.0	0.0	0.0	0.0	0.0	67.0	0.0	0.0
0.0	0.0	21.0	0.0	0.0	18.0	0.0	0.0	0.0	0.0	96.0	0.0	0.0	0.0	30.0	98.0	0.0	0.0	0.0	0.0	0.0	0.0	63.0	0.0	97.0	0.0	0.0	0.0	0.0	85.0	0.0	0.0
0.0	0.0	0.0	0.0	0.0	0.0	0.0	0.0	17.0	0.0	0.0	25.0	27.0	0.0	99.0	40.0	0.0	0.0	0.0	0.0	23.0	0.0	0.0	0.0	0.0	0.0	60.0	47.0	0.0	43.0	0.0
0.0	0.0	0.0	0.0	0.0	0.0	0.0	0.0	0.0	0.0	0.0	12.0	0.0	0.0	0.0	0.0	0.0	84.0	0.0	29.0	0.0	0.0	0.0	0.0	0.0	0.0	0.0	91.0	87.0	19.0
0.0	0.0	0.0	0.0	85.0	59.0	0.0	43.0	0.0	0.0	0.0	73.0	26.0	0.0	63.0	0.0	0.0	0.0	0.0	51.0	0.0	0.0	0.0	0.0	94.0	0.0	0.0	0.0	0.0
0.0	0.0	0.0	17.0	0.0	0.0	0.0	0.0	0.0	40.0	0.0	0.0	88.0	0.0	0.0	0.0	0.0	0.0	0.0	0.0	55.0	0.0	0.0	0.0	0.0	0.0	0.0	0.0
0.0	0.0	0.0	0.0	10.0	67.0	75.0	0.0	0.0	0.0	24.0	0.0	92.0	0.0	0.0	75.0	0.0	0.0	0.0	77.0	48.0	0.0	0.0	0.0	0.0	2.0	0.0
61.0	98.0	0.0	0.0	54.0	0.0	0.0	0.0	0.0	37.0	0.0	0.0	0.0	0.0	47.0	0.0	0.0	0.0	0.0	0.0	0.0	37.0	0.0	0.0	0.0	0.0
0.0	0.0	67.0	0.0	0.0	0.0	0.0	97.0	0.0	0.0	0.0	0.0	45.0	0.0	70.0	0.0	0.0	0.0	94.0	31.0	90.0	0.0	0.0	0.0	82.0
0.0	0.0	0.0	0.0	51.0	0.0	0.0	0.0	0.0	86.0	13.0	0.0	92.0	0.0	0.0	0.0	0.0	2.0	30.0	0.0	37.0	43.0	0.0	0.0
0.0	0.0	0.0	0.0	0.0	0.0	0.0	0.0	99.0	0.0	72.0	2.0	0.0	0.0	0.0	0.0	53.0	0.0	0.0	0.0	0.0	0.0	32.0
0.0	0.0	0.0	0.0	0.0	0.0	0.0	0.0	0.0	39.0	0.0	0.0	16.0	0.0	53.0	0.0	0.0	0.0	0.0	0.0	0.0	89.0
0.0	98.0	0.0	54.0	0.0	0.0	41.0	0.0	74.0	0.0	0.0	72.0	0.0	0.0	0.0	0.0	0.0	0.0	0.0	59.0	0.0
0.0	0.0	0.0	58.0	0.0	0.0	0.0	0.0	92.0	0.0	0.0	0.0	0.0	45.0	0.0	0.0	0.0	59.0	0.0	0.0
0.0	0.0	0.0	0.0	0.0	0.0	0.0	0.0	12.0	0.0	0.0	0.0	18.0	0.0	0.0	0.0	69.0	0.0	0.0
7.0	0.0	0.0	88.0	0.0	89.0	24.0	66.0	49.0	0.0	0.0	0.0	20.0	0.0	0.0	0.0	0.0	0.0
0.0	0.0	81.0	0.0	0.0	0.0	14.0	0.0	72.0	0.0	0.0	14.0	0.0	0.0	0.0	0.0	0.0
0.0	0.0	48.0	0.0	0.0	0.0	0.0	68.0	69.0	0.0	0.0	0.0	71.0	0.0	100.0	79.0
0.0	0.0	23.0	0.0	0.0	0.0	55.0	0.0	0.0	0.0	0.0	0.0	0.0	0.0	35.0
0.0	14.0	0.0	0.0	0.0	65.0	31.0	0.0	0.0	0.0	0.0	0.0	0.0	0.0
0.0	0.0	39.0	1.0	0.0	0.0	0.0	0.0	0.0	0.0	41.0	0.0	81.0
0.0	0.0	0.0	91.0	0.0	0.0	0.0	0.0	0.0	55.0	0.0	0.0
0.0	0.0	0.0	0.0	100.0	49.0	87.0	0.0	0.0	0.0	0.0
0.0	0.0	71.0	0.0	0.0	63.0	90.0	66.0	0.0	0.0
64.0	0.0	0.0	0.0	0.0	0.0	0.0	0.0	0.0
71.0	0.0	98.0	0.0	0.0	0.0	0.0	48.0
0.0	0.0	40.0	52.0	89.0	0.0	0.0
0.0	0.0	0.0	0.0	99.0	0.0
0.0	0.0	14.0	0.0	0.0
0.0	0.0	0.0	0.0
0.0	0.0	99.0
52.0	0.0
0.0

45.0	6.0	47.0	31.0	47.0	49.0	14.0	15.0	23.0	4.0	15.0	17.0	3.0	32.0	27.0	9.0	10.0	4.0	4.0	33.0	41.0	21.0	2.0	1.0	19.0	45.0	17.0	28.0	13.0	16.0	3.0	45.0	44.0	11.0	11.0	46.0	49.0	4.0	20.0	3.0	25.0	39.0	7.0	17.0	20.0	42.0	28.0	5.0	10.0	25.0	1.0	33.0	41.0	31.0	4.0	48.0	1.0	44.0	18.0	28.0	1.0	5.0	50.0	33.0	39.0	24.0	23.0	16.0	5.0	14.0	17.0	1.0	45.0	36.0	44.0	13.0	35.0	27.0	23.0	41.0	44.0	14.0	25.0	38.0	43.0	4.0	3.0	3.0	44.0	41.0	21.0	43.0	4.0	32.0	2.0	35.0	49.0	47.0	37.0	4.0

630.9333333333334	630.9333333333334	630.9333333333334
