qmkp_100_75_5_009
100
5

78.0	55.0	80.0	80.0	100.0	18.0	0.0	99.0	39.0	47.0	89.0	0.0	63.0	0.0	38.0	20.0	30.0	76.0	66.0	56.0	95.0	0.0	76.0	97.0	0.0	0.0	81.0	0.0	0.0	83.0	28.0	77.0	0.0	73.0	30.0	0.0	66.0	70.0	82.0	70.0	95.0	42.0	0.0	0.0	6.0	71.0	19.0	93.0	76.0	0.0	9.0	0.0	0.0	20.0	0.0	58.0	0.0	0.0	78.0	47.0	5.0	72.0	0.0	15.0	29.0	91.0	0.0	43.0	53.0	56.0	65.0	0.0	65.0	0.0	15.0	0.0	73.0	10.0	55.0	24.0	24.0	100.0	0.0	0.0	0.0	41.0	35.0	32.0	0.0	0.0	63.0	90.0	4.0	26.0	81.0	0.0	32.0	32.0	17.0	14.0
0.0	70.0	89.0	9.0	0.0	99.0	79.0	63.0	0.0	0.0	0.0	0.0	63.0	97.0	0.0	51.0	0.0	46.0	59.0	10.0	33.0	0.0	85.0	0.0	41.0	0.0	0.0	39.0	59.0	83.0	87.0	49.0	78.0	66.0	57.0	76.0	94.0	26.0	48.0	54.0	74.0	12.0	68.0	57.0	0.0	82.0	0.0	47.0	68.0	9.0	56.0	0.0	43.0	10.0	0.0	20.0	0.0	0.0	92.0	21.0	0.0	43.0	33.0	55.0	67.0	0.0	45.0	51.0	0.0	0.0	31.0	0.0	35.0	10.0	79.0	92.0	93.0	16.0	49.0	20.0	0.0	31.0	78.0	94.0	30.0	81.0	6.0	7.0	96.0	0.0	15.0	9.0	25.0	47.0	0.0	0.0	29.0	0.0	92.0
23.0	0.0	60.0	61.0	80.0	68.0	0.0	38.0	81.0	0.0	62.0	15.0	27.0	18.0	66.0	80.0	93.0	98.0	0.0	0.0	93.0	68.0	14.0	30.0	15.0	41.0	60.0	95.0	0.0	91.0	68.0	0.0	3.0	24.0	70.0	13.0	7.0	27.0	22.0	0.0	84.0	0.0	63.0	68.0	35.0	59.0	1.0	40.0	0.0	24.0	0.0	0.0	76.0	13.0	32.0	0.0	13.0	56.0	46.0	26.0	77.0	22.0	0.0	69.0	43.0	74.0	24.0	13.0	36.0	78.0	0.0	55.0	61.0	53.0	22.0	43.0	26.0	67.0	15.0	0.0	30.0	0.0	5.0	90.0	0.0	0.0	67.0	0.0	15.0	33.0	43.0	65.0	98.0	72.0	0.0	0.0	0.0	51.0
12.0	36.0	44.0	62.0	16.0	13.0	0.0	24.0	0.0	48.0	11.0	54.0	46.0	24.0	57.0	98.0	0.0	0.0	2.0	72.0	33.0	82.0	0.0	72.0	46.0	0.0	23.0	51.0	11.0	85.0	22.0	58.0	0.0	32.0	50.0	69.0	45.0	14.0	0.0	61.0	95.0	84.0	0.0	41.0	59.0	76.0	100.0	88.0	0.0	9.0	0.0	24.0	20.0	16.0	36.0	0.0	0.0	0.0	70.0	66.0	0.0	82.0	64.0	78.0	24.0	68.0	0.0	67.0	0.0	43.0	16.0	0.0	0.0	14.0	53.0	47.0	100.0	0.0	1.0	0.0	0.0	0.0	0.0	65.0	60.0	42.0	4.0	87.0	1.0	0.0	74.0	64.0	0.0	40.0	54.0	0.0	84.0
0.0	85.0	61.0	0.0	80.0	97.0	67.0	45.0	2.0	13.0	0.0	0.0	96.0	0.0	50.0	2.0	32.0	0.0	92.0	0.0	53.0	10.0	25.0	80.0	47.0	71.0	23.0	87.0	0.0	0.0	6.0	68.0	77.0	39.0	0.0	12.0	9.0	83.0	36.0	16.0	51.0	35.0	72.0	0.0	51.0	0.0	48.0	21.0	2.0	80.0	0.0	7.0	0.0	44.0	2.0	67.0	17.0	0.0	0.0	90.0	43.0	0.0	0.0	30.0	99.0	0.0	30.0	53.0	15.0	10.0	0.0	10.0	44.0	95.0	82.0	0.0	0.0	0.0	6.0	69.0	0.0	0.0	6.0	55.0	69.0	0.0	0.0	0.0	32.0	22.0	27.0	0.0	52.0	59.0	0.0	62.0
11.0	69.0	39.0	0.0	33.0	42.0	54.0	0.0	71.0	61.0	90.0	0.0	0.0	0.0	30.0	5.0	0.0	5.0	50.0	74.0	14.0	50.0	14.0	69.0	40.0	0.0	94.0	22.0	1.0	31.0	70.0	0.0	65.0	53.0	33.0	32.0	0.0	0.0	37.0	29.0	0.0	15.0	12.0	96.0	88.0	44.0	56.0	6.0	41.0	18.0	85.0	21.0	84.0	0.0	53.0	83.0	99.0	0.0	0.0	77.0	32.0	36.0	71.0	61.0	41.0	81.0	53.0	18.0	55.0	0.0	0.0	31.0	84.0	83.0	45.0	71.0	71.0	0.0	57.0	10.0	0.0	45.0	44.0	63.0	0.0	29.0	40.0	48.0	57.0	100.0	0.0	50.0	0.0	68.0	0.0
89.0	0.0	0.0	43.0	33.0	0.0	73.0	3.0	82.0	48.0	50.0	54.0	68.0	13.0	38.0	17.0	46.0	10.0	40.0	68.0	28.0	1.0	89.0	81.0	31.0	79.0	1.0	2.0	0.0	69.0	27.0	87.0	63.0	18.0	0.0	0.0	37.0	59.0	48.0	70.0	59.0	98.0	24.0	0.0	19.0	91.0	0.0	5.0	21.0	46.0	0.0	0.0	23.0	0.0	72.0	20.0	0.0	4.0	76.0	40.0	59.0	17.0	91.0	36.0	0.0	14.0	26.0	94.0	15.0	94.0	0.0	90.0	15.0	81.0	96.0	0.0	88.0	0.0	81.0	89.0	45.0	36.0	74.0	61.0	0.0	0.0	49.0	0.0	76.0	0.0	0.0	21.0	18.0	53.0
52.0	26.0	22.0	28.0	0.0	41.0	77.0	62.0	4.0	0.0	36.0	72.0	85.0	49.0	51.0	20.0	93.0	0.0	32.0	63.0	40.0	75.0	0.0	53.0	38.0	41.0	69.0	0.0	74.0	36.0	63.0	9.0	0.0	78.0	4.0	0.0	95.0	20.0	81.0	0.0	31.0	0.0	56.0	27.0	54.0	60.0	95.0	8.0	15.0	0.0	12.0	2.0	34.0	47.0	0.0	75.0	62.0	0.0	62.0	91.0	0.0	61.0	0.0	76.0	1.0	79.0	48.0	0.0	11.0	57.0	43.0	23.0	23.0	69.0	93.0	95.0	14.0	85.0	0.0	0.0	0.0	3.0	55.0	1.0	0.0	56.0	60.0	19.0	94.0	18.0	0.0	0.0	0.0
18.0	100.0	32.0	7.0	0.0	29.0	0.0	36.0	35.0	1.0	90.0	0.0	0.0	97.0	0.0	39.0	0.0	0.0	5.0	6.0	32.0	0.0	77.0	68.0	0.0	59.0	34.0	81.0	18.0	32.0	0.0	65.0	51.0	0.0	71.0	83.0	0.0	46.0	79.0	66.0	72.0	22.0	15.0	72.0	72.0	45.0	0.0	24.0	57.0	29.0	0.0	95.0	77.0	87.0	76.0	0.0	98.0	35.0	13.0	38.0	0.0	0.0	86.0	48.0	92.0	100.0	0.0	99.0	23.0	28.0	97.0	35.0	46.0	74.0	0.0	29.0	43.0	0.0	61.0	55.0	42.0	87.0	0.0	44.0	96.0	83.0	68.0	25.0	27.0	81.0	21.0	79.0
32.0	0.0	29.0	0.0	0.0	8.0	59.0	0.0	0.0	35.0	99.0	75.0	4.0	79.0	59.0	95.0	53.0	28.0	0.0	75.0	0.0	99.0	14.0	1.0	0.0	54.0	68.0	36.0	86.0	86.0	0.0	68.0	11.0	80.0	0.0	50.0	15.0	6.0	62.0	14.0	0.0	65.0	45.0	66.0	96.0	46.0	22.0	87.0	0.0	52.0	92.0	0.0	80.0	49.0	43.0	0.0	97.0	11.0	0.0	78.0	96.0	79.0	45.0	0.0	0.0	0.0	64.0	19.0	0.0	60.0	83.0	20.0	45.0	29.0	57.0	0.0	0.0	57.0	3.0	95.0	37.0	48.0	1.0	87.0	6.0	0.0	75.0	0.0	45.0	3.0	86.0
81.0	35.0	27.0	97.0	10.0	20.0	46.0	72.0	96.0	15.0	0.0	38.0	13.0	27.0	28.0	30.0	17.0	38.0	85.0	0.0	77.0	0.0	42.0	0.0	37.0	45.0	48.0	41.0	0.0	0.0	31.0	16.0	55.0	94.0	0.0	95.0	99.0	46.0	91.0	0.0	56.0	76.0	0.0	6.0	5.0	91.0	0.0	0.0	70.0	96.0	35.0	92.0	5.0	70.0	0.0	78.0	88.0	98.0	0.0	0.0	0.0	0.0	0.0	94.0	0.0	31.0	20.0	71.0	99.0	0.0	49.0	0.0	11.0	0.0	76.0	0.0	23.0	0.0	75.0	0.0	0.0	0.0	66.0	0.0	74.0	43.0	46.0	58.0	54.0	0.0
58.0	54.0	53.0	0.0	0.0	0.0	97.0	0.0	60.0	0.0	39.0	0.0	51.0	86.0	0.0	11.0	0.0	25.0	0.0	91.0	0.0	47.0	26.0	80.0	26.0	4.0	0.0	43.0	50.0	44.0	0.0	88.0	0.0	49.0	35.0	92.0	37.0	0.0	0.0	40.0	38.0	60.0	88.0	88.0	0.0	40.0	38.0	84.0	9.0	62.0	25.0	57.0	12.0	81.0	74.0	84.0	1.0	42.0	63.0	27.0	61.0	13.0	0.0	77.0	50.0	0.0	91.0	80.0	77.0	17.0	50.0	0.0	0.0	55.0	0.0	77.0	0.0	90.0	50.0	10.0	0.0	0.0	22.0	43.0	54.0	15.0	64.0	0.0	0.0
0.0	58.0	92.0	87.0	0.0	18.0	27.0	17.0	62.0	29.0	24.0	61.0	90.0	1.0	0.0	14.0	74.0	63.0	93.0	79.0	63.0	0.0	74.0	11.0	94.0	68.0	46.0	81.0	33.0	55.0	25.0	79.0	0.0	0.0	0.0	83.0	95.0	0.0	92.0	30.0	0.0	49.0	56.0	0.0	14.0	17.0	12.0	4.0	0.0	54.0	76.0	0.0	48.0	0.0	0.0	80.0	0.0	99.0	54.0	58.0	0.0	29.0	50.0	54.0	62.0	84.0	52.0	24.0	71.0	10.0	43.0	60.0	40.0	99.0	58.0	0.0	89.0	0.0	0.0	0.0	4.0	0.0	34.0	37.0	75.0	0.0	55.0	59.0
77.0	12.0	9.0	95.0	87.0	0.0	81.0	60.0	20.0	0.0	0.0	0.0	21.0	45.0	29.0	91.0	0.0	0.0	51.0	79.0	29.0	66.0	59.0	25.0	27.0	0.0	0.0	0.0	59.0	0.0	54.0	44.0	91.0	8.0	64.0	25.0	0.0	71.0	11.0	32.0	75.0	0.0	0.0	53.0	62.0	7.0	0.0	4.0	0.0	26.0	0.0	53.0	0.0	0.0	49.0	93.0	85.0	28.0	71.0	96.0	0.0	0.0	61.0	0.0	7.0	52.0	44.0	52.0	76.0	82.0	98.0	65.0	95.0	0.0	45.0	58.0	20.0	94.0	43.0	0.0	18.0	46.0	14.0	83.0	0.0	83.0	0.0
45.0	0.0	0.0	74.0	67.0	72.0	29.0	62.0	20.0	17.0	12.0	32.0	90.0	51.0	28.0	0.0	89.0	18.0	50.0	0.0	69.0	0.0	87.0	0.0	89.0	0.0	0.0	0.0	76.0	97.0	79.0	84.0	27.0	92.0	60.0	70.0	51.0	78.0	36.0	0.0	44.0	0.0	60.0	0.0	16.0	0.0	33.0	0.0	50.0	34.0	0.0	0.0	42.0	39.0	88.0	0.0	99.0	37.0	91.0	0.0	19.0	80.0	37.0	86.0	26.0	50.0	63.0	3.0	24.0	52.0	7.0	22.0	74.0	70.0	53.0	40.0	36.0	82.0	0.0	19.0	74.0	40.0	5.0	3.0	64.0	80.0
47.0	70.0	65.0	45.0	6.0	82.0	24.0	0.0	87.0	79.0	71.0	93.0	75.0	0.0	0.0	27.0	0.0	86.0	0.0	81.0	0.0	55.0	16.0	0.0	48.0	0.0	58.0	34.0	41.0	6.0	56.0	54.0	0.0	0.0	86.0	45.0	35.0	40.0	0.0	53.0	5.0	80.0	52.0	0.0	55.0	58.0	99.0	0.0	0.0	0.0	12.0	68.0	0.0	0.0	56.0	30.0	39.0	0.0	100.0	0.0	21.0	81.0	24.0	80.0	28.0	0.0	6.0	0.0	8.0	0.0	22.0	0.0	41.0	96.0	34.0	90.0	0.0	8.0	31.0	33.0	82.0	66.0	56.0	7.0	60.0
0.0	0.0	0.0	1.0	58.0	55.0	78.0	35.0	45.0	37.0	92.0	93.0	27.0	1.0	0.0	70.0	57.0	69.0	76.0	0.0	0.0	1.0	50.0	26.0	78.0	0.0	32.0	83.0	0.0	5.0	61.0	0.0	69.0	93.0	85.0	45.0	0.0	4.0	0.0	16.0	97.0	79.0	60.0	0.0	89.0	55.0	27.0	0.0	94.0	96.0	40.0	52.0	14.0	0.0	8.0	38.0	22.0	0.0	50.0	0.0	37.0	5.0	31.0	0.0	26.0	73.0	41.0	0.0	90.0	86.0	54.0	19.0	0.0	43.0	64.0	3.0	26.0	65.0	37.0	41.0	80.0	0.0	27.0	0.0
59.0	54.0	11.0	0.0	3.0	62.0	21.0	0.0	95.0	43.0	1.0	3.0	0.0	15.0	92.0	83.0	0.0	82.0	13.0	0.0	84.0	0.0	50.0	0.0	82.0	78.0	16.0	77.0	61.0	8.0	19.0	96.0	27.0	47.0	94.0	43.0	61.0	41.0	24.0	3.0	96.0	25.0	46.0	47.0	78.0	37.0	20.0	56.0	47.0	0.0	22.0	0.0	37.0	70.0	0.0	90.0	29.0	18.0	45.0	60.0	12.0	60.0	25.0	0.0	75.0	16.0	98.0	36.0	7.0	26.0	70.0	19.0	98.0	28.0	0.0	0.0	39.0	65.0	57.0	11.0	51.0	87.0	35.0
95.0	11.0	20.0	0.0	100.0	90.0	0.0	0.0	39.0	45.0	68.0	32.0	27.0	59.0	16.0	68.0	97.0	25.0	10.0	9.0	48.0	0.0	29.0	44.0	0.0	0.0	69.0	0.0	18.0	0.0	0.0	25.0	52.0	51.0	28.0	50.0	2.0	0.0	76.0	0.0	0.0	87.0	0.0	29.0	33.0	10.0	3.0	93.0	58.0	66.0	74.0	68.0	21.0	0.0	40.0	33.0	62.0	0.0	0.0	72.0	57.0	75.0	0.0	28.0	60.0	52.0	56.0	81.0	0.0	40.0	3.0	51.0	81.0	18.0	69.0	21.0	0.0	0.0	69.0	7.0	0.0	0.0
29.0	56.0	91.0	12.0	3.0	6.0	27.0	43.0	56.0	38.0	91.0	0.0	41.0	0.0	17.0	4.0	0.0	49.0	28.0	73.0	63.0	78.0	34.0	82.0	0.0	73.0	13.0	9.0	24.0	0.0	23.0	0.0	92.0	84.0	0.0	3.0	20.0	9.0	47.0	0.0	0.0	27.0	91.0	38.0	1.0	52.0	0.0	45.0	61.0	19.0	0.0	98.0	0.0	40.0	58.0	0.0	38.0	78.0	63.0	1.0	55.0	0.0	9.0	0.0	1.0	37.0	51.0	30.0	23.0	0.0	55.0	32.0	0.0	69.0	33.0	0.0	63.0	66.0	1.0	11.0	22.0
0.0	45.0	17.0	60.0	98.0	74.0	63.0	67.0	51.0	69.0	92.0	22.0	53.0	0.0	40.0	0.0	49.0	0.0	16.0	84.0	0.0	46.0	45.0	84.0	44.0	0.0	3.0	7.0	42.0	1.0	68.0	0.0	25.0	49.0	0.0	0.0	0.0	91.0	0.0	6.0	0.0	39.0	81.0	98.0	35.0	34.0	0.0	97.0	83.0	32.0	0.0	90.0	81.0	60.0	79.0	36.0	0.0	99.0	0.0	14.0	58.0	99.0	18.0	0.0	37.0	36.0	45.0	0.0	70.0	32.0	0.0	58.0	92.0	93.0	0.0	0.0	0.0	56.0	0.0	18.0
22.0	0.0	0.0	0.0	57.0	0.0	83.0	93.0	57.0	0.0	61.0	0.0	0.0	0.0	36.0	0.0	0.0	100.0	30.0	43.0	0.0	92.0	1.0	57.0	22.0	0.0	6.0	0.0	54.0	100.0	99.0	0.0	0.0	0.0	36.0	0.0	0.0	27.0	0.0	57.0	0.0	36.0	63.0	44.0	18.0	98.0	70.0	49.0	28.0	98.0	30.0	0.0	96.0	31.0	49.0	41.0	88.0	0.0	0.0	19.0	87.0	97.0	4.0	43.0	0.0	0.0	84.0	89.0	12.0	97.0	87.0	0.0	0.0	67.0	0.0	84.0	81.0	0.0	80.0
0.0	23.0	0.0	20.0	6.0	31.0	86.0	0.0	4.0	0.0	0.0	26.0	58.0	50.0	70.0	0.0	73.0	48.0	60.0	72.0	16.0	66.0	24.0	0.0	0.0	53.0	9.0	93.0	0.0	0.0	90.0	94.0	50.0	0.0	81.0	21.0	72.0	0.0	0.0	26.0	93.0	73.0	44.0	34.0	60.0	0.0	90.0	2.0	0.0	90.0	5.0	0.0	57.0	0.0	63.0	24.0	0.0	0.0	97.0	57.0	8.0	52.0	45.0	33.0	56.0	57.0	0.0	60.0	0.0	77.0	0.0	69.0	35.0	39.0	0.0	55.0	83.0	21.0
0.0	7.0	55.0	87.0	24.0	41.0	0.0	75.0	16.0	10.0	24.0	0.0	59.0	7.0	15.0	67.0	0.0	13.0	40.0	87.0	53.0	81.0	10.0	66.0	0.0	99.0	48.0	98.0	40.0	63.0	47.0	36.0	0.0	17.0	23.0	0.0	46.0	19.0	29.0	77.0	0.0	3.0	0.0	93.0	56.0	7.0	54.0	58.0	21.0	4.0	3.0	2.0	71.0	18.0	7.0	88.0	96.0	3.0	52.0	80.0	54.0	57.0	86.0	25.0	70.0	71.0	58.0	61.0	21.0	99.0	8.0	13.0	68.0	44.0	23.0	8.0	23.0
37.0	79.0	0.0	22.0	0.0	16.0	93.0	80.0	74.0	15.0	0.0	20.0	0.0	74.0	98.0	27.0	57.0	38.0	0.0	60.0	0.0	0.0	26.0	0.0	1.0	35.0	32.0	0.0	26.0	87.0	52.0	17.0	5.0	97.0	0.0	33.0	0.0	36.0	30.0	0.0	85.0	0.0	53.0	57.0	0.0	9.0	63.0	0.0	83.0	0.0	40.0	0.0	98.0	0.0	66.0	68.0	0.0	0.0	19.0	0.0	69.0	0.0	0.0	7.0	29.0	0.0	54.0	0.0	42.0	85.0	74.0	33.0	81.0	50.0	59.0	6.0
0.0	85.0	87.0	77.0	10.0	8.0	49.0	0.0	54.0	41.0	0.0	75.0	68.0	0.0	8.0	42.0	45.0	59.0	78.0	67.0	69.0	63.0	92.0	87.0	30.0	12.0	0.0	81.0	93.0	96.0	99.0	33.0	77.0	0.0	61.0	59.0	19.0	8.0	56.0	40.0	16.0	52.0	1.0	58.0	24.0	89.0	0.0	2.0	0.0	85.0	30.0	0.0	7.0	63.0	13.0	85.0	46.0	66.0	29.0	93.0	99.0	71.0	0.0	31.0	98.0	0.0	0.0	71.0	68.0	27.0	20.0	0.0	0.0	32.0	44.0
0.0	66.0	30.0	43.0	98.0	0.0	0.0	0.0	41.0	4.0	17.0	16.0	64.0	0.0	43.0	0.0	63.0	8.0	32.0	69.0	78.0	0.0	97.0	0.0	74.0	0.0	0.0	32.0	42.0	65.0	98.0	0.0	0.0	22.0	0.0	18.0	73.0	82.0	0.0	28.0	0.0	9.0	4.0	69.0	93.0	28.0	56.0	31.0	9.0	75.0	32.0	24.0	50.0	19.0	0.0	94.0	85.0	94.0	52.0	0.0	2.0	73.0	53.0	0.0	30.0	70.0	0.0	28.0	4.0	0.0	0.0	94.0	43.0	0.0
20.0	0.0	93.0	54.0	99.0	90.0	58.0	5.0	37.0	63.0	0.0	0.0	97.0	94.0	33.0	45.0	0.0	0.0	42.0	0.0	88.0	18.0	0.0	0.0	89.0	49.0	65.0	0.0	27.0	72.0	66.0	100.0	0.0	0.0	92.0	1.0	21.0	55.0	27.0	75.0	80.0	0.0	77.0	62.0	0.0	0.0	0.0	15.0	67.0	0.0	0.0	96.0	0.0	96.0	20.0	87.0	79.0	0.0	70.0	40.0	33.0	94.0	0.0	21.0	80.0	24.0	27.0	0.0	82.0	21.0	48.0	25.0	0.0
0.0	37.0	63.0	18.0	76.0	52.0	75.0	64.0	79.0	88.0	74.0	37.0	0.0	62.0	13.0	0.0	0.0	18.0	96.0	86.0	9.0	56.0	31.0	49.0	50.0	94.0	0.0	93.0	98.0	0.0	77.0	29.0	0.0	90.0	72.0	53.0	65.0	0.0	51.0	24.0	0.0	66.0	75.0	0.0	0.0	36.0	61.0	14.0	49.0	41.0	0.0	72.0	94.0	21.0	38.0	4.0	26.0	51.0	60.0	57.0	100.0	74.0	92.0	41.0	84.0	36.0	0.0	65.0	28.0	52.0	0.0	86.0
91.0	0.0	84.0	0.0	6.0	56.0	79.0	76.0	36.0	5.0	82.0	24.0	0.0	0.0	50.0	93.0	0.0	0.0	55.0	0.0	54.0	73.0	64.0	25.0	24.0	0.0	46.0	9.0	80.0	0.0	0.0	0.0	43.0	0.0	80.0	90.0	17.0	91.0	4.0	64.0	31.0	31.0	73.0	86.0	94.0	0.0	0.0	88.0	61.0	0.0	40.0	54.0	82.0	18.0	43.0	7.0	43.0	82.0	74.0	0.0	18.0	93.0	42.0	19.0	0.0	73.0	20.0	30.0	40.0	48.0	90.0
65.0	57.0	14.0	96.0	37.0	12.0	40.0	32.0	0.0	91.0	26.0	93.0	30.0	24.0	14.0	23.0	0.0	0.0	50.0	68.0	80.0	0.0	0.0	75.0	0.0	0.0	65.0	92.0	30.0	0.0	0.0	58.0	96.0	28.0	0.0	57.0	0.0	98.0	0.0	0.0	76.0	5.0	85.0	94.0	32.0	40.0	30.0	58.0	1.0	83.0	0.0	48.0	45.0	82.0	42.0	26.0	22.0	68.0	0.0	77.0	0.0	37.0	38.0	0.0	97.0	57.0	32.0	53.0	78.0	81.0
51.0	97.0	93.0	44.0	7.0	20.0	0.0	35.0	85.0	9.0	94.0	24.0	18.0	18.0	73.0	38.0	15.0	25.0	0.0	80.0	10.0	58.0	74.0	10.0	32.0	44.0	28.0	91.0	27.0	49.0	39.0	97.0	0.0	30.0	3.0	59.0	0.0	0.0	22.0	74.0	75.0	52.0	44.0	0.0	78.0	30.0	99.0	48.0	0.0	0.0	52.0	2.0	22.0	46.0	35.0	0.0	77.0	0.0	47.0	37.0	63.0	18.0	59.0	18.0	17.0	0.0	79.0	17.0	0.0
44.0	87.0	54.0	0.0	0.0	0.0	55.0	67.0	68.0	0.0	96.0	72.0	73.0	0.0	67.0	48.0	31.0	15.0	0.0	67.0	0.0	0.0	87.0	0.0	88.0	32.0	25.0	0.0	37.0	89.0	10.0	71.0	0.0	72.0	0.0	26.0	75.0	53.0	85.0	0.0	20.0	35.0	91.0	13.0	43.0	70.0	61.0	0.0	41.0	81.0	85.0	63.0	0.0	76.0	25.0	0.0	63.0	86.0	47.0	11.0	0.0	41.0	4.0	2.0	98.0	74.0	4.0	75.0
0.0	27.0	43.0	0.0	17.0	45.0	0.0	24.0	21.0	81.0	87.0	24.0	60.0	64.0	25.0	27.0	39.0	83.0	43.0	45.0	54.0	14.0	66.0	83.0	65.0	0.0	0.0	68.0	18.0	63.0	83.0	65.0	91.0	8.0	3.0	91.0	95.0	88.0	41.0	96.0	26.0	13.0	56.0	0.0	38.0	0.0	25.0	100.0	15.0	42.0	0.0	0.0	0.0	0.0	8.0	0.0	82.0	84.0	62.0	88.0	33.0	0.0	44.0	8.0	0.0	50.0	0.0
20.0	0.0	83.0	2.0	62.0	94.0	0.0	0.0	0.0	100.0	0.0	0.0	92.0	72.0	0.0	58.0	75.0	27.0	25.0	83.0	83.0	21.0	92.0	99.0	59.0	82.0	93.0	0.0	0.0	53.0	5.0	4.0	0.0	72.0	74.0	0.0	97.0	32.0	52.0	19.0	0.0	12.0	0.0	78.0	38.0	95.0	0.0	0.0	98.0	0.0	71.0	50.0	1.0	64.0	0.0	78.0	0.0	65.0	36.0	18.0	0.0	0.0	0.0	0.0	10.0	89.0
88.0	27.0	0.0	29.0	50.0	0.0	35.0	15.0	78.0	7.0	12.0	72.0	8.0	2.0	0.0	43.0	88.0	71.0	0.0	0.0	12.0	87.0	85.0	35.0	60.0	53.0	44.0	0.0	38.0	80.0	60.0	0.0	48.0	0.0	48.0	56.0	76.0	100.0	88.0	35.0	49.0	72.0	91.0	58.0	37.0	46.0	37.0	37.0	38.0	79.0	17.0	43.0	17.0	0.0	63.0	92.0	87.0	35.0	48.0	6.0	95.0	97.0	0.0	24.0	0.0
77.0	19.0	24.0	53.0	10.0	25.0	62.0	4.0	0.0	72.0	0.0	19.0	4.0	0.0	85.0	44.0	2.0	88.0	81.0	54.0	82.0	98.0	73.0	65.0	50.0	22.0	91.0	0.0	13.0	12.0	11.0	36.0	92.0	0.0	83.0	4.0	47.0	55.0	84.0	22.0	4.0	0.0	29.0	0.0	9.0	0.0	13.0	20.0	37.0	98.0	81.0	0.0	0.0	20.0	25.0	0.0	33.0	72.0	0.0	93.0	0.0	46.0	93.0	0.0
68.0	31.0	90.0	23.0	50.0	9.0	0.0	24.0	0.0	56.0	58.0	68.0	44.0	0.0	26.0	1.0	21.0	22.0	27.0	32.0	77.0	7.0	0.0	7.0	17.0	78.0	21.0	62.0	0.0	97.0	3.0	19.0	55.0	46.0	0.0	93.0	86.0	46.0	44.0	8.0	0.0	0.0	30.0	87.0	0.0	37.0	68.0	16.0	68.0	0.0	0.0	24.0	31.0	8.0	4.0	0.0	56.0	26.0	0.0	0.0	72.0	72.0	0.0
52.0	0.0	0.0	2.0	0.0	34.0	47.0	0.0	87.0	52.0	19.0	0.0	41.0	5.0	93.0	43.0	5.0	5.0	38.0	100.0	0.0	74.0	68.0	0.0	43.0	0.0	0.0	48.0	66.0	50.0	29.0	0.0	6.0	60.0	77.0	55.0	0.0	22.0	0.0	78.0	33.0	38.0	0.0	97.0	5.0	0.0	10.0	0.0	24.0	32.0	24.0	88.0	24.0	92.0	0.0	0.0	93.0	0.0	97.0	2.0	0.0	90.0
35.0	25.0	0.0	43.0	72.0	25.0	64.0	28.0	21.0	70.0	86.0	33.0	87.0	0.0	36.0	28.0	58.0	16.0	100.0	87.0	17.0	77.0	0.0	49.0	0.0	25.0	36.0	7.0	48.0	96.0	49.0	46.0	0.0	0.0	25.0	85.0	21.0	71.0	0.0	83.0	14.0	47.0	34.0	96.0	0.0	0.0	81.0	0.0	54.0	0.0	0.0	38.0	74.0	34.0	36.0	32.0	75.0	41.0	0.0	56.0	0.0
31.0	30.0	68.0	62.0	68.0	100.0	10.0	0.0	0.0	82.0	13.0	69.0	34.0	96.0	0.0	39.0	21.0	28.0	74.0	21.0	25.0	0.0	0.0	69.0	12.0	71.0	27.0	0.0	19.0	98.0	92.0	11.0	16.0	18.0	64.0	88.0	81.0	16.0	71.0	99.0	52.0	85.0	46.0	0.0	9.0	9.0	44.0	43.0	0.0	13.0	12.0	0.0	78.0	100.0	0.0	80.0	5.0	0.0	67.0	58.0
35.0	0.0	40.0	91.0	0.0	0.0	0.0	49.0	7.0	0.0	81.0	88.0	0.0	79.0	42.0	0.0	42.0	0.0	35.0	79.0	91.0	51.0	80.0	62.0	39.0	41.0	0.0	70.0	97.0	31.0	53.0	0.0	81.0	0.0	70.0	0.0	70.0	86.0	13.0	55.0	71.0	0.0	2.0	64.0	80.0	36.0	0.0	20.0	69.0	35.0	57.0	0.0	0.0	0.0	18.0	0.0	0.0	73.0	0.0
66.0	65.0	72.0	0.0	50.0	0.0	0.0	82.0	79.0	0.0	79.0	82.0	0.0	0.0	79.0	23.0	0.0	75.0	95.0	24.0	12.0	48.0	95.0	7.0	65.0	57.0	100.0	87.0	3.0	88.0	17.0	19.0	79.0	49.0	70.0	36.0	18.0	56.0	1.0	16.0	0.0	11.0	94.0	38.0	32.0	9.0	22.0	0.0	95.0	0.0	44.0	0.0	0.0	0.0	15.0	0.0	34.0	0.0
19.0	33.0	67.0	0.0	13.0	0.0	93.0	37.0	83.0	0.0	34.0	45.0	0.0	92.0	0.0	0.0	45.0	32.0	52.0	63.0	22.0	81.0	90.0	66.0	86.0	1.0	0.0	0.0	35.0	0.0	18.0	10.0	0.0	56.0	0.0	0.0	0.0	89.0	0.0	97.0	38.0	73.0	26.0	40.0	0.0	96.0	43.0	0.0	20.0	0.0	0.0	0.0	32.0	30.0	26.0	83.0	97.0
0.0	12.0	27.0	18.0	28.0	93.0	0.0	6.0	0.0	91.0	27.0	0.0	0.0	96.0	1.0	86.0	0.0	97.0	58.0	0.0	0.0	54.0	66.0	92.0	96.0	0.0	71.0	25.0	0.0	74.0	80.0	26.0	0.0	56.0	27.0	64.0	8.0	33.0	72.0	0.0	13.0	88.0	27.0	23.0	65.0	97.0	39.0	62.0	0.0	12.0	27.0	0.0	36.0	4.0	96.0	0.0
87.0	87.0	0.0	17.0	0.0	82.0	11.0	55.0	0.0	52.0	0.0	0.0	88.0	63.0	58.0	54.0	20.0	20.0	7.0	97.0	37.0	49.0	2.0	61.0	44.0	49.0	8.0	95.0	71.0	97.0	95.0	86.0	4.0	81.0	57.0	38.0	0.0	0.0	12.0	16.0	53.0	0.0	39.0	53.0	0.0	77.0	0.0	85.0	44.0	68.0	29.0	61.0	34.0	89.0	0.0
6.0	0.0	45.0	23.0	70.0	23.0	22.0	45.0	98.0	92.0	99.0	13.0	81.0	0.0	25.0	22.0	0.0	86.0	29.0	45.0	42.0	56.0	3.0	38.0	54.0	32.0	35.0	11.0	11.0	22.0	70.0	49.0	43.0	0.0	4.0	1.0	100.0	44.0	43.0	70.0	0.0	63.0	5.0	45.0	37.0	4.0	94.0	61.0	0.0	98.0	19.0	52.0	88.0	73.0
0.0	0.0	67.0	1.0	0.0	73.0	82.0	52.0	13.0	0.0	63.0	19.0	84.0	75.0	57.0	0.0	0.0	34.0	50.0	85.0	0.0	47.0	0.0	32.0	54.0	0.0	49.0	61.0	87.0	0.0	56.0	0.0	17.0	75.0	86.0	26.0	85.0	0.0	54.0	0.0	82.0	22.0	46.0	98.0	96.0	0.0	18.0	0.0	45.0	40.0	67.0	43.0	3.0
77.0	0.0	67.0	2.0	89.0	88.0	0.0	77.0	12.0	70.0	0.0	22.0	0.0	70.0	0.0	80.0	34.0	0.0	30.0	24.0	55.0	27.0	98.0	65.0	19.0	15.0	58.0	39.0	48.0	19.0	43.0	60.0	58.0	0.0	92.0	0.0	66.0	0.0	0.0	39.0	47.0	0.0	68.0	0.0	19.0	18.0	0.0	88.0	23.0	41.0	63.0	96.0
81.0	81.0	67.0	0.0	12.0	56.0	27.0	70.0	47.0	43.0	0.0	33.0	0.0	0.0	9.0	85.0	56.0	68.0	46.0	35.0	17.0	22.0	63.0	0.0	0.0	64.0	43.0	0.0	43.0	99.0	86.0	75.0	42.0	0.0	42.0	0.0	86.0	0.0	58.0	11.0	12.0	95.0	0.0	0.0	29.0	0.0	52.0	99.0	58.0	77.0	51.0
9.0	0.0	11.0	3.0	21.0	0.0	9.0	20.0	81.0	2.0	0.0	8.0	0.0	0.0	83.0	6.0	32.0	42.0	91.0	68.0	23.0	0.0	69.0	2.0	46.0	55.0	14.0	96.0	0.0	10.0	49.0	0.0	95.0	20.0	0.0	41.0	87.0	59.0	30.0	53.0	0.0	47.0	19.0	8.0	1.0	68.0	59.0	0.0	0.0	0.0
0.0	27.0	11.0	29.0	0.0	93.0	66.0	56.0	0.0	9.0	63.0	0.0	0.0	39.0	93.0	39.0	58.0	52.0	21.0	90.0	94.0	0.0	51.0	80.0	9.0	27.0	97.0	93.0	0.0	26.0	34.0	79.0	84.0	2.0	15.0	60.0	60.0	42.0	19.0	0.0	0.0	0.0	0.0	0.0	76.0	55.0	65.0	49.0	46.0
20.0	2.0	32.0	6.0	18.0	25.0	40.0	36.0	54.0	9.0	0.0	59.0	47.0	15.0	43.0	0.0	42.0	0.0	97.0	80.0	42.0	52.0	41.0	0.0	18.0	35.0	30.0	31.0	66.0	85.0	0.0	0.0	37.0	36.0	97.0	0.0	0.0	0.0	50.0	0.0	84.0	12.0	0.0	2.0	83.0	13.0	33.0	90.0
91.0	44.0	0.0	58.0	5.0	98.0	94.0	0.0	0.0	32.0	0.0	14.0	97.0	14.0	57.0	86.0	42.0	0.0	24.0	0.0	15.0	0.0	0.0	86.0	87.0	40.0	93.0	21.0	38.0	91.0	0.0	0.0	38.0	48.0	36.0	56.0	0.0	0.0	73.0	55.0	78.0	0.0	0.0	7.0	66.0	59.0	0.0
0.0	41.0	0.0	0.0	89.0	53.0	47.0	14.0	52.0	0.0	51.0	11.0	0.0	96.0	60.0	43.0	0.0	97.0	78.0	37.0	49.0	37.0	97.0	62.0	1.0	90.0	62.0	37.0	0.0	32.0	87.0	0.0	3.0	48.0	95.0	0.0	79.0	0.0	8.0	73.0	35.0	0.0	73.0	22.0	57.0	36.0
62.0	12.0	0.0	1.0	0.0	0.0	45.0	100.0	49.0	44.0	9.0	0.0	0.0	0.0	38.0	0.0	1.0	0.0	100.0	85.0	24.0	95.0	22.0	98.0	39.0	0.0	9.0	17.0	66.0	0.0	0.0	89.0	69.0	4.0	54.0	65.0	90.0	74.0	65.0	24.0	50.0	0.0	2.0	52.0	27.0
87.0	79.0	61.0	24.0	0.0	33.0	1.0	40.0	30.0	74.0	9.0	59.0	0.0	0.0	39.0	64.0	0.0	0.0	0.0	51.0	28.0	0.0	38.0	69.0	21.0	73.0	85.0	84.0	74.0	48.0	87.0	0.0	68.0	0.0	86.0	44.0	99.0	47.0	53.0	0.0	19.0	15.0	71.0	14.0
0.0	30.0	84.0	92.0	44.0	0.0	23.0	28.0	25.0	18.0	0.0	0.0	0.0	0.0	40.0	10.0	13.0	57.0	19.0	0.0	94.0	0.0	17.0	49.0	0.0	19.0	48.0	10.0	34.0	0.0	63.0	12.0	40.0	100.0	92.0	0.0	75.0	68.0	49.0	63.0	0.0	0.0	0.0
84.0	24.0	17.0	47.0	72.0	16.0	87.0	57.0	0.0	70.0	77.0	0.0	98.0	98.0	57.0	68.0	1.0	23.0	6.0	6.0	44.0	8.0	36.0	0.0	33.0	0.0	3.0	0.0	0.0	0.0	77.0	78.0	78.0	0.0	24.0	59.0	94.0	6.0	14.0	64.0	16.0	78.0
79.0	80.0	68.0	0.0	95.0	12.0	2.0	79.0	85.0	0.0	95.0	57.0	38.0	76.0	0.0	90.0	59.0	0.0	74.0	0.0	9.0	24.0	0.0	52.0	3.0	91.0	0.0	21.0	0.0	29.0	63.0	94.0	12.0	89.0	86.0	0.0	78.0	92.0	99.0	51.0	85.0
54.0	14.0	0.0	97.0	36.0	0.0	49.0	2.0	0.0	10.0	32.0	0.0	48.0	37.0	21.0	13.0	0.0	65.0	19.0	46.0	77.0	38.0	95.0	83.0	0.0	0.0	0.0	69.0	22.0	19.0	96.0	96.0	3.0	0.0	92.0	0.0	0.0	8.0	49.0	4.0
61.0	79.0	0.0	100.0	72.0	0.0	74.0	0.0	35.0	81.0	0.0	0.0	14.0	80.0	4.0	0.0	27.0	82.0	82.0	87.0	69.0	37.0	50.0	48.0	28.0	0.0	24.0	71.0	3.0	0.0	25.0	64.0	0.0	9.0	75.0	30.0	75.0	61.0	92.0
0.0	0.0	0.0	0.0	0.0	25.0	77.0	0.0	54.0	0.0	17.0	59.0	65.0	60.0	0.0	59.0	100.0	15.0	56.0	39.0	54.0	2.0	17.0	24.0	61.0	94.0	73.0	67.0	65.0	50.0	74.0	44.0	43.0	0.0	86.0	0.0	27.0	4.0
72.0	0.0	48.0	10.0	24.0	0.0	93.0	37.0	0.0	22.0	7.0	28.0	8.0	41.0	63.0	19.0	0.0	66.0	92.0	89.0	63.0	52.0	61.0	98.0	100.0	48.0	47.0	39.0	73.0	30.0	71.0	63.0	0.0	36.0	69.0	37.0	0.0
26.0	0.0	99.0	85.0	59.0	0.0	76.0	65.0	33.0	77.0	20.0	41.0	0.0	65.0	0.0	66.0	21.0	0.0	77.0	0.0	38.0	0.0	0.0	47.0	72.0	86.0	7.0	0.0	0.0	27.0	78.0	11.0	48.0	19.0	5.0	73.0
0.0	84.0	39.0	74.0	28.0	87.0	21.0	0.0	10.0	16.0	50.0	90.0	85.0	0.0	87.0	41.0	39.0	72.0	0.0	0.0	2.0	13.0	27.0	19.0	51.0	19.0	83.0	44.0	57.0	96.0	59.0	90.0	21.0	58.0	63.0
4.0	71.0	35.0	72.0	25.0	0.0	37.0	0.0	0.0	86.0	56.0	8.0	0.0	66.0	80.0	87.0	85.0	18.0	87.0	48.0	2.0	15.0	0.0	52.0	11.0	0.0	57.0	0.0	47.0	68.0	55.0	28.0	72.0	0.0
96.0	74.0	29.0	36.0	72.0	0.0	53.0	84.0	39.0	33.0	0.0	47.0	70.0	4.0	0.0	0.0	36.0	50.0	82.0	71.0	52.0	0.0	77.0	33.0	2.0	99.0	83.0	0.0	42.0	10.0	61.0	16.0	100.0
17.0	90.0	80.0	15.0	42.0	58.0	26.0	78.0	15.0	0.0	47.0	0.0	0.0	80.0	0.0	79.0	0.0	15.0	64.0	60.0	42.0	0.0	24.0	0.0	81.0	32.0	0.0	0.0	58.0	18.0	13.0	92.0
0.0	0.0	28.0	84.0	0.0	68.0	2.0	17.0	40.0	64.0	0.0	73.0	73.0	0.0	16.0	19.0	22.0	65.0	70.0	0.0	66.0	10.0	74.0	88.0	9.0	15.0	15.0	23.0	57.0	75.0	96.0
27.0	28.0	63.0	0.0	28.0	79.0	93.0	5.0	0.0	83.0	15.0	26.0	0.0	0.0	28.0	57.0	22.0	27.0	75.0	52.0	0.0	46.0	45.0	2.0	53.0	0.0	8.0	94.0	27.0	5.0
68.0	64.0	47.0	78.0	10.0	6.0	0.0	46.0	17.0	52.0	6.0	76.0	10.0	38.0	0.0	0.0	97.0	0.0	55.0	80.0	0.0	88.0	33.0	90.0	50.0	0.0	0.0	23.0	56.0
25.0	0.0	58.0	39.0	0.0	43.0	18.0	72.0	2.0	32.0	12.0	8.0	56.0	0.0	59.0	89.0	83.0	79.0	42.0	30.0	72.0	52.0	36.0	87.0	85.0	0.0	61.0	0.0
0.0	46.0	65.0	14.0	43.0	87.0	16.0	0.0	0.0	67.0	26.0	33.0	79.0	67.0	15.0	87.0	42.0	83.0	92.0	38.0	32.0	8.0	96.0	33.0	37.0	29.0	46.0
0.0	85.0	0.0	3.0	65.0	53.0	54.0	6.0	47.0	66.0	91.0	20.0	7.0	57.0	29.0	0.0	0.0	66.0	12.0	0.0	27.0	14.0	64.0	96.0	12.0	45.0
5.0	96.0	0.0	55.0	53.0	59.0	36.0	0.0	90.0	47.0	29.0	41.0	0.0	9.0	72.0	17.0	71.0	47.0	3.0	45.0	14.0	57.0	18.0	74.0	28.0
0.0	0.0	0.0	75.0	0.0	100.0	23.0	59.0	98.0	94.0	21.0	21.0	20.0	68.0	0.0	90.0	49.0	97.0	48.0	36.0	61.0	8.0	7.0	47.0
58.0	80.0	0.0	0.0	90.0	37.0	89.0	0.0	91.0	0.0	0.0	0.0	46.0	75.0	64.0	98.0	17.0	87.0	18.0	86.0	18.0	8.0	26.0
6.0	35.0	13.0	64.0	37.0	48.0	39.0	29.0	96.0	49.0	98.0	63.0	38.0	93.0	69.0	0.0	20.0	39.0	1.0	44.0	0.0	43.0
17.0	86.0	33.0	0.0	71.0	0.0	43.0	99.0	40.0	59.0	32.0	89.0	0.0	76.0	0.0	11.0	52.0	41.0	13.0	0.0	31.0
52.0	29.0	47.0	49.0	63.0	0.0	0.0	0.0	0.0	94.0	70.0	90.0	0.0	51.0	86.0	0.0	0.0	39.0	0.0	0.0
0.0	76.0	0.0	81.0	0.0	24.0	43.0	29.0	70.0	18.0	10.0	3.0	9.0	46.0	0.0	76.0	62.0	62.0	13.0
98.0	55.0	45.0	54.0	79.0	57.0	85.0	6.0	33.0	41.0	0.0	94.0	91.0	0.0	30.0	58.0	0.0	60.0
17.0	25.0	7.0	48.0	59.0	93.0	0.0	12.0	37.0	0.0	0.0	29.0	49.0	57.0	60.0	0.0	22.0
62.0	30.0	90.0	38.0	63.0	61.0	0.0	87.0	0.0	72.0	43.0	0.0	4.0	0.0	0.0	34.0
0.0	59.0	92.0	99.0	86.0	0.0	0.0	0.0	81.0	72.0	72.0	6.0	65.0	32.0	7.0
0.0	43.0	3.0	51.0	31.0	0.0	89.0	6.0	80.0	44.0	15.0	0.0	33.0	61.0
4.0	72.0	0.0	94.0	10.0	7.0	46.0	0.0	42.0	13.0	6.0	16.0	86.0
45.0	0.0	97.0	62.0	0.0	42.0	37.0	2.0	95.0	0.0	0.0	55.0
23.0	0.0	0.0	0.0	34.0	13.0	60.0	0.0	4.0	78.0	0.0
99.0	29.0	98.0	81.0	62.0	0.0	30.0	21.0	48.0	0.0
97.0	39.0	3.0	69.0	15.0	83.0	76.0	0.0	9.0
67.0	0.0	0.0	0.0	12.0	84.0	99.0	29.0
81.0	0.0	7.0	37.0	86.0	23.0	0.0
50.0	66.0	32.0	0.0	0.0	88.0
0.0	85.0	18.0	4.0	92.0
0.0	23.0	57.0	63.0
0.0	39.0	33.0
85.0	63.0
0.0

19.0	17.0	50.0	10.0	24.0	24.0	26.0	4.0	41.0	1.0	42.0	41.0	14.0	45.0	28.0	15.0	20.0	15.0	26.0	14.0	28.0	12.0	50.0	48.0	3.0	19.0	40.0	33.0	34.0	32.0	38.0	15.0	25.0	40.0	25.0	35.0	31.0	35.0	25.0	12.0	12.0	14.0	2.0	15.0	50.0	34.0	2.0	44.0	41.0	13.0	22.0	50.0	25.0	45.0	47.0	44.0	9.0	34.0	13.0	34.0	7.0	31.0	28.0	23.0	50.0	28.0	34.0	46.0	12.0	36.0	37.0	20.0	35.0	40.0	3.0	24.0	32.0	16.0	19.0	23.0	34.0	16.0	45.0	21.0	42.0	50.0	45.0	18.0	11.0	42.0	41.0	50.0	12.0	9.0	24.0	15.0	5.0	47.0	14.0	31.0

435.52	435.52	435.52	435.52	435.52
