qmkp_200_25_10_002
200
10

0.0	3.0	0.0	0.0	0.0	0.0	0.0	40.0	0.0	0.0	21.0	14.0	0.0	43.0	0.0	0.0	0.0	0.0	46.0	0.0	0.0	89.0	0.0	0.0	0.0	29.0	0.0	0.0	0.0	0.0	51.0	0.0	51.0	0.0	7.0	0.0	0.0	0.0	0.0	47.0	0.0	0.0	0.0	77.0	0.0	0.0	91.0	0.0	0.0	0.0	0.0	0.0	59.0	97.0	91.0	0.0	0.0	76.0	0.0	0.0	0.0	37.0	0.0	0.0	0.0	0.0	0.0	0.0	0.0	87.0	0.0	0.0	98.0	0.0	0.0	0.0	0.0	0.0	79.0	14.0	0.0	0.0	0.0	75.0	0.0	0.0	0.0	0.0	0.0	37.0	17.0	0.0	0.0	57.0	0.0	40.0	0.0	0.0	0.0	0.0	0.0	0.0	0.0	0.0	0.0	0.0	0.0	0.0	0.0	0.0	100.0	0.0	0.0	0.0	0.0	0.0	0.0	0.0	0.0	16.0	0.0	0.0	95.0	73.0	0.0	8.0	0.0	0.0	8.0	78.0	55.0	0.0	0.0	0.0	53.0	0.0	0.0	0.0	29.0	0.0	0.0	0.0	0.0	67.0	0.0	0.0	0.0	0.0	0.0	62.0	85.0	0.0	0.0	0.0	0.0	0.0	0.0	0.0	0.0	0.0	0.0	0.0	0.0	56.0	0.0	0.0	6.0	0.0	0.0	0.0	0.0	94.0	2.0	65.0	0.0	0.0	0.0	63.0	0.0	74.0	0.0	0.0	72.0	54.0	0.0	73.0	20.0	0.0	0.0	0.0	0.0	0.0	0.0	0.0	0.0	61.0	0.0	76.0	76.0	67.0
59.0	57.0	0.0	48.0	0.0	0.0	0.0	0.0	0.0	66.0	63.0	0.0	0.0	0.0	0.0	0.0	0.0	0.0	0.0	0.0	0.0	0.0	0.0	99.0	69.0	0.0	0.0	64.0	0.0	0.0	0.0	0.0	0.0	96.0	0.0	0.0	62.0	0.0	17.0	0.0	0.0	52.0	0.0	0.0	0.0	5.0	0.0	0.0	0.0	40.0	0.0	0.0	0.0	0.0	14.0	0.0	33.0	0.0	0.0	0.0	0.0	0.0	0.0	0.0	0.0	0.0	23.0	0.0	0.0	99.0	0.0	0.0	99.0	47.0	51.0	55.0	0.0	43.0	0.0	0.0	57.0	69.0	0.0	36.0	0.0	0.0	0.0	0.0	38.0	58.0	0.0	0.0	0.0	0.0	0.0	92.0	6.0	0.0	71.0	0.0	0.0	0.0	0.0	0.0	0.0	0.0	0.0	0.0	0.0	0.0	42.0	0.0	0.0	0.0	0.0	0.0	0.0	26.0	73.0	0.0	0.0	0.0	0.0	0.0	0.0	69.0	66.0	0.0	0.0	0.0	0.0	0.0	0.0	0.0	69.0	0.0	0.0	0.0	0.0	0.0	0.0	66.0	0.0	0.0	0.0	0.0	41.0	2.0	0.0	0.0	0.0	55.0	0.0	0.0	0.0	0.0	51.0	0.0	0.0	0.0	99.0	0.0	10.0	0.0	0.0	64.0	0.0	0.0	0.0	44.0	0.0	0.0	0.0	67.0	0.0	80.0	0.0	0.0	95.0	0.0	0.0	31.0	0.0	0.0	0.0	0.0	0.0	0.0	0.0	0.0	57.0	0.0	0.0	0.0	25.0	0.0	0.0	0.0	0.0
0.0	0.0	0.0	2.0	0.0	81.0	0.0	0.0	25.0	0.0	0.0	38.0	72.0	0.0	0.0	32.0	0.0	0.0	41.0	0.0	0.0	0.0	68.0	46.0	0.0	0.0	0.0	0.0	0.0	0.0	0.0	0.0	0.0	0.0	0.0	0.0	0.0	0.0	0.0	0.0	0.0	27.0	0.0	26.0	73.0	0.0	0.0	0.0	58.0	0.0	0.0	0.0	0.0	0.0	0.0	89.0	0.0	36.0	0.0	0.0	0.0	80.0	0.0	0.0	0.0	0.0	0.0	0.0	0.0	0.0	0.0	0.0	0.0	0.0	0.0	0.0	49.0	0.0	74.0	77.0	0.0	0.0	0.0	0.0	0.0	0.0	0.0	94.0	0.0	0.0	0.0	0.0	0.0	0.0	0.0	0.0	0.0	0.0	0.0	0.0	0.0	0.0	0.0	0.0	0.0	0.0	0.0	0.0	0.0	0.0	0.0	0.0	100.0	0.0	0.0	70.0	0.0	0.0	0.0	93.0	0.0	0.0	0.0	0.0	71.0	0.0	67.0	0.0	2.0	39.0	0.0	43.0	71.0	42.0	77.0	0.0	0.0	33.0	2.0	0.0	88.0	0.0	0.0	0.0	0.0	96.0	0.0	0.0	0.0	0.0	44.0	30.0	78.0	0.0	0.0	0.0	68.0	0.0	0.0	36.0	0.0	0.0	0.0	0.0	0.0	48.0	78.0	0.0	0.0	0.0	0.0	82.0	0.0	0.0	0.0	73.0	0.0	0.0	55.0	0.0	37.0	0.0	0.0	42.0	29.0	0.0	0.0	0.0	0.0	0.0	0.0	75.0	0.0	0.0	0.0	89.0	0.0	72.0
0.0	69.0	0.0	0.0	60.0	0.0	0.0	0.0	0.0	8.0	0.0	0.0	0.0	0.0	0.0	0.0	0.0	0.0	0.0	95.0	0.0	0.0	0.0	7.0	0.0	0.0	0.0	0.0	0.0	0.0	0.0	0.0	0.0	2.0	0.0	0.0	0.0	0.0	0.0	48.0	0.0	0.0	48.0	17.0	0.0	0.0	0.0	0.0	0.0	0.0	0.0	97.0	0.0	0.0	0.0	0.0	0.0	0.0	0.0	0.0	0.0	0.0	28.0	0.0	0.0	76.0	74.0	0.0	0.0	0.0	0.0	0.0	0.0	0.0	0.0	94.0	0.0	0.0	0.0	0.0	0.0	0.0	32.0	0.0	57.0	0.0	0.0	0.0	0.0	0.0	0.0	0.0	13.0	0.0	0.0	0.0	99.0	0.0	0.0	4.0	0.0	77.0	0.0	0.0	0.0	0.0	0.0	0.0	18.0	0.0	31.0	0.0	0.0	78.0	0.0	0.0	0.0	0.0	86.0	0.0	0.0	0.0	92.0	0.0	0.0	0.0	49.0	24.0	0.0	97.0	0.0	3.0	0.0	6.0	0.0	0.0	0.0	94.0	0.0	23.0	0.0	0.0	0.0	0.0	0.0	0.0	68.0	0.0	0.0	0.0	0.0	0.0	0.0	16.0	69.0	0.0	0.0	50.0	0.0	0.0	0.0	0.0	0.0	43.0	0.0	0.0	0.0	24.0	0.0	0.0	75.0	0.0	0.0	6.0	0.0	0.0	50.0	1.0	0.0	97.0	91.0	0.0	0.0	0.0	0.0	48.0	65.0	0.0	64.0	0.0	0.0	0.0	0.0	0.0	0.0	0.0	0.0
45.0	0.0	8.0	0.0	0.0	0.0	1.0	0.0	0.0	0.0	67.0	7.0	0.0	0.0	0.0	0.0	0.0	0.0	0.0	60.0	0.0	9.0	85.0	0.0	0.0	0.0	0.0	0.0	0.0	15.0	0.0	0.0	0.0	58.0	0.0	3.0	0.0	0.0	80.0	40.0	0.0	0.0	0.0	0.0	35.0	0.0	18.0	0.0	48.0	0.0	0.0	0.0	0.0	43.0	0.0	0.0	0.0	0.0	0.0	0.0	0.0	0.0	0.0	0.0	0.0	0.0	31.0	73.0	0.0	0.0	0.0	0.0	0.0	0.0	0.0	38.0	17.0	0.0	18.0	0.0	0.0	60.0	0.0	0.0	0.0	0.0	0.0	0.0	0.0	0.0	0.0	0.0	0.0	0.0	61.0	0.0	0.0	100.0	78.0	0.0	71.0	0.0	0.0	0.0	0.0	0.0	0.0	0.0	0.0	88.0	21.0	7.0	3.0	0.0	38.0	0.0	65.0	0.0	0.0	0.0	74.0	29.0	30.0	73.0	0.0	97.0	18.0	0.0	0.0	0.0	0.0	56.0	0.0	0.0	13.0	77.0	83.0	87.0	76.0	0.0	0.0	78.0	91.0	0.0	53.0	0.0	0.0	0.0	0.0	0.0	79.0	0.0	7.0	0.0	0.0	0.0	0.0	24.0	0.0	0.0	0.0	16.0	0.0	0.0	0.0	12.0	0.0	0.0	97.0	0.0	0.0	25.0	0.0	34.0	0.0	0.0	29.0	0.0	0.0	0.0	0.0	0.0	0.0	0.0	30.0	78.0	0.0	0.0	97.0	0.0	0.0	0.0	0.0	0.0	0.0	0.0
0.0	0.0	0.0	0.0	29.0	96.0	0.0	0.0	0.0	0.0	80.0	0.0	0.0	0.0	31.0	0.0	34.0	6.0	9.0	0.0	80.0	0.0	0.0	0.0	0.0	0.0	0.0	0.0	0.0	0.0	0.0	0.0	0.0	0.0	0.0	0.0	0.0	0.0	0.0	71.0	0.0	0.0	0.0	78.0	0.0	12.0	0.0	0.0	22.0	0.0	0.0	0.0	0.0	0.0	59.0	0.0	0.0	82.0	81.0	0.0	0.0	88.0	0.0	0.0	0.0	22.0	0.0	0.0	0.0	0.0	23.0	0.0	0.0	0.0	0.0	88.0	28.0	0.0	0.0	0.0	0.0	0.0	0.0	0.0	0.0	0.0	0.0	85.0	0.0	54.0	0.0	0.0	0.0	75.0	0.0	40.0	0.0	0.0	35.0	11.0	0.0	53.0	0.0	0.0	35.0	0.0	0.0	92.0	0.0	13.0	0.0	0.0	94.0	29.0	65.0	0.0	0.0	0.0	0.0	0.0	58.0	0.0	0.0	0.0	0.0	10.0	0.0	0.0	0.0	0.0	0.0	0.0	0.0	0.0	1.0	0.0	0.0	0.0	0.0	0.0	0.0	61.0	0.0	0.0	0.0	0.0	0.0	0.0	0.0	0.0	0.0	0.0	0.0	0.0	63.0	72.0	0.0	0.0	91.0	73.0	0.0	0.0	0.0	56.0	0.0	0.0	27.0	0.0	0.0	0.0	0.0	72.0	0.0	0.0	24.0	0.0	23.0	0.0	0.0	64.0	0.0	0.0	0.0	0.0	0.0	89.0	44.0	0.0	0.0	0.0	0.0	0.0	60.0	0.0	87.0
0.0	6.0	81.0	0.0	0.0	0.0	0.0	68.0	33.0	53.0	0.0	0.0	0.0	0.0	7.0	0.0	0.0	0.0	0.0	0.0	66.0	0.0	0.0	0.0	0.0	0.0	0.0	50.0	37.0	1.0	27.0	0.0	82.0	0.0	0.0	0.0	0.0	0.0	0.0	0.0	0.0	0.0	96.0	87.0	78.0	0.0	0.0	0.0	0.0	73.0	0.0	0.0	94.0	0.0	0.0	0.0	0.0	0.0	47.0	28.0	0.0	0.0	0.0	0.0	10.0	0.0	0.0	0.0	0.0	0.0	0.0	0.0	0.0	0.0	0.0	18.0	42.0	0.0	0.0	0.0	0.0	0.0	0.0	65.0	0.0	0.0	0.0	0.0	22.0	0.0	14.0	0.0	0.0	0.0	31.0	77.0	0.0	0.0	52.0	0.0	0.0	0.0	23.0	0.0	0.0	0.0	0.0	0.0	0.0	0.0	0.0	0.0	0.0	0.0	0.0	0.0	0.0	12.0	0.0	47.0	0.0	0.0	70.0	0.0	0.0	0.0	0.0	0.0	0.0	0.0	0.0	44.0	0.0	0.0	46.0	0.0	0.0	98.0	0.0	0.0	0.0	0.0	44.0	0.0	0.0	0.0	0.0	0.0	0.0	79.0	84.0	0.0	0.0	68.0	0.0	37.0	1.0	18.0	66.0	100.0	0.0	0.0	0.0	0.0	0.0	84.0	0.0	0.0	19.0	0.0	0.0	10.0	0.0	0.0	0.0	0.0	0.0	0.0	0.0	0.0	0.0	0.0	0.0	16.0	0.0	0.0	0.0	0.0	0.0	75.0	0.0	0.0	9.0	0.0
0.0	12.0	0.0	0.0	0.0	0.0	0.0	0.0	0.0	0.0	0.0	0.0	0.0	0.0	0.0	61.0	0.0	51.0	0.0	0.0	0.0	0.0	0.0	0.0	0.0	0.0	0.0	42.0	0.0	0.0	0.0	0.0	49.0	0.0	0.0	0.0	37.0	0.0	0.0	0.0	0.0	64.0	8.0	0.0	0.0	31.0	0.0	74.0	0.0	0.0	0.0	0.0	0.0	0.0	0.0	1.0	0.0	0.0	0.0	0.0	0.0	0.0	0.0	0.0	0.0	78.0	73.0	0.0	0.0	0.0	0.0	0.0	42.0	4.0	0.0	0.0	0.0	0.0	0.0	0.0	31.0	0.0	0.0	100.0	0.0	0.0	58.0	12.0	0.0	0.0	0.0	0.0	0.0	0.0	84.0	91.0	76.0	0.0	0.0	0.0	22.0	0.0	0.0	0.0	0.0	0.0	43.0	0.0	4.0	0.0	80.0	93.0	0.0	0.0	0.0	0.0	55.0	0.0	0.0	0.0	0.0	0.0	0.0	0.0	0.0	0.0	17.0	0.0	0.0	0.0	0.0	0.0	0.0	0.0	0.0	10.0	43.0	0.0	0.0	0.0	0.0	78.0	0.0	0.0	96.0	0.0	19.0	0.0	0.0	0.0	0.0	98.0	0.0	0.0	0.0	42.0	0.0	0.0	0.0	0.0	0.0	66.0	0.0	0.0	0.0	0.0	0.0	0.0	0.0	0.0	0.0	0.0	66.0	43.0	0.0	0.0	0.0	0.0	72.0	0.0	0.0	0.0	0.0	0.0	63.0	0.0	0.0	0.0	0.0	0.0	0.0	0.0	0.0
0.0	0.0	0.0	19.0	38.0	60.0	0.0	0.0	0.0	0.0	0.0	29.0	0.0	42.0	0.0	61.0	0.0	0.0	0.0	0.0	0.0	0.0	41.0	78.0	0.0	0.0	14.0	0.0	73.0	0.0	0.0	0.0	0.0	0.0	0.0	3.0	0.0	0.0	0.0	83.0	0.0	0.0	0.0	0.0	86.0	0.0	74.0	0.0	0.0	28.0	46.0	0.0	0.0	0.0	0.0	50.0	0.0	0.0	0.0	0.0	22.0	0.0	0.0	0.0	80.0	11.0	0.0	34.0	0.0	0.0	0.0	0.0	0.0	0.0	13.0	81.0	0.0	71.0	0.0	99.0	31.0	0.0	0.0	0.0	0.0	19.0	0.0	0.0	0.0	0.0	0.0	0.0	27.0	0.0	0.0	0.0	0.0	0.0	0.0	0.0	20.0	0.0	0.0	0.0	0.0	0.0	0.0	0.0	0.0	100.0	0.0	0.0	0.0	3.0	0.0	0.0	0.0	77.0	0.0	75.0	0.0	0.0	0.0	0.0	65.0	0.0	0.0	0.0	0.0	0.0	0.0	0.0	0.0	0.0	42.0	53.0	0.0	0.0	0.0	0.0	0.0	83.0	0.0	0.0	0.0	0.0	0.0	0.0	53.0	0.0	0.0	0.0	0.0	86.0	49.0	0.0	74.0	0.0	0.0	45.0	0.0	0.0	0.0	16.0	69.0	0.0	0.0	68.0	97.0	21.0	0.0	0.0	39.0	32.0	0.0	0.0	0.0	92.0	0.0	97.0	33.0	0.0	68.0	0.0	0.0	0.0	72.0	26.0	57.0	0.0	0.0	57.0
0.0	0.0	5.0	0.0	16.0	0.0	69.0	100.0	0.0	0.0	24.0	0.0	0.0	0.0	0.0	0.0	0.0	1.0	0.0	0.0	0.0	0.0	0.0	0.0	39.0	11.0	0.0	0.0	0.0	0.0	0.0	14.0	0.0	0.0	0.0	0.0	0.0	0.0	0.0	0.0	0.0	60.0	0.0	0.0	0.0	0.0	89.0	37.0	0.0	0.0	0.0	0.0	0.0	82.0	0.0	0.0	0.0	0.0	34.0	51.0	0.0	57.0	0.0	0.0	0.0	0.0	0.0	53.0	38.0	0.0	0.0	0.0	0.0	0.0	0.0	0.0	0.0	0.0	0.0	0.0	0.0	0.0	0.0	0.0	0.0	0.0	0.0	23.0	98.0	55.0	0.0	0.0	0.0	25.0	0.0	0.0	0.0	18.0	34.0	0.0	55.0	85.0	0.0	0.0	75.0	0.0	8.0	0.0	64.0	0.0	0.0	0.0	0.0	0.0	30.0	0.0	93.0	40.0	97.0	0.0	0.0	0.0	41.0	0.0	85.0	0.0	0.0	51.0	0.0	0.0	88.0	0.0	85.0	3.0	93.0	0.0	38.0	0.0	0.0	0.0	83.0	0.0	0.0	0.0	0.0	0.0	0.0	62.0	0.0	0.0	0.0	0.0	0.0	0.0	0.0	0.0	0.0	0.0	0.0	0.0	0.0	46.0	99.0	51.0	0.0	0.0	8.0	0.0	0.0	0.0	0.0	0.0	0.0	0.0	0.0	0.0	0.0	0.0	32.0	42.0	0.0	0.0	0.0	0.0	0.0	21.0	0.0	0.0	41.0	0.0	0.0
0.0	0.0	0.0	0.0	0.0	0.0	0.0	0.0	0.0	0.0	0.0	0.0	0.0	0.0	43.0	0.0	96.0	0.0	0.0	0.0	96.0	0.0	0.0	73.0	0.0	6.0	86.0	0.0	0.0	49.0	0.0	70.0	0.0	0.0	0.0	0.0	0.0	0.0	0.0	0.0	0.0	16.0	41.0	0.0	0.0	0.0	0.0	0.0	0.0	0.0	63.0	84.0	2.0	0.0	0.0	0.0	77.0	0.0	0.0	0.0	0.0	0.0	67.0	0.0	0.0	0.0	0.0	0.0	0.0	0.0	0.0	87.0	0.0	0.0	0.0	0.0	0.0	43.0	0.0	0.0	0.0	69.0	0.0	77.0	0.0	15.0	0.0	0.0	0.0	0.0	0.0	0.0	0.0	32.0	0.0	0.0	0.0	42.0	0.0	39.0	56.0	15.0	0.0	0.0	0.0	0.0	0.0	0.0	0.0	65.0	0.0	22.0	0.0	0.0	63.0	29.0	0.0	0.0	0.0	75.0	0.0	0.0	97.0	40.0	0.0	32.0	0.0	55.0	0.0	0.0	0.0	0.0	0.0	0.0	0.0	0.0	0.0	0.0	0.0	14.0	52.0	0.0	0.0	0.0	0.0	0.0	0.0	32.0	0.0	0.0	0.0	0.0	14.0	0.0	70.0	0.0	33.0	7.0	0.0	0.0	75.0	54.0	15.0	0.0	12.0	75.0	11.0	0.0	0.0	0.0	0.0	0.0	0.0	0.0	0.0	0.0	0.0	0.0	0.0	0.0	99.0	0.0	94.0	0.0	0.0	0.0	0.0	51.0	0.0	0.0
83.0	54.0	0.0	0.0	0.0	0.0	1.0	0.0	0.0	0.0	0.0	94.0	71.0	0.0	95.0	0.0	0.0	0.0	16.0	0.0	0.0	36.0	0.0	0.0	0.0	0.0	75.0	0.0	0.0	88.0	0.0	0.0	0.0	0.0	0.0	64.0	47.0	0.0	0.0	0.0	0.0	16.0	0.0	0.0	61.0	0.0	53.0	36.0	0.0	0.0	0.0	38.0	0.0	0.0	75.0	0.0	0.0	0.0	0.0	0.0	0.0	0.0	0.0	0.0	0.0	0.0	0.0	98.0	0.0	0.0	0.0	0.0	0.0	0.0	0.0	100.0	87.0	0.0	0.0	0.0	0.0	72.0	0.0	0.0	0.0	43.0	0.0	0.0	54.0	0.0	0.0	0.0	0.0	0.0	0.0	0.0	0.0	13.0	0.0	0.0	43.0	0.0	0.0	5.0	0.0	0.0	0.0	41.0	0.0	28.0	0.0	0.0	0.0	0.0	0.0	0.0	0.0	6.0	0.0	0.0	91.0	0.0	0.0	0.0	0.0	0.0	0.0	25.0	51.0	0.0	0.0	0.0	0.0	0.0	0.0	0.0	1.0	0.0	0.0	66.0	0.0	0.0	12.0	0.0	0.0	0.0	0.0	0.0	0.0	0.0	98.0	0.0	0.0	0.0	0.0	79.0	0.0	0.0	56.0	0.0	0.0	0.0	0.0	0.0	0.0	51.0	0.0	61.0	0.0	59.0	0.0	4.0	0.0	0.0	9.0	0.0	0.0	99.0	0.0	95.0	0.0	47.0	0.0	0.0	0.0	12.0	0.0	0.0	0.0
0.0	0.0	0.0	0.0	0.0	12.0	0.0	0.0	0.0	0.0	0.0	0.0	0.0	0.0	3.0	0.0	0.0	0.0	43.0	0.0	0.0	0.0	0.0	16.0	0.0	83.0	0.0	0.0	0.0	0.0	0.0	0.0	0.0	0.0	0.0	0.0	57.0	0.0	32.0	0.0	0.0	41.0	0.0	0.0	0.0	0.0	0.0	0.0	0.0	39.0	0.0	88.0	0.0	86.0	0.0	0.0	2.0	0.0	0.0	0.0	0.0	0.0	0.0	43.0	25.0	0.0	88.0	42.0	57.0	0.0	0.0	82.0	0.0	0.0	21.0	0.0	0.0	30.0	0.0	0.0	92.0	0.0	0.0	0.0	91.0	0.0	0.0	0.0	0.0	53.0	0.0	17.0	0.0	0.0	0.0	17.0	0.0	0.0	0.0	0.0	0.0	0.0	0.0	92.0	0.0	0.0	0.0	0.0	0.0	45.0	0.0	0.0	0.0	0.0	0.0	61.0	0.0	0.0	73.0	5.0	0.0	0.0	0.0	53.0	0.0	0.0	0.0	0.0	0.0	0.0	0.0	0.0	21.0	74.0	0.0	0.0	0.0	39.0	0.0	0.0	0.0	97.0	0.0	0.0	0.0	0.0	0.0	0.0	0.0	0.0	58.0	0.0	0.0	0.0	0.0	0.0	0.0	0.0	0.0	0.0	79.0	0.0	48.0	0.0	0.0	0.0	84.0	0.0	0.0	0.0	0.0	0.0	72.0	0.0	0.0	0.0	0.0	25.0	0.0	58.0	16.0	28.0	20.0	18.0	32.0	0.0	82.0	0.0
10.0	96.0	0.0	0.0	0.0	0.0	36.0	0.0	80.0	0.0	69.0	0.0	0.0	0.0	0.0	0.0	0.0	78.0	0.0	34.0	87.0	84.0	0.0	0.0	0.0	0.0	0.0	0.0	0.0	15.0	0.0	0.0	0.0	0.0	0.0	0.0	0.0	0.0	0.0	0.0	67.0	0.0	0.0	0.0	0.0	0.0	0.0	63.0	0.0	0.0	0.0	0.0	0.0	0.0	0.0	92.0	0.0	0.0	0.0	0.0	48.0	0.0	12.0	0.0	0.0	0.0	0.0	0.0	0.0	0.0	0.0	0.0	0.0	0.0	0.0	0.0	0.0	0.0	0.0	0.0	0.0	0.0	0.0	0.0	69.0	0.0	0.0	0.0	27.0	0.0	0.0	14.0	32.0	0.0	0.0	0.0	32.0	0.0	0.0	58.0	0.0	0.0	0.0	0.0	0.0	33.0	0.0	66.0	0.0	0.0	0.0	50.0	43.0	0.0	26.0	0.0	0.0	0.0	0.0	0.0	0.0	0.0	0.0	0.0	0.0	0.0	0.0	0.0	0.0	0.0	0.0	39.0	17.0	90.0	0.0	0.0	0.0	7.0	0.0	0.0	0.0	0.0	9.0	0.0	0.0	0.0	0.0	0.0	0.0	0.0	3.0	0.0	0.0	95.0	0.0	0.0	0.0	0.0	0.0	0.0	0.0	0.0	0.0	0.0	0.0	0.0	0.0	41.0	0.0	0.0	0.0	0.0	90.0	0.0	47.0	0.0	0.0	0.0	0.0	12.0	0.0	0.0	0.0	46.0	95.0	0.0	0.0
0.0	0.0	0.0	92.0	0.0	0.0	0.0	0.0	2.0	35.0	0.0	0.0	0.0	93.0	0.0	66.0	0.0	0.0	0.0	0.0	0.0	0.0	3.0	0.0	0.0	80.0	8.0	0.0	48.0	95.0	32.0	0.0	0.0	0.0	0.0	25.0	0.0	0.0	0.0	0.0	47.0	0.0	0.0	0.0	0.0	0.0	0.0	27.0	0.0	0.0	0.0	83.0	0.0	0.0	75.0	0.0	0.0	0.0	0.0	0.0	33.0	0.0	0.0	0.0	0.0	0.0	0.0	0.0	0.0	0.0	0.0	0.0	0.0	0.0	1.0	0.0	0.0	5.0	0.0	0.0	0.0	36.0	0.0	0.0	0.0	0.0	0.0	0.0	15.0	0.0	0.0	75.0	0.0	16.0	0.0	0.0	0.0	0.0	0.0	29.0	0.0	0.0	0.0	22.0	55.0	0.0	0.0	0.0	0.0	0.0	0.0	0.0	45.0	0.0	0.0	0.0	99.0	0.0	0.0	0.0	52.0	63.0	0.0	0.0	0.0	8.0	0.0	0.0	0.0	0.0	0.0	39.0	0.0	0.0	0.0	0.0	0.0	0.0	0.0	0.0	0.0	0.0	8.0	0.0	94.0	0.0	0.0	0.0	0.0	0.0	0.0	0.0	44.0	0.0	0.0	37.0	80.0	89.0	0.0	0.0	0.0	0.0	0.0	0.0	0.0	0.0	0.0	96.0	0.0	0.0	53.0	0.0	0.0	0.0	0.0	2.0	25.0	0.0	10.0	0.0	0.0	0.0	0.0	0.0	0.0	0.0
0.0	93.0	0.0	0.0	0.0	0.0	0.0	0.0	0.0	5.0	0.0	38.0	0.0	0.0	38.0	0.0	0.0	0.0	0.0	76.0	0.0	0.0	0.0	0.0	0.0	0.0	0.0	0.0	0.0	62.0	9.0	0.0	0.0	0.0	0.0	0.0	0.0	0.0	56.0	0.0	0.0	99.0	0.0	0.0	0.0	0.0	0.0	9.0	12.0	0.0	0.0	0.0	0.0	26.0	0.0	0.0	0.0	0.0	0.0	61.0	0.0	18.0	0.0	62.0	0.0	0.0	90.0	0.0	0.0	0.0	0.0	0.0	0.0	0.0	33.0	0.0	0.0	0.0	0.0	0.0	0.0	0.0	0.0	0.0	87.0	0.0	0.0	0.0	57.0	0.0	0.0	0.0	0.0	0.0	0.0	53.0	0.0	0.0	0.0	0.0	0.0	0.0	0.0	0.0	0.0	0.0	0.0	0.0	65.0	0.0	58.0	0.0	17.0	0.0	0.0	0.0	0.0	0.0	0.0	0.0	0.0	0.0	0.0	0.0	0.0	0.0	11.0	35.0	99.0	0.0	0.0	0.0	0.0	0.0	0.0	0.0	0.0	0.0	0.0	0.0	0.0	0.0	0.0	24.0	0.0	2.0	0.0	0.0	21.0	84.0	0.0	0.0	0.0	0.0	0.0	0.0	0.0	0.0	0.0	0.0	0.0	2.0	0.0	0.0	0.0	0.0	0.0	0.0	0.0	0.0	37.0	56.0	0.0	33.0	0.0	0.0	0.0	0.0	0.0	0.0	28.0	0.0	0.0	0.0	0.0
0.0	0.0	0.0	0.0	86.0	0.0	0.0	0.0	37.0	0.0	0.0	0.0	24.0	0.0	51.0	95.0	0.0	0.0	0.0	0.0	36.0	0.0	0.0	0.0	22.0	18.0	0.0	0.0	4.0	0.0	0.0	0.0	0.0	0.0	26.0	46.0	0.0	76.0	0.0	78.0	35.0	0.0	0.0	54.0	0.0	92.0	0.0	0.0	0.0	0.0	0.0	0.0	0.0	0.0	0.0	0.0	0.0	0.0	53.0	0.0	0.0	0.0	0.0	0.0	0.0	0.0	0.0	0.0	0.0	0.0	0.0	0.0	80.0	0.0	69.0	0.0	0.0	0.0	0.0	0.0	0.0	80.0	0.0	61.0	60.0	0.0	0.0	22.0	0.0	0.0	30.0	0.0	0.0	0.0	0.0	0.0	0.0	0.0	43.0	0.0	46.0	0.0	90.0	0.0	0.0	60.0	0.0	0.0	0.0	0.0	66.0	0.0	0.0	0.0	0.0	0.0	3.0	0.0	0.0	0.0	61.0	60.0	0.0	0.0	0.0	0.0	0.0	0.0	100.0	0.0	0.0	0.0	0.0	0.0	82.0	0.0	65.0	0.0	0.0	0.0	0.0	0.0	0.0	0.0	0.0	89.0	0.0	0.0	0.0	0.0	0.0	0.0	0.0	0.0	0.0	98.0	71.0	0.0	0.0	0.0	31.0	0.0	0.0	75.0	0.0	0.0	0.0	0.0	0.0	0.0	0.0	0.0	0.0	65.0	0.0	0.0	0.0	39.0	0.0	74.0	0.0	0.0	0.0	0.0
0.0	0.0	0.0	72.0	0.0	0.0	0.0	32.0	0.0	0.0	0.0	0.0	0.0	54.0	0.0	0.0	0.0	0.0	0.0	37.0	0.0	19.0	0.0	91.0	0.0	0.0	0.0	76.0	0.0	0.0	0.0	76.0	0.0	0.0	0.0	0.0	43.0	0.0	76.0	0.0	0.0	0.0	0.0	0.0	0.0	51.0	0.0	26.0	0.0	55.0	39.0	0.0	0.0	0.0	0.0	0.0	0.0	0.0	0.0	0.0	0.0	64.0	60.0	95.0	2.0	0.0	0.0	0.0	0.0	0.0	0.0	0.0	87.0	22.0	0.0	0.0	95.0	20.0	0.0	0.0	0.0	91.0	0.0	11.0	0.0	0.0	0.0	0.0	0.0	0.0	0.0	0.0	0.0	0.0	0.0	0.0	0.0	60.0	0.0	0.0	26.0	18.0	0.0	0.0	0.0	0.0	77.0	0.0	0.0	0.0	0.0	0.0	48.0	0.0	0.0	0.0	0.0	0.0	88.0	0.0	0.0	0.0	0.0	0.0	0.0	0.0	0.0	0.0	0.0	0.0	0.0	0.0	0.0	67.0	0.0	31.0	0.0	44.0	46.0	0.0	0.0	96.0	32.0	0.0	0.0	97.0	0.0	0.0	0.0	35.0	0.0	0.0	0.0	0.0	0.0	0.0	0.0	0.0	0.0	0.0	0.0	98.0	0.0	0.0	0.0	0.0	0.0	48.0	64.0	0.0	0.0	0.0	0.0	93.0	0.0	0.0	0.0	0.0	0.0	0.0	0.0	0.0	0.0
0.0	0.0	23.0	0.0	0.0	0.0	0.0	82.0	72.0	0.0	0.0	0.0	0.0	0.0	85.0	68.0	0.0	0.0	0.0	28.0	32.0	0.0	18.0	85.0	2.0	0.0	0.0	13.0	0.0	0.0	98.0	0.0	0.0	0.0	0.0	0.0	0.0	0.0	0.0	0.0	0.0	46.0	0.0	47.0	14.0	31.0	0.0	0.0	0.0	0.0	0.0	59.0	0.0	0.0	56.0	0.0	0.0	0.0	15.0	0.0	98.0	0.0	0.0	0.0	0.0	0.0	0.0	0.0	0.0	0.0	0.0	0.0	0.0	77.0	0.0	0.0	0.0	0.0	0.0	0.0	0.0	18.0	1.0	0.0	26.0	83.0	0.0	0.0	0.0	0.0	0.0	0.0	0.0	0.0	0.0	74.0	0.0	38.0	0.0	68.0	0.0	0.0	0.0	0.0	0.0	0.0	0.0	59.0	51.0	0.0	0.0	87.0	0.0	0.0	0.0	2.0	0.0	0.0	0.0	0.0	56.0	0.0	0.0	0.0	0.0	0.0	0.0	51.0	0.0	0.0	0.0	0.0	10.0	0.0	0.0	0.0	0.0	0.0	0.0	9.0	50.0	0.0	76.0	0.0	36.0	90.0	0.0	0.0	66.0	0.0	32.0	22.0	0.0	0.0	57.0	72.0	0.0	0.0	0.0	0.0	99.0	0.0	14.0	0.0	43.0	0.0	0.0	0.0	0.0	0.0	0.0	0.0	7.0	0.0	91.0	0.0	0.0	0.0	0.0	0.0	0.0	43.0
0.0	52.0	0.0	0.0	0.0	20.0	0.0	15.0	0.0	0.0	0.0	0.0	0.0	0.0	0.0	75.0	10.0	0.0	0.0	0.0	0.0	0.0	0.0	82.0	0.0	0.0	0.0	0.0	0.0	0.0	0.0	0.0	0.0	0.0	0.0	68.0	0.0	0.0	0.0	0.0	0.0	0.0	0.0	81.0	28.0	32.0	0.0	0.0	0.0	0.0	0.0	0.0	37.0	64.0	60.0	0.0	0.0	0.0	0.0	95.0	0.0	0.0	51.0	0.0	0.0	55.0	26.0	44.0	0.0	0.0	0.0	0.0	0.0	0.0	0.0	0.0	0.0	0.0	0.0	93.0	88.0	0.0	0.0	0.0	0.0	0.0	54.0	5.0	0.0	0.0	0.0	0.0	0.0	0.0	81.0	0.0	0.0	0.0	65.0	0.0	0.0	0.0	0.0	0.0	0.0	48.0	30.0	0.0	38.0	0.0	91.0	0.0	0.0	0.0	0.0	0.0	0.0	35.0	0.0	0.0	29.0	0.0	90.0	0.0	0.0	0.0	13.0	0.0	0.0	0.0	4.0	0.0	0.0	0.0	0.0	0.0	25.0	0.0	0.0	0.0	39.0	0.0	46.0	0.0	58.0	17.0	61.0	0.0	0.0	0.0	0.0	0.0	0.0	0.0	0.0	54.0	0.0	96.0	51.0	0.0	0.0	0.0	0.0	0.0	0.0	0.0	87.0	0.0	0.0	78.0	0.0	0.0	0.0	21.0	0.0	0.0	2.0	0.0	0.0	0.0	0.0
0.0	0.0	0.0	0.0	0.0	0.0	39.0	0.0	0.0	0.0	0.0	0.0	55.0	0.0	0.0	0.0	0.0	28.0	0.0	0.0	0.0	22.0	90.0	46.0	0.0	0.0	0.0	0.0	69.0	28.0	36.0	0.0	76.0	79.0	18.0	91.0	0.0	0.0	0.0	13.0	0.0	17.0	0.0	59.0	0.0	71.0	63.0	26.0	0.0	0.0	53.0	0.0	90.0	0.0	0.0	0.0	81.0	17.0	36.0	0.0	0.0	0.0	0.0	0.0	82.0	40.0	0.0	0.0	0.0	0.0	0.0	0.0	0.0	16.0	0.0	57.0	0.0	0.0	0.0	0.0	0.0	0.0	0.0	0.0	42.0	0.0	29.0	0.0	0.0	0.0	0.0	0.0	0.0	0.0	92.0	0.0	0.0	97.0	0.0	0.0	0.0	0.0	0.0	0.0	0.0	0.0	0.0	75.0	48.0	0.0	0.0	0.0	0.0	0.0	0.0	0.0	0.0	8.0	0.0	0.0	0.0	0.0	0.0	0.0	0.0	0.0	0.0	0.0	0.0	37.0	14.0	8.0	0.0	0.0	0.0	55.0	0.0	0.0	24.0	0.0	0.0	0.0	0.0	59.0	0.0	0.0	0.0	0.0	40.0	0.0	0.0	0.0	0.0	0.0	32.0	0.0	0.0	0.0	0.0	0.0	0.0	0.0	0.0	0.0	0.0	0.0	0.0	0.0	14.0	97.0	0.0	47.0	0.0	0.0	0.0	0.0	0.0	0.0	0.0	0.0
59.0	0.0	0.0	56.0	0.0	0.0	77.0	0.0	0.0	0.0	0.0	0.0	0.0	0.0	0.0	52.0	0.0	14.0	0.0	0.0	0.0	0.0	0.0	35.0	0.0	79.0	11.0	0.0	0.0	0.0	0.0	97.0	40.0	0.0	0.0	0.0	0.0	0.0	0.0	0.0	0.0	0.0	0.0	0.0	0.0	0.0	55.0	81.0	0.0	0.0	76.0	0.0	0.0	0.0	91.0	0.0	0.0	28.0	0.0	0.0	0.0	0.0	0.0	0.0	28.0	0.0	0.0	0.0	60.0	78.0	41.0	0.0	0.0	41.0	0.0	0.0	88.0	0.0	24.0	20.0	0.0	0.0	0.0	0.0	69.0	0.0	0.0	0.0	0.0	0.0	0.0	0.0	0.0	0.0	0.0	11.0	0.0	0.0	0.0	0.0	0.0	0.0	0.0	0.0	0.0	0.0	0.0	0.0	0.0	0.0	0.0	0.0	0.0	72.0	66.0	0.0	33.0	0.0	36.0	60.0	0.0	91.0	0.0	0.0	74.0	0.0	30.0	56.0	0.0	0.0	0.0	0.0	0.0	0.0	0.0	0.0	18.0	0.0	45.0	0.0	94.0	0.0	0.0	0.0	0.0	19.0	0.0	0.0	0.0	0.0	0.0	38.0	74.0	51.0	0.0	0.0	0.0	0.0	0.0	0.0	0.0	0.0	0.0	49.0	0.0	0.0	99.0	0.0	0.0	0.0	83.0	0.0	0.0	0.0	0.0	0.0	0.0	0.0	0.0
89.0	0.0	0.0	53.0	94.0	0.0	0.0	0.0	0.0	0.0	0.0	0.0	48.0	59.0	0.0	0.0	0.0	29.0	0.0	0.0	0.0	12.0	0.0	0.0	63.0	0.0	0.0	0.0	0.0	0.0	0.0	0.0	0.0	0.0	88.0	0.0	0.0	0.0	9.0	0.0	0.0	0.0	0.0	0.0	0.0	0.0	56.0	0.0	0.0	14.0	0.0	0.0	0.0	0.0	43.0	1.0	0.0	75.0	76.0	0.0	31.0	0.0	0.0	4.0	0.0	50.0	85.0	0.0	0.0	0.0	0.0	0.0	33.0	0.0	0.0	56.0	0.0	0.0	0.0	0.0	0.0	33.0	0.0	0.0	0.0	11.0	0.0	0.0	0.0	0.0	0.0	0.0	0.0	0.0	70.0	0.0	0.0	0.0	0.0	50.0	0.0	93.0	0.0	0.0	5.0	0.0	0.0	0.0	0.0	0.0	0.0	1.0	9.0	20.0	93.0	0.0	0.0	0.0	0.0	0.0	0.0	75.0	50.0	0.0	0.0	0.0	89.0	0.0	77.0	0.0	84.0	21.0	0.0	28.0	0.0	52.0	0.0	0.0	0.0	0.0	94.0	0.0	37.0	0.0	0.0	0.0	0.0	0.0	25.0	0.0	0.0	0.0	0.0	0.0	0.0	0.0	0.0	0.0	0.0	0.0	0.0	36.0	74.0	0.0	0.0	0.0	0.0	9.0	0.0	0.0	0.0	0.0	36.0	0.0	0.0	0.0	0.0	0.0
0.0	0.0	0.0	0.0	0.0	0.0	0.0	0.0	0.0	0.0	0.0	31.0	91.0	48.0	0.0	45.0	0.0	0.0	0.0	0.0	0.0	0.0	0.0	39.0	90.0	0.0	0.0	0.0	0.0	0.0	0.0	25.0	0.0	0.0	0.0	0.0	17.0	5.0	67.0	0.0	0.0	79.0	0.0	0.0	0.0	0.0	0.0	0.0	0.0	0.0	85.0	94.0	0.0	0.0	0.0	0.0	76.0	91.0	0.0	0.0	0.0	0.0	0.0	38.0	0.0	72.0	33.0	0.0	0.0	30.0	0.0	0.0	0.0	70.0	0.0	77.0	0.0	55.0	0.0	0.0	53.0	0.0	15.0	0.0	0.0	0.0	0.0	70.0	41.0	0.0	57.0	0.0	0.0	0.0	0.0	0.0	0.0	0.0	0.0	85.0	0.0	0.0	85.0	0.0	40.0	0.0	13.0	0.0	0.0	65.0	0.0	0.0	0.0	0.0	0.0	0.0	0.0	0.0	0.0	0.0	0.0	65.0	71.0	55.0	0.0	0.0	0.0	0.0	11.0	0.0	0.0	33.0	23.0	0.0	40.0	0.0	93.0	0.0	0.0	98.0	0.0	0.0	0.0	0.0	0.0	0.0	0.0	0.0	0.0	0.0	0.0	0.0	0.0	0.0	0.0	0.0	0.0	0.0	0.0	0.0	87.0	82.0	0.0	0.0	0.0	0.0	98.0	0.0	0.0	0.0	0.0	0.0	0.0	0.0	0.0	60.0	0.0
0.0	0.0	39.0	0.0	77.0	0.0	0.0	0.0	77.0	0.0	0.0	0.0	0.0	0.0	0.0	0.0	0.0	0.0	0.0	14.0	50.0	0.0	0.0	43.0	0.0	0.0	68.0	0.0	0.0	0.0	93.0	28.0	0.0	0.0	0.0	0.0	34.0	0.0	21.0	39.0	0.0	0.0	56.0	0.0	0.0	0.0	0.0	0.0	0.0	0.0	0.0	0.0	0.0	33.0	0.0	0.0	0.0	0.0	0.0	0.0	93.0	47.0	0.0	0.0	0.0	18.0	0.0	0.0	0.0	0.0	0.0	6.0	14.0	0.0	0.0	0.0	3.0	0.0	64.0	46.0	0.0	48.0	27.0	20.0	0.0	0.0	0.0	0.0	63.0	0.0	0.0	40.0	0.0	0.0	0.0	40.0	17.0	0.0	0.0	0.0	0.0	92.0	0.0	100.0	0.0	0.0	0.0	0.0	0.0	0.0	0.0	0.0	0.0	61.0	0.0	14.0	0.0	44.0	92.0	86.0	0.0	0.0	0.0	0.0	0.0	0.0	68.0	0.0	0.0	0.0	92.0	0.0	0.0	0.0	0.0	0.0	0.0	0.0	0.0	0.0	0.0	0.0	0.0	0.0	0.0	0.0	68.0	0.0	0.0	0.0	0.0	26.0	0.0	0.0	40.0	0.0	0.0	0.0	63.0	0.0	0.0	0.0	0.0	0.0	0.0	0.0	0.0	74.0	0.0	0.0	0.0	0.0	0.0	0.0	85.0	32.0
0.0	0.0	0.0	0.0	0.0	0.0	34.0	0.0	0.0	0.0	0.0	96.0	0.0	0.0	0.0	0.0	0.0	25.0	0.0	72.0	0.0	95.0	0.0	0.0	0.0	0.0	5.0	0.0	0.0	0.0	12.0	0.0	0.0	0.0	0.0	0.0	0.0	0.0	86.0	0.0	0.0	0.0	0.0	0.0	0.0	0.0	80.0	0.0	0.0	24.0	0.0	0.0	0.0	0.0	0.0	94.0	0.0	0.0	0.0	0.0	0.0	0.0	0.0	48.0	0.0	0.0	97.0	0.0	0.0	0.0	0.0	0.0	0.0	0.0	0.0	0.0	0.0	0.0	0.0	0.0	92.0	0.0	0.0	0.0	0.0	26.0	0.0	0.0	0.0	0.0	0.0	0.0	0.0	31.0	0.0	30.0	97.0	0.0	0.0	0.0	0.0	91.0	0.0	0.0	0.0	0.0	0.0	0.0	73.0	0.0	22.0	0.0	67.0	0.0	0.0	0.0	91.0	0.0	0.0	41.0	0.0	0.0	0.0	0.0	42.0	0.0	0.0	0.0	58.0	0.0	0.0	0.0	0.0	0.0	0.0	0.0	0.0	0.0	0.0	0.0	94.0	47.0	0.0	0.0	0.0	0.0	0.0	30.0	0.0	0.0	28.0	1.0	0.0	0.0	0.0	0.0	0.0	0.0	0.0	0.0	21.0	0.0	70.0	70.0	99.0	0.0	36.0	47.0	0.0	0.0	0.0	0.0	0.0	0.0	47.0
72.0	24.0	0.0	0.0	0.0	7.0	0.0	0.0	0.0	0.0	0.0	0.0	0.0	0.0	33.0	0.0	0.0	0.0	0.0	0.0	0.0	49.0	0.0	0.0	42.0	64.0	0.0	45.0	0.0	27.0	0.0	0.0	36.0	0.0	99.0	0.0	0.0	6.0	36.0	27.0	0.0	0.0	0.0	0.0	89.0	75.0	0.0	0.0	9.0	74.0	0.0	0.0	0.0	0.0	76.0	0.0	0.0	80.0	24.0	0.0	19.0	0.0	0.0	0.0	0.0	0.0	0.0	0.0	0.0	0.0	20.0	0.0	0.0	0.0	0.0	0.0	0.0	0.0	0.0	0.0	0.0	0.0	0.0	0.0	14.0	0.0	0.0	0.0	0.0	88.0	0.0	0.0	0.0	0.0	92.0	0.0	0.0	0.0	95.0	0.0	0.0	0.0	100.0	0.0	0.0	87.0	0.0	0.0	70.0	0.0	0.0	70.0	0.0	0.0	33.0	0.0	54.0	0.0	0.0	2.0	6.0	99.0	0.0	0.0	0.0	0.0	0.0	0.0	78.0	0.0	47.0	0.0	0.0	0.0	0.0	73.0	27.0	0.0	0.0	0.0	0.0	0.0	0.0	0.0	0.0	79.0	65.0	0.0	37.0	0.0	0.0	0.0	0.0	0.0	0.0	0.0	22.0	0.0	0.0	0.0	69.0	0.0	0.0	0.0	0.0	0.0	0.0	15.0	0.0	0.0	0.0	0.0	0.0	0.0
0.0	0.0	78.0	0.0	0.0	0.0	2.0	0.0	0.0	0.0	0.0	0.0	0.0	50.0	0.0	95.0	0.0	93.0	0.0	0.0	7.0	0.0	0.0	0.0	0.0	0.0	0.0	0.0	0.0	0.0	96.0	0.0	96.0	0.0	0.0	28.0	0.0	0.0	0.0	0.0	0.0	0.0	0.0	0.0	0.0	0.0	38.0	0.0	0.0	0.0	0.0	0.0	0.0	0.0	0.0	0.0	0.0	0.0	0.0	0.0	0.0	0.0	0.0	0.0	0.0	0.0	77.0	59.0	28.0	0.0	0.0	0.0	63.0	38.0	0.0	0.0	0.0	0.0	0.0	0.0	0.0	0.0	0.0	58.0	99.0	0.0	0.0	0.0	0.0	9.0	0.0	80.0	32.0	73.0	0.0	0.0	0.0	0.0	2.0	80.0	0.0	0.0	0.0	0.0	0.0	0.0	0.0	0.0	0.0	36.0	22.0	41.0	0.0	77.0	0.0	0.0	0.0	54.0	0.0	7.0	0.0	0.0	0.0	14.0	23.0	20.0	0.0	0.0	0.0	87.0	0.0	0.0	0.0	0.0	51.0	80.0	0.0	98.0	0.0	0.0	0.0	40.0	0.0	0.0	0.0	0.0	0.0	60.0	68.0	0.0	0.0	0.0	0.0	0.0	0.0	0.0	0.0	0.0	0.0	40.0	0.0	0.0	50.0	0.0	0.0	0.0	0.0	16.0	0.0	90.0	0.0	85.0	0.0
86.0	25.0	0.0	71.0	0.0	74.0	0.0	0.0	0.0	0.0	0.0	0.0	0.0	14.0	4.0	75.0	0.0	0.0	0.0	0.0	0.0	0.0	0.0	0.0	19.0	0.0	0.0	0.0	0.0	0.0	0.0	0.0	0.0	0.0	39.0	0.0	46.0	0.0	0.0	0.0	0.0	0.0	0.0	0.0	0.0	0.0	17.0	79.0	99.0	75.0	0.0	72.0	0.0	0.0	41.0	0.0	0.0	0.0	0.0	0.0	0.0	18.0	0.0	0.0	15.0	54.0	0.0	65.0	47.0	87.0	86.0	0.0	34.0	0.0	73.0	0.0	0.0	62.0	66.0	58.0	81.0	0.0	0.0	0.0	14.0	0.0	0.0	86.0	0.0	46.0	0.0	0.0	99.0	0.0	0.0	0.0	0.0	26.0	32.0	0.0	66.0	0.0	0.0	0.0	0.0	0.0	0.0	16.0	0.0	12.0	0.0	37.0	0.0	0.0	0.0	0.0	0.0	0.0	0.0	25.0	0.0	18.0	55.0	0.0	0.0	0.0	0.0	86.0	0.0	0.0	0.0	94.0	92.0	0.0	0.0	0.0	0.0	0.0	0.0	44.0	0.0	66.0	0.0	92.0	0.0	0.0	0.0	0.0	0.0	0.0	0.0	0.0	34.0	70.0	0.0	0.0	0.0	0.0	70.0	8.0	0.0	0.0	0.0	0.0	35.0	0.0	0.0	0.0	47.0	0.0	0.0	0.0
78.0	0.0	0.0	6.0	18.0	0.0	0.0	0.0	92.0	78.0	0.0	0.0	0.0	0.0	0.0	59.0	8.0	0.0	40.0	47.0	0.0	0.0	0.0	0.0	0.0	49.0	0.0	0.0	30.0	0.0	0.0	73.0	0.0	0.0	0.0	0.0	97.0	21.0	0.0	92.0	0.0	0.0	0.0	0.0	41.0	0.0	0.0	0.0	76.0	0.0	6.0	0.0	0.0	4.0	0.0	47.0	0.0	0.0	0.0	0.0	35.0	0.0	0.0	27.0	0.0	0.0	0.0	0.0	0.0	0.0	0.0	0.0	0.0	0.0	0.0	0.0	0.0	0.0	0.0	58.0	67.0	0.0	0.0	29.0	54.0	0.0	0.0	21.0	0.0	0.0	0.0	0.0	78.0	89.0	93.0	0.0	0.0	48.0	0.0	6.0	91.0	0.0	0.0	0.0	0.0	0.0	0.0	80.0	0.0	46.0	56.0	72.0	0.0	12.0	76.0	0.0	0.0	0.0	2.0	59.0	0.0	12.0	0.0	0.0	0.0	65.0	0.0	0.0	98.0	0.0	0.0	0.0	0.0	0.0	0.0	0.0	0.0	0.0	3.0	0.0	31.0	41.0	0.0	0.0	0.0	0.0	0.0	0.0	46.0	12.0	0.0	0.0	0.0	0.0	0.0	0.0	0.0	0.0	0.0	0.0	44.0	70.0	0.0	0.0	70.0	0.0	0.0	0.0	0.0	0.0	0.0
0.0	0.0	0.0	77.0	0.0	0.0	2.0	0.0	0.0	0.0	2.0	0.0	59.0	0.0	39.0	0.0	0.0	99.0	45.0	0.0	0.0	0.0	0.0	0.0	39.0	0.0	0.0	0.0	0.0	93.0	0.0	0.0	0.0	0.0	0.0	0.0	0.0	24.0	0.0	0.0	0.0	0.0	0.0	0.0	0.0	0.0	0.0	0.0	0.0	88.0	0.0	0.0	0.0	0.0	0.0	0.0	0.0	31.0	6.0	0.0	0.0	0.0	0.0	0.0	0.0	0.0	0.0	74.0	42.0	35.0	70.0	0.0	0.0	0.0	0.0	43.0	0.0	0.0	0.0	68.0	0.0	2.0	0.0	0.0	0.0	0.0	0.0	95.0	83.0	0.0	0.0	0.0	0.0	0.0	77.0	22.0	0.0	0.0	4.0	0.0	36.0	10.0	61.0	80.0	71.0	0.0	60.0	0.0	0.0	0.0	44.0	0.0	42.0	100.0	54.0	0.0	0.0	86.0	0.0	32.0	0.0	0.0	0.0	0.0	0.0	0.0	0.0	0.0	0.0	0.0	87.0	65.0	52.0	0.0	0.0	0.0	0.0	0.0	0.0	76.0	0.0	0.0	0.0	0.0	0.0	0.0	0.0	0.0	0.0	37.0	0.0	0.0	0.0	0.0	0.0	0.0	0.0	0.0	58.0	0.0	0.0	99.0	92.0	0.0	0.0	0.0	0.0	0.0	78.0	0.0
0.0	0.0	0.0	0.0	0.0	16.0	75.0	0.0	0.0	49.0	0.0	0.0	81.0	0.0	0.0	0.0	4.0	25.0	0.0	8.0	0.0	0.0	39.0	0.0	0.0	100.0	0.0	97.0	36.0	0.0	0.0	12.0	90.0	0.0	0.0	0.0	10.0	0.0	0.0	0.0	32.0	34.0	0.0	0.0	0.0	0.0	0.0	0.0	0.0	0.0	0.0	0.0	0.0	0.0	0.0	0.0	0.0	0.0	0.0	0.0	45.0	0.0	0.0	53.0	0.0	78.0	0.0	0.0	0.0	0.0	0.0	0.0	0.0	25.0	0.0	0.0	3.0	6.0	0.0	0.0	0.0	0.0	0.0	0.0	0.0	0.0	0.0	0.0	0.0	0.0	0.0	0.0	0.0	49.0	0.0	0.0	0.0	0.0	0.0	0.0	0.0	69.0	0.0	46.0	0.0	0.0	3.0	0.0	0.0	0.0	0.0	0.0	0.0	0.0	0.0	71.0	0.0	21.0	100.0	73.0	0.0	0.0	0.0	0.0	84.0	27.0	0.0	0.0	30.0	21.0	0.0	0.0	22.0	0.0	0.0	0.0	0.0	0.0	0.0	0.0	0.0	0.0	0.0	0.0	0.0	17.0	69.0	46.0	0.0	0.0	0.0	0.0	19.0	0.0	0.0	0.0	0.0	0.0	0.0	0.0	0.0	0.0	0.0	94.0	0.0	0.0	78.0	0.0	0.0
0.0	0.0	0.0	0.0	0.0	0.0	54.0	0.0	0.0	0.0	0.0	0.0	0.0	32.0	21.0	0.0	0.0	0.0	0.0	0.0	0.0	67.0	0.0	0.0	16.0	0.0	0.0	0.0	83.0	68.0	0.0	0.0	0.0	0.0	0.0	0.0	0.0	62.0	0.0	0.0	0.0	46.0	0.0	36.0	75.0	0.0	73.0	0.0	88.0	0.0	0.0	0.0	0.0	100.0	0.0	98.0	0.0	0.0	0.0	0.0	0.0	0.0	0.0	42.0	0.0	1.0	0.0	0.0	70.0	0.0	92.0	0.0	0.0	67.0	0.0	0.0	0.0	49.0	0.0	24.0	0.0	0.0	40.0	52.0	0.0	0.0	41.0	0.0	65.0	0.0	0.0	0.0	0.0	0.0	0.0	0.0	0.0	0.0	0.0	0.0	0.0	28.0	0.0	0.0	0.0	0.0	0.0	0.0	17.0	1.0	85.0	0.0	0.0	0.0	0.0	96.0	0.0	0.0	0.0	0.0	0.0	0.0	0.0	0.0	0.0	0.0	0.0	0.0	35.0	0.0	0.0	0.0	0.0	0.0	0.0	0.0	0.0	2.0	0.0	14.0	82.0	0.0	0.0	54.0	0.0	0.0	0.0	0.0	0.0	99.0	0.0	0.0	0.0	0.0	9.0	81.0	0.0	0.0	60.0	51.0	0.0	0.0	0.0	85.0	0.0	34.0	0.0	0.0
0.0	0.0	0.0	0.0	72.0	76.0	0.0	0.0	0.0	0.0	0.0	0.0	0.0	0.0	0.0	0.0	87.0	0.0	0.0	0.0	66.0	14.0	0.0	0.0	0.0	27.0	51.0	20.0	0.0	81.0	0.0	0.0	0.0	0.0	0.0	88.0	0.0	0.0	0.0	0.0	68.0	0.0	79.0	0.0	77.0	0.0	0.0	96.0	31.0	0.0	0.0	0.0	0.0	0.0	0.0	0.0	79.0	0.0	57.0	10.0	0.0	0.0	5.0	0.0	0.0	0.0	38.0	0.0	0.0	4.0	0.0	0.0	0.0	85.0	0.0	0.0	70.0	0.0	0.0	51.0	0.0	68.0	0.0	0.0	69.0	0.0	0.0	0.0	0.0	46.0	0.0	0.0	84.0	3.0	47.0	32.0	0.0	63.0	0.0	0.0	0.0	28.0	0.0	0.0	0.0	0.0	0.0	0.0	0.0	45.0	0.0	0.0	0.0	0.0	0.0	0.0	0.0	0.0	6.0	0.0	20.0	0.0	0.0	41.0	44.0	28.0	0.0	0.0	75.0	68.0	0.0	0.0	0.0	0.0	0.0	0.0	1.0	12.0	0.0	82.0	0.0	0.0	0.0	0.0	0.0	0.0	0.0	0.0	83.0	0.0	0.0	0.0	0.0	0.0	0.0	90.0	0.0	0.0	0.0	59.0	99.0	0.0	0.0	56.0	0.0	23.0	0.0
0.0	0.0	0.0	0.0	0.0	0.0	0.0	10.0	0.0	0.0	0.0	0.0	0.0	0.0	0.0	0.0	0.0	42.0	0.0	0.0	0.0	0.0	14.0	23.0	0.0	78.0	0.0	0.0	0.0	77.0	78.0	0.0	0.0	0.0	71.0	47.0	0.0	0.0	0.0	0.0	0.0	0.0	0.0	13.0	0.0	0.0	0.0	0.0	0.0	0.0	58.0	0.0	0.0	0.0	0.0	0.0	0.0	0.0	0.0	77.0	0.0	0.0	0.0	0.0	0.0	0.0	97.0	0.0	0.0	0.0	0.0	0.0	0.0	0.0	0.0	0.0	0.0	0.0	0.0	0.0	97.0	19.0	0.0	34.0	47.0	0.0	83.0	0.0	0.0	0.0	0.0	0.0	0.0	0.0	90.0	0.0	0.0	0.0	0.0	0.0	0.0	17.0	0.0	2.0	0.0	0.0	0.0	0.0	0.0	0.0	0.0	0.0	68.0	5.0	0.0	0.0	0.0	0.0	26.0	70.0	0.0	0.0	0.0	0.0	0.0	0.0	0.0	49.0	53.0	41.0	79.0	94.0	0.0	12.0	46.0	0.0	0.0	0.0	0.0	0.0	0.0	0.0	0.0	0.0	36.0	0.0	98.0	43.0	0.0	69.0	0.0	0.0	0.0	0.0	0.0	0.0	0.0	63.0	81.0	0.0	0.0	0.0	0.0	0.0	74.0	21.0
24.0	0.0	0.0	0.0	0.0	0.0	71.0	0.0	66.0	0.0	0.0	0.0	0.0	0.0	0.0	63.0	0.0	0.0	0.0	0.0	0.0	0.0	0.0	0.0	0.0	0.0	0.0	23.0	38.0	73.0	88.0	68.0	0.0	0.0	0.0	76.0	0.0	0.0	78.0	35.0	0.0	0.0	61.0	0.0	93.0	0.0	0.0	0.0	58.0	0.0	99.0	84.0	2.0	21.0	5.0	0.0	0.0	79.0	0.0	0.0	0.0	74.0	0.0	0.0	0.0	0.0	0.0	0.0	0.0	89.0	91.0	0.0	0.0	0.0	0.0	0.0	0.0	0.0	93.0	0.0	0.0	0.0	0.0	6.0	0.0	89.0	30.0	0.0	0.0	0.0	0.0	4.0	0.0	62.0	20.0	0.0	0.0	0.0	18.0	0.0	0.0	0.0	41.0	0.0	52.0	2.0	28.0	0.0	0.0	95.0	95.0	0.0	0.0	0.0	0.0	0.0	0.0	0.0	5.0	65.0	0.0	0.0	94.0	0.0	24.0	32.0	0.0	0.0	14.0	0.0	68.0	6.0	0.0	0.0	0.0	49.0	0.0	76.0	0.0	0.0	0.0	0.0	0.0	0.0	38.0	0.0	0.0	0.0	0.0	0.0	7.0	0.0	0.0	0.0	0.0	0.0	50.0	45.0	0.0	0.0	56.0	0.0	0.0	0.0	0.0
0.0	0.0	0.0	0.0	0.0	0.0	0.0	67.0	0.0	0.0	0.0	0.0	0.0	0.0	83.0	0.0	8.0	76.0	56.0	0.0	0.0	0.0	0.0	0.0	0.0	0.0	88.0	0.0	0.0	52.0	0.0	0.0	0.0	0.0	0.0	0.0	0.0	86.0	0.0	100.0	0.0	0.0	0.0	90.0	21.0	0.0	94.0	0.0	0.0	49.0	4.0	0.0	0.0	0.0	0.0	0.0	0.0	0.0	0.0	0.0	0.0	0.0	0.0	63.0	0.0	0.0	0.0	0.0	0.0	0.0	0.0	0.0	66.0	0.0	0.0	0.0	66.0	0.0	19.0	0.0	79.0	0.0	39.0	36.0	41.0	76.0	0.0	0.0	0.0	66.0	0.0	0.0	0.0	0.0	0.0	0.0	0.0	0.0	0.0	0.0	0.0	0.0	0.0	0.0	0.0	0.0	0.0	0.0	0.0	0.0	0.0	0.0	0.0	0.0	0.0	38.0	82.0	30.0	0.0	0.0	42.0	0.0	0.0	0.0	0.0	0.0	0.0	0.0	0.0	75.0	0.0	0.0	0.0	0.0	60.0	0.0	0.0	0.0	97.0	59.0	0.0	0.0	0.0	0.0	96.0	0.0	52.0	57.0	45.0	92.0	0.0	0.0	0.0	0.0	0.0	3.0	0.0	0.0	61.0	0.0	0.0	0.0	55.0	0.0
0.0	0.0	90.0	0.0	0.0	0.0	0.0	0.0	77.0	88.0	77.0	0.0	0.0	0.0	0.0	0.0	0.0	0.0	0.0	0.0	72.0	0.0	0.0	0.0	0.0	0.0	0.0	0.0	0.0	0.0	50.0	0.0	0.0	0.0	96.0	0.0	0.0	0.0	0.0	0.0	0.0	0.0	0.0	60.0	0.0	0.0	0.0	0.0	0.0	85.0	8.0	0.0	0.0	0.0	97.0	63.0	0.0	0.0	64.0	0.0	48.0	0.0	0.0	0.0	0.0	0.0	0.0	86.0	0.0	96.0	43.0	0.0	0.0	0.0	29.0	0.0	0.0	0.0	82.0	40.0	0.0	48.0	71.0	0.0	0.0	0.0	0.0	11.0	0.0	0.0	0.0	0.0	0.0	0.0	0.0	0.0	97.0	0.0	0.0	0.0	99.0	41.0	0.0	0.0	0.0	0.0	0.0	0.0	0.0	0.0	0.0	14.0	0.0	0.0	93.0	0.0	0.0	0.0	0.0	0.0	0.0	0.0	0.0	0.0	0.0	0.0	0.0	70.0	65.0	4.0	0.0	0.0	0.0	83.0	0.0	0.0	79.0	0.0	39.0	0.0	80.0	26.0	0.0	0.0	0.0	0.0	0.0	0.0	87.0	29.0	0.0	0.0	0.0	0.0	0.0	0.0	0.0	0.0	0.0	0.0	0.0	26.0	0.0
0.0	0.0	0.0	0.0	0.0	0.0	0.0	0.0	0.0	0.0	38.0	0.0	15.0	0.0	0.0	0.0	0.0	0.0	0.0	0.0	0.0	76.0	36.0	0.0	0.0	0.0	0.0	0.0	0.0	0.0	0.0	0.0	0.0	0.0	0.0	0.0	0.0	0.0	0.0	0.0	0.0	0.0	0.0	0.0	0.0	0.0	0.0	0.0	0.0	0.0	92.0	0.0	74.0	9.0	0.0	38.0	0.0	0.0	42.0	0.0	0.0	0.0	0.0	0.0	0.0	0.0	9.0	0.0	20.0	50.0	45.0	0.0	0.0	97.0	0.0	0.0	0.0	0.0	0.0	0.0	23.0	67.0	0.0	9.0	0.0	0.0	74.0	67.0	0.0	0.0	0.0	18.0	0.0	0.0	0.0	0.0	0.0	0.0	0.0	0.0	47.0	0.0	0.0	0.0	0.0	30.0	0.0	0.0	0.0	0.0	22.0	75.0	0.0	0.0	0.0	19.0	0.0	0.0	0.0	0.0	35.0	0.0	0.0	0.0	0.0	21.0	0.0	0.0	0.0	0.0	0.0	0.0	77.0	0.0	65.0	0.0	0.0	0.0	0.0	26.0	0.0	0.0	0.0	0.0	3.0	54.0	0.0	79.0	0.0	0.0	0.0	59.0	0.0	42.0	59.0	0.0	4.0	0.0	0.0	0.0	0.0	0.0
0.0	0.0	0.0	0.0	0.0	0.0	36.0	0.0	0.0	0.0	0.0	0.0	0.0	0.0	28.0	0.0	3.0	0.0	0.0	0.0	51.0	91.0	0.0	0.0	0.0	54.0	0.0	97.0	0.0	0.0	0.0	0.0	0.0	32.0	0.0	0.0	0.0	0.0	0.0	7.0	0.0	40.0	0.0	0.0	0.0	34.0	0.0	0.0	89.0	52.0	0.0	0.0	0.0	53.0	0.0	0.0	0.0	0.0	61.0	0.0	0.0	0.0	0.0	0.0	0.0	51.0	0.0	0.0	0.0	0.0	0.0	0.0	19.0	0.0	0.0	0.0	0.0	79.0	0.0	91.0	0.0	90.0	0.0	11.0	0.0	23.0	57.0	0.0	0.0	0.0	58.0	68.0	0.0	43.0	62.0	0.0	0.0	36.0	0.0	0.0	0.0	0.0	40.0	0.0	50.0	0.0	0.0	0.0	0.0	65.0	0.0	0.0	8.0	0.0	0.0	0.0	0.0	0.0	0.0	0.0	0.0	0.0	0.0	27.0	0.0	0.0	0.0	0.0	0.0	28.0	86.0	0.0	0.0	0.0	0.0	0.0	4.0	0.0	0.0	0.0	0.0	0.0	0.0	0.0	0.0	0.0	0.0	0.0	64.0	0.0	42.0	0.0	0.0	0.0	5.0	0.0	50.0	0.0	0.0	0.0	0.0
76.0	0.0	0.0	0.0	0.0	0.0	0.0	75.0	0.0	0.0	0.0	0.0	89.0	0.0	0.0	0.0	0.0	64.0	0.0	0.0	59.0	0.0	0.0	0.0	0.0	0.0	0.0	93.0	62.0	0.0	57.0	0.0	79.0	0.0	0.0	0.0	93.0	0.0	0.0	0.0	42.0	0.0	0.0	0.0	8.0	0.0	0.0	0.0	0.0	92.0	0.0	0.0	52.0	0.0	0.0	0.0	75.0	0.0	88.0	0.0	0.0	0.0	0.0	0.0	0.0	0.0	0.0	0.0	0.0	0.0	0.0	0.0	0.0	0.0	0.0	98.0	0.0	17.0	0.0	0.0	0.0	0.0	0.0	0.0	0.0	87.0	0.0	0.0	0.0	0.0	0.0	0.0	0.0	89.0	1.0	0.0	0.0	42.0	0.0	0.0	0.0	0.0	0.0	28.0	0.0	43.0	0.0	0.0	0.0	0.0	0.0	0.0	41.0	0.0	0.0	30.0	0.0	0.0	0.0	0.0	0.0	0.0	0.0	13.0	0.0	0.0	0.0	0.0	0.0	0.0	0.0	0.0	15.0	0.0	68.0	0.0	0.0	0.0	0.0	0.0	19.0	50.0	67.0	0.0	0.0	81.0	0.0	0.0	57.0	12.0	73.0	51.0	0.0	0.0	30.0	97.0	0.0	0.0	9.0	0.0
0.0	49.0	33.0	20.0	0.0	69.0	0.0	0.0	0.0	0.0	0.0	54.0	7.0	0.0	0.0	0.0	0.0	0.0	0.0	0.0	0.0	63.0	24.0	0.0	0.0	94.0	0.0	5.0	0.0	0.0	86.0	0.0	0.0	0.0	0.0	0.0	0.0	82.0	0.0	95.0	0.0	0.0	0.0	0.0	45.0	0.0	0.0	0.0	0.0	0.0	75.0	94.0	0.0	0.0	0.0	0.0	0.0	0.0	0.0	0.0	0.0	0.0	0.0	0.0	0.0	0.0	0.0	53.0	69.0	0.0	0.0	0.0	0.0	0.0	0.0	85.0	0.0	75.0	0.0	5.0	0.0	73.0	0.0	0.0	10.0	98.0	0.0	0.0	0.0	0.0	0.0	59.0	0.0	9.0	0.0	0.0	0.0	40.0	0.0	0.0	0.0	0.0	0.0	78.0	0.0	47.0	0.0	0.0	0.0	0.0	0.0	24.0	53.0	0.0	0.0	0.0	66.0	0.0	0.0	99.0	0.0	0.0	0.0	53.0	0.0	0.0	0.0	0.0	0.0	0.0	0.0	0.0	0.0	0.0	0.0	0.0	0.0	16.0	0.0	9.0	0.0	0.0	0.0	0.0	0.0	0.0	0.0	0.0	0.0	84.0	0.0	0.0	0.0	2.0	0.0	0.0	0.0	0.0	0.0
0.0	0.0	0.0	0.0	8.0	0.0	0.0	0.0	0.0	0.0	30.0	0.0	0.0	75.0	0.0	37.0	0.0	0.0	0.0	75.0	0.0	0.0	0.0	0.0	0.0	0.0	0.0	0.0	0.0	0.0	0.0	0.0	0.0	0.0	0.0	17.0	0.0	0.0	0.0	0.0	3.0	0.0	0.0	0.0	0.0	0.0	0.0	0.0	0.0	0.0	0.0	0.0	0.0	0.0	0.0	0.0	74.0	93.0	0.0	0.0	0.0	0.0	0.0	0.0	2.0	33.0	0.0	0.0	0.0	0.0	38.0	0.0	0.0	23.0	0.0	0.0	0.0	0.0	0.0	79.0	0.0	0.0	96.0	9.0	0.0	0.0	4.0	0.0	0.0	40.0	0.0	25.0	0.0	7.0	0.0	44.0	0.0	95.0	0.0	0.0	0.0	9.0	0.0	0.0	91.0	0.0	43.0	8.0	0.0	0.0	0.0	0.0	0.0	0.0	0.0	57.0	0.0	17.0	57.0	0.0	0.0	0.0	9.0	0.0	0.0	46.0	49.0	0.0	55.0	0.0	0.0	0.0	0.0	0.0	0.0	0.0	98.0	27.0	31.0	0.0	48.0	0.0	0.0	0.0	0.0	0.0	0.0	0.0	0.0	0.0	0.0	0.0	0.0	0.0	16.0	0.0	0.0	0.0
0.0	0.0	0.0	0.0	0.0	0.0	57.0	0.0	27.0	0.0	0.0	0.0	0.0	0.0	0.0	0.0	0.0	41.0	0.0	0.0	0.0	0.0	72.0	0.0	0.0	0.0	0.0	0.0	0.0	0.0	0.0	57.0	0.0	0.0	0.0	0.0	0.0	0.0	0.0	0.0	54.0	87.0	0.0	0.0	0.0	0.0	0.0	0.0	54.0	0.0	59.0	0.0	0.0	0.0	0.0	6.0	43.0	0.0	60.0	0.0	0.0	0.0	0.0	0.0	0.0	0.0	82.0	0.0	77.0	0.0	0.0	0.0	0.0	45.0	0.0	90.0	0.0	94.0	0.0	0.0	0.0	0.0	81.0	0.0	0.0	97.0	0.0	0.0	0.0	0.0	0.0	0.0	0.0	0.0	6.0	0.0	1.0	0.0	0.0	0.0	0.0	0.0	0.0	0.0	0.0	0.0	0.0	3.0	0.0	56.0	0.0	0.0	0.0	0.0	0.0	0.0	96.0	73.0	33.0	0.0	43.0	23.0	0.0	0.0	0.0	0.0	0.0	0.0	0.0	0.0	0.0	0.0	0.0	0.0	12.0	0.0	0.0	0.0	0.0	0.0	0.0	0.0	0.0	0.0	0.0	55.0	0.0	0.0	0.0	0.0	0.0	86.0	0.0	23.0	19.0	0.0	0.0
0.0	0.0	0.0	53.0	14.0	10.0	0.0	0.0	0.0	0.0	0.0	0.0	0.0	34.0	0.0	0.0	0.0	0.0	0.0	24.0	0.0	0.0	0.0	0.0	64.0	9.0	94.0	79.0	0.0	0.0	0.0	55.0	0.0	95.0	0.0	0.0	93.0	0.0	0.0	0.0	99.0	0.0	0.0	20.0	0.0	0.0	0.0	85.0	3.0	0.0	0.0	86.0	0.0	0.0	0.0	90.0	0.0	59.0	0.0	0.0	0.0	35.0	0.0	0.0	0.0	0.0	0.0	0.0	0.0	0.0	0.0	72.0	0.0	0.0	0.0	0.0	0.0	45.0	0.0	49.0	0.0	0.0	0.0	0.0	0.0	6.0	0.0	46.0	0.0	0.0	0.0	0.0	0.0	27.0	0.0	0.0	0.0	0.0	0.0	0.0	62.0	0.0	0.0	0.0	0.0	31.0	0.0	46.0	49.0	25.0	0.0	0.0	30.0	79.0	0.0	64.0	88.0	0.0	0.0	0.0	0.0	0.0	0.0	22.0	80.0	0.0	0.0	50.0	0.0	0.0	0.0	0.0	0.0	0.0	0.0	0.0	21.0	0.0	0.0	0.0	78.0	0.0	77.0	0.0	0.0	0.0	0.0	0.0	0.0	0.0	0.0	0.0	0.0	0.0	0.0	0.0
0.0	0.0	44.0	0.0	0.0	0.0	0.0	71.0	0.0	0.0	29.0	0.0	0.0	0.0	0.0	30.0	47.0	0.0	0.0	11.0	0.0	90.0	0.0	0.0	29.0	88.0	0.0	66.0	3.0	0.0	0.0	0.0	0.0	0.0	0.0	0.0	0.0	0.0	28.0	0.0	0.0	0.0	0.0	5.0	0.0	0.0	0.0	0.0	0.0	93.0	0.0	0.0	72.0	0.0	92.0	0.0	0.0	0.0	0.0	0.0	0.0	73.0	0.0	0.0	0.0	0.0	64.0	79.0	0.0	0.0	0.0	0.0	0.0	0.0	28.0	0.0	0.0	0.0	68.0	75.0	0.0	0.0	0.0	34.0	19.0	0.0	0.0	88.0	0.0	0.0	0.0	0.0	0.0	90.0	68.0	74.0	0.0	0.0	0.0	0.0	0.0	86.0	0.0	0.0	0.0	0.0	0.0	0.0	0.0	0.0	45.0	0.0	0.0	0.0	0.0	67.0	0.0	0.0	1.0	0.0	0.0	0.0	0.0	0.0	0.0	0.0	0.0	0.0	0.0	0.0	0.0	0.0	4.0	0.0	0.0	0.0	0.0	0.0	0.0	74.0	0.0	0.0	0.0	0.0	0.0	0.0	0.0	0.0	54.0	0.0	0.0	0.0	0.0	0.0	0.0
0.0	0.0	0.0	84.0	0.0	0.0	0.0	0.0	88.0	99.0	0.0	0.0	0.0	0.0	0.0	0.0	0.0	0.0	43.0	78.0	0.0	14.0	0.0	0.0	0.0	0.0	0.0	80.0	0.0	0.0	0.0	0.0	71.0	0.0	0.0	0.0	0.0	0.0	0.0	0.0	0.0	3.0	63.0	0.0	71.0	0.0	0.0	0.0	2.0	0.0	0.0	0.0	16.0	0.0	0.0	87.0	0.0	97.0	0.0	54.0	0.0	0.0	0.0	0.0	0.0	38.0	0.0	0.0	0.0	0.0	50.0	0.0	45.0	0.0	0.0	0.0	0.0	39.0	0.0	18.0	0.0	0.0	0.0	0.0	0.0	0.0	0.0	0.0	3.0	99.0	93.0	0.0	0.0	0.0	86.0	0.0	0.0	0.0	42.0	0.0	0.0	0.0	30.0	71.0	0.0	49.0	0.0	0.0	0.0	0.0	54.0	27.0	0.0	0.0	0.0	0.0	0.0	32.0	0.0	28.0	0.0	0.0	87.0	0.0	0.0	0.0	40.0	0.0	0.0	0.0	0.0	0.0	0.0	3.0	12.0	0.0	21.0	0.0	0.0	0.0	97.0	0.0	0.0	0.0	0.0	55.0	0.0	0.0	0.0	0.0	0.0	89.0	0.0	0.0
0.0	0.0	0.0	81.0	96.0	0.0	0.0	33.0	0.0	0.0	0.0	0.0	0.0	0.0	0.0	0.0	0.0	0.0	0.0	91.0	68.0	94.0	0.0	0.0	0.0	0.0	0.0	0.0	0.0	0.0	0.0	0.0	0.0	0.0	0.0	0.0	80.0	36.0	0.0	0.0	0.0	42.0	21.0	0.0	81.0	0.0	96.0	75.0	92.0	0.0	0.0	0.0	35.0	0.0	0.0	0.0	0.0	0.0	17.0	0.0	38.0	0.0	0.0	7.0	39.0	0.0	0.0	70.0	0.0	0.0	0.0	0.0	0.0	0.0	0.0	0.0	0.0	39.0	0.0	0.0	0.0	0.0	61.0	0.0	0.0	0.0	0.0	0.0	0.0	0.0	0.0	0.0	0.0	0.0	0.0	0.0	0.0	38.0	88.0	0.0	44.0	0.0	0.0	0.0	7.0	0.0	0.0	0.0	0.0	0.0	0.0	47.0	0.0	8.0	0.0	49.0	0.0	82.0	63.0	0.0	0.0	31.0	0.0	0.0	3.0	9.0	92.0	0.0	0.0	75.0	0.0	0.0	0.0	0.0	0.0	34.0	0.0	0.0	0.0	35.0	47.0	0.0	0.0	0.0	0.0	0.0	47.0	0.0	0.0	0.0	0.0	0.0	0.0
45.0	0.0	0.0	41.0	0.0	50.0	0.0	0.0	0.0	0.0	0.0	51.0	0.0	55.0	0.0	86.0	0.0	0.0	0.0	77.0	31.0	44.0	0.0	63.0	0.0	0.0	0.0	0.0	0.0	0.0	0.0	0.0	0.0	0.0	0.0	0.0	0.0	0.0	0.0	0.0	0.0	71.0	75.0	0.0	27.0	51.0	0.0	0.0	35.0	0.0	0.0	3.0	0.0	94.0	0.0	43.0	0.0	33.0	0.0	0.0	0.0	0.0	0.0	0.0	0.0	0.0	0.0	60.0	37.0	0.0	0.0	37.0	0.0	0.0	0.0	0.0	0.0	0.0	0.0	0.0	0.0	0.0	23.0	0.0	0.0	0.0	0.0	0.0	0.0	56.0	0.0	0.0	0.0	0.0	0.0	41.0	0.0	22.0	0.0	0.0	0.0	43.0	23.0	0.0	0.0	0.0	0.0	0.0	0.0	0.0	0.0	0.0	27.0	0.0	0.0	0.0	0.0	0.0	0.0	0.0	4.0	0.0	0.0	0.0	0.0	0.0	0.0	17.0	0.0	0.0	0.0	0.0	0.0	66.0	0.0	0.0	0.0	0.0	91.0	0.0	0.0	0.0	0.0	0.0	0.0	4.0	0.0	0.0	0.0	0.0	0.0	0.0
0.0	0.0	0.0	0.0	0.0	19.0	56.0	0.0	0.0	0.0	25.0	0.0	0.0	0.0	0.0	11.0	0.0	87.0	0.0	0.0	88.0	0.0	0.0	0.0	0.0	93.0	0.0	0.0	0.0	0.0	0.0	0.0	80.0	0.0	0.0	49.0	62.0	0.0	0.0	0.0	74.0	0.0	0.0	0.0	0.0	0.0	0.0	30.0	0.0	0.0	0.0	0.0	30.0	57.0	0.0	0.0	0.0	0.0	0.0	50.0	0.0	0.0	82.0	0.0	0.0	0.0	93.0	0.0	0.0	0.0	0.0	0.0	0.0	62.0	37.0	0.0	0.0	0.0	0.0	0.0	0.0	0.0	0.0	0.0	0.0	0.0	41.0	0.0	0.0	0.0	0.0	0.0	0.0	0.0	0.0	0.0	0.0	0.0	0.0	0.0	22.0	0.0	43.0	0.0	0.0	76.0	0.0	0.0	0.0	0.0	0.0	0.0	0.0	0.0	0.0	0.0	0.0	0.0	0.0	10.0	0.0	0.0	0.0	0.0	0.0	0.0	0.0	32.0	0.0	27.0	0.0	82.0	0.0	0.0	81.0	0.0	0.0	0.0	0.0	0.0	0.0	0.0	0.0	0.0	97.0	0.0	0.0	0.0	0.0	0.0	88.0
0.0	0.0	0.0	35.0	0.0	21.0	0.0	42.0	60.0	0.0	0.0	0.0	0.0	0.0	0.0	76.0	0.0	0.0	0.0	0.0	1.0	0.0	0.0	23.0	0.0	14.0	0.0	0.0	0.0	0.0	0.0	13.0	0.0	0.0	0.0	99.0	26.0	0.0	0.0	0.0	21.0	51.0	0.0	0.0	0.0	0.0	0.0	0.0	0.0	0.0	0.0	73.0	0.0	7.0	0.0	44.0	0.0	0.0	0.0	0.0	0.0	0.0	0.0	0.0	0.0	0.0	42.0	0.0	0.0	21.0	0.0	0.0	14.0	0.0	0.0	52.0	0.0	0.0	0.0	0.0	58.0	0.0	0.0	0.0	0.0	0.0	0.0	0.0	0.0	0.0	0.0	0.0	0.0	8.0	0.0	0.0	44.0	0.0	0.0	0.0	0.0	0.0	0.0	0.0	0.0	0.0	0.0	0.0	19.0	0.0	0.0	0.0	0.0	0.0	0.0	0.0	0.0	0.0	87.0	0.0	0.0	0.0	0.0	0.0	0.0	14.0	34.0	0.0	0.0	0.0	0.0	0.0	0.0	0.0	34.0	0.0	0.0	0.0	0.0	0.0	0.0	0.0	0.0	95.0	0.0	0.0	39.0	0.0	70.0	0.0
0.0	0.0	0.0	0.0	0.0	0.0	0.0	0.0	0.0	0.0	7.0	2.0	63.0	0.0	57.0	0.0	0.0	0.0	0.0	23.0	0.0	0.0	0.0	0.0	0.0	0.0	0.0	79.0	0.0	0.0	0.0	0.0	57.0	0.0	84.0	45.0	0.0	0.0	0.0	0.0	0.0	37.0	82.0	21.0	0.0	0.0	0.0	0.0	0.0	0.0	76.0	0.0	0.0	0.0	0.0	0.0	0.0	0.0	0.0	0.0	0.0	19.0	0.0	12.0	0.0	0.0	0.0	29.0	0.0	0.0	0.0	0.0	0.0	0.0	0.0	0.0	0.0	0.0	0.0	0.0	0.0	0.0	42.0	0.0	0.0	20.0	0.0	0.0	0.0	0.0	0.0	0.0	0.0	0.0	1.0	0.0	0.0	0.0	45.0	0.0	0.0	0.0	0.0	0.0	0.0	0.0	0.0	13.0	0.0	71.0	0.0	56.0	0.0	0.0	0.0	0.0	0.0	0.0	0.0	0.0	58.0	0.0	68.0	0.0	22.0	0.0	0.0	8.0	0.0	0.0	0.0	0.0	0.0	0.0	0.0	0.0	0.0	0.0	37.0	0.0	0.0	0.0	0.0	0.0	0.0	0.0	0.0	0.0	0.0
0.0	0.0	0.0	0.0	0.0	0.0	0.0	0.0	0.0	0.0	81.0	61.0	42.0	33.0	45.0	0.0	0.0	0.0	0.0	0.0	0.0	0.0	28.0	0.0	28.0	37.0	0.0	0.0	0.0	0.0	0.0	72.0	0.0	46.0	0.0	0.0	0.0	0.0	0.0	14.0	0.0	35.0	0.0	0.0	96.0	0.0	0.0	34.0	0.0	0.0	0.0	49.0	0.0	38.0	0.0	0.0	0.0	0.0	34.0	0.0	0.0	0.0	0.0	59.0	0.0	0.0	0.0	0.0	0.0	0.0	0.0	0.0	0.0	0.0	0.0	40.0	0.0	29.0	0.0	0.0	0.0	0.0	0.0	0.0	13.0	0.0	0.0	98.0	57.0	0.0	16.0	0.0	14.0	0.0	2.0	0.0	0.0	60.0	0.0	98.0	0.0	14.0	0.0	0.0	0.0	0.0	0.0	13.0	93.0	0.0	0.0	0.0	0.0	6.0	0.0	0.0	0.0	0.0	0.0	0.0	0.0	23.0	0.0	0.0	48.0	0.0	0.0	0.0	0.0	0.0	36.0	0.0	0.0	18.0	0.0	72.0	0.0	14.0	0.0	39.0	0.0	0.0	24.0	0.0	0.0	0.0	0.0	0.0
0.0	0.0	0.0	0.0	0.0	43.0	21.0	21.0	0.0	0.0	0.0	0.0	0.0	0.0	0.0	0.0	0.0	0.0	0.0	25.0	0.0	0.0	0.0	0.0	0.0	81.0	0.0	52.0	0.0	0.0	0.0	0.0	0.0	0.0	0.0	0.0	0.0	0.0	27.0	0.0	0.0	0.0	17.0	20.0	0.0	0.0	0.0	0.0	0.0	0.0	0.0	82.0	7.0	13.0	0.0	0.0	72.0	0.0	82.0	0.0	0.0	0.0	0.0	0.0	0.0	0.0	0.0	0.0	0.0	0.0	0.0	0.0	0.0	0.0	0.0	52.0	0.0	20.0	0.0	0.0	0.0	0.0	0.0	0.0	0.0	0.0	0.0	21.0	0.0	37.0	21.0	69.0	0.0	0.0	0.0	0.0	0.0	0.0	0.0	15.0	76.0	0.0	38.0	0.0	99.0	0.0	0.0	0.0	0.0	0.0	18.0	0.0	0.0	31.0	0.0	0.0	44.0	0.0	0.0	0.0	0.0	72.0	0.0	0.0	0.0	0.0	0.0	0.0	74.0	38.0	0.0	0.0	67.0	0.0	0.0	54.0	0.0	0.0	0.0	0.0	0.0	0.0	0.0	0.0	59.0	68.0	0.0
0.0	65.0	68.0	0.0	98.0	0.0	71.0	71.0	0.0	0.0	0.0	60.0	43.0	65.0	0.0	0.0	0.0	0.0	98.0	0.0	0.0	29.0	0.0	0.0	0.0	0.0	0.0	0.0	97.0	0.0	0.0	0.0	0.0	0.0	0.0	0.0	0.0	73.0	0.0	0.0	0.0	0.0	0.0	38.0	0.0	0.0	61.0	0.0	0.0	65.0	81.0	0.0	0.0	0.0	0.0	0.0	0.0	0.0	52.0	0.0	0.0	0.0	3.0	17.0	21.0	0.0	0.0	55.0	0.0	0.0	45.0	32.0	0.0	0.0	0.0	0.0	0.0	58.0	0.0	0.0	0.0	65.0	0.0	63.0	0.0	0.0	0.0	0.0	68.0	97.0	3.0	50.0	55.0	0.0	0.0	0.0	48.0	0.0	0.0	88.0	0.0	100.0	0.0	0.0	0.0	0.0	0.0	0.0	0.0	32.0	0.0	0.0	0.0	35.0	0.0	0.0	2.0	16.0	32.0	0.0	0.0	0.0	0.0	0.0	0.0	0.0	0.0	30.0	0.0	10.0	0.0	0.0	0.0	0.0	64.0	92.0	0.0	0.0	0.0	2.0	28.0	0.0	33.0	0.0	0.0	0.0
19.0	0.0	0.0	5.0	0.0	0.0	28.0	0.0	0.0	0.0	0.0	0.0	0.0	31.0	38.0	0.0	0.0	0.0	28.0	0.0	0.0	0.0	52.0	0.0	0.0	0.0	0.0	0.0	6.0	79.0	0.0	71.0	0.0	0.0	0.0	0.0	0.0	0.0	76.0	0.0	22.0	0.0	28.0	0.0	59.0	0.0	0.0	0.0	0.0	0.0	61.0	0.0	27.0	31.0	6.0	38.0	0.0	0.0	0.0	0.0	0.0	60.0	0.0	0.0	77.0	0.0	0.0	0.0	0.0	0.0	8.0	0.0	0.0	0.0	24.0	0.0	0.0	0.0	46.0	0.0	0.0	0.0	0.0	0.0	0.0	56.0	0.0	0.0	93.0	56.0	0.0	94.0	0.0	0.0	0.0	0.0	12.0	0.0	5.0	94.0	0.0	0.0	0.0	0.0	0.0	85.0	53.0	0.0	0.0	0.0	33.0	0.0	0.0	0.0	12.0	0.0	0.0	56.0	0.0	0.0	0.0	0.0	0.0	0.0	0.0	0.0	0.0	46.0	0.0	0.0	45.0	0.0	5.0	78.0	80.0	3.0	0.0	0.0	0.0	0.0	0.0	0.0	81.0	0.0	0.0
0.0	0.0	85.0	0.0	0.0	0.0	0.0	0.0	73.0	0.0	0.0	0.0	0.0	0.0	0.0	0.0	36.0	0.0	14.0	80.0	67.0	0.0	0.0	0.0	0.0	0.0	56.0	0.0	0.0	0.0	37.0	0.0	23.0	0.0	0.0	0.0	0.0	72.0	0.0	7.0	0.0	0.0	0.0	0.0	24.0	49.0	8.0	0.0	48.0	0.0	52.0	67.0	0.0	0.0	0.0	0.0	0.0	0.0	0.0	26.0	38.0	0.0	0.0	39.0	0.0	0.0	0.0	0.0	57.0	0.0	0.0	0.0	70.0	0.0	0.0	0.0	0.0	49.0	0.0	89.0	65.0	0.0	0.0	0.0	0.0	0.0	0.0	0.0	0.0	0.0	16.0	0.0	0.0	0.0	0.0	0.0	0.0	0.0	0.0	0.0	0.0	0.0	0.0	0.0	0.0	0.0	56.0	0.0	0.0	0.0	7.0	75.0	0.0	0.0	0.0	0.0	0.0	0.0	0.0	40.0	0.0	0.0	0.0	0.0	0.0	0.0	0.0	28.0	0.0	0.0	62.0	14.0	0.0	0.0	58.0	0.0	0.0	0.0	0.0	0.0	0.0	0.0	80.0	0.0
0.0	0.0	0.0	0.0	0.0	0.0	0.0	97.0	0.0	0.0	0.0	0.0	33.0	0.0	67.0	0.0	0.0	72.0	0.0	0.0	0.0	0.0	0.0	20.0	0.0	7.0	0.0	0.0	92.0	0.0	22.0	0.0	0.0	3.0	0.0	0.0	0.0	100.0	0.0	70.0	0.0	0.0	0.0	0.0	0.0	0.0	0.0	0.0	0.0	0.0	74.0	58.0	0.0	76.0	0.0	0.0	0.0	0.0	0.0	0.0	0.0	73.0	0.0	53.0	0.0	58.0	0.0	0.0	0.0	46.0	0.0	13.0	0.0	0.0	0.0	0.0	0.0	0.0	0.0	0.0	0.0	0.0	0.0	0.0	74.0	0.0	58.0	0.0	30.0	86.0	0.0	0.0	0.0	0.0	0.0	0.0	0.0	0.0	0.0	0.0	84.0	0.0	15.0	0.0	0.0	0.0	28.0	0.0	0.0	0.0	57.0	0.0	0.0	0.0	0.0	87.0	71.0	14.0	0.0	0.0	0.0	0.0	0.0	18.0	0.0	0.0	62.0	0.0	0.0	41.0	0.0	0.0	94.0	80.0	13.0	9.0	0.0	71.0	0.0	0.0	0.0	0.0	0.0
37.0	0.0	0.0	81.0	99.0	0.0	0.0	0.0	0.0	24.0	0.0	76.0	0.0	0.0	0.0	35.0	0.0	0.0	0.0	0.0	0.0	0.0	0.0	0.0	0.0	0.0	0.0	0.0	71.0	0.0	0.0	0.0	0.0	0.0	0.0	0.0	0.0	0.0	0.0	0.0	48.0	50.0	0.0	0.0	0.0	0.0	0.0	0.0	0.0	0.0	0.0	0.0	2.0	0.0	89.0	0.0	0.0	0.0	0.0	0.0	0.0	0.0	0.0	21.0	16.0	0.0	0.0	0.0	0.0	0.0	71.0	0.0	0.0	0.0	0.0	35.0	0.0	0.0	0.0	0.0	0.0	0.0	0.0	0.0	0.0	0.0	0.0	0.0	55.0	0.0	0.0	0.0	11.0	0.0	0.0	0.0	0.0	0.0	0.0	30.0	7.0	0.0	0.0	0.0	0.0	0.0	0.0	0.0	0.0	0.0	0.0	0.0	0.0	62.0	0.0	0.0	0.0	0.0	0.0	0.0	0.0	0.0	0.0	0.0	0.0	0.0	0.0	35.0	0.0	0.0	0.0	99.0	0.0	0.0	0.0	0.0	0.0	59.0	0.0	78.0	38.0	0.0
65.0	0.0	82.0	0.0	0.0	0.0	0.0	0.0	0.0	0.0	0.0	22.0	33.0	0.0	0.0	0.0	51.0	0.0	0.0	0.0	0.0	0.0	0.0	0.0	0.0	0.0	61.0	37.0	55.0	26.0	0.0	0.0	0.0	0.0	0.0	0.0	0.0	0.0	0.0	0.0	0.0	0.0	93.0	0.0	0.0	50.0	0.0	3.0	0.0	0.0	0.0	0.0	0.0	0.0	0.0	0.0	0.0	0.0	0.0	0.0	0.0	8.0	99.0	0.0	0.0	0.0	4.0	45.0	0.0	0.0	0.0	70.0	0.0	0.0	0.0	37.0	0.0	0.0	0.0	12.0	0.0	0.0	0.0	40.0	0.0	0.0	0.0	0.0	9.0	0.0	0.0	0.0	0.0	0.0	0.0	70.0	0.0	0.0	0.0	88.0	0.0	0.0	0.0	54.0	66.0	0.0	0.0	0.0	0.0	0.0	0.0	0.0	0.0	0.0	24.0	0.0	0.0	0.0	0.0	93.0	0.0	0.0	0.0	43.0	0.0	37.0	0.0	0.0	0.0	0.0	91.0	0.0	0.0	5.0	0.0	26.0	46.0	0.0	0.0	78.0	0.0
0.0	88.0	0.0	84.0	0.0	0.0	0.0	94.0	0.0	0.0	0.0	20.0	5.0	0.0	0.0	35.0	35.0	0.0	72.0	72.0	0.0	0.0	0.0	0.0	0.0	99.0	0.0	0.0	0.0	29.0	0.0	92.0	0.0	0.0	0.0	0.0	0.0	0.0	0.0	0.0	88.0	0.0	0.0	19.0	0.0	0.0	0.0	0.0	0.0	90.0	87.0	31.0	0.0	18.0	0.0	0.0	0.0	0.0	0.0	0.0	0.0	0.0	0.0	0.0	26.0	0.0	0.0	0.0	0.0	0.0	0.0	27.0	0.0	0.0	0.0	0.0	71.0	0.0	65.0	0.0	0.0	0.0	0.0	0.0	0.0	0.0	0.0	0.0	42.0	0.0	0.0	0.0	1.0	15.0	53.0	0.0	0.0	0.0	0.0	13.0	0.0	0.0	64.0	70.0	0.0	58.0	0.0	0.0	48.0	0.0	0.0	0.0	0.0	0.0	0.0	45.0	0.0	85.0	0.0	0.0	0.0	0.0	0.0	14.0	0.0	0.0	44.0	0.0	0.0	0.0	12.0	0.0	0.0	60.0	0.0	0.0	0.0	0.0	0.0	0.0
0.0	0.0	0.0	0.0	0.0	0.0	0.0	21.0	0.0	0.0	0.0	0.0	90.0	0.0	63.0	0.0	0.0	3.0	0.0	47.0	0.0	55.0	0.0	0.0	0.0	0.0	0.0	0.0	0.0	0.0	0.0	0.0	0.0	0.0	43.0	0.0	0.0	0.0	0.0	0.0	0.0	53.0	89.0	0.0	0.0	0.0	0.0	0.0	0.0	0.0	0.0	0.0	0.0	88.0	0.0	0.0	65.0	77.0	77.0	0.0	0.0	0.0	74.0	0.0	0.0	13.0	0.0	0.0	0.0	0.0	0.0	0.0	0.0	41.0	4.0	0.0	33.0	89.0	0.0	0.0	0.0	0.0	0.0	14.0	0.0	16.0	50.0	0.0	0.0	20.0	0.0	0.0	0.0	0.0	0.0	0.0	45.0	0.0	62.0	27.0	0.0	0.0	83.0	0.0	0.0	0.0	0.0	0.0	0.0	0.0	71.0	9.0	0.0	0.0	0.0	0.0	15.0	0.0	0.0	0.0	76.0	0.0	0.0	0.0	0.0	0.0	41.0	33.0	76.0	0.0	0.0	0.0	0.0	0.0	35.0	0.0	78.0	0.0	0.0
0.0	71.0	0.0	0.0	0.0	0.0	78.0	0.0	0.0	0.0	28.0	0.0	0.0	65.0	0.0	0.0	0.0	0.0	8.0	54.0	0.0	0.0	62.0	0.0	0.0	0.0	0.0	42.0	0.0	0.0	57.0	0.0	0.0	0.0	71.0	0.0	67.0	0.0	0.0	0.0	0.0	0.0	0.0	0.0	36.0	32.0	56.0	0.0	17.0	0.0	0.0	0.0	0.0	0.0	0.0	0.0	0.0	0.0	0.0	0.0	95.0	0.0	0.0	0.0	26.0	0.0	40.0	0.0	0.0	0.0	0.0	0.0	0.0	0.0	0.0	0.0	0.0	0.0	0.0	0.0	0.0	0.0	0.0	0.0	39.0	0.0	0.0	0.0	0.0	0.0	0.0	0.0	0.0	0.0	0.0	0.0	0.0	0.0	0.0	43.0	60.0	0.0	76.0	0.0	0.0	0.0	0.0	0.0	0.0	73.0	0.0	0.0	36.0	0.0	98.0	43.0	52.0	0.0	0.0	0.0	0.0	63.0	77.0	7.0	0.0	0.0	87.0	0.0	0.0	0.0	0.0	0.0	0.0	0.0	0.0	0.0	0.0	0.0
0.0	0.0	40.0	0.0	67.0	0.0	0.0	76.0	0.0	0.0	0.0	0.0	0.0	54.0	0.0	79.0	0.0	0.0	22.0	10.0	0.0	40.0	0.0	0.0	58.0	0.0	0.0	0.0	0.0	36.0	62.0	0.0	55.0	0.0	0.0	49.0	19.0	29.0	0.0	0.0	0.0	0.0	20.0	0.0	0.0	41.0	43.0	0.0	0.0	0.0	0.0	37.0	0.0	0.0	0.0	0.0	0.0	0.0	0.0	95.0	0.0	0.0	96.0	0.0	0.0	0.0	0.0	0.0	0.0	0.0	0.0	38.0	0.0	0.0	0.0	0.0	89.0	0.0	0.0	0.0	0.0	0.0	0.0	0.0	0.0	0.0	75.0	0.0	0.0	0.0	0.0	0.0	0.0	0.0	0.0	9.0	0.0	0.0	0.0	0.0	0.0	0.0	0.0	66.0	0.0	97.0	0.0	0.0	0.0	0.0	0.0	25.0	0.0	0.0	3.0	0.0	0.0	0.0	0.0	0.0	0.0	0.0	65.0	0.0	0.0	0.0	0.0	0.0	0.0	9.0	45.0	0.0	0.0	0.0	48.0	0.0	0.0
0.0	0.0	0.0	0.0	0.0	0.0	0.0	0.0	0.0	0.0	0.0	0.0	31.0	0.0	0.0	0.0	0.0	57.0	0.0	66.0	0.0	0.0	0.0	85.0	20.0	0.0	0.0	0.0	45.0	0.0	0.0	0.0	0.0	0.0	0.0	0.0	0.0	0.0	0.0	53.0	0.0	93.0	0.0	0.0	0.0	23.0	0.0	0.0	0.0	0.0	0.0	97.0	0.0	37.0	90.0	0.0	21.0	74.0	0.0	0.0	0.0	39.0	0.0	0.0	0.0	41.0	0.0	0.0	0.0	88.0	0.0	0.0	73.0	0.0	0.0	0.0	0.0	0.0	0.0	0.0	0.0	87.0	0.0	31.0	0.0	0.0	0.0	0.0	0.0	0.0	56.0	0.0	4.0	0.0	0.0	96.0	0.0	0.0	67.0	0.0	65.0	0.0	0.0	90.0	0.0	0.0	0.0	0.0	16.0	0.0	0.0	88.0	0.0	50.0	0.0	0.0	0.0	0.0	0.0	0.0	35.0	0.0	96.0	37.0	0.0	0.0	0.0	80.0	0.0	0.0	8.0	0.0	0.0	0.0	41.0	0.0
0.0	41.0	28.0	0.0	0.0	0.0	0.0	66.0	0.0	64.0	33.0	0.0	0.0	0.0	0.0	0.0	0.0	0.0	0.0	0.0	0.0	0.0	0.0	27.0	0.0	77.0	0.0	64.0	0.0	0.0	0.0	0.0	12.0	0.0	0.0	80.0	98.0	0.0	49.0	0.0	0.0	53.0	0.0	0.0	28.0	38.0	0.0	0.0	0.0	0.0	0.0	0.0	0.0	0.0	0.0	0.0	0.0	0.0	0.0	0.0	0.0	75.0	0.0	0.0	0.0	0.0	0.0	0.0	55.0	0.0	63.0	0.0	0.0	0.0	0.0	0.0	77.0	0.0	0.0	0.0	0.0	0.0	0.0	1.0	0.0	62.0	0.0	0.0	0.0	0.0	0.0	0.0	0.0	0.0	0.0	0.0	42.0	0.0	0.0	0.0	30.0	0.0	0.0	0.0	0.0	52.0	27.0	0.0	0.0	83.0	0.0	0.0	91.0	14.0	71.0	0.0	0.0	0.0	0.0	0.0	24.0	0.0	0.0	73.0	6.0	0.0	0.0	0.0	32.0	0.0	0.0	0.0	0.0	0.0	7.0
0.0	0.0	0.0	0.0	0.0	23.0	0.0	0.0	0.0	0.0	0.0	0.0	0.0	0.0	14.0	0.0	0.0	78.0	0.0	0.0	0.0	0.0	0.0	76.0	11.0	0.0	35.0	0.0	0.0	0.0	0.0	0.0	0.0	0.0	96.0	0.0	94.0	0.0	0.0	0.0	0.0	0.0	0.0	0.0	88.0	0.0	4.0	0.0	0.0	0.0	0.0	97.0	0.0	34.0	0.0	0.0	0.0	0.0	0.0	93.0	0.0	0.0	0.0	0.0	0.0	0.0	0.0	0.0	0.0	0.0	0.0	0.0	62.0	0.0	0.0	0.0	22.0	0.0	91.0	90.0	0.0	0.0	0.0	0.0	0.0	0.0	0.0	0.0	0.0	0.0	0.0	0.0	0.0	0.0	0.0	0.0	77.0	0.0	23.0	0.0	0.0	52.0	67.0	71.0	0.0	0.0	8.0	0.0	0.0	0.0	0.0	0.0	4.0	0.0	0.0	0.0	0.0	0.0	0.0	6.0	54.0	0.0	0.0	0.0	92.0	0.0	0.0	0.0	0.0	0.0	0.0	0.0	46.0	0.0
16.0	0.0	82.0	0.0	31.0	0.0	0.0	0.0	0.0	61.0	0.0	0.0	0.0	0.0	0.0	80.0	0.0	0.0	0.0	88.0	0.0	0.0	0.0	0.0	0.0	0.0	0.0	28.0	0.0	0.0	0.0	0.0	45.0	0.0	0.0	0.0	0.0	0.0	0.0	0.0	0.0	0.0	0.0	99.0	0.0	0.0	0.0	0.0	91.0	0.0	0.0	66.0	0.0	0.0	0.0	0.0	0.0	0.0	0.0	45.0	39.0	0.0	36.0	62.0	47.0	47.0	65.0	0.0	0.0	0.0	0.0	0.0	0.0	0.0	0.0	0.0	0.0	7.0	0.0	0.0	0.0	0.0	0.0	0.0	0.0	0.0	0.0	48.0	0.0	0.0	0.0	0.0	0.0	0.0	3.0	0.0	0.0	0.0	0.0	0.0	65.0	0.0	30.0	0.0	0.0	0.0	0.0	0.0	0.0	0.0	0.0	68.0	0.0	0.0	43.0	0.0	0.0	0.0	0.0	0.0	99.0	0.0	0.0	0.0	0.0	0.0	45.0	0.0	0.0	0.0	0.0	0.0	0.0
13.0	0.0	62.0	0.0	0.0	0.0	0.0	69.0	0.0	0.0	0.0	0.0	0.0	86.0	0.0	0.0	0.0	0.0	0.0	0.0	0.0	0.0	0.0	0.0	0.0	6.0	0.0	30.0	0.0	0.0	0.0	0.0	0.0	0.0	94.0	0.0	0.0	0.0	12.0	75.0	0.0	69.0	0.0	0.0	0.0	0.0	0.0	61.0	0.0	0.0	0.0	95.0	0.0	0.0	0.0	0.0	0.0	0.0	0.0	0.0	0.0	0.0	0.0	0.0	0.0	10.0	0.0	18.0	0.0	96.0	0.0	0.0	0.0	28.0	0.0	0.0	53.0	0.0	0.0	0.0	0.0	0.0	0.0	0.0	0.0	0.0	4.0	0.0	0.0	0.0	0.0	45.0	46.0	0.0	47.0	87.0	0.0	0.0	0.0	44.0	14.0	0.0	82.0	59.0	0.0	0.0	0.0	0.0	0.0	0.0	25.0	0.0	1.0	0.0	0.0	0.0	0.0	45.0	0.0	0.0	0.0	0.0	0.0	7.0	0.0	0.0	0.0	0.0	0.0	0.0	0.0	0.0
0.0	0.0	0.0	0.0	88.0	0.0	0.0	52.0	0.0	5.0	0.0	0.0	0.0	81.0	89.0	0.0	0.0	39.0	0.0	0.0	0.0	0.0	0.0	0.0	0.0	0.0	0.0	4.0	0.0	0.0	0.0	0.0	0.0	0.0	0.0	82.0	0.0	99.0	0.0	0.0	0.0	0.0	0.0	0.0	0.0	0.0	54.0	0.0	0.0	64.0	0.0	85.0	0.0	0.0	62.0	0.0	0.0	6.0	0.0	42.0	0.0	26.0	93.0	0.0	0.0	76.0	0.0	99.0	0.0	0.0	0.0	0.0	0.0	0.0	0.0	46.0	0.0	0.0	0.0	0.0	0.0	0.0	56.0	53.0	0.0	0.0	0.0	0.0	0.0	0.0	56.0	54.0	32.0	0.0	0.0	0.0	0.0	47.0	0.0	99.0	0.0	71.0	0.0	0.0	0.0	72.0	2.0	12.0	0.0	38.0	0.0	9.0	0.0	0.0	0.0	0.0	96.0	0.0	46.0	0.0	0.0	0.0	0.0	0.0	0.0	0.0	0.0	0.0	0.0	0.0	0.0
39.0	0.0	0.0	0.0	0.0	81.0	0.0	0.0	0.0	0.0	0.0	0.0	0.0	0.0	0.0	0.0	0.0	0.0	0.0	0.0	0.0	0.0	0.0	0.0	0.0	24.0	0.0	0.0	0.0	0.0	92.0	22.0	0.0	0.0	2.0	0.0	0.0	100.0	78.0	0.0	0.0	81.0	0.0	87.0	0.0	0.0	53.0	0.0	89.0	89.0	0.0	0.0	0.0	0.0	68.0	0.0	0.0	0.0	0.0	0.0	0.0	0.0	0.0	65.0	0.0	0.0	0.0	0.0	0.0	0.0	0.0	0.0	0.0	78.0	0.0	37.0	0.0	0.0	0.0	0.0	4.0	0.0	0.0	94.0	5.0	30.0	69.0	0.0	0.0	16.0	0.0	0.0	65.0	0.0	0.0	0.0	0.0	0.0	0.0	6.0	27.0	0.0	0.0	36.0	0.0	0.0	0.0	0.0	77.0	0.0	86.0	0.0	0.0	0.0	0.0	0.0	0.0	0.0	62.0	19.0	0.0	0.0	0.0	98.0	61.0	7.0	11.0	98.0	0.0	0.0
0.0	0.0	75.0	0.0	7.0	0.0	4.0	0.0	0.0	0.0	0.0	0.0	0.0	0.0	73.0	0.0	0.0	0.0	0.0	0.0	0.0	0.0	0.0	0.0	0.0	0.0	0.0	0.0	0.0	90.0	0.0	0.0	0.0	46.0	0.0	17.0	0.0	85.0	0.0	0.0	0.0	0.0	0.0	0.0	0.0	28.0	0.0	0.0	0.0	0.0	0.0	55.0	0.0	0.0	17.0	0.0	39.0	0.0	0.0	0.0	62.0	16.0	0.0	89.0	0.0	0.0	69.0	0.0	0.0	0.0	0.0	0.0	0.0	0.0	0.0	94.0	18.0	56.0	0.0	0.0	0.0	0.0	0.0	0.0	0.0	31.0	0.0	0.0	33.0	0.0	0.0	0.0	97.0	0.0	24.0	0.0	62.0	23.0	0.0	0.0	54.0	0.0	0.0	0.0	0.0	0.0	0.0	0.0	0.0	0.0	0.0	91.0	0.0	43.0	0.0	0.0	67.0	0.0	0.0	0.0	0.0	0.0	0.0	19.0	1.0	30.0	0.0	0.0	0.0
0.0	70.0	45.0	54.0	2.0	0.0	0.0	7.0	0.0	0.0	0.0	0.0	0.0	76.0	0.0	0.0	0.0	0.0	0.0	60.0	0.0	0.0	0.0	0.0	0.0	0.0	0.0	0.0	0.0	0.0	84.0	30.0	0.0	0.0	75.0	0.0	0.0	0.0	60.0	0.0	0.0	11.0	0.0	82.0	0.0	75.0	0.0	0.0	0.0	88.0	0.0	0.0	0.0	0.0	0.0	0.0	0.0	0.0	74.0	24.0	0.0	80.0	63.0	0.0	0.0	1.0	0.0	79.0	0.0	0.0	16.0	0.0	0.0	0.0	0.0	0.0	19.0	0.0	0.0	0.0	0.0	0.0	0.0	0.0	0.0	0.0	0.0	0.0	0.0	0.0	0.0	0.0	0.0	0.0	0.0	0.0	42.0	0.0	0.0	0.0	24.0	9.0	0.0	0.0	38.0	88.0	0.0	10.0	0.0	0.0	0.0	0.0	3.0	0.0	0.0	53.0	59.0	0.0	55.0	0.0	0.0	0.0	0.0	99.0	0.0	0.0	0.0	0.0
0.0	0.0	0.0	33.0	92.0	0.0	79.0	8.0	0.0	58.0	83.0	0.0	0.0	27.0	0.0	74.0	0.0	73.0	45.0	0.0	75.0	0.0	0.0	0.0	36.0	0.0	0.0	99.0	0.0	0.0	0.0	0.0	17.0	0.0	75.0	0.0	48.0	0.0	0.0	19.0	31.0	0.0	98.0	0.0	0.0	0.0	0.0	0.0	0.0	79.0	83.0	0.0	0.0	0.0	0.0	0.0	33.0	0.0	0.0	0.0	0.0	0.0	100.0	0.0	0.0	0.0	0.0	0.0	0.0	0.0	77.0	75.0	0.0	73.0	0.0	0.0	0.0	0.0	24.0	0.0	0.0	79.0	75.0	22.0	0.0	0.0	61.0	0.0	62.0	0.0	0.0	0.0	94.0	0.0	0.0	0.0	0.0	6.0	26.0	0.0	26.0	0.0	0.0	0.0	0.0	48.0	0.0	0.0	0.0	0.0	0.0	0.0	0.0	88.0	0.0	0.0	0.0	0.0	0.0	0.0	0.0	0.0	0.0	0.0	0.0	0.0	0.0
0.0	53.0	0.0	0.0	34.0	0.0	0.0	0.0	28.0	0.0	0.0	0.0	0.0	76.0	0.0	0.0	0.0	0.0	0.0	53.0	77.0	0.0	35.0	0.0	0.0	0.0	0.0	0.0	3.0	0.0	0.0	23.0	0.0	0.0	0.0	0.0	0.0	0.0	73.0	0.0	0.0	0.0	18.0	0.0	0.0	0.0	0.0	17.0	76.0	42.0	60.0	0.0	86.0	0.0	0.0	0.0	0.0	0.0	0.0	0.0	0.0	0.0	18.0	30.0	0.0	0.0	0.0	26.0	0.0	0.0	0.0	0.0	0.0	0.0	0.0	0.0	0.0	0.0	0.0	0.0	18.0	0.0	0.0	0.0	0.0	0.0	0.0	0.0	0.0	0.0	0.0	21.0	0.0	0.0	23.0	94.0	71.0	0.0	94.0	0.0	0.0	0.0	11.0	0.0	0.0	0.0	0.0	0.0	13.0	0.0	73.0	0.0	85.0	87.0	0.0	57.0	0.0	0.0	0.0	0.0	13.0	36.0	0.0	17.0	16.0	0.0
86.0	0.0	22.0	0.0	0.0	0.0	0.0	0.0	0.0	0.0	0.0	0.0	0.0	91.0	0.0	0.0	75.0	0.0	0.0	0.0	0.0	0.0	0.0	0.0	88.0	0.0	95.0	0.0	0.0	46.0	0.0	0.0	0.0	0.0	0.0	0.0	21.0	93.0	0.0	0.0	0.0	86.0	52.0	83.0	0.0	0.0	0.0	0.0	77.0	0.0	0.0	16.0	0.0	0.0	77.0	45.0	0.0	0.0	0.0	0.0	0.0	0.0	0.0	0.0	0.0	0.0	38.0	0.0	4.0	74.0	0.0	0.0	64.0	96.0	0.0	0.0	0.0	0.0	0.0	0.0	0.0	69.0	0.0	0.0	82.0	16.0	0.0	0.0	0.0	0.0	0.0	0.0	0.0	0.0	18.0	91.0	0.0	0.0	66.0	0.0	0.0	0.0	0.0	2.0	0.0	89.0	19.0	8.0	69.0	0.0	0.0	0.0	4.0	0.0	0.0	0.0	42.0	68.0	0.0	0.0	0.0	0.0	0.0	0.0	0.0
42.0	0.0	30.0	85.0	13.0	0.0	0.0	40.0	0.0	61.0	0.0	0.0	0.0	0.0	0.0	0.0	86.0	0.0	0.0	0.0	78.0	4.0	0.0	61.0	0.0	0.0	0.0	0.0	0.0	0.0	0.0	0.0	75.0	0.0	0.0	0.0	0.0	0.0	0.0	0.0	0.0	0.0	47.0	0.0	0.0	71.0	0.0	56.0	0.0	0.0	70.0	61.0	0.0	0.0	0.0	0.0	26.0	0.0	0.0	0.0	41.0	72.0	0.0	68.0	0.0	0.0	0.0	28.0	5.0	0.0	0.0	0.0	0.0	0.0	0.0	62.0	35.0	31.0	0.0	0.0	0.0	0.0	0.0	0.0	0.0	0.0	0.0	0.0	0.0	0.0	0.0	0.0	0.0	0.0	0.0	0.0	27.0	0.0	47.0	0.0	0.0	0.0	0.0	0.0	0.0	0.0	5.0	0.0	58.0	0.0	0.0	0.0	0.0	13.0	0.0	0.0	0.0	35.0	0.0	0.0	0.0	55.0	70.0	0.0
0.0	0.0	0.0	0.0	0.0	0.0	0.0	0.0	0.0	0.0	0.0	0.0	0.0	0.0	0.0	83.0	0.0	0.0	0.0	39.0	0.0	25.0	0.0	69.0	0.0	25.0	0.0	0.0	0.0	3.0	0.0	0.0	0.0	0.0	0.0	0.0	0.0	0.0	29.0	0.0	0.0	0.0	0.0	0.0	0.0	2.0	88.0	0.0	0.0	0.0	36.0	0.0	0.0	0.0	0.0	0.0	87.0	40.0	0.0	0.0	0.0	0.0	0.0	0.0	0.0	0.0	67.0	0.0	0.0	0.0	0.0	0.0	0.0	0.0	0.0	0.0	56.0	23.0	0.0	0.0	0.0	72.0	0.0	0.0	0.0	0.0	0.0	0.0	66.0	0.0	17.0	0.0	0.0	0.0	0.0	0.0	0.0	0.0	0.0	0.0	82.0	0.0	82.0	0.0	99.0	0.0	0.0	0.0	0.0	0.0	0.0	0.0	100.0	0.0	0.0	0.0	0.0	17.0	0.0	61.0	0.0	37.0	0.0
0.0	33.0	34.0	0.0	0.0	23.0	0.0	0.0	0.0	0.0	0.0	9.0	0.0	0.0	0.0	0.0	0.0	77.0	0.0	0.0	0.0	72.0	0.0	0.0	0.0	0.0	4.0	0.0	0.0	0.0	0.0	0.0	0.0	82.0	0.0	0.0	38.0	0.0	1.0	0.0	86.0	0.0	45.0	0.0	0.0	0.0	0.0	0.0	0.0	64.0	0.0	0.0	20.0	0.0	0.0	46.0	0.0	0.0	0.0	0.0	47.0	79.0	0.0	46.0	0.0	0.0	0.0	7.0	50.0	17.0	92.0	98.0	0.0	77.0	0.0	0.0	97.0	0.0	0.0	72.0	0.0	32.0	37.0	0.0	0.0	0.0	0.0	0.0	0.0	6.0	50.0	0.0	0.0	0.0	0.0	0.0	0.0	95.0	0.0	0.0	0.0	0.0	0.0	0.0	0.0	0.0	0.0	0.0	0.0	0.0	0.0	56.0	0.0	0.0	73.0	0.0	0.0	0.0	0.0	0.0	0.0	0.0
0.0	0.0	0.0	58.0	0.0	0.0	0.0	0.0	89.0	44.0	0.0	0.0	66.0	0.0	92.0	3.0	0.0	27.0	0.0	0.0	0.0	0.0	0.0	67.0	0.0	0.0	6.0	0.0	0.0	36.0	0.0	0.0	0.0	91.0	0.0	85.0	0.0	0.0	0.0	0.0	0.0	8.0	0.0	98.0	0.0	0.0	36.0	0.0	0.0	0.0	0.0	62.0	0.0	0.0	0.0	0.0	0.0	0.0	0.0	23.0	0.0	0.0	0.0	0.0	0.0	45.0	0.0	0.0	90.0	0.0	0.0	0.0	82.0	89.0	0.0	0.0	0.0	0.0	95.0	0.0	0.0	0.0	0.0	0.0	48.0	0.0	0.0	0.0	82.0	0.0	0.0	0.0	66.0	0.0	0.0	0.0	31.0	0.0	0.0	0.0	0.0	0.0	0.0	0.0	0.0	0.0	60.0	0.0	0.0	0.0	0.0	0.0	0.0	0.0	0.0	0.0	0.0	0.0	0.0	0.0	0.0
0.0	0.0	0.0	73.0	0.0	0.0	0.0	29.0	0.0	81.0	58.0	0.0	0.0	0.0	87.0	0.0	0.0	0.0	39.0	14.0	0.0	93.0	0.0	0.0	0.0	0.0	0.0	0.0	94.0	0.0	87.0	0.0	44.0	0.0	0.0	0.0	0.0	0.0	0.0	0.0	0.0	44.0	0.0	0.0	0.0	74.0	0.0	0.0	0.0	0.0	33.0	0.0	0.0	0.0	0.0	20.0	0.0	3.0	0.0	0.0	81.0	0.0	0.0	0.0	0.0	0.0	0.0	0.0	0.0	0.0	0.0	0.0	0.0	0.0	0.0	42.0	0.0	0.0	30.0	0.0	0.0	4.0	0.0	0.0	0.0	0.0	0.0	38.0	0.0	0.0	0.0	0.0	0.0	73.0	37.0	0.0	0.0	0.0	0.0	62.0	62.0	0.0	0.0	0.0	0.0	0.0	0.0	0.0	0.0	0.0	0.0	5.0	13.0	0.0	0.0	43.0	80.0	0.0	0.0	23.0
10.0	50.0	38.0	0.0	0.0	0.0	0.0	0.0	0.0	26.0	49.0	42.0	0.0	0.0	0.0	0.0	0.0	0.0	91.0	0.0	0.0	0.0	0.0	0.0	0.0	0.0	0.0	0.0	0.0	0.0	4.0	88.0	49.0	0.0	0.0	0.0	0.0	0.0	0.0	1.0	80.0	35.0	52.0	0.0	83.0	0.0	0.0	0.0	0.0	7.0	0.0	68.0	9.0	0.0	0.0	0.0	0.0	0.0	0.0	0.0	0.0	0.0	0.0	56.0	0.0	0.0	0.0	0.0	0.0	0.0	0.0	0.0	0.0	0.0	0.0	44.0	0.0	0.0	0.0	0.0	0.0	0.0	0.0	18.0	42.0	0.0	0.0	0.0	0.0	0.0	0.0	0.0	0.0	29.0	0.0	97.0	0.0	0.0	0.0	0.0	0.0	0.0	95.0	0.0	0.0	0.0	0.0	0.0	0.0	0.0	71.0	91.0	0.0	57.0	89.0	0.0	0.0	16.0	0.0
0.0	0.0	0.0	72.0	0.0	48.0	0.0	19.0	0.0	51.0	0.0	0.0	25.0	0.0	0.0	0.0	0.0	0.0	0.0	0.0	0.0	0.0	0.0	0.0	0.0	0.0	89.0	0.0	0.0	0.0	0.0	0.0	0.0	0.0	10.0	0.0	99.0	0.0	19.0	0.0	0.0	0.0	0.0	0.0	0.0	6.0	78.0	33.0	0.0	0.0	0.0	0.0	0.0	0.0	0.0	0.0	16.0	0.0	0.0	0.0	0.0	0.0	0.0	0.0	0.0	1.0	0.0	0.0	0.0	0.0	0.0	84.0	69.0	0.0	0.0	0.0	49.0	0.0	0.0	0.0	0.0	0.0	0.0	28.0	0.0	0.0	0.0	0.0	0.0	0.0	36.0	78.0	0.0	12.0	0.0	64.0	33.0	69.0	0.0	55.0	0.0	0.0	0.0	0.0	0.0	0.0	3.0	0.0	0.0	0.0	0.0	0.0	0.0	0.0	0.0	0.0	0.0	7.0
0.0	80.0	0.0	0.0	0.0	0.0	69.0	36.0	0.0	0.0	0.0	0.0	58.0	42.0	0.0	5.0	52.0	0.0	0.0	0.0	0.0	0.0	0.0	0.0	0.0	0.0	0.0	0.0	0.0	0.0	0.0	5.0	34.0	55.0	0.0	0.0	86.0	0.0	0.0	0.0	0.0	0.0	0.0	0.0	0.0	36.0	35.0	0.0	55.0	0.0	0.0	0.0	0.0	0.0	0.0	0.0	0.0	0.0	0.0	0.0	94.0	7.0	75.0	12.0	0.0	0.0	0.0	0.0	0.0	77.0	0.0	0.0	0.0	0.0	0.0	0.0	53.0	6.0	0.0	0.0	0.0	0.0	6.0	0.0	0.0	0.0	0.0	0.0	0.0	0.0	0.0	0.0	0.0	1.0	0.0	40.0	0.0	0.0	0.0	0.0	0.0	0.0	0.0	0.0	98.0	0.0	0.0	58.0	0.0	0.0	0.0	64.0	29.0	0.0	0.0	0.0	0.0
0.0	0.0	43.0	0.0	0.0	8.0	0.0	0.0	0.0	0.0	0.0	0.0	0.0	0.0	0.0	6.0	0.0	0.0	0.0	8.0	0.0	100.0	15.0	94.0	0.0	15.0	6.0	20.0	0.0	0.0	0.0	63.0	30.0	0.0	0.0	0.0	0.0	0.0	0.0	34.0	0.0	0.0	0.0	0.0	0.0	2.0	0.0	0.0	81.0	52.0	0.0	0.0	0.0	0.0	0.0	75.0	0.0	97.0	0.0	0.0	0.0	0.0	0.0	0.0	35.0	0.0	9.0	0.0	0.0	0.0	0.0	100.0	62.0	4.0	0.0	0.0	0.0	9.0	0.0	0.0	0.0	0.0	11.0	0.0	0.0	0.0	0.0	0.0	0.0	0.0	0.0	0.0	94.0	0.0	0.0	85.0	0.0	32.0	69.0	82.0	0.0	27.0	0.0	0.0	0.0	0.0	0.0	0.0	0.0	0.0	56.0	0.0	0.0	72.0	0.0	0.0
0.0	73.0	0.0	3.0	0.0	0.0	0.0	0.0	0.0	92.0	40.0	0.0	92.0	0.0	0.0	65.0	40.0	0.0	0.0	0.0	15.0	66.0	0.0	0.0	0.0	0.0	0.0	25.0	0.0	0.0	0.0	0.0	49.0	0.0	17.0	40.0	98.0	0.0	0.0	0.0	0.0	19.0	0.0	0.0	46.0	0.0	0.0	0.0	0.0	0.0	94.0	0.0	0.0	0.0	0.0	0.0	55.0	0.0	76.0	0.0	0.0	0.0	0.0	0.0	0.0	93.0	0.0	0.0	0.0	0.0	42.0	0.0	0.0	0.0	71.0	0.0	0.0	0.0	11.0	0.0	0.0	16.0	0.0	0.0	0.0	0.0	95.0	0.0	91.0	0.0	0.0	0.0	0.0	20.0	0.0	0.0	0.0	0.0	0.0	0.0	0.0	0.0	0.0	0.0	0.0	0.0	0.0	75.0	0.0	0.0	0.0	40.0	0.0	0.0	0.0
0.0	0.0	0.0	0.0	0.0	0.0	95.0	0.0	0.0	29.0	0.0	0.0	0.0	48.0	0.0	36.0	85.0	0.0	0.0	0.0	93.0	60.0	58.0	0.0	0.0	28.0	0.0	0.0	59.0	0.0	0.0	0.0	0.0	0.0	0.0	21.0	0.0	0.0	0.0	0.0	74.0	0.0	53.0	0.0	0.0	0.0	0.0	0.0	0.0	61.0	0.0	0.0	93.0	0.0	61.0	0.0	17.0	0.0	0.0	91.0	0.0	0.0	20.0	0.0	0.0	0.0	0.0	0.0	0.0	81.0	0.0	0.0	0.0	82.0	0.0	0.0	0.0	59.0	0.0	0.0	0.0	43.0	0.0	0.0	11.0	0.0	0.0	0.0	51.0	0.0	25.0	12.0	0.0	8.0	15.0	0.0	0.0	42.0	0.0	0.0	0.0	0.0	0.0	0.0	0.0	0.0	58.0	24.0	14.0	0.0	0.0	0.0	53.0	0.0
0.0	0.0	0.0	0.0	0.0	35.0	17.0	0.0	93.0	0.0	0.0	0.0	0.0	0.0	55.0	0.0	0.0	0.0	0.0	0.0	0.0	0.0	0.0	0.0	0.0	23.0	0.0	0.0	0.0	0.0	7.0	0.0	0.0	0.0	0.0	0.0	0.0	0.0	0.0	0.0	0.0	40.0	0.0	0.0	0.0	0.0	91.0	0.0	0.0	0.0	0.0	0.0	0.0	0.0	0.0	0.0	0.0	0.0	0.0	0.0	0.0	15.0	0.0	0.0	18.0	67.0	0.0	15.0	0.0	23.0	28.0	0.0	0.0	0.0	34.0	0.0	0.0	4.0	23.0	0.0	0.0	0.0	0.0	0.0	0.0	0.0	0.0	0.0	50.0	14.0	89.0	0.0	0.0	0.0	0.0	0.0	62.0	94.0	0.0	6.0	0.0	0.0	0.0	0.0	0.0	0.0	0.0	2.0	53.0	0.0	0.0	0.0	0.0
0.0	0.0	91.0	74.0	0.0	58.0	0.0	0.0	0.0	0.0	0.0	0.0	0.0	0.0	37.0	82.0	0.0	0.0	0.0	0.0	0.0	0.0	39.0	3.0	0.0	60.0	0.0	0.0	0.0	39.0	36.0	0.0	13.0	0.0	0.0	0.0	0.0	71.0	0.0	0.0	0.0	0.0	0.0	0.0	0.0	57.0	0.0	0.0	0.0	20.0	0.0	0.0	33.0	0.0	76.0	0.0	0.0	0.0	0.0	84.0	0.0	0.0	0.0	0.0	0.0	0.0	92.0	0.0	0.0	0.0	0.0	36.0	33.0	0.0	77.0	8.0	0.0	0.0	0.0	0.0	0.0	0.0	0.0	0.0	6.0	80.0	54.0	0.0	0.0	65.0	0.0	0.0	0.0	8.0	0.0	39.0	0.0	0.0	51.0	0.0	0.0	0.0	100.0	0.0	54.0	0.0	52.0	0.0	89.0	0.0	0.0	0.0
0.0	0.0	45.0	0.0	0.0	0.0	0.0	0.0	67.0	0.0	10.0	0.0	0.0	0.0	28.0	0.0	0.0	0.0	0.0	0.0	0.0	0.0	39.0	0.0	0.0	33.0	80.0	0.0	0.0	0.0	0.0	0.0	0.0	0.0	18.0	0.0	0.0	0.0	0.0	0.0	0.0	0.0	0.0	0.0	65.0	0.0	0.0	0.0	0.0	60.0	0.0	51.0	0.0	0.0	0.0	43.0	0.0	30.0	20.0	0.0	0.0	0.0	28.0	0.0	0.0	0.0	0.0	0.0	0.0	0.0	0.0	0.0	84.0	0.0	0.0	76.0	63.0	0.0	0.0	62.0	88.0	0.0	58.0	0.0	0.0	0.0	0.0	0.0	73.0	0.0	65.0	0.0	0.0	0.0	0.0	0.0	0.0	0.0	0.0	0.0	50.0	0.0	0.0	0.0	0.0	0.0	0.0	0.0	0.0	0.0	0.0
0.0	0.0	0.0	0.0	0.0	0.0	91.0	0.0	0.0	0.0	0.0	0.0	0.0	85.0	0.0	0.0	0.0	0.0	29.0	0.0	0.0	0.0	0.0	0.0	0.0	37.0	0.0	0.0	0.0	31.0	0.0	86.0	0.0	0.0	0.0	22.0	96.0	0.0	0.0	0.0	0.0	0.0	0.0	0.0	0.0	0.0	37.0	0.0	0.0	0.0	58.0	0.0	0.0	0.0	0.0	0.0	0.0	0.0	46.0	0.0	0.0	0.0	0.0	0.0	0.0	0.0	0.0	94.0	44.0	0.0	10.0	0.0	0.0	96.0	99.0	0.0	0.0	0.0	0.0	0.0	0.0	50.0	0.0	0.0	0.0	0.0	87.0	0.0	0.0	0.0	56.0	0.0	0.0	0.0	0.0	55.0	55.0	80.0	82.0	63.0	0.0	0.0	0.0	0.0	0.0	0.0	0.0	0.0	0.0	0.0
0.0	0.0	0.0	0.0	13.0	0.0	16.0	0.0	0.0	43.0	58.0	0.0	0.0	11.0	0.0	90.0	0.0	0.0	78.0	0.0	0.0	99.0	0.0	0.0	0.0	24.0	0.0	77.0	0.0	69.0	78.0	0.0	0.0	0.0	0.0	0.0	61.0	0.0	0.0	0.0	0.0	20.0	87.0	0.0	0.0	0.0	6.0	22.0	18.0	0.0	0.0	0.0	23.0	0.0	0.0	0.0	58.0	0.0	0.0	45.0	35.0	0.0	0.0	0.0	0.0	0.0	0.0	0.0	0.0	95.0	0.0	70.0	0.0	64.0	0.0	0.0	0.0	0.0	0.0	9.0	0.0	0.0	0.0	0.0	0.0	0.0	0.0	0.0	96.0	0.0	0.0	0.0	0.0	0.0	0.0	30.0	0.0	0.0	0.0	34.0	0.0	50.0	0.0	67.0	98.0	55.0	0.0	0.0	0.0
0.0	92.0	0.0	0.0	0.0	0.0	0.0	0.0	98.0	0.0	0.0	21.0	0.0	55.0	18.0	0.0	16.0	0.0	0.0	0.0	0.0	0.0	0.0	0.0	21.0	19.0	0.0	0.0	0.0	0.0	0.0	0.0	95.0	0.0	31.0	0.0	28.0	0.0	68.0	0.0	0.0	72.0	0.0	32.0	59.0	40.0	0.0	0.0	0.0	48.0	0.0	96.0	14.0	0.0	0.0	0.0	0.0	0.0	0.0	2.0	4.0	0.0	0.0	0.0	86.0	0.0	0.0	0.0	0.0	79.0	0.0	0.0	50.0	0.0	0.0	0.0	0.0	0.0	0.0	0.0	96.0	0.0	78.0	0.0	0.0	7.0	0.0	40.0	0.0	0.0	2.0	0.0	0.0	91.0	0.0	34.0	86.0	0.0	66.0	52.0	0.0	0.0	0.0	0.0	0.0	0.0	100.0	20.0
0.0	0.0	74.0	0.0	0.0	0.0	0.0	0.0	43.0	0.0	0.0	0.0	0.0	0.0	0.0	0.0	0.0	24.0	39.0	0.0	0.0	87.0	0.0	0.0	0.0	42.0	0.0	0.0	0.0	26.0	40.0	0.0	0.0	30.0	91.0	2.0	0.0	0.0	73.0	0.0	0.0	99.0	0.0	92.0	0.0	32.0	73.0	0.0	74.0	64.0	0.0	79.0	0.0	0.0	0.0	79.0	0.0	0.0	96.0	0.0	0.0	0.0	0.0	0.0	0.0	0.0	84.0	70.0	0.0	0.0	0.0	0.0	0.0	0.0	0.0	0.0	0.0	0.0	69.0	75.0	0.0	0.0	0.0	0.0	0.0	0.0	0.0	33.0	0.0	0.0	0.0	0.0	87.0	0.0	0.0	0.0	56.0	0.0	0.0	0.0	0.0	0.0	8.0	0.0	0.0	77.0	90.0
0.0	48.0	25.0	0.0	77.0	0.0	0.0	0.0	0.0	0.0	0.0	0.0	0.0	0.0	0.0	0.0	0.0	0.0	0.0	0.0	0.0	0.0	68.0	0.0	0.0	45.0	19.0	74.0	60.0	0.0	0.0	0.0	0.0	0.0	0.0	0.0	0.0	0.0	0.0	0.0	0.0	0.0	98.0	0.0	0.0	8.0	0.0	0.0	0.0	0.0	0.0	0.0	0.0	0.0	44.0	60.0	0.0	0.0	0.0	0.0	63.0	0.0	3.0	0.0	0.0	1.0	21.0	0.0	0.0	0.0	0.0	29.0	72.0	0.0	0.0	33.0	11.0	0.0	30.0	0.0	51.0	0.0	0.0	0.0	0.0	0.0	0.0	0.0	0.0	0.0	0.0	0.0	0.0	0.0	0.0	0.0	2.0	0.0	0.0	0.0	81.0	24.0	0.0	38.0	92.0	55.0
0.0	0.0	0.0	0.0	0.0	0.0	64.0	0.0	0.0	48.0	0.0	0.0	0.0	0.0	0.0	14.0	0.0	4.0	0.0	0.0	23.0	42.0	0.0	45.0	0.0	0.0	0.0	0.0	24.0	49.0	0.0	0.0	6.0	0.0	0.0	0.0	0.0	0.0	0.0	0.0	0.0	0.0	0.0	25.0	0.0	0.0	0.0	35.0	0.0	0.0	79.0	0.0	16.0	46.0	0.0	89.0	0.0	0.0	0.0	0.0	0.0	14.0	0.0	37.0	0.0	0.0	0.0	0.0	38.0	0.0	0.0	0.0	0.0	0.0	84.0	0.0	0.0	98.0	0.0	0.0	67.0	0.0	0.0	19.0	30.0	92.0	44.0	0.0	0.0	0.0	0.0	0.0	66.0	14.0	0.0	0.0	0.0	0.0	0.0	0.0	0.0	73.0	0.0	0.0	99.0
0.0	71.0	0.0	0.0	0.0	0.0	0.0	0.0	0.0	99.0	0.0	0.0	0.0	0.0	1.0	0.0	0.0	36.0	0.0	0.0	0.0	0.0	0.0	0.0	0.0	0.0	0.0	0.0	44.0	0.0	0.0	0.0	0.0	0.0	0.0	0.0	92.0	0.0	0.0	0.0	0.0	100.0	0.0	30.0	20.0	0.0	0.0	0.0	0.0	76.0	0.0	0.0	0.0	0.0	0.0	0.0	0.0	0.0	94.0	0.0	0.0	0.0	0.0	10.0	0.0	0.0	0.0	15.0	0.0	0.0	0.0	76.0	0.0	0.0	0.0	65.0	45.0	0.0	0.0	0.0	35.0	0.0	0.0	0.0	0.0	0.0	0.0	0.0	56.0	0.0	0.0	0.0	0.0	0.0	0.0	0.0	0.0	0.0	0.0	98.0	0.0	0.0	0.0	0.0
0.0	29.0	83.0	0.0	0.0	0.0	0.0	0.0	34.0	0.0	0.0	9.0	86.0	0.0	24.0	0.0	0.0	0.0	0.0	15.0	93.0	0.0	0.0	0.0	0.0	0.0	16.0	66.0	28.0	0.0	0.0	0.0	0.0	0.0	0.0	0.0	54.0	0.0	0.0	0.0	0.0	0.0	0.0	0.0	48.0	0.0	77.0	72.0	0.0	0.0	66.0	32.0	0.0	0.0	0.0	0.0	0.0	0.0	38.0	0.0	66.0	0.0	0.0	0.0	94.0	0.0	0.0	0.0	96.0	0.0	0.0	0.0	0.0	0.0	6.0	0.0	0.0	51.0	0.0	0.0	0.0	52.0	0.0	0.0	70.0	69.0	0.0	0.0	0.0	0.0	0.0	17.0	0.0	0.0	0.0	0.0	4.0	0.0	0.0	0.0	0.0	0.0	78.0
0.0	0.0	0.0	0.0	36.0	65.0	87.0	64.0	0.0	80.0	0.0	0.0	0.0	0.0	0.0	88.0	59.0	0.0	0.0	58.0	0.0	0.0	0.0	0.0	0.0	28.0	0.0	0.0	0.0	0.0	100.0	0.0	0.0	0.0	0.0	0.0	0.0	33.0	0.0	91.0	0.0	0.0	89.0	61.0	0.0	0.0	0.0	81.0	0.0	0.0	0.0	0.0	0.0	0.0	0.0	75.0	71.0	0.0	0.0	2.0	0.0	0.0	0.0	0.0	48.0	0.0	0.0	98.0	0.0	5.0	0.0	0.0	52.0	0.0	92.0	0.0	12.0	0.0	0.0	0.0	82.0	0.0	0.0	0.0	0.0	0.0	0.0	0.0	0.0	0.0	0.0	0.0	0.0	0.0	0.0	0.0	31.0	0.0	0.0	0.0	71.0	0.0
76.0	0.0	0.0	0.0	0.0	0.0	0.0	0.0	0.0	18.0	0.0	60.0	49.0	89.0	0.0	0.0	0.0	0.0	94.0	29.0	0.0	0.0	1.0	0.0	0.0	0.0	0.0	75.0	80.0	0.0	0.0	0.0	0.0	0.0	0.0	0.0	0.0	0.0	0.0	0.0	21.0	11.0	0.0	0.0	30.0	0.0	41.0	42.0	0.0	0.0	0.0	0.0	11.0	0.0	74.0	0.0	78.0	0.0	0.0	0.0	87.0	0.0	0.0	86.0	0.0	41.0	77.0	48.0	0.0	0.0	24.0	0.0	0.0	0.0	0.0	0.0	72.0	0.0	0.0	0.0	77.0	0.0	0.0	69.0	0.0	0.0	0.0	42.0	0.0	0.0	84.0	0.0	99.0	0.0	0.0	0.0	0.0	0.0	0.0	0.0	96.0
0.0	39.0	31.0	0.0	71.0	0.0	0.0	29.0	98.0	0.0	0.0	0.0	0.0	0.0	18.0	0.0	0.0	0.0	0.0	85.0	0.0	0.0	84.0	0.0	4.0	47.0	0.0	0.0	0.0	80.0	0.0	0.0	0.0	0.0	0.0	68.0	81.0	0.0	0.0	0.0	30.0	0.0	0.0	68.0	0.0	27.0	0.0	29.0	0.0	0.0	0.0	0.0	0.0	0.0	0.0	24.0	0.0	0.0	75.0	0.0	0.0	48.0	55.0	0.0	0.0	0.0	0.0	60.0	0.0	0.0	0.0	0.0	0.0	0.0	0.0	0.0	0.0	93.0	90.0	17.0	3.0	80.0	0.0	0.0	87.0	0.0	0.0	0.0	0.0	12.0	56.0	0.0	9.0	0.0	0.0	0.0	0.0	0.0	0.0	0.0
0.0	0.0	0.0	0.0	0.0	0.0	0.0	60.0	0.0	0.0	0.0	0.0	0.0	76.0	0.0	69.0	0.0	0.0	0.0	0.0	0.0	0.0	0.0	10.0	0.0	0.0	0.0	52.0	0.0	0.0	0.0	0.0	0.0	0.0	0.0	0.0	0.0	0.0	6.0	0.0	51.0	0.0	0.0	0.0	0.0	14.0	0.0	0.0	0.0	16.0	0.0	0.0	0.0	0.0	0.0	0.0	0.0	0.0	0.0	0.0	26.0	0.0	0.0	35.0	0.0	47.0	0.0	0.0	0.0	42.0	21.0	5.0	0.0	15.0	73.0	23.0	0.0	23.0	0.0	66.0	0.0	0.0	0.0	0.0	0.0	0.0	0.0	0.0	0.0	0.0	0.0	0.0	0.0	0.0	0.0	74.0	52.0	0.0	0.0
0.0	0.0	0.0	15.0	0.0	0.0	0.0	45.0	32.0	0.0	0.0	0.0	77.0	55.0	30.0	0.0	0.0	0.0	0.0	0.0	0.0	0.0	2.0	0.0	71.0	0.0	0.0	0.0	0.0	12.0	59.0	0.0	0.0	0.0	0.0	0.0	0.0	0.0	0.0	0.0	0.0	0.0	0.0	0.0	0.0	0.0	0.0	61.0	0.0	37.0	0.0	0.0	66.0	66.0	0.0	0.0	0.0	0.0	0.0	0.0	0.0	17.0	0.0	0.0	0.0	0.0	82.0	0.0	0.0	0.0	0.0	0.0	0.0	0.0	0.0	0.0	0.0	0.0	0.0	0.0	0.0	0.0	64.0	0.0	37.0	0.0	77.0	80.0	56.0	72.0	0.0	0.0	99.0	0.0	0.0	78.0	49.0	0.0
0.0	0.0	0.0	66.0	0.0	0.0	0.0	0.0	0.0	18.0	0.0	0.0	0.0	0.0	0.0	0.0	0.0	0.0	0.0	60.0	43.0	73.0	46.0	0.0	0.0	0.0	0.0	0.0	13.0	0.0	46.0	0.0	0.0	0.0	20.0	0.0	0.0	86.0	33.0	12.0	0.0	0.0	9.0	0.0	0.0	90.0	0.0	0.0	84.0	84.0	0.0	0.0	0.0	0.0	19.0	0.0	0.0	0.0	0.0	0.0	0.0	0.0	0.0	98.0	0.0	0.0	34.0	25.0	0.0	0.0	0.0	62.0	49.0	0.0	42.0	0.0	0.0	0.0	73.0	0.0	5.0	0.0	0.0	36.0	0.0	14.0	0.0	0.0	0.0	29.0	0.0	0.0	0.0	98.0	0.0	0.0	0.0
0.0	39.0	66.0	87.0	17.0	0.0	0.0	91.0	0.0	0.0	0.0	0.0	0.0	77.0	0.0	0.0	0.0	0.0	0.0	0.0	0.0	0.0	0.0	79.0	0.0	0.0	0.0	0.0	0.0	84.0	0.0	0.0	0.0	0.0	0.0	0.0	0.0	26.0	0.0	0.0	0.0	0.0	0.0	0.0	22.0	42.0	0.0	0.0	0.0	73.0	0.0	58.0	0.0	0.0	0.0	0.0	86.0	0.0	0.0	0.0	0.0	0.0	31.0	58.0	0.0	60.0	0.0	0.0	0.0	0.0	0.0	0.0	0.0	62.0	0.0	0.0	0.0	0.0	0.0	0.0	0.0	0.0	0.0	32.0	0.0	48.0	0.0	0.0	0.0	80.0	0.0	0.0	0.0	0.0	0.0	40.0
0.0	0.0	0.0	0.0	0.0	0.0	0.0	0.0	0.0	0.0	0.0	31.0	38.0	0.0	53.0	25.0	0.0	33.0	0.0	0.0	0.0	21.0	0.0	0.0	0.0	0.0	78.0	0.0	0.0	0.0	0.0	0.0	0.0	41.0	26.0	0.0	0.0	0.0	0.0	0.0	0.0	0.0	0.0	0.0	85.0	0.0	0.0	99.0	0.0	48.0	0.0	97.0	0.0	0.0	0.0	0.0	0.0	0.0	0.0	0.0	82.0	0.0	0.0	0.0	0.0	0.0	0.0	0.0	0.0	0.0	0.0	0.0	10.0	0.0	90.0	46.0	0.0	0.0	0.0	0.0	0.0	0.0	44.0	0.0	0.0	0.0	0.0	0.0	0.0	10.0	0.0	7.0	0.0	0.0	0.0
0.0	0.0	0.0	81.0	0.0	0.0	87.0	16.0	0.0	0.0	0.0	0.0	0.0	0.0	0.0	0.0	51.0	87.0	0.0	0.0	58.0	91.0	0.0	0.0	0.0	0.0	0.0	58.0	22.0	0.0	0.0	0.0	0.0	0.0	0.0	0.0	5.0	60.0	0.0	0.0	0.0	0.0	0.0	86.0	0.0	96.0	0.0	0.0	39.0	0.0	0.0	0.0	0.0	85.0	0.0	0.0	0.0	0.0	0.0	57.0	0.0	96.0	0.0	83.0	0.0	0.0	100.0	19.0	25.0	0.0	0.0	36.0	89.0	72.0	0.0	0.0	0.0	0.0	66.0	89.0	0.0	0.0	59.0	0.0	0.0	0.0	0.0	0.0	0.0	0.0	0.0	0.0	0.0	0.0
20.0	0.0	0.0	0.0	0.0	0.0	0.0	96.0	0.0	71.0	0.0	0.0	0.0	0.0	0.0	10.0	0.0	87.0	0.0	94.0	46.0	0.0	91.0	11.0	0.0	0.0	99.0	0.0	77.0	79.0	0.0	0.0	0.0	84.0	0.0	0.0	14.0	0.0	0.0	0.0	0.0	0.0	0.0	0.0	0.0	0.0	0.0	0.0	0.0	0.0	0.0	0.0	0.0	0.0	0.0	0.0	97.0	82.0	0.0	0.0	0.0	9.0	0.0	0.0	0.0	0.0	31.0	0.0	0.0	0.0	78.0	59.0	0.0	82.0	0.0	0.0	12.0	0.0	0.0	66.0	59.0	0.0	0.0	0.0	0.0	0.0	0.0	0.0	6.0	0.0	82.0	53.0	42.0
0.0	0.0	0.0	0.0	0.0	0.0	0.0	12.0	0.0	0.0	68.0	0.0	46.0	0.0	0.0	52.0	0.0	0.0	0.0	0.0	0.0	0.0	0.0	0.0	0.0	0.0	0.0	0.0	0.0	0.0	0.0	0.0	0.0	64.0	0.0	0.0	0.0	0.0	0.0	0.0	95.0	88.0	0.0	0.0	57.0	0.0	83.0	0.0	0.0	0.0	0.0	87.0	0.0	0.0	0.0	0.0	0.0	0.0	0.0	0.0	0.0	0.0	0.0	0.0	0.0	0.0	0.0	0.0	0.0	0.0	0.0	0.0	0.0	0.0	0.0	0.0	0.0	0.0	0.0	0.0	0.0	0.0	0.0	0.0	0.0	0.0	0.0	79.0	0.0	63.0	0.0	39.0
68.0	0.0	0.0	74.0	0.0	26.0	0.0	89.0	0.0	0.0	0.0	0.0	0.0	0.0	63.0	0.0	0.0	0.0	0.0	0.0	0.0	51.0	0.0	0.0	0.0	0.0	0.0	86.0	0.0	0.0	0.0	0.0	0.0	10.0	0.0	0.0	0.0	0.0	0.0	0.0	0.0	0.0	30.0	0.0	0.0	0.0	0.0	0.0	9.0	0.0	0.0	73.0	97.0	0.0	0.0	0.0	0.0	0.0	0.0	0.0	25.0	0.0	0.0	0.0	0.0	95.0	0.0	0.0	66.0	0.0	0.0	85.0	8.0	0.0	79.0	0.0	1.0	0.0	0.0	65.0	4.0	0.0	0.0	0.0	0.0	0.0	0.0	0.0	0.0	0.0	28.0
0.0	0.0	0.0	45.0	0.0	0.0	0.0	0.0	17.0	0.0	21.0	0.0	0.0	0.0	0.0	26.0	0.0	0.0	0.0	54.0	0.0	0.0	0.0	34.0	0.0	40.0	0.0	0.0	0.0	0.0	0.0	45.0	1.0	0.0	64.0	0.0	57.0	0.0	0.0	0.0	0.0	0.0	0.0	0.0	0.0	26.0	0.0	0.0	0.0	0.0	80.0	0.0	0.0	0.0	0.0	0.0	0.0	28.0	0.0	0.0	0.0	0.0	0.0	0.0	0.0	53.0	0.0	0.0	22.0	0.0	0.0	0.0	0.0	0.0	0.0	0.0	0.0	0.0	16.0	46.0	51.0	0.0	0.0	0.0	0.0	99.0	0.0	0.0	42.0	0.0
8.0	0.0	0.0	0.0	0.0	0.0	0.0	0.0	49.0	0.0	0.0	0.0	0.0	0.0	49.0	0.0	84.0	0.0	0.0	0.0	87.0	79.0	75.0	0.0	0.0	0.0	0.0	25.0	0.0	1.0	0.0	0.0	26.0	0.0	0.0	75.0	0.0	0.0	0.0	1.0	0.0	0.0	0.0	22.0	0.0	0.0	0.0	0.0	0.0	97.0	0.0	0.0	0.0	0.0	0.0	0.0	0.0	0.0	0.0	0.0	0.0	59.0	0.0	0.0	15.0	82.0	0.0	0.0	0.0	0.0	2.0	0.0	0.0	0.0	0.0	0.0	96.0	0.0	0.0	0.0	0.0	0.0	0.0	0.0	0.0	0.0	0.0	0.0	77.0
0.0	92.0	0.0	0.0	0.0	0.0	0.0	0.0	0.0	0.0	0.0	0.0	0.0	7.0	0.0	0.0	0.0	95.0	0.0	0.0	0.0	0.0	0.0	0.0	0.0	0.0	0.0	0.0	0.0	0.0	0.0	72.0	75.0	0.0	0.0	90.0	0.0	0.0	0.0	0.0	77.0	0.0	0.0	0.0	0.0	0.0	0.0	18.0	0.0	0.0	55.0	0.0	0.0	43.0	0.0	78.0	0.0	0.0	0.0	0.0	0.0	0.0	0.0	0.0	96.0	0.0	0.0	0.0	53.0	99.0	0.0	0.0	71.0	96.0	0.0	3.0	59.0	0.0	40.0	0.0	0.0	0.0	0.0	0.0	0.0	0.0	0.0	0.0
0.0	0.0	0.0	0.0	0.0	0.0	0.0	0.0	0.0	0.0	0.0	0.0	45.0	0.0	0.0	0.0	0.0	0.0	0.0	0.0	0.0	25.0	0.0	0.0	91.0	0.0	0.0	0.0	96.0	0.0	0.0	0.0	0.0	0.0	40.0	0.0	94.0	0.0	71.0	0.0	0.0	0.0	0.0	1.0	0.0	0.0	0.0	0.0	38.0	0.0	15.0	96.0	58.0	0.0	0.0	31.0	0.0	0.0	38.0	0.0	59.0	0.0	0.0	56.0	0.0	0.0	0.0	0.0	0.0	0.0	0.0	0.0	0.0	0.0	0.0	0.0	0.0	0.0	0.0	67.0	0.0	0.0	33.0	0.0	0.0	21.0	0.0
0.0	0.0	0.0	4.0	0.0	0.0	0.0	96.0	0.0	0.0	70.0	0.0	0.0	0.0	0.0	0.0	35.0	0.0	0.0	0.0	65.0	0.0	81.0	43.0	0.0	0.0	0.0	0.0	0.0	0.0	0.0	0.0	0.0	90.0	0.0	0.0	53.0	0.0	0.0	0.0	0.0	0.0	0.0	0.0	0.0	0.0	0.0	0.0	0.0	0.0	0.0	0.0	0.0	0.0	14.0	30.0	0.0	0.0	0.0	0.0	67.0	0.0	0.0	53.0	0.0	0.0	52.0	0.0	74.0	0.0	0.0	81.0	0.0	0.0	24.0	0.0	70.0	0.0	81.0	0.0	3.0	0.0	0.0	0.0	0.0	0.0
0.0	0.0	0.0	0.0	20.0	30.0	0.0	0.0	57.0	54.0	0.0	0.0	42.0	0.0	90.0	0.0	0.0	0.0	0.0	90.0	0.0	0.0	20.0	0.0	0.0	0.0	22.0	52.0	0.0	62.0	54.0	0.0	0.0	3.0	0.0	0.0	0.0	83.0	0.0	100.0	88.0	0.0	5.0	0.0	0.0	0.0	34.0	0.0	0.0	0.0	0.0	0.0	89.0	0.0	0.0	14.0	0.0	0.0	0.0	0.0	94.0	21.0	0.0	0.0	0.0	0.0	0.0	0.0	0.0	0.0	0.0	0.0	0.0	76.0	0.0	0.0	0.0	0.0	0.0	27.0	0.0	0.0	0.0	0.0	0.0
0.0	0.0	0.0	7.0	0.0	0.0	0.0	0.0	95.0	0.0	28.0	0.0	2.0	0.0	0.0	0.0	0.0	0.0	98.0	0.0	0.0	0.0	0.0	0.0	93.0	0.0	0.0	12.0	0.0	0.0	44.0	0.0	0.0	73.0	32.0	0.0	0.0	0.0	0.0	7.0	14.0	0.0	0.0	60.0	0.0	0.0	0.0	0.0	26.0	0.0	0.0	21.0	0.0	0.0	0.0	0.0	0.0	0.0	50.0	0.0	31.0	8.0	0.0	0.0	0.0	0.0	0.0	0.0	0.0	21.0	0.0	0.0	0.0	36.0	0.0	0.0	0.0	0.0	0.0	0.0	0.0	0.0	0.0	61.0
0.0	68.0	61.0	0.0	89.0	94.0	0.0	0.0	0.0	0.0	0.0	0.0	0.0	0.0	0.0	0.0	0.0	40.0	0.0	0.0	0.0	85.0	0.0	0.0	0.0	0.0	95.0	0.0	11.0	0.0	0.0	16.0	0.0	81.0	0.0	0.0	0.0	34.0	0.0	0.0	0.0	0.0	53.0	0.0	83.0	95.0	0.0	0.0	0.0	0.0	13.0	45.0	39.0	0.0	0.0	0.0	0.0	0.0	0.0	0.0	0.0	0.0	11.0	0.0	46.0	72.0	0.0	0.0	0.0	41.0	0.0	0.0	10.0	78.0	0.0	0.0	72.0	0.0	0.0	0.0	10.0	0.0	0.0
59.0	0.0	0.0	0.0	92.0	0.0	0.0	0.0	0.0	0.0	40.0	0.0	0.0	0.0	36.0	0.0	0.0	32.0	0.0	0.0	25.0	0.0	0.0	0.0	0.0	0.0	16.0	0.0	73.0	61.0	0.0	68.0	0.0	31.0	0.0	0.0	0.0	0.0	0.0	48.0	0.0	0.0	78.0	0.0	0.0	0.0	0.0	40.0	0.0	0.0	0.0	0.0	0.0	47.0	21.0	0.0	0.0	0.0	94.0	0.0	5.0	0.0	0.0	0.0	67.0	0.0	0.0	0.0	0.0	51.0	0.0	0.0	1.0	63.0	0.0	0.0	57.0	0.0	0.0	0.0	0.0	0.0
0.0	0.0	0.0	0.0	0.0	0.0	0.0	0.0	24.0	83.0	0.0	0.0	0.0	0.0	10.0	0.0	36.0	0.0	0.0	0.0	0.0	0.0	0.0	0.0	0.0	0.0	46.0	0.0	0.0	0.0	61.0	0.0	0.0	0.0	0.0	0.0	32.0	0.0	92.0	0.0	0.0	0.0	0.0	0.0	58.0	0.0	0.0	0.0	26.0	20.0	0.0	0.0	62.0	80.0	22.0	0.0	0.0	0.0	15.0	0.0	0.0	0.0	0.0	0.0	0.0	0.0	0.0	0.0	0.0	0.0	0.0	0.0	61.0	0.0	0.0	0.0	13.0	0.0	0.0	0.0	0.0
0.0	0.0	0.0	0.0	0.0	0.0	0.0	0.0	0.0	0.0	0.0	0.0	0.0	0.0	0.0	0.0	0.0	78.0	0.0	0.0	0.0	0.0	0.0	0.0	0.0	0.0	91.0	0.0	95.0	0.0	0.0	0.0	5.0	0.0	0.0	0.0	0.0	0.0	0.0	6.0	78.0	0.0	0.0	27.0	0.0	0.0	0.0	51.0	0.0	23.0	0.0	89.0	0.0	0.0	0.0	76.0	0.0	0.0	0.0	0.0	0.0	0.0	50.0	0.0	0.0	0.0	83.0	0.0	35.0	0.0	65.0	0.0	0.0	0.0	0.0	28.0	0.0	0.0	0.0	0.0
0.0	40.0	14.0	0.0	96.0	13.0	0.0	0.0	0.0	0.0	0.0	0.0	96.0	0.0	0.0	17.0	0.0	0.0	0.0	0.0	97.0	0.0	0.0	0.0	0.0	39.0	0.0	0.0	0.0	100.0	0.0	76.0	0.0	0.0	0.0	0.0	0.0	0.0	0.0	0.0	0.0	0.0	0.0	28.0	96.0	16.0	76.0	0.0	29.0	8.0	0.0	86.0	0.0	94.0	98.0	0.0	0.0	0.0	100.0	0.0	0.0	0.0	69.0	0.0	0.0	0.0	0.0	0.0	0.0	0.0	0.0	52.0	0.0	0.0	0.0	100.0	0.0	0.0	0.0
0.0	0.0	0.0	2.0	0.0	0.0	0.0	0.0	0.0	0.0	0.0	98.0	0.0	0.0	15.0	0.0	0.0	0.0	31.0	48.0	0.0	0.0	0.0	65.0	88.0	0.0	16.0	53.0	0.0	0.0	0.0	0.0	0.0	4.0	61.0	0.0	61.0	0.0	0.0	8.0	0.0	0.0	0.0	44.0	0.0	72.0	53.0	0.0	0.0	0.0	0.0	0.0	0.0	0.0	0.0	0.0	0.0	0.0	9.0	7.0	0.0	0.0	0.0	0.0	0.0	0.0	0.0	78.0	0.0	49.0	0.0	0.0	0.0	0.0	0.0	0.0	45.0	0.0
0.0	0.0	30.0	0.0	0.0	0.0	11.0	97.0	0.0	0.0	54.0	0.0	0.0	0.0	96.0	0.0	28.0	0.0	31.0	0.0	0.0	13.0	70.0	0.0	4.0	0.0	0.0	37.0	0.0	54.0	0.0	0.0	0.0	0.0	0.0	0.0	0.0	0.0	0.0	0.0	0.0	18.0	0.0	0.0	0.0	0.0	0.0	0.0	0.0	0.0	0.0	0.0	0.0	0.0	0.0	76.0	0.0	0.0	0.0	0.0	0.0	0.0	0.0	75.0	0.0	0.0	0.0	0.0	19.0	0.0	0.0	0.0	0.0	0.0	0.0	0.0	0.0
69.0	0.0	11.0	0.0	0.0	0.0	0.0	0.0	0.0	99.0	0.0	31.0	0.0	0.0	0.0	0.0	0.0	84.0	0.0	0.0	0.0	26.0	0.0	0.0	0.0	0.0	0.0	0.0	0.0	0.0	0.0	90.0	79.0	0.0	0.0	0.0	0.0	0.0	85.0	52.0	0.0	17.0	42.0	0.0	0.0	41.0	0.0	0.0	0.0	0.0	0.0	0.0	90.0	0.0	0.0	41.0	0.0	0.0	0.0	3.0	0.0	0.0	55.0	92.0	12.0	6.0	0.0	0.0	0.0	67.0	0.0	0.0	0.0	9.0	0.0	0.0
0.0	6.0	0.0	0.0	54.0	10.0	0.0	0.0	0.0	0.0	76.0	0.0	0.0	37.0	0.0	0.0	0.0	0.0	0.0	0.0	0.0	0.0	0.0	0.0	0.0	0.0	0.0	0.0	0.0	82.0	0.0	0.0	80.0	65.0	0.0	0.0	0.0	0.0	66.0	0.0	0.0	16.0	0.0	55.0	95.0	0.0	68.0	0.0	0.0	76.0	88.0	0.0	84.0	0.0	0.0	0.0	0.0	0.0	0.0	12.0	0.0	16.0	0.0	67.0	6.0	0.0	0.0	0.0	0.0	44.0	67.0	14.0	0.0	29.0	0.0
35.0	3.0	0.0	31.0	0.0	0.0	0.0	0.0	0.0	0.0	0.0	42.0	0.0	0.0	0.0	0.0	0.0	0.0	0.0	0.0	22.0	0.0	0.0	0.0	0.0	0.0	0.0	0.0	76.0	0.0	0.0	0.0	0.0	0.0	47.0	0.0	0.0	0.0	0.0	0.0	0.0	0.0	0.0	0.0	0.0	0.0	0.0	79.0	0.0	0.0	0.0	0.0	35.0	0.0	0.0	0.0	77.0	0.0	0.0	0.0	92.0	0.0	0.0	62.0	0.0	0.0	0.0	51.0	0.0	46.0	0.0	0.0	0.0	62.0
0.0	0.0	0.0	0.0	0.0	57.0	0.0	0.0	0.0	0.0	36.0	0.0	18.0	8.0	0.0	0.0	0.0	92.0	0.0	65.0	42.0	2.0	0.0	51.0	73.0	0.0	24.0	12.0	0.0	0.0	0.0	0.0	0.0	21.0	0.0	1.0	0.0	29.0	0.0	0.0	3.0	0.0	96.0	50.0	0.0	0.0	0.0	0.0	0.0	0.0	0.0	85.0	0.0	0.0	0.0	87.0	0.0	0.0	0.0	0.0	45.0	0.0	74.0	92.0	0.0	0.0	0.0	0.0	0.0	0.0	34.0	98.0	11.0
25.0	0.0	0.0	0.0	12.0	59.0	0.0	62.0	0.0	0.0	0.0	29.0	0.0	74.0	0.0	0.0	80.0	0.0	4.0	0.0	0.0	0.0	0.0	0.0	0.0	0.0	0.0	68.0	0.0	60.0	0.0	67.0	0.0	0.0	0.0	0.0	0.0	37.0	0.0	0.0	0.0	0.0	0.0	0.0	0.0	0.0	0.0	0.0	14.0	93.0	0.0	0.0	0.0	0.0	0.0	0.0	0.0	0.0	0.0	0.0	0.0	0.0	0.0	0.0	39.0	33.0	0.0	0.0	0.0	97.0	8.0	76.0
31.0	24.0	0.0	0.0	43.0	0.0	0.0	0.0	0.0	0.0	0.0	17.0	0.0	19.0	0.0	0.0	0.0	0.0	0.0	0.0	0.0	0.0	0.0	0.0	45.0	50.0	0.0	0.0	0.0	0.0	0.0	0.0	0.0	0.0	0.0	0.0	0.0	0.0	96.0	0.0	0.0	0.0	0.0	0.0	0.0	2.0	0.0	24.0	0.0	55.0	0.0	0.0	0.0	0.0	0.0	0.0	21.0	82.0	0.0	0.0	0.0	0.0	80.0	0.0	0.0	0.0	21.0	0.0	0.0	0.0	0.0
0.0	0.0	0.0	64.0	0.0	0.0	0.0	0.0	68.0	25.0	0.0	79.0	0.0	0.0	0.0	0.0	0.0	64.0	8.0	0.0	76.0	0.0	0.0	0.0	0.0	0.0	0.0	9.0	0.0	83.0	0.0	0.0	80.0	0.0	0.0	0.0	58.0	0.0	0.0	6.0	0.0	0.0	0.0	0.0	78.0	0.0	91.0	0.0	0.0	57.0	40.0	0.0	0.0	0.0	0.0	30.0	88.0	0.0	0.0	57.0	0.0	0.0	0.0	0.0	72.0	0.0	63.0	0.0	38.0	80.0
65.0	0.0	0.0	0.0	35.0	0.0	0.0	0.0	29.0	0.0	0.0	0.0	0.0	0.0	11.0	0.0	0.0	0.0	0.0	0.0	0.0	24.0	56.0	0.0	0.0	0.0	0.0	0.0	6.0	0.0	0.0	0.0	0.0	0.0	0.0	0.0	0.0	0.0	0.0	0.0	0.0	0.0	0.0	0.0	0.0	0.0	26.0	67.0	0.0	0.0	23.0	90.0	94.0	0.0	0.0	0.0	26.0	0.0	0.0	0.0	0.0	0.0	0.0	0.0	0.0	46.0	0.0	0.0	32.0
1.0	86.0	25.0	0.0	0.0	0.0	0.0	0.0	0.0	0.0	0.0	0.0	0.0	0.0	0.0	0.0	38.0	0.0	0.0	0.0	0.0	0.0	0.0	10.0	64.0	0.0	8.0	0.0	0.0	0.0	0.0	0.0	0.0	0.0	0.0	0.0	83.0	0.0	0.0	0.0	16.0	0.0	0.0	0.0	97.0	0.0	0.0	0.0	41.0	0.0	0.0	0.0	0.0	0.0	0.0	0.0	0.0	92.0	0.0	0.0	85.0	0.0	47.0	0.0	0.0	88.0	0.0	0.0
64.0	64.0	62.0	0.0	0.0	47.0	0.0	0.0	66.0	0.0	56.0	0.0	0.0	0.0	56.0	0.0	0.0	62.0	0.0	0.0	0.0	0.0	0.0	0.0	0.0	75.0	0.0	0.0	26.0	23.0	0.0	0.0	0.0	37.0	0.0	0.0	0.0	0.0	0.0	0.0	71.0	0.0	0.0	27.0	0.0	0.0	0.0	0.0	0.0	80.0	0.0	92.0	0.0	0.0	0.0	0.0	0.0	0.0	0.0	0.0	100.0	83.0	27.0	0.0	0.0	16.0	76.0
41.0	0.0	0.0	16.0	0.0	0.0	0.0	6.0	66.0	0.0	0.0	0.0	0.0	0.0	0.0	0.0	0.0	35.0	0.0	0.0	0.0	0.0	0.0	0.0	0.0	34.0	84.0	0.0	0.0	97.0	0.0	0.0	0.0	0.0	0.0	51.0	0.0	0.0	57.0	0.0	47.0	0.0	0.0	0.0	0.0	0.0	0.0	0.0	0.0	0.0	0.0	57.0	0.0	0.0	0.0	0.0	51.0	0.0	0.0	0.0	0.0	0.0	0.0	0.0	0.0	0.0
0.0	0.0	0.0	31.0	0.0	0.0	0.0	23.0	16.0	0.0	57.0	0.0	0.0	87.0	54.0	0.0	0.0	0.0	0.0	85.0	0.0	41.0	0.0	0.0	0.0	19.0	14.0	16.0	0.0	27.0	0.0	0.0	70.0	0.0	0.0	0.0	88.0	0.0	0.0	0.0	0.0	41.0	0.0	0.0	0.0	0.0	0.0	0.0	0.0	0.0	36.0	28.0	0.0	72.0	0.0	0.0	0.0	27.0	0.0	0.0	0.0	90.0	0.0	0.0	4.0
0.0	0.0	0.0	0.0	0.0	0.0	0.0	0.0	0.0	0.0	0.0	37.0	0.0	0.0	0.0	0.0	72.0	0.0	0.0	0.0	23.0	0.0	41.0	0.0	0.0	36.0	29.0	17.0	0.0	0.0	0.0	2.0	41.0	0.0	0.0	0.0	0.0	76.0	0.0	0.0	0.0	0.0	14.0	0.0	77.0	82.0	0.0	0.0	56.0	0.0	0.0	0.0	0.0	0.0	0.0	0.0	0.0	0.0	0.0	95.0	0.0	69.0	0.0	0.0
0.0	0.0	96.0	82.0	0.0	0.0	78.0	2.0	0.0	0.0	0.0	0.0	0.0	57.0	0.0	0.0	39.0	0.0	37.0	82.0	0.0	0.0	0.0	0.0	0.0	0.0	0.0	0.0	0.0	0.0	0.0	0.0	0.0	1.0	0.0	0.0	0.0	0.0	0.0	0.0	0.0	0.0	0.0	17.0	11.0	0.0	41.0	0.0	0.0	0.0	0.0	0.0	65.0	0.0	0.0	0.0	32.0	91.0	0.0	0.0	0.0	0.0	33.0
0.0	0.0	53.0	36.0	0.0	0.0	0.0	0.0	0.0	0.0	29.0	59.0	32.0	0.0	0.0	0.0	74.0	0.0	35.0	0.0	99.0	0.0	0.0	76.0	0.0	0.0	0.0	67.0	0.0	0.0	0.0	0.0	0.0	0.0	0.0	65.0	0.0	0.0	0.0	0.0	85.0	0.0	0.0	75.0	0.0	0.0	0.0	0.0	62.0	62.0	0.0	79.0	0.0	0.0	0.0	0.0	0.0	16.0	16.0	62.0	44.0	0.0
32.0	80.0	63.0	0.0	0.0	48.0	0.0	0.0	0.0	0.0	0.0	0.0	0.0	82.0	76.0	0.0	0.0	0.0	25.0	69.0	0.0	0.0	22.0	0.0	0.0	0.0	0.0	70.0	0.0	0.0	37.0	0.0	0.0	63.0	0.0	0.0	0.0	0.0	89.0	99.0	0.0	0.0	0.0	0.0	0.0	66.0	57.0	0.0	0.0	0.0	0.0	66.0	0.0	86.0	0.0	0.0	0.0	0.0	95.0	0.0	0.0
0.0	75.0	0.0	89.0	0.0	0.0	0.0	0.0	0.0	83.0	45.0	0.0	0.0	0.0	0.0	66.0	14.0	0.0	18.0	0.0	0.0	0.0	0.0	0.0	0.0	88.0	0.0	0.0	0.0	0.0	62.0	14.0	0.0	0.0	93.0	66.0	8.0	0.0	0.0	0.0	0.0	0.0	0.0	0.0	0.0	0.0	83.0	0.0	0.0	0.0	0.0	0.0	0.0	0.0	0.0	0.0	0.0	41.0	73.0	0.0
0.0	27.0	0.0	0.0	0.0	0.0	0.0	0.0	0.0	70.0	0.0	46.0	50.0	0.0	0.0	0.0	0.0	27.0	87.0	0.0	0.0	0.0	0.0	0.0	33.0	71.0	0.0	12.0	0.0	0.0	45.0	0.0	0.0	0.0	0.0	75.0	0.0	0.0	0.0	0.0	0.0	0.0	0.0	0.0	0.0	0.0	36.0	0.0	13.0	0.0	0.0	0.0	0.0	0.0	0.0	0.0	0.0	0.0	0.0
8.0	51.0	46.0	0.0	0.0	95.0	0.0	0.0	63.0	0.0	0.0	0.0	0.0	97.0	0.0	0.0	0.0	0.0	0.0	92.0	0.0	11.0	53.0	0.0	0.0	0.0	0.0	0.0	0.0	0.0	59.0	76.0	36.0	0.0	0.0	0.0	0.0	96.0	20.0	0.0	0.0	30.0	0.0	0.0	66.0	0.0	0.0	0.0	0.0	0.0	0.0	0.0	73.0	96.0	0.0	0.0	0.0	0.0
32.0	0.0	1.0	50.0	0.0	0.0	0.0	0.0	0.0	0.0	0.0	48.0	0.0	0.0	0.0	0.0	0.0	0.0	0.0	0.0	0.0	0.0	0.0	0.0	75.0	77.0	0.0	16.0	59.0	99.0	0.0	0.0	0.0	0.0	0.0	0.0	0.0	0.0	71.0	87.0	1.0	0.0	0.0	0.0	0.0	0.0	0.0	0.0	0.0	0.0	96.0	0.0	0.0	0.0	42.0	0.0	0.0
0.0	0.0	0.0	0.0	0.0	0.0	0.0	0.0	0.0	21.0	0.0	0.0	0.0	0.0	52.0	0.0	44.0	0.0	0.0	8.0	0.0	83.0	0.0	22.0	0.0	0.0	0.0	0.0	66.0	0.0	0.0	0.0	0.0	0.0	75.0	0.0	0.0	0.0	42.0	70.0	0.0	67.0	0.0	0.0	0.0	84.0	76.0	0.0	0.0	0.0	29.0	36.0	18.0	0.0	0.0	0.0
0.0	0.0	0.0	0.0	0.0	0.0	0.0	0.0	0.0	0.0	0.0	29.0	0.0	0.0	0.0	0.0	0.0	0.0	0.0	96.0	76.0	0.0	0.0	48.0	0.0	0.0	0.0	0.0	0.0	0.0	0.0	0.0	0.0	0.0	0.0	0.0	0.0	0.0	0.0	0.0	51.0	0.0	87.0	0.0	0.0	0.0	0.0	0.0	0.0	0.0	0.0	0.0	0.0	0.0	0.0
93.0	0.0	0.0	0.0	0.0	0.0	0.0	23.0	0.0	0.0	0.0	0.0	0.0	0.0	33.0	0.0	0.0	89.0	0.0	0.0	56.0	0.0	0.0	0.0	0.0	0.0	0.0	0.0	38.0	100.0	52.0	0.0	44.0	51.0	0.0	0.0	97.0	48.0	36.0	0.0	0.0	0.0	90.0	0.0	0.0	0.0	0.0	0.0	0.0	77.0	0.0	0.0	0.0	0.0
0.0	0.0	0.0	0.0	0.0	0.0	0.0	1.0	0.0	0.0	44.0	0.0	0.0	0.0	94.0	75.0	50.0	0.0	0.0	37.0	0.0	0.0	79.0	0.0	88.0	0.0	0.0	0.0	0.0	0.0	0.0	0.0	0.0	0.0	30.0	0.0	84.0	0.0	0.0	0.0	0.0	4.0	94.0	0.0	0.0	0.0	0.0	36.0	0.0	0.0	0.0	79.0	0.0
0.0	0.0	0.0	28.0	97.0	0.0	0.0	0.0	0.0	0.0	0.0	0.0	14.0	0.0	0.0	0.0	0.0	0.0	0.0	0.0	0.0	0.0	0.0	0.0	22.0	0.0	0.0	99.0	0.0	0.0	0.0	23.0	0.0	0.0	0.0	0.0	0.0	0.0	71.0	0.0	0.0	0.0	99.0	64.0	22.0	5.0	0.0	0.0	0.0	0.0	13.0	24.0
0.0	0.0	0.0	0.0	0.0	30.0	0.0	0.0	0.0	0.0	33.0	0.0	0.0	0.0	0.0	0.0	0.0	0.0	0.0	73.0	0.0	78.0	0.0	0.0	0.0	97.0	98.0	0.0	0.0	0.0	38.0	0.0	0.0	0.0	0.0	0.0	0.0	0.0	0.0	0.0	35.0	86.0	0.0	0.0	29.0	0.0	0.0	52.0	0.0	0.0	81.0
55.0	0.0	0.0	0.0	66.0	36.0	0.0	0.0	0.0	0.0	0.0	0.0	0.0	0.0	0.0	0.0	0.0	0.0	0.0	0.0	0.0	0.0	0.0	23.0	0.0	0.0	0.0	0.0	21.0	0.0	0.0	81.0	0.0	0.0	0.0	0.0	27.0	0.0	28.0	0.0	0.0	16.0	0.0	0.0	33.0	0.0	0.0	0.0	42.0	0.0
41.0	53.0	0.0	96.0	29.0	0.0	20.0	0.0	0.0	0.0	98.0	0.0	25.0	0.0	76.0	0.0	0.0	0.0	65.0	0.0	0.0	0.0	0.0	84.0	0.0	0.0	0.0	0.0	0.0	0.0	73.0	0.0	37.0	46.0	0.0	54.0	0.0	0.0	91.0	0.0	0.0	0.0	0.0	0.0	0.0	0.0	0.0	26.0	0.0
0.0	0.0	0.0	0.0	0.0	72.0	94.0	0.0	71.0	0.0	0.0	2.0	0.0	0.0	0.0	0.0	0.0	0.0	0.0	87.0	0.0	0.0	0.0	25.0	0.0	91.0	79.0	21.0	0.0	0.0	8.0	0.0	0.0	1.0	0.0	0.0	0.0	0.0	0.0	0.0	0.0	23.0	0.0	0.0	0.0	0.0	60.0	0.0
0.0	0.0	0.0	0.0	0.0	0.0	0.0	0.0	15.0	0.0	42.0	43.0	0.0	0.0	0.0	0.0	79.0	0.0	0.0	95.0	68.0	0.0	0.0	20.0	0.0	0.0	0.0	77.0	0.0	0.0	24.0	0.0	0.0	0.0	0.0	0.0	0.0	71.0	0.0	0.0	0.0	0.0	0.0	0.0	36.0	0.0	0.0
28.0	0.0	85.0	0.0	0.0	0.0	0.0	64.0	0.0	0.0	0.0	0.0	75.0	0.0	0.0	0.0	0.0	0.0	0.0	0.0	0.0	0.0	97.0	0.0	0.0	1.0	0.0	0.0	0.0	33.0	0.0	41.0	0.0	0.0	0.0	0.0	0.0	0.0	95.0	0.0	0.0	0.0	0.0	0.0	0.0	0.0
0.0	62.0	0.0	31.0	0.0	43.0	0.0	15.0	0.0	0.0	0.0	0.0	43.0	0.0	0.0	0.0	0.0	0.0	0.0	0.0	0.0	0.0	63.0	0.0	0.0	0.0	0.0	84.0	0.0	0.0	0.0	0.0	32.0	0.0	0.0	0.0	0.0	66.0	0.0	0.0	0.0	0.0	33.0	36.0	0.0
0.0	0.0	10.0	9.0	0.0	0.0	0.0	0.0	0.0	0.0	0.0	0.0	22.0	0.0	0.0	0.0	0.0	0.0	0.0	0.0	0.0	42.0	30.0	0.0	7.0	0.0	0.0	0.0	21.0	0.0	9.0	0.0	0.0	0.0	0.0	0.0	0.0	0.0	0.0	0.0	63.0	85.0	20.0	0.0
0.0	0.0	0.0	0.0	0.0	0.0	0.0	0.0	0.0	0.0	0.0	2.0	43.0	12.0	0.0	0.0	76.0	2.0	0.0	24.0	0.0	89.0	0.0	86.0	0.0	0.0	0.0	93.0	0.0	14.0	0.0	0.0	0.0	0.0	0.0	0.0	0.0	0.0	0.0	0.0	0.0	63.0	0.0
0.0	0.0	0.0	0.0	87.0	0.0	0.0	0.0	0.0	0.0	39.0	0.0	0.0	0.0	0.0	0.0	0.0	0.0	0.0	11.0	0.0	60.0	0.0	0.0	0.0	0.0	0.0	0.0	0.0	0.0	0.0	38.0	47.0	0.0	0.0	0.0	0.0	0.0	69.0	75.0	0.0	0.0
0.0	0.0	0.0	0.0	0.0	84.0	63.0	0.0	0.0	0.0	0.0	0.0	98.0	0.0	0.0	35.0	0.0	0.0	0.0	0.0	0.0	0.0	0.0	0.0	17.0	0.0	0.0	0.0	0.0	0.0	0.0	0.0	66.0	0.0	68.0	87.0	0.0	0.0	23.0	0.0	0.0
0.0	0.0	55.0	0.0	0.0	0.0	43.0	0.0	0.0	28.0	0.0	0.0	0.0	90.0	60.0	0.0	0.0	0.0	0.0	11.0	0.0	0.0	0.0	0.0	3.0	58.0	0.0	0.0	52.0	0.0	14.0	0.0	0.0	0.0	0.0	96.0	0.0	0.0	0.0	0.0
0.0	0.0	0.0	0.0	0.0	26.0	0.0	0.0	0.0	0.0	0.0	26.0	0.0	0.0	33.0	0.0	0.0	0.0	0.0	0.0	0.0	0.0	0.0	0.0	50.0	0.0	0.0	38.0	0.0	0.0	0.0	0.0	0.0	0.0	51.0	0.0	0.0	0.0	0.0
0.0	0.0	0.0	0.0	0.0	0.0	34.0	53.0	0.0	0.0	0.0	0.0	24.0	90.0	0.0	0.0	89.0	0.0	77.0	0.0	0.0	0.0	0.0	0.0	13.0	0.0	84.0	7.0	0.0	0.0	0.0	0.0	0.0	0.0	0.0	0.0	0.0	93.0
0.0	0.0	0.0	0.0	0.0	0.0	0.0	0.0	0.0	0.0	0.0	0.0	0.0	0.0	0.0	30.0	0.0	54.0	0.0	0.0	0.0	57.0	0.0	0.0	0.0	31.0	0.0	32.0	0.0	0.0	100.0	0.0	0.0	0.0	0.0	0.0	0.0
0.0	0.0	0.0	0.0	0.0	0.0	0.0	1.0	2.0	0.0	0.0	0.0	71.0	34.0	50.0	0.0	9.0	0.0	42.0	0.0	10.0	79.0	0.0	26.0	38.0	78.0	0.0	0.0	53.0	0.0	0.0	0.0	42.0	0.0	0.0	0.0
0.0	0.0	8.0	95.0	0.0	0.0	0.0	0.0	0.0	0.0	0.0	0.0	0.0	0.0	0.0	60.0	61.0	0.0	38.0	0.0	0.0	0.0	0.0	0.0	0.0	1.0	0.0	59.0	0.0	0.0	66.0	11.0	0.0	0.0	0.0
0.0	0.0	0.0	0.0	0.0	0.0	0.0	0.0	44.0	0.0	0.0	0.0	94.0	0.0	0.0	27.0	0.0	0.0	0.0	0.0	0.0	0.0	0.0	0.0	0.0	0.0	0.0	0.0	0.0	0.0	0.0	73.0	96.0	0.0
0.0	0.0	0.0	0.0	63.0	61.0	20.0	40.0	0.0	62.0	0.0	0.0	63.0	2.0	86.0	53.0	0.0	62.0	21.0	8.0	0.0	0.0	0.0	0.0	0.0	0.0	0.0	0.0	0.0	0.0	0.0	0.0	0.0
0.0	0.0	0.0	0.0	0.0	0.0	5.0	86.0	22.0	38.0	0.0	0.0	63.0	0.0	0.0	0.0	0.0	12.0	81.0	0.0	0.0	0.0	0.0	0.0	0.0	16.0	0.0	0.0	0.0	0.0	0.0	67.0
99.0	0.0	1.0	0.0	0.0	0.0	0.0	0.0	0.0	0.0	0.0	0.0	0.0	0.0	0.0	0.0	0.0	0.0	0.0	0.0	87.0	0.0	3.0	85.0	0.0	0.0	91.0	0.0	0.0	0.0	0.0
0.0	0.0	66.0	0.0	0.0	0.0	15.0	0.0	0.0	0.0	0.0	68.0	0.0	39.0	0.0	0.0	0.0	0.0	0.0	4.0	0.0	54.0	0.0	0.0	0.0	10.0	0.0	0.0	0.0	0.0
0.0	0.0	0.0	0.0	47.0	0.0	0.0	99.0	0.0	0.0	0.0	0.0	12.0	0.0	0.0	0.0	0.0	0.0	0.0	0.0	0.0	0.0	0.0	0.0	0.0	0.0	0.0	0.0	0.0
99.0	0.0	71.0	0.0	0.0	0.0	50.0	0.0	42.0	54.0	0.0	0.0	0.0	0.0	0.0	0.0	0.0	0.0	0.0	39.0	24.0	3.0	0.0	0.0	0.0	0.0	0.0	0.0
59.0	7.0	22.0	0.0	81.0	0.0	0.0	84.0	95.0	0.0	0.0	0.0	0.0	0.0	0.0	0.0	0.0	0.0	0.0	0.0	0.0	0.0	0.0	0.0	0.0	0.0	0.0
10.0	0.0	84.0	0.0	0.0	0.0	0.0	85.0	0.0	0.0	65.0	0.0	0.0	28.0	0.0	0.0	0.0	0.0	0.0	0.0	0.0	79.0	0.0	0.0	0.0	67.0
21.0	0.0	0.0	81.0	0.0	0.0	0.0	0.0	0.0	0.0	99.0	0.0	0.0	0.0	0.0	0.0	0.0	0.0	0.0	0.0	0.0	0.0	0.0	0.0	0.0
26.0	0.0	0.0	0.0	0.0	0.0	0.0	48.0	0.0	0.0	0.0	0.0	0.0	0.0	0.0	0.0	0.0	0.0	0.0	0.0	0.0	0.0	0.0	0.0
0.0	0.0	24.0	0.0	0.0	43.0	0.0	0.0	0.0	0.0	0.0	0.0	0.0	0.0	0.0	0.0	0.0	0.0	0.0	0.0	0.0	0.0	41.0
0.0	0.0	0.0	0.0	0.0	58.0	0.0	0.0	47.0	0.0	2.0	67.0	13.0	51.0	0.0	69.0	0.0	34.0	0.0	0.0	0.0	0.0
100.0	0.0	0.0	0.0	0.0	0.0	56.0	0.0	22.0	0.0	0.0	0.0	0.0	0.0	0.0	0.0	92.0	0.0	0.0	0.0	7.0
75.0	0.0	16.0	0.0	0.0	0.0	0.0	0.0	0.0	0.0	0.0	70.0	74.0	92.0	0.0	0.0	0.0	0.0	0.0	0.0
0.0	37.0	51.0	0.0	0.0	12.0	0.0	0.0	0.0	0.0	0.0	0.0	0.0	0.0	0.0	0.0	0.0	0.0	0.0
0.0	0.0	0.0	0.0	0.0	0.0	0.0	78.0	0.0	0.0	0.0	0.0	0.0	0.0	0.0	0.0	9.0	18.0
0.0	0.0	0.0	53.0	0.0	0.0	0.0	0.0	26.0	0.0	74.0	0.0	0.0	0.0	50.0	0.0	0.0
0.0	0.0	64.0	0.0	0.0	0.0	0.0	0.0	91.0	0.0	0.0	88.0	0.0	42.0	0.0	0.0
0.0	0.0	0.0	0.0	0.0	0.0	0.0	0.0	0.0	0.0	0.0	0.0	64.0	0.0	0.0
0.0	0.0	0.0	0.0	59.0	74.0	0.0	8.0	0.0	0.0	0.0	0.0	0.0	0.0
9.0	0.0	3.0	25.0	0.0	0.0	0.0	49.0	0.0	0.0	0.0	0.0	56.0
0.0	0.0	0.0	0.0	0.0	22.0	61.0	0.0	0.0	39.0	0.0	0.0
46.0	0.0	0.0	0.0	0.0	0.0	0.0	0.0	79.0	0.0	0.0
14.0	58.0	70.0	0.0	0.0	0.0	0.0	0.0	0.0	87.0
0.0	0.0	0.0	82.0	0.0	0.0	0.0	0.0	57.0
0.0	0.0	56.0	0.0	0.0	0.0	0.0	46.0
0.0	0.0	8.0	0.0	0.0	0.0	56.0
82.0	0.0	0.0	0.0	0.0	0.0
41.0	0.0	0.0	0.0	0.0
0.0	0.0	0.0	0.0
1.0	0.0	0.0
15.0	0.0
85.0

26.0	17.0	44.0	5.0	35.0	26.0	28.0	9.0	37.0	23.0	49.0	32.0	17.0	18.0	10.0	12.0	48.0	36.0	48.0	30.0	22.0	7.0	17.0	31.0	45.0	2.0	16.0	33.0	14.0	32.0	49.0	6.0	43.0	20.0	46.0	29.0	26.0	40.0	39.0	31.0	7.0	1.0	11.0	25.0	35.0	20.0	48.0	5.0	46.0	32.0	45.0	37.0	6.0	32.0	42.0	47.0	4.0	24.0	43.0	1.0	50.0	6.0	25.0	14.0	10.0	5.0	27.0	11.0	9.0	36.0	10.0	2.0	12.0	5.0	6.0	22.0	29.0	7.0	15.0	17.0	38.0	21.0	38.0	28.0	15.0	11.0	47.0	46.0	30.0	2.0	4.0	6.0	14.0	38.0	25.0	46.0	3.0	2.0	8.0	38.0	12.0	46.0	41.0	11.0	17.0	41.0	34.0	13.0	3.0	7.0	6.0	19.0	38.0	41.0	11.0	1.0	16.0	19.0	32.0	31.0	18.0	11.0	6.0	44.0	50.0	46.0	33.0	39.0	5.0	33.0	4.0	11.0	12.0	11.0	3.0	41.0	34.0	15.0	13.0	13.0	48.0	16.0	21.0	50.0	5.0	49.0	6.0	16.0	14.0	11.0	5.0	43.0	47.0	13.0	39.0	11.0	23.0	28.0	22.0	7.0	39.0	25.0	2.0	21.0	19.0	12.0	1.0	13.0	3.0	34.0	25.0	29.0	19.0	10.0	36.0	17.0	18.0	46.0	33.0	41.0	2.0	17.0	11.0	28.0	37.0	36.0	35.0	36.0	39.0	45.0	10.0	2.0	50.0	37.0	4.0	37.0	5.0	40.0	3.0	14.0

373.84000000000003	373.84000000000003	373.84000000000003	373.84000000000003	373.84000000000003	373.84000000000003	373.84000000000003	373.84000000000003	373.84000000000003	373.84000000000003
