qmkp_100_50_10_003
100
10

94.0	0.0	0.0	0.0	0.0	68.0	0.0	0.0	0.0	0.0	0.0	17.0	81.0	87.0	20.0	56.0	0.0	0.0	0.0	0.0	0.0	0.0	0.0	29.0	85.0	0.0	26.0	0.0	0.0	0.0	38.0	0.0	3.0	96.0	0.0	0.0	0.0	51.0	0.0	100.0	100.0	46.0	0.0	88.0	0.0	61.0	19.0	54.0	5.0	27.0	0.0	7.0	0.0	0.0	53.0	38.0	12.0	94.0	77.0	36.0	0.0	81.0	0.0	45.0	19.0	3.0	71.0	53.0	71.0	84.0	94.0	11.0	82.0	7.0	40.0	13.0	0.0	0.0	32.0	26.0	20.0	98.0	0.0	53.0	0.0	0.0	24.0	16.0	96.0	0.0	4.0	92.0	36.0	0.0	73.0	0.0	11.0	0.0	0.0	0.0
99.0	0.0	51.0	0.0	30.0	3.0	43.0	0.0	0.0	13.0	41.0	50.0	0.0	76.0	49.0	0.0	0.0	6.0	93.0	0.0	68.0	0.0	0.0	0.0	0.0	0.0	87.0	81.0	0.0	0.0	0.0	0.0	0.0	0.0	96.0	79.0	0.0	0.0	0.0	17.0	0.0	0.0	34.0	95.0	0.0	0.0	0.0	0.0	63.0	79.0	0.0	0.0	0.0	25.0	0.0	0.0	67.0	69.0	12.0	0.0	80.0	0.0	0.0	66.0	9.0	0.0	19.0	0.0	0.0	81.0	26.0	80.0	39.0	6.0	58.0	35.0	91.0	0.0	0.0	0.0	73.0	0.0	0.0	0.0	1.0	36.0	0.0	2.0	33.0	0.0	46.0	16.0	50.0	0.0	66.0	0.0	5.0	0.0	0.0
9.0	0.0	21.0	0.0	16.0	68.0	0.0	0.0	29.0	10.0	0.0	74.0	0.0	65.0	39.0	0.0	0.0	13.0	69.0	0.0	0.0	0.0	60.0	80.0	41.0	20.0	55.0	0.0	0.0	0.0	0.0	0.0	0.0	0.0	0.0	91.0	0.0	93.0	0.0	45.0	78.0	30.0	93.0	0.0	74.0	0.0	0.0	52.0	26.0	0.0	37.0	0.0	0.0	0.0	0.0	0.0	0.0	0.0	0.0	0.0	38.0	21.0	0.0	0.0	82.0	8.0	0.0	61.0	0.0	71.0	0.0	61.0	22.0	0.0	60.0	62.0	0.0	4.0	21.0	0.0	87.0	0.0	41.0	0.0	73.0	9.0	18.0	12.0	79.0	0.0	0.0	0.0	25.0	0.0	0.0	0.0	0.0	50.0
10.0	0.0	0.0	0.0	64.0	0.0	13.0	0.0	0.0	71.0	0.0	0.0	65.0	0.0	0.0	0.0	0.0	50.0	0.0	0.0	17.0	0.0	0.0	0.0	0.0	0.0	0.0	0.0	46.0	0.0	0.0	0.0	59.0	0.0	31.0	42.0	0.0	62.0	0.0	25.0	70.0	0.0	0.0	33.0	0.0	24.0	78.0	0.0	59.0	0.0	0.0	31.0	0.0	53.0	59.0	0.0	0.0	22.0	0.0	78.0	0.0	0.0	63.0	0.0	0.0	0.0	0.0	67.0	50.0	33.0	0.0	0.0	68.0	41.0	75.0	97.0	73.0	30.0	0.0	0.0	0.0	0.0	42.0	80.0	0.0	0.0	80.0	39.0	0.0	70.0	0.0	79.0	10.0	0.0	8.0	32.0	5.0
0.0	60.0	0.0	0.0	0.0	20.0	0.0	93.0	0.0	0.0	0.0	10.0	99.0	0.0	98.0	11.0	0.0	5.0	15.0	74.0	90.0	51.0	14.0	68.0	0.0	40.0	0.0	25.0	57.0	18.0	0.0	0.0	88.0	4.0	8.0	40.0	0.0	0.0	30.0	52.0	0.0	51.0	0.0	0.0	0.0	0.0	0.0	12.0	0.0	67.0	58.0	0.0	0.0	0.0	24.0	19.0	49.0	44.0	90.0	49.0	0.0	37.0	60.0	0.0	47.0	4.0	3.0	26.0	0.0	0.0	0.0	56.0	0.0	0.0	0.0	0.0	0.0	94.0	26.0	0.0	96.0	0.0	0.0	62.0	36.0	0.0	0.0	86.0	0.0	0.0	12.0	10.0	81.0	57.0	0.0	0.0
88.0	68.0	58.0	60.0	55.0	0.0	48.0	54.0	0.0	76.0	19.0	50.0	69.0	0.0	0.0	0.0	0.0	0.0	0.0	0.0	97.0	0.0	0.0	55.0	0.0	0.0	0.0	99.0	90.0	95.0	18.0	0.0	30.0	3.0	0.0	0.0	0.0	92.0	36.0	0.0	12.0	81.0	76.0	0.0	36.0	33.0	0.0	50.0	0.0	87.0	0.0	14.0	35.0	80.0	0.0	52.0	0.0	0.0	0.0	57.0	0.0	98.0	26.0	53.0	0.0	36.0	60.0	0.0	0.0	95.0	66.0	0.0	0.0	82.0	0.0	6.0	35.0	0.0	0.0	44.0	26.0	8.0	0.0	0.0	0.0	0.0	0.0	0.0	37.0	90.0	0.0	0.0	0.0	0.0	82.0
0.0	0.0	0.0	0.0	58.0	15.0	0.0	98.0	0.0	0.0	0.0	1.0	0.0	0.0	21.0	19.0	0.0	52.0	7.0	9.0	0.0	86.0	85.0	89.0	0.0	0.0	43.0	10.0	7.0	0.0	0.0	0.0	72.0	38.0	45.0	27.0	95.0	0.0	71.0	14.0	0.0	0.0	0.0	0.0	0.0	0.0	0.0	57.0	0.0	0.0	0.0	38.0	0.0	0.0	98.0	55.0	0.0	43.0	0.0	0.0	0.0	0.0	0.0	0.0	72.0	0.0	14.0	0.0	72.0	20.0	55.0	0.0	0.0	0.0	0.0	0.0	0.0	40.0	82.0	10.0	0.0	0.0	0.0	92.0	10.0	0.0	0.0	0.0	44.0	0.0	0.0	0.0	39.0	0.0
0.0	35.0	41.0	7.0	80.0	0.0	0.0	1.0	0.0	0.0	94.0	0.0	0.0	0.0	0.0	0.0	46.0	0.0	36.0	77.0	23.0	0.0	0.0	87.0	0.0	0.0	0.0	0.0	0.0	0.0	0.0	0.0	96.0	45.0	0.0	0.0	0.0	38.0	0.0	0.0	37.0	40.0	0.0	0.0	0.0	0.0	0.0	72.0	0.0	0.0	0.0	0.0	0.0	0.0	0.0	0.0	0.0	0.0	7.0	41.0	0.0	0.0	65.0	0.0	0.0	0.0	0.0	15.0	0.0	0.0	0.0	0.0	0.0	96.0	0.0	0.0	0.0	86.0	26.0	12.0	70.0	0.0	0.0	0.0	100.0	0.0	0.0	61.0	0.0	0.0	54.0	42.0	0.0
80.0	43.0	62.0	0.0	0.0	95.0	0.0	0.0	94.0	0.0	0.0	0.0	98.0	58.0	40.0	0.0	0.0	0.0	0.0	36.0	0.0	0.0	0.0	41.0	0.0	64.0	80.0	0.0	53.0	81.0	0.0	0.0	9.0	70.0	1.0	66.0	28.0	0.0	0.0	0.0	0.0	0.0	9.0	47.0	69.0	0.0	83.0	0.0	84.0	0.0	24.0	40.0	0.0	64.0	0.0	100.0	0.0	0.0	0.0	63.0	0.0	0.0	99.0	0.0	16.0	32.0	98.0	0.0	0.0	58.0	29.0	0.0	99.0	92.0	0.0	0.0	0.0	74.0	0.0	0.0	0.0	0.0	7.0	11.0	0.0	0.0	0.0	0.0	60.0	0.0	28.0	0.0
43.0	0.0	0.0	0.0	3.0	30.0	28.0	0.0	0.0	0.0	83.0	0.0	0.0	0.0	81.0	0.0	53.0	0.0	38.0	36.0	0.0	0.0	88.0	18.0	72.0	75.0	53.0	98.0	62.0	31.0	31.0	88.0	6.0	0.0	69.0	15.0	0.0	0.0	85.0	0.0	23.0	0.0	0.0	69.0	0.0	8.0	0.0	42.0	90.0	2.0	26.0	84.0	0.0	14.0	59.0	40.0	7.0	0.0	18.0	70.0	0.0	0.0	0.0	46.0	0.0	96.0	60.0	0.0	0.0	67.0	81.0	52.0	50.0	0.0	0.0	65.0	0.0	41.0	0.0	0.0	63.0	0.0	84.0	67.0	0.0	12.0	0.0	0.0	6.0	68.0	10.0
62.0	93.0	0.0	88.0	32.0	0.0	7.0	92.0	31.0	0.0	0.0	26.0	0.0	0.0	52.0	0.0	23.0	86.0	88.0	0.0	71.0	0.0	24.0	0.0	100.0	0.0	41.0	65.0	67.0	0.0	0.0	0.0	0.0	0.0	28.0	0.0	0.0	0.0	0.0	40.0	59.0	0.0	19.0	48.0	0.0	0.0	37.0	0.0	24.0	0.0	42.0	92.0	0.0	24.0	0.0	0.0	9.0	91.0	18.0	27.0	0.0	0.0	22.0	21.0	0.0	0.0	0.0	0.0	0.0	57.0	30.0	29.0	86.0	0.0	0.0	0.0	0.0	62.0	74.0	0.0	0.0	8.0	0.0	0.0	36.0	0.0	88.0	0.0	0.0	0.0
0.0	5.0	0.0	65.0	41.0	0.0	18.0	0.0	0.0	0.0	0.0	20.0	0.0	0.0	91.0	0.0	77.0	92.0	0.0	53.0	28.0	71.0	16.0	45.0	0.0	70.0	38.0	6.0	0.0	0.0	0.0	0.0	54.0	87.0	0.0	0.0	0.0	27.0	22.0	0.0	1.0	0.0	44.0	0.0	0.0	0.0	27.0	97.0	39.0	0.0	68.0	0.0	18.0	0.0	77.0	78.0	34.0	0.0	0.0	75.0	0.0	0.0	0.0	0.0	0.0	0.0	66.0	0.0	0.0	0.0	13.0	84.0	66.0	23.0	0.0	0.0	53.0	4.0	71.0	0.0	0.0	0.0	72.0	3.0	0.0	0.0	87.0	32.0	61.0
0.0	0.0	59.0	0.0	0.0	59.0	0.0	0.0	21.0	22.0	44.0	0.0	0.0	0.0	0.0	0.0	0.0	0.0	0.0	74.0	0.0	18.0	0.0	0.0	0.0	95.0	0.0	43.0	32.0	83.0	0.0	0.0	0.0	0.0	26.0	0.0	68.0	58.0	93.0	0.0	40.0	12.0	14.0	0.0	0.0	0.0	0.0	100.0	0.0	94.0	0.0	0.0	0.0	0.0	80.0	36.0	0.0	34.0	59.0	0.0	37.0	24.0	0.0	0.0	100.0	99.0	0.0	96.0	0.0	56.0	26.0	100.0	3.0	0.0	19.0	93.0	9.0	0.0	30.0	0.0	0.0	31.0	79.0	0.0	0.0	0.0	0.0	81.0
25.0	12.0	0.0	0.0	0.0	0.0	65.0	51.0	0.0	30.0	42.0	0.0	0.0	2.0	92.0	79.0	61.0	0.0	0.0	32.0	77.0	44.0	0.0	67.0	0.0	26.0	96.0	0.0	74.0	0.0	0.0	0.0	0.0	0.0	19.0	53.0	0.0	0.0	78.0	0.0	60.0	27.0	31.0	0.0	18.0	0.0	0.0	0.0	0.0	0.0	13.0	0.0	75.0	30.0	0.0	9.0	0.0	67.0	0.0	46.0	0.0	100.0	90.0	0.0	11.0	0.0	66.0	0.0	61.0	0.0	0.0	0.0	44.0	0.0	57.0	20.0	67.0	0.0	0.0	60.0	0.0	0.0	0.0	21.0	29.0	59.0	7.0
0.0	1.0	81.0	0.0	40.0	0.0	21.0	38.0	0.0	0.0	84.0	56.0	46.0	0.0	0.0	0.0	76.0	0.0	17.0	0.0	0.0	88.0	0.0	7.0	0.0	0.0	51.0	0.0	0.0	0.0	0.0	0.0	39.0	74.0	60.0	42.0	64.0	4.0	57.0	39.0	0.0	0.0	54.0	0.0	16.0	10.0	64.0	37.0	2.0	0.0	33.0	95.0	0.0	0.0	0.0	0.0	0.0	11.0	0.0	5.0	0.0	9.0	47.0	46.0	6.0	30.0	0.0	100.0	68.0	40.0	0.0	77.0	0.0	93.0	53.0	0.0	0.0	0.0	10.0	0.0	62.0	83.0	96.0	23.0	46.0	0.0
74.0	0.0	0.0	0.0	0.0	35.0	67.0	93.0	13.0	44.0	0.0	0.0	0.0	0.0	34.0	0.0	0.0	64.0	0.0	39.0	43.0	75.0	87.0	0.0	0.0	0.0	30.0	0.0	59.0	0.0	0.0	0.0	0.0	83.0	50.0	0.0	0.0	10.0	33.0	57.0	0.0	0.0	45.0	0.0	38.0	0.0	0.0	0.0	0.0	55.0	0.0	33.0	1.0	54.0	54.0	0.0	0.0	0.0	48.0	0.0	99.0	0.0	0.0	0.0	3.0	0.0	0.0	70.0	0.0	59.0	0.0	0.0	73.0	0.0	14.0	0.0	42.0	25.0	13.0	35.0	24.0	0.0	91.0	0.0	83.0
36.0	0.0	11.0	45.0	0.0	78.0	0.0	0.0	0.0	71.0	0.0	0.0	62.0	0.0	35.0	0.0	0.0	52.0	0.0	77.0	0.0	92.0	21.0	0.0	0.0	75.0	88.0	0.0	17.0	45.0	9.0	0.0	0.0	0.0	0.0	0.0	78.0	0.0	0.0	32.0	72.0	42.0	8.0	25.0	0.0	35.0	0.0	90.0	74.0	0.0	0.0	48.0	0.0	38.0	0.0	0.0	86.0	0.0	0.0	69.0	100.0	0.0	16.0	97.0	0.0	0.0	22.0	79.0	0.0	0.0	0.0	0.0	0.0	48.0	0.0	83.0	94.0	84.0	0.0	0.0	0.0	0.0	0.0	0.0
31.0	64.0	0.0	11.0	0.0	0.0	0.0	0.0	0.0	20.0	0.0	65.0	35.0	0.0	0.0	8.0	17.0	21.0	1.0	0.0	18.0	36.0	0.0	0.0	0.0	0.0	0.0	28.0	0.0	0.0	34.0	26.0	0.0	0.0	0.0	0.0	0.0	68.0	75.0	0.0	0.0	95.0	9.0	4.0	65.0	78.0	43.0	15.0	0.0	44.0	0.0	0.0	85.0	33.0	75.0	0.0	10.0	0.0	0.0	44.0	0.0	21.0	58.0	57.0	43.0	23.0	37.0	0.0	94.0	0.0	46.0	33.0	0.0	39.0	0.0	96.0	28.0	0.0	0.0	0.0	0.0	0.0	92.0
0.0	0.0	0.0	5.0	23.0	40.0	91.0	0.0	81.0	34.0	0.0	0.0	0.0	0.0	0.0	58.0	42.0	0.0	64.0	23.0	56.0	0.0	0.0	0.0	0.0	0.0	16.0	46.0	0.0	63.0	0.0	0.0	0.0	2.0	0.0	36.0	73.0	0.0	0.0	0.0	0.0	0.0	0.0	35.0	0.0	54.0	0.0	0.0	0.0	0.0	2.0	0.0	0.0	50.0	64.0	22.0	0.0	49.0	0.0	54.0	35.0	31.0	34.0	0.0	25.0	95.0	48.0	0.0	14.0	0.0	34.0	95.0	0.0	41.0	0.0	15.0	0.0	20.0	56.0	0.0	51.0	0.0
0.0	0.0	39.0	0.0	45.0	53.0	0.0	63.0	35.0	100.0	0.0	0.0	47.0	19.0	27.0	0.0	57.0	0.0	28.0	0.0	0.0	33.0	66.0	0.0	64.0	0.0	0.0	50.0	92.0	0.0	0.0	62.0	0.0	9.0	73.0	61.0	68.0	0.0	56.0	0.0	0.0	48.0	0.0	0.0	0.0	72.0	0.0	0.0	3.0	0.0	0.0	74.0	57.0	0.0	0.0	0.0	15.0	24.0	72.0	0.0	45.0	0.0	0.0	0.0	0.0	3.0	65.0	79.0	32.0	51.0	0.0	0.0	84.0	79.0	68.0	73.0	0.0	51.0	96.0	77.0	0.0
72.0	100.0	95.0	0.0	0.0	0.0	18.0	12.0	25.0	68.0	0.0	0.0	0.0	0.0	35.0	54.0	65.0	0.0	43.0	78.0	2.0	92.0	33.0	0.0	0.0	72.0	7.0	0.0	37.0	0.0	0.0	57.0	86.0	51.0	0.0	47.0	75.0	85.0	1.0	12.0	0.0	0.0	0.0	49.0	0.0	0.0	62.0	72.0	19.0	0.0	0.0	0.0	0.0	27.0	29.0	0.0	0.0	0.0	0.0	0.0	0.0	44.0	49.0	51.0	97.0	0.0	0.0	22.0	9.0	0.0	0.0	51.0	0.0	55.0	89.0	0.0	0.0	92.0	6.0	0.0
29.0	10.0	18.0	0.0	44.0	0.0	82.0	0.0	8.0	24.0	91.0	0.0	0.0	93.0	71.0	0.0	0.0	82.0	56.0	0.0	0.0	84.0	0.0	86.0	84.0	62.0	29.0	0.0	8.0	82.0	0.0	94.0	100.0	12.0	4.0	0.0	94.0	0.0	0.0	58.0	5.0	0.0	6.0	0.0	0.0	22.0	57.0	20.0	38.0	23.0	39.0	18.0	0.0	40.0	14.0	0.0	0.0	8.0	0.0	0.0	8.0	2.0	29.0	1.0	97.0	64.0	39.0	32.0	14.0	90.0	0.0	0.0	11.0	0.0	0.0	26.0	60.0	0.0	0.0
0.0	0.0	0.0	40.0	82.0	0.0	9.0	31.0	73.0	94.0	87.0	0.0	74.0	0.0	25.0	0.0	0.0	0.0	100.0	51.0	0.0	0.0	0.0	0.0	0.0	76.0	65.0	81.0	0.0	95.0	60.0	55.0	8.0	8.0	80.0	0.0	89.0	0.0	0.0	36.0	0.0	0.0	87.0	0.0	38.0	0.0	0.0	84.0	10.0	39.0	0.0	92.0	0.0	32.0	44.0	0.0	0.0	52.0	63.0	0.0	42.0	16.0	0.0	0.0	56.0	55.0	0.0	0.0	56.0	0.0	20.0	34.0	57.0	62.0	0.0	77.0	0.0	0.0
51.0	17.0	0.0	0.0	82.0	0.0	7.0	0.0	85.0	0.0	89.0	0.0	0.0	7.0	0.0	0.0	83.0	0.0	94.0	0.0	22.0	95.0	0.0	58.0	87.0	0.0	0.0	0.0	40.0	21.0	37.0	0.0	36.0	0.0	94.0	35.0	92.0	58.0	0.0	0.0	75.0	45.0	39.0	0.0	0.0	0.0	80.0	64.0	74.0	56.0	0.0	0.0	0.0	0.0	0.0	68.0	0.0	0.0	0.0	99.0	0.0	0.0	50.0	0.0	4.0	16.0	0.0	24.0	0.0	67.0	0.0	0.0	57.0	55.0	0.0	17.0	0.0
70.0	0.0	0.0	0.0	90.0	63.0	0.0	24.0	66.0	0.0	11.0	84.0	77.0	0.0	0.0	0.0	46.0	85.0	0.0	0.0	66.0	96.0	16.0	0.0	1.0	35.0	97.0	0.0	0.0	0.0	64.0	0.0	0.0	0.0	0.0	74.0	0.0	0.0	61.0	15.0	83.0	0.0	0.0	70.0	87.0	7.0	0.0	51.0	0.0	81.0	97.0	7.0	73.0	0.0	0.0	0.0	26.0	0.0	21.0	0.0	0.0	0.0	0.0	41.0	0.0	0.0	76.0	10.0	0.0	80.0	0.0	0.0	0.0	0.0	0.0	0.0
0.0	41.0	52.0	0.0	0.0	25.0	28.0	72.0	0.0	84.0	99.0	0.0	1.0	0.0	94.0	61.0	50.0	20.0	0.0	0.0	0.0	36.0	0.0	3.0	0.0	69.0	91.0	4.0	0.0	0.0	85.0	28.0	51.0	66.0	73.0	97.0	73.0	2.0	9.0	70.0	42.0	0.0	97.0	0.0	0.0	100.0	0.0	0.0	0.0	0.0	0.0	5.0	0.0	89.0	92.0	43.0	80.0	85.0	35.0	0.0	0.0	21.0	36.0	0.0	0.0	99.0	0.0	27.0	28.0	0.0	0.0	65.0	54.0	0.0	6.0
40.0	0.0	5.0	0.0	0.0	0.0	0.0	0.0	98.0	50.0	20.0	0.0	0.0	73.0	0.0	31.0	0.0	57.0	38.0	97.0	76.0	0.0	0.0	16.0	3.0	90.0	0.0	0.0	42.0	0.0	74.0	0.0	69.0	0.0	0.0	0.0	93.0	0.0	29.0	37.0	30.0	72.0	9.0	0.0	48.0	0.0	0.0	0.0	0.0	83.0	40.0	8.0	0.0	0.0	0.0	68.0	30.0	0.0	76.0	12.0	64.0	38.0	78.0	0.0	11.0	47.0	0.0	0.0	0.0	0.0	0.0	0.0	64.0	0.0
0.0	33.0	92.0	80.0	0.0	0.0	0.0	84.0	0.0	38.0	0.0	88.0	67.0	45.0	72.0	0.0	18.0	48.0	0.0	0.0	56.0	8.0	16.0	24.0	0.0	0.0	0.0	35.0	69.0	61.0	19.0	6.0	87.0	63.0	0.0	68.0	32.0	74.0	0.0	96.0	59.0	0.0	0.0	75.0	0.0	0.0	36.0	54.0	68.0	0.0	2.0	18.0	0.0	0.0	33.0	0.0	50.0	0.0	0.0	93.0	26.0	71.0	17.0	85.0	0.0	0.0	0.0	55.0	34.0	0.0	85.0	63.0	100.0
0.0	0.0	35.0	6.0	42.0	0.0	76.0	60.0	0.0	21.0	0.0	94.0	0.0	0.0	79.0	0.0	88.0	80.0	93.0	51.0	11.0	0.0	52.0	8.0	0.0	0.0	0.0	41.0	6.0	0.0	0.0	5.0	0.0	0.0	57.0	98.0	0.0	23.0	26.0	0.0	28.0	0.0	90.0	0.0	0.0	0.0	34.0	14.0	22.0	0.0	22.0	2.0	0.0	0.0	19.0	54.0	42.0	31.0	98.0	0.0	44.0	0.0	0.0	77.0	0.0	0.0	0.0	9.0	45.0	31.0	55.0	18.0
0.0	0.0	22.0	67.0	0.0	0.0	98.0	75.0	0.0	0.0	0.0	0.0	0.0	0.0	0.0	93.0	0.0	0.0	0.0	0.0	10.0	0.0	0.0	0.0	13.0	71.0	67.0	0.0	0.0	0.0	0.0	28.0	67.0	76.0	68.0	0.0	0.0	14.0	0.0	0.0	0.0	0.0	0.0	78.0	0.0	0.0	0.0	0.0	44.0	38.0	62.0	65.0	0.0	45.0	69.0	36.0	77.0	0.0	55.0	0.0	0.0	78.0	83.0	47.0	1.0	0.0	0.0	86.0	84.0	84.0	95.0
0.0	32.0	0.0	57.0	23.0	0.0	49.0	0.0	0.0	0.0	0.0	80.0	34.0	91.0	9.0	82.0	78.0	3.0	0.0	69.0	0.0	21.0	0.0	0.0	0.0	39.0	0.0	0.0	75.0	85.0	89.0	0.0	0.0	96.0	0.0	81.0	0.0	21.0	41.0	35.0	0.0	34.0	27.0	0.0	0.0	59.0	85.0	0.0	0.0	32.0	0.0	0.0	91.0	0.0	15.0	0.0	0.0	0.0	0.0	25.0	0.0	0.0	20.0	65.0	75.0	95.0	36.0	92.0	35.0	0.0
0.0	73.0	73.0	0.0	26.0	21.0	83.0	0.0	19.0	23.0	0.0	2.0	0.0	34.0	0.0	0.0	0.0	0.0	0.0	0.0	72.0	0.0	0.0	8.0	0.0	45.0	42.0	0.0	0.0	44.0	44.0	3.0	0.0	79.0	51.0	0.0	49.0	9.0	0.0	0.0	21.0	65.0	0.0	57.0	88.0	0.0	0.0	0.0	34.0	0.0	36.0	61.0	0.0	0.0	0.0	0.0	0.0	58.0	12.0	4.0	85.0	81.0	3.0	0.0	66.0	26.0	0.0	0.0	0.0
52.0	0.0	51.0	12.0	47.0	0.0	69.0	45.0	0.0	29.0	8.0	26.0	59.0	23.0	60.0	35.0	75.0	21.0	0.0	0.0	0.0	0.0	37.0	0.0	0.0	71.0	62.0	0.0	0.0	64.0	34.0	0.0	0.0	0.0	5.0	0.0	0.0	89.0	0.0	23.0	0.0	52.0	0.0	0.0	32.0	0.0	0.0	67.0	31.0	0.0	1.0	4.0	0.0	0.0	0.0	40.0	0.0	28.0	0.0	70.0	0.0	0.0	30.0	82.0	0.0	0.0	0.0	0.0
67.0	0.0	39.0	53.0	0.0	0.0	59.0	0.0	63.0	13.0	0.0	0.0	44.0	91.0	50.0	99.0	35.0	0.0	47.0	0.0	0.0	0.0	26.0	53.0	0.0	0.0	0.0	0.0	5.0	0.0	16.0	0.0	0.0	0.0	0.0	0.0	0.0	73.0	75.0	0.0	58.0	66.0	0.0	0.0	15.0	0.0	83.0	100.0	0.0	16.0	81.0	21.0	87.0	0.0	5.0	0.0	0.0	56.0	0.0	0.0	52.0	36.0	91.0	2.0	0.0	89.0	0.0
0.0	69.0	0.0	0.0	0.0	72.0	0.0	73.0	35.0	0.0	0.0	0.0	55.0	0.0	0.0	61.0	0.0	14.0	0.0	0.0	16.0	0.0	64.0	0.0	66.0	90.0	0.0	29.0	0.0	23.0	85.0	3.0	0.0	64.0	0.0	0.0	13.0	58.0	7.0	24.0	0.0	88.0	0.0	29.0	0.0	52.0	91.0	52.0	17.0	41.0	0.0	64.0	25.0	0.0	75.0	0.0	87.0	0.0	0.0	0.0	0.0	15.0	86.0	24.0	21.0	0.0
0.0	0.0	0.0	40.0	54.0	81.0	76.0	0.0	21.0	82.0	0.0	58.0	0.0	0.0	0.0	59.0	0.0	1.0	0.0	0.0	0.0	0.0	0.0	35.0	36.0	23.0	0.0	14.0	59.0	0.0	94.0	91.0	0.0	20.0	0.0	91.0	35.0	29.0	0.0	0.0	98.0	0.0	14.0	0.0	0.0	99.0	0.0	0.0	0.0	64.0	20.0	78.0	0.0	0.0	76.0	0.0	0.0	0.0	83.0	0.0	0.0	56.0	99.0	82.0	0.0
84.0	90.0	30.0	46.0	0.0	75.0	87.0	46.0	0.0	79.0	0.0	0.0	21.0	0.0	36.0	50.0	0.0	8.0	0.0	80.0	59.0	0.0	0.0	0.0	6.0	0.0	94.0	67.0	0.0	0.0	0.0	78.0	90.0	0.0	31.0	76.0	70.0	45.0	0.0	44.0	66.0	32.0	44.0	0.0	0.0	0.0	0.0	0.0	82.0	0.0	0.0	13.0	30.0	28.0	0.0	91.0	7.0	0.0	0.0	0.0	0.0	88.0	0.0	0.0
88.0	51.0	75.0	0.0	0.0	65.0	93.0	0.0	29.0	0.0	0.0	0.0	99.0	71.0	0.0	41.0	81.0	0.0	68.0	0.0	16.0	99.0	0.0	0.0	2.0	94.0	44.0	95.0	49.0	30.0	36.0	0.0	31.0	2.0	0.0	94.0	0.0	0.0	63.0	47.0	13.0	52.0	0.0	76.0	0.0	0.0	0.0	8.0	0.0	0.0	88.0	44.0	0.0	0.0	0.0	48.0	96.0	0.0	0.0	20.0	41.0	0.0	18.0
91.0	36.0	9.0	44.0	0.0	0.0	0.0	20.0	0.0	95.0	0.0	0.0	0.0	5.0	40.0	0.0	96.0	13.0	0.0	0.0	83.0	0.0	74.0	0.0	22.0	47.0	82.0	98.0	0.0	0.0	87.0	10.0	10.0	0.0	0.0	0.0	0.0	34.0	0.0	0.0	45.0	78.0	0.0	85.0	0.0	59.0	0.0	27.0	8.0	0.0	0.0	0.0	0.0	91.0	53.0	48.0	35.0	80.0	0.0	0.0	0.0	57.0
90.0	47.0	0.0	25.0	0.0	65.0	0.0	0.0	38.0	0.0	79.0	9.0	0.0	0.0	35.0	76.0	12.0	0.0	0.0	70.0	94.0	18.0	0.0	56.0	0.0	8.0	72.0	40.0	85.0	95.0	0.0	86.0	0.0	23.0	32.0	71.0	0.0	60.0	45.0	0.0	22.0	60.0	0.0	0.0	65.0	23.0	0.0	64.0	0.0	0.0	0.0	0.0	84.0	90.0	71.0	69.0	0.0	0.0	0.0	34.0	0.0
0.0	11.0	70.0	100.0	23.0	15.0	0.0	0.0	0.0	0.0	0.0	8.0	18.0	44.0	0.0	0.0	0.0	4.0	52.0	10.0	73.0	33.0	0.0	0.0	39.0	45.0	0.0	0.0	20.0	0.0	83.0	0.0	0.0	0.0	0.0	0.0	0.0	0.0	0.0	14.0	0.0	0.0	67.0	52.0	0.0	0.0	0.0	0.0	7.0	41.0	43.0	1.0	0.0	0.0	9.0	69.0	84.0	0.0	7.0	85.0
52.0	0.0	64.0	42.0	52.0	34.0	4.0	6.0	57.0	0.0	0.0	55.0	0.0	97.0	88.0	22.0	0.0	0.0	0.0	0.0	100.0	0.0	0.0	45.0	77.0	0.0	49.0	84.0	71.0	25.0	0.0	80.0	25.0	99.0	24.0	7.0	37.0	0.0	0.0	0.0	42.0	49.0	0.0	0.0	0.0	82.0	22.0	0.0	33.0	0.0	44.0	0.0	85.0	0.0	80.0	0.0	43.0	0.0	0.0
0.0	98.0	7.0	34.0	78.0	61.0	0.0	0.0	0.0	15.0	0.0	0.0	0.0	0.0	39.0	0.0	65.0	59.0	0.0	0.0	62.0	14.0	0.0	0.0	0.0	83.0	89.0	82.0	0.0	24.0	91.0	45.0	0.0	0.0	32.0	48.0	0.0	0.0	32.0	0.0	0.0	100.0	96.0	72.0	0.0	0.0	0.0	24.0	0.0	7.0	66.0	0.0	10.0	0.0	0.0	72.0	0.0	0.0
16.0	0.0	30.0	0.0	11.0	0.0	72.0	52.0	76.0	0.0	0.0	57.0	0.0	0.0	0.0	0.0	0.0	29.0	3.0	0.0	48.0	0.0	75.0	0.0	67.0	0.0	0.0	92.0	0.0	0.0	53.0	0.0	34.0	0.0	33.0	62.0	0.0	0.0	0.0	81.0	0.0	14.0	89.0	34.0	38.0	83.0	79.0	82.0	0.0	52.0	82.0	9.0	75.0	84.0	0.0	80.0	0.0
80.0	0.0	3.0	36.0	0.0	0.0	97.0	36.0	53.0	72.0	0.0	21.0	0.0	94.0	13.0	72.0	0.0	0.0	65.0	0.0	0.0	0.0	23.0	0.0	67.0	0.0	52.0	16.0	0.0	0.0	17.0	92.0	0.0	0.0	28.0	0.0	26.0	4.0	63.0	0.0	71.0	0.0	0.0	82.0	0.0	58.0	46.0	15.0	39.0	0.0	0.0	63.0	0.0	78.0	18.0	0.0
0.0	0.0	20.0	0.0	37.0	65.0	0.0	10.0	0.0	0.0	0.0	93.0	0.0	42.0	0.0	70.0	0.0	6.0	0.0	0.0	84.0	65.0	0.0	0.0	43.0	0.0	0.0	0.0	53.0	57.0	0.0	27.0	0.0	90.0	0.0	0.0	25.0	0.0	0.0	32.0	0.0	0.0	39.0	64.0	0.0	75.0	10.0	17.0	82.0	92.0	0.0	16.0	0.0	0.0	14.0
0.0	10.0	48.0	0.0	12.0	72.0	33.0	0.0	0.0	0.0	92.0	19.0	0.0	0.0	0.0	83.0	93.0	0.0	0.0	99.0	0.0	14.0	1.0	81.0	36.0	24.0	25.0	0.0	0.0	0.0	91.0	0.0	7.0	0.0	68.0	27.0	34.0	0.0	50.0	64.0	0.0	0.0	0.0	0.0	71.0	0.0	0.0	92.0	20.0	56.0	38.0	0.0	36.0	0.0
0.0	0.0	25.0	0.0	0.0	0.0	0.0	0.0	0.0	38.0	80.0	0.0	54.0	0.0	6.0	79.0	0.0	0.0	0.0	59.0	0.0	33.0	0.0	57.0	0.0	97.0	0.0	84.0	70.0	25.0	45.0	53.0	8.0	0.0	66.0	8.0	96.0	0.0	0.0	77.0	11.0	40.0	0.0	0.0	74.0	0.0	31.0	0.0	0.0	63.0	85.0	59.0	0.0
25.0	0.0	0.0	0.0	79.0	0.0	9.0	16.0	74.0	0.0	50.0	95.0	0.0	0.0	0.0	0.0	28.0	81.0	0.0	0.0	0.0	44.0	0.0	0.0	0.0	7.0	0.0	84.0	0.0	16.0	61.0	0.0	0.0	28.0	0.0	97.0	69.0	0.0	53.0	0.0	49.0	97.0	64.0	40.0	86.0	46.0	0.0	78.0	0.0	0.0	0.0	39.0
0.0	0.0	0.0	20.0	92.0	72.0	99.0	66.0	0.0	0.0	0.0	27.0	0.0	45.0	36.0	0.0	23.0	26.0	0.0	0.0	4.0	0.0	0.0	33.0	76.0	30.0	0.0	27.0	0.0	0.0	50.0	36.0	0.0	31.0	0.0	75.0	0.0	0.0	70.0	0.0	80.0	23.0	9.0	0.0	66.0	61.0	0.0	79.0	0.0	72.0	59.0
0.0	88.0	29.0	24.0	0.0	44.0	17.0	39.0	0.0	29.0	0.0	0.0	0.0	33.0	57.0	27.0	0.0	0.0	0.0	0.0	7.0	0.0	0.0	0.0	0.0	0.0	0.0	14.0	90.0	100.0	0.0	0.0	0.0	55.0	0.0	0.0	92.0	0.0	82.0	60.0	100.0	0.0	0.0	0.0	99.0	89.0	46.0	0.0	0.0	11.0
0.0	36.0	0.0	0.0	0.0	0.0	32.0	2.0	3.0	0.0	60.0	0.0	13.0	0.0	0.0	4.0	11.0	39.0	46.0	83.0	0.0	0.0	0.0	66.0	77.0	46.0	0.0	40.0	0.0	84.0	43.0	0.0	0.0	0.0	48.0	32.0	36.0	0.0	64.0	9.0	49.0	0.0	0.0	0.0	7.0	0.0	80.0	29.0	54.0
76.0	26.0	12.0	0.0	69.0	0.0	14.0	0.0	0.0	0.0	25.0	10.0	0.0	73.0	0.0	61.0	88.0	0.0	9.0	0.0	8.0	0.0	0.0	0.0	0.0	0.0	0.0	0.0	59.0	0.0	0.0	11.0	0.0	94.0	49.0	14.0	0.0	0.0	0.0	0.0	26.0	0.0	0.0	85.0	56.0	14.0	5.0	68.0
0.0	42.0	49.0	41.0	0.0	51.0	0.0	0.0	0.0	23.0	0.0	0.0	7.0	0.0	35.0	79.0	94.0	88.0	1.0	88.0	0.0	68.0	0.0	0.0	93.0	0.0	71.0	64.0	91.0	0.0	38.0	0.0	0.0	0.0	0.0	96.0	95.0	0.0	0.0	0.0	0.0	73.0	4.0	0.0	12.0	79.0	0.0
0.0	1.0	28.0	0.0	89.0	83.0	94.0	52.0	0.0	0.0	0.0	0.0	0.0	91.0	0.0	0.0	48.0	64.0	66.0	0.0	0.0	27.0	74.0	0.0	0.0	0.0	0.0	42.0	60.0	0.0	0.0	89.0	0.0	99.0	0.0	0.0	47.0	0.0	67.0	95.0	0.0	54.0	0.0	0.0	99.0	58.0
100.0	71.0	13.0	0.0	0.0	0.0	72.0	27.0	98.0	0.0	35.0	0.0	59.0	0.0	9.0	62.0	8.0	0.0	0.0	0.0	0.0	1.0	0.0	30.0	0.0	0.0	0.0	38.0	0.0	0.0	0.0	0.0	69.0	68.0	20.0	68.0	0.0	14.0	0.0	0.0	0.0	0.0	0.0	0.0	100.0
17.0	45.0	70.0	64.0	54.0	18.0	10.0	0.0	0.0	0.0	0.0	0.0	0.0	17.0	27.0	80.0	31.0	0.0	0.0	15.0	0.0	42.0	0.0	32.0	0.0	0.0	21.0	0.0	0.0	0.0	30.0	0.0	44.0	83.0	97.0	64.0	58.0	9.0	80.0	19.0	0.0	0.0	98.0	57.0
0.0	82.0	0.0	68.0	43.0	0.0	11.0	91.0	0.0	76.0	0.0	0.0	91.0	0.0	0.0	0.0	0.0	0.0	49.0	0.0	0.0	0.0	0.0	0.0	0.0	0.0	0.0	0.0	45.0	0.0	0.0	0.0	0.0	0.0	0.0	0.0	43.0	0.0	0.0	51.0	42.0	88.0	46.0
43.0	0.0	0.0	0.0	0.0	8.0	3.0	38.0	0.0	52.0	42.0	77.0	15.0	0.0	0.0	0.0	15.0	35.0	0.0	0.0	67.0	83.0	32.0	73.0	0.0	11.0	39.0	0.0	99.0	27.0	75.0	0.0	63.0	0.0	0.0	0.0	0.0	0.0	53.0	0.0	14.0	98.0
28.0	0.0	0.0	0.0	0.0	35.0	52.0	40.0	0.0	0.0	0.0	0.0	86.0	0.0	82.0	6.0	0.0	0.0	0.0	0.0	51.0	0.0	34.0	0.0	92.0	0.0	3.0	0.0	0.0	88.0	72.0	0.0	0.0	20.0	0.0	0.0	0.0	0.0	0.0	0.0	0.0
68.0	13.0	0.0	0.0	31.0	24.0	49.0	0.0	0.0	21.0	54.0	0.0	0.0	0.0	0.0	2.0	0.0	4.0	0.0	0.0	0.0	0.0	6.0	77.0	0.0	0.0	91.0	0.0	0.0	0.0	0.0	83.0	0.0	0.0	27.0	26.0	0.0	0.0	34.0	5.0
0.0	57.0	12.0	95.0	0.0	0.0	0.0	33.0	0.0	0.0	0.0	0.0	0.0	78.0	98.0	0.0	0.0	0.0	6.0	70.0	66.0	43.0	0.0	0.0	77.0	57.0	0.0	0.0	39.0	87.0	67.0	0.0	2.0	0.0	0.0	0.0	0.0	0.0	0.0
0.0	0.0	52.0	62.0	4.0	18.0	69.0	0.0	94.0	62.0	13.0	0.0	60.0	0.0	11.0	42.0	40.0	0.0	0.0	72.0	87.0	0.0	63.0	0.0	42.0	6.0	74.0	0.0	0.0	43.0	48.0	88.0	20.0	31.0	0.0	0.0	72.0	90.0
19.0	0.0	0.0	0.0	0.0	50.0	0.0	20.0	0.0	13.0	0.0	0.0	54.0	95.0	0.0	0.0	0.0	0.0	87.0	26.0	29.0	2.0	0.0	18.0	0.0	0.0	0.0	0.0	0.0	46.0	72.0	0.0	18.0	0.0	97.0	75.0	79.0
90.0	14.0	18.0	92.0	53.0	0.0	86.0	64.0	76.0	5.0	0.0	53.0	0.0	0.0	95.0	0.0	42.0	0.0	77.0	0.0	0.0	26.0	88.0	0.0	63.0	30.0	54.0	66.0	0.0	94.0	75.0	56.0	0.0	0.0	0.0	0.0
63.0	0.0	46.0	0.0	58.0	43.0	0.0	0.0	0.0	35.0	43.0	91.0	99.0	12.0	0.0	34.0	0.0	0.0	97.0	59.0	0.0	51.0	0.0	44.0	0.0	52.0	0.0	84.0	0.0	0.0	0.0	38.0	96.0	0.0	67.0
60.0	9.0	85.0	0.0	0.0	0.0	0.0	49.0	0.0	9.0	0.0	60.0	15.0	0.0	2.0	96.0	0.0	0.0	0.0	93.0	19.0	93.0	28.0	94.0	86.0	0.0	34.0	7.0	0.0	38.0	97.0	77.0	0.0	8.0
1.0	0.0	0.0	0.0	94.0	65.0	0.0	0.0	39.0	0.0	7.0	11.0	50.0	0.0	0.0	82.0	68.0	0.0	12.0	91.0	26.0	77.0	0.0	75.0	79.0	11.0	0.0	0.0	0.0	90.0	0.0	0.0	0.0
0.0	64.0	0.0	98.0	75.0	0.0	83.0	0.0	65.0	0.0	0.0	3.0	40.0	23.0	0.0	85.0	0.0	63.0	0.0	78.0	32.0	75.0	68.0	19.0	29.0	0.0	0.0	100.0	0.0	49.0	100.0	0.0
0.0	0.0	0.0	0.0	10.0	39.0	0.0	0.0	0.0	72.0	0.0	0.0	0.0	38.0	91.0	73.0	0.0	0.0	78.0	0.0	96.0	0.0	22.0	47.0	67.0	0.0	0.0	1.0	9.0	87.0	38.0
47.0	0.0	58.0	0.0	40.0	23.0	0.0	17.0	3.0	5.0	38.0	3.0	43.0	91.0	54.0	82.0	22.0	0.0	0.0	61.0	32.0	0.0	49.0	98.0	76.0	0.0	80.0	2.0	0.0	40.0
0.0	0.0	16.0	0.0	61.0	0.0	42.0	0.0	84.0	0.0	11.0	0.0	0.0	11.0	42.0	0.0	0.0	22.0	0.0	60.0	49.0	8.0	0.0	85.0	0.0	90.0	78.0	55.0	0.0
0.0	0.0	24.0	90.0	0.0	0.0	0.0	0.0	0.0	56.0	36.0	51.0	0.0	28.0	0.0	90.0	0.0	0.0	0.0	0.0	40.0	0.0	68.0	84.0	28.0	0.0	0.0	0.0
0.0	0.0	0.0	72.0	86.0	0.0	0.0	0.0	55.0	0.0	0.0	0.0	0.0	45.0	11.0	0.0	75.0	65.0	12.0	80.0	54.0	0.0	0.0	66.0	0.0	88.0	55.0
0.0	22.0	0.0	66.0	0.0	88.0	6.0	87.0	99.0	57.0	0.0	100.0	97.0	0.0	86.0	49.0	0.0	0.0	28.0	48.0	0.0	75.0	0.0	0.0	11.0	100.0
0.0	0.0	0.0	0.0	51.0	0.0	75.0	0.0	0.0	23.0	86.0	0.0	82.0	0.0	0.0	0.0	28.0	91.0	0.0	61.0	0.0	25.0	42.0	0.0	93.0
0.0	0.0	78.0	44.0	0.0	77.0	0.0	49.0	0.0	87.0	1.0	46.0	0.0	97.0	0.0	0.0	0.0	0.0	0.0	0.0	12.0	20.0	67.0	0.0
0.0	0.0	56.0	66.0	0.0	88.0	0.0	0.0	87.0	27.0	22.0	42.0	36.0	0.0	0.0	0.0	39.0	50.0	31.0	30.0	0.0	98.0	36.0
53.0	0.0	0.0	73.0	29.0	72.0	93.0	41.0	0.0	86.0	0.0	0.0	46.0	15.0	56.0	67.0	0.0	0.0	56.0	66.0	55.0	28.0
56.0	89.0	0.0	0.0	81.0	0.0	10.0	0.0	0.0	88.0	19.0	13.0	0.0	0.0	0.0	0.0	71.0	0.0	24.0	71.0	40.0
70.0	9.0	0.0	49.0	0.0	34.0	3.0	0.0	0.0	25.0	0.0	99.0	36.0	0.0	0.0	0.0	90.0	41.0	68.0	98.0
0.0	0.0	77.0	0.0	0.0	0.0	0.0	62.0	0.0	0.0	0.0	0.0	0.0	11.0	0.0	0.0	0.0	49.0	0.0
41.0	53.0	0.0	92.0	0.0	0.0	0.0	75.0	61.0	0.0	88.0	76.0	0.0	94.0	17.0	53.0	0.0	0.0
75.0	71.0	61.0	0.0	0.0	0.0	4.0	98.0	0.0	0.0	0.0	45.0	69.0	0.0	67.0	0.0	0.0
37.0	0.0	0.0	0.0	86.0	37.0	0.0	0.0	22.0	99.0	0.0	2.0	49.0	0.0	77.0	0.0
0.0	0.0	8.0	21.0	0.0	0.0	24.0	31.0	42.0	0.0	38.0	61.0	34.0	0.0	0.0
0.0	0.0	43.0	89.0	10.0	0.0	41.0	32.0	4.0	28.0	85.0	91.0	0.0	0.0
98.0	12.0	38.0	45.0	0.0	0.0	20.0	0.0	0.0	13.0	6.0	0.0	91.0
9.0	0.0	0.0	68.0	0.0	23.0	0.0	0.0	67.0	93.0	0.0	0.0
0.0	0.0	39.0	6.0	0.0	0.0	71.0	35.0	0.0	0.0	0.0
0.0	38.0	39.0	64.0	60.0	0.0	2.0	52.0	95.0	0.0
0.0	87.0	0.0	25.0	0.0	53.0	0.0	95.0	0.0
0.0	0.0	0.0	0.0	0.0	0.0	0.0	0.0
98.0	50.0	82.0	18.0	0.0	29.0	0.0
57.0	0.0	67.0	0.0	89.0	0.0
21.0	53.0	0.0	0.0	99.0
14.0	42.0	63.0	99.0
7.0	0.0	0.0
49.0	0.0
0.0

30.0	14.0	44.0	44.0	10.0	3.0	43.0	17.0	44.0	31.0	43.0	1.0	26.0	19.0	3.0	6.0	22.0	15.0	14.0	36.0	1.0	27.0	2.0	48.0	15.0	33.0	21.0	21.0	13.0	9.0	5.0	5.0	29.0	34.0	47.0	46.0	46.0	28.0	15.0	3.0	26.0	24.0	43.0	41.0	9.0	10.0	3.0	47.0	12.0	10.0	27.0	13.0	27.0	26.0	37.0	33.0	29.0	32.0	12.0	35.0	9.0	29.0	41.0	28.0	26.0	22.0	14.0	5.0	15.0	26.0	11.0	12.0	22.0	1.0	45.0	2.0	50.0	5.0	29.0	42.0	20.0	4.0	7.0	50.0	34.0	8.0	14.0	34.0	18.0	31.0	25.0	1.0	46.0	49.0	4.0	48.0	16.0	45.0	28.0	35.0

188.8	188.8	188.8	188.8	188.8	188.8	188.8	188.8	188.8	188.8
