qmkp_100_50_10_009
100
10

78.0	81.0	61.0	0.0	0.0	94.0	50.0	0.0	1.0	0.0	0.0	37.0	0.0	0.0	40.0	0.0	0.0	0.0	0.0	64.0	90.0	83.0	0.0	45.0	0.0	0.0	0.0	98.0	74.0	33.0	0.0	28.0	0.0	9.0	0.0	18.0	0.0	30.0	72.0	2.0	57.0	0.0	43.0	95.0	9.0	78.0	0.0	0.0	71.0	0.0	0.0	0.0	60.0	0.0	0.0	26.0	88.0	98.0	22.0	84.0	40.0	48.0	43.0	0.0	14.0	0.0	0.0	42.0	2.0	86.0	0.0	0.0	0.0	85.0	1.0	78.0	92.0	19.0	24.0	44.0	64.0	76.0	0.0	38.0	35.0	22.0	43.0	14.0	33.0	75.0	25.0	0.0	2.0	67.0	0.0	0.0	24.0	0.0	7.0	0.0
0.0	70.0	89.0	0.0	0.0	0.0	99.0	79.0	63.0	0.0	0.0	0.0	0.0	0.0	0.0	0.0	0.0	0.0	51.0	0.0	46.0	59.0	0.0	0.0	33.0	0.0	0.0	52.0	0.0	0.0	0.0	0.0	0.0	1.0	19.0	85.0	41.0	0.0	0.0	49.0	0.0	57.0	76.0	94.0	26.0	48.0	54.0	74.0	0.0	56.0	92.0	76.0	82.0	0.0	0.0	38.0	0.0	0.0	51.0	29.0	43.0	10.0	0.0	0.0	0.0	0.0	0.0	0.0	98.0	0.0	0.0	43.0	33.0	0.0	91.0	0.0	0.0	0.0	8.0	70.0	0.0	31.0	0.0	35.0	0.0	0.0	0.0	19.0	0.0	93.0	0.0	80.0	37.0	85.0	31.0	78.0	0.0	0.0	30.0
6.0	0.0	26.0	0.0	0.0	15.0	0.0	85.0	7.0	0.0	0.0	0.0	29.0	0.0	0.0	73.0	44.0	50.0	0.0	22.0	0.0	80.0	68.0	0.0	38.0	0.0	15.0	62.0	15.0	0.0	0.0	18.0	66.0	80.0	93.0	98.0	0.0	0.0	0.0	90.0	5.0	0.0	0.0	13.0	0.0	0.0	0.0	0.0	0.0	95.0	0.0	0.0	0.0	68.0	0.0	3.0	24.0	70.0	13.0	7.0	27.0	22.0	0.0	0.0	0.0	0.0	63.0	68.0	35.0	59.0	1.0	40.0	0.0	24.0	0.0	0.0	76.0	13.0	32.0	0.0	13.0	56.0	0.0	80.0	49.0	0.0	22.0	0.0	69.0	43.0	74.0	0.0	80.0	68.0	88.0	11.0	0.0	0.0
53.0	22.0	43.0	26.0	0.0	0.0	15.0	0.0	0.0	43.0	0.0	13.0	0.0	0.0	0.0	0.0	74.0	15.0	0.0	0.0	43.0	0.0	58.0	64.0	0.0	0.0	0.0	0.0	51.0	0.0	37.0	34.0	0.0	44.0	62.0	16.0	13.0	0.0	0.0	0.0	0.0	0.0	39.0	37.0	44.0	0.0	0.0	1.0	3.0	0.0	0.0	0.0	2.0	0.0	80.0	0.0	82.0	0.0	72.0	46.0	0.0	0.0	45.0	69.0	13.0	52.0	0.0	0.0	0.0	0.0	32.0	50.0	69.0	45.0	14.0	0.0	0.0	0.0	95.0	0.0	0.0	0.0	41.0	59.0	0.0	82.0	66.0	96.0	0.0	0.0	0.0	24.0	20.0	16.0	36.0	0.0	0.0
70.0	66.0	0.0	82.0	0.0	0.0	0.0	0.0	0.0	1.0	0.0	0.0	67.0	0.0	43.0	16.0	0.0	0.0	0.0	95.0	0.0	47.0	100.0	0.0	1.0	0.0	0.0	0.0	0.0	65.0	60.0	42.0	4.0	87.0	0.0	0.0	0.0	74.0	64.0	0.0	40.0	54.0	0.0	0.0	0.0	80.0	0.0	0.0	14.0	0.0	0.0	80.0	97.0	67.0	45.0	2.0	13.0	0.0	0.0	0.0	27.0	50.0	0.0	89.0	2.0	0.0	68.0	0.0	88.0	0.0	25.0	80.0	0.0	15.0	87.0	51.0	78.0	0.0	6.0	68.0	0.0	19.0	0.0	0.0	0.0	0.0	0.0	0.0	0.0	0.0	36.0	0.0	80.0	26.0	0.0	72.0
51.0	0.0	48.0	21.0	2.0	0.0	0.0	0.0	0.0	39.0	44.0	0.0	0.0	67.0	17.0	0.0	0.0	0.0	0.0	43.0	0.0	0.0	0.0	0.0	99.0	0.0	30.0	53.0	15.0	0.0	2.0	0.0	72.0	14.0	0.0	82.0	0.0	0.0	0.0	6.0	0.0	60.0	0.0	0.0	0.0	55.0	69.0	0.0	0.0	0.0	32.0	22.0	27.0	0.0	52.0	0.0	0.0	0.0	0.0	63.0	0.0	0.0	18.0	52.0	0.0	0.0	33.0	0.0	0.0	0.0	40.0	0.0	0.0	0.0	100.0	0.0	0.0	0.0	0.0	30.0	5.0	0.0	5.0	50.0	0.0	0.0	14.0	0.0	62.0	0.0	0.0	0.0	0.0	0.0	0.0
22.0	0.0	0.0	31.0	70.0	0.0	65.0	53.0	0.0	93.0	34.0	0.0	0.0	0.0	29.0	0.0	0.0	0.0	12.0	96.0	0.0	0.0	44.0	0.0	86.0	77.0	94.0	99.0	0.0	21.0	0.0	6.0	53.0	0.0	81.0	0.0	0.0	0.0	77.0	32.0	36.0	0.0	0.0	61.0	0.0	37.0	42.0	69.0	15.0	38.0	0.0	31.0	0.0	0.0	83.0	45.0	0.0	92.0	62.0	57.0	0.0	0.0	0.0	0.0	0.0	0.0	18.0	0.0	0.0	0.0	0.0	40.0	48.0	0.0	0.0	100.0	0.0	50.0	0.0	68.0	0.0	18.0	89.0	0.0	0.0	0.0	0.0	33.0	0.0	73.0	3.0	0.0	40.0	0.0
54.0	68.0	13.0	38.0	17.0	46.0	0.0	18.0	10.0	0.0	28.0	0.0	9.0	0.0	0.0	11.0	0.0	0.0	0.0	1.0	2.0	0.0	0.0	56.0	0.0	87.0	0.0	3.0	0.0	0.0	0.0	37.0	59.0	0.0	0.0	70.0	59.0	98.0	24.0	0.0	0.0	0.0	0.0	0.0	0.0	5.0	0.0	0.0	46.0	0.0	0.0	0.0	90.0	72.0	20.0	0.0	4.0	76.0	40.0	0.0	0.0	17.0	0.0	90.0	9.0	14.0	26.0	94.0	15.0	94.0	0.0	0.0	0.0	15.0	81.0	96.0	0.0	88.0	0.0	81.0	89.0	0.0	60.0	0.0	74.0	61.0	0.0	0.0	0.0	0.0	0.0	76.0	0.0
21.0	0.0	40.0	0.0	0.0	0.0	18.0	0.0	22.0	28.0	0.0	41.0	77.0	0.0	0.0	4.0	0.0	0.0	71.0	0.0	85.0	49.0	51.0	20.0	0.0	0.0	0.0	32.0	63.0	40.0	75.0	0.0	53.0	38.0	0.0	7.0	100.0	74.0	0.0	0.0	63.0	9.0	0.0	78.0	0.0	0.0	0.0	0.0	0.0	20.0	0.0	0.0	0.0	31.0	0.0	0.0	51.0	0.0	0.0	96.0	79.0	32.0	92.0	77.0	12.0	0.0	0.0	34.0	0.0	0.0	0.0	75.0	0.0	0.0	0.0	62.0	91.0	0.0	0.0	81.0	76.0	0.0	86.0	0.0	0.0	10.0	0.0	0.0	0.0	0.0	43.0	0.0
16.0	0.0	0.0	2.0	0.0	14.0	0.0	29.0	0.0	0.0	3.0	55.0	1.0	0.0	56.0	60.0	19.0	94.0	0.0	0.0	0.0	0.0	0.0	0.0	0.0	18.0	0.0	38.0	0.0	0.0	90.0	29.0	0.0	0.0	0.0	35.0	0.0	0.0	90.0	0.0	0.0	0.0	0.0	0.0	39.0	0.0	0.0	5.0	0.0	0.0	0.0	73.0	0.0	14.0	0.0	0.0	59.0	34.0	81.0	18.0	32.0	0.0	65.0	51.0	0.0	71.0	83.0	0.0	0.0	0.0	79.0	66.0	72.0	22.0	15.0	72.0	72.0	0.0	0.0	0.0	24.0	0.0	46.0	0.0	0.0	0.0	0.0	0.0	0.0	87.0	76.0
98.0	35.0	0.0	11.0	98.0	0.0	0.0	0.0	48.0	92.0	100.0	0.0	99.0	23.0	0.0	0.0	97.0	35.0	46.0	74.0	0.0	29.0	0.0	14.0	0.0	12.0	33.0	0.0	0.0	93.0	44.0	96.0	83.0	68.0	25.0	0.0	68.0	0.0	0.0	0.0	0.0	0.0	0.0	1.0	77.0	29.0	0.0	0.0	8.0	59.0	0.0	0.0	35.0	99.0	75.0	4.0	79.0	59.0	0.0	100.0	0.0	28.0	0.0	75.0	0.0	0.0	83.0	3.0	0.0	0.0	54.0	68.0	36.0	86.0	0.0	0.0	0.0	68.0	11.0	80.0	0.0	0.0	0.0	0.0	0.0	6.0	62.0	0.0	44.0	65.0
50.0	66.0	47.0	0.0	22.0	87.0	0.0	52.0	0.0	75.0	80.0	49.0	0.0	0.0	0.0	97.0	0.0	0.0	0.0	78.0	96.0	79.0	45.0	0.0	0.0	0.0	64.0	0.0	100.0	0.0	45.0	62.0	30.0	70.0	24.0	0.0	0.0	0.0	0.0	0.0	3.0	95.0	37.0	0.0	0.0	1.0	87.0	6.0	0.0	0.0	0.0	0.0	0.0	0.0	0.0	0.0	86.0	0.0	0.0	81.0	35.0	27.0	0.0	85.0	41.0	0.0	0.0	0.0	72.0	96.0	0.0	0.0	0.0	38.0	13.0	27.0	0.0	0.0	30.0	0.0	0.0	38.0	85.0	0.0	77.0	0.0	0.0	0.0	0.0
45.0	48.0	41.0	0.0	0.0	0.0	0.0	16.0	55.0	94.0	0.0	95.0	99.0	46.0	91.0	0.0	56.0	0.0	0.0	0.0	6.0	0.0	81.0	0.0	0.0	0.0	0.0	3.0	9.0	0.0	0.0	0.0	5.0	70.0	0.0	78.0	88.0	98.0	0.0	0.0	0.0	0.0	0.0	0.0	37.0	0.0	0.0	0.0	74.0	42.0	0.0	0.0	0.0	80.0	0.0	77.0	76.0	0.0	23.0	0.0	0.0	0.0	0.0	0.0	0.0	66.0	0.0	74.0	43.0	46.0	58.0	0.0	0.0	0.0	89.0	0.0	67.0	24.0	89.0	0.0	0.0	0.0	0.0	0.0	0.0	0.0	0.0	39.0
51.0	86.0	0.0	0.0	90.0	25.0	0.0	91.0	0.0	47.0	0.0	0.0	80.0	0.0	24.0	0.0	0.0	0.0	12.0	63.0	98.0	88.0	0.0	49.0	35.0	92.0	0.0	0.0	0.0	0.0	40.0	38.0	60.0	0.0	83.0	0.0	0.0	40.0	38.0	84.0	9.0	0.0	42.0	0.0	57.0	12.0	0.0	0.0	74.0	0.0	71.0	0.0	42.0	63.0	0.0	0.0	61.0	13.0	0.0	77.0	50.0	0.0	0.0	0.0	80.0	77.0	17.0	50.0	0.0	0.0	0.0	64.0	77.0	0.0	90.0	50.0	0.0	0.0	0.0	0.0	0.0	76.0	9.0	0.0	0.0	0.0	64.0
0.0	0.0	0.0	58.0	0.0	0.0	0.0	10.0	18.0	27.0	17.0	62.0	0.0	0.0	24.0	61.0	90.0	0.0	84.0	0.0	80.0	79.0	0.0	93.0	79.0	0.0	0.0	0.0	74.0	0.0	90.0	0.0	68.0	0.0	0.0	81.0	33.0	55.0	25.0	0.0	0.0	0.0	0.0	0.0	83.0	0.0	23.0	0.0	2.0	16.0	49.0	56.0	0.0	14.0	17.0	0.0	87.0	51.0	54.0	76.0	0.0	48.0	0.0	0.0	0.0	86.0	0.0	0.0	54.0	58.0	0.0	29.0	0.0	0.0	0.0	0.0	0.0	29.0	7.0	58.0	0.0	0.0	28.0	67.0	21.0	0.0
0.0	89.0	77.0	0.0	0.0	0.0	0.0	0.0	4.0	0.0	34.0	0.0	0.0	75.0	0.0	0.0	0.0	0.0	0.0	0.0	82.0	31.0	42.0	20.0	0.0	87.0	0.0	0.0	0.0	60.0	20.0	0.0	0.0	0.0	21.0	0.0	75.0	78.0	0.0	0.0	0.0	0.0	73.0	0.0	0.0	0.0	0.0	0.0	59.0	0.0	36.0	42.0	0.0	0.0	0.0	97.0	0.0	25.0	70.0	0.0	8.0	0.0	0.0	25.0	0.0	71.0	0.0	0.0	0.0	100.0	0.0	0.0	0.0	53.0	0.0	0.0	0.0	0.0	0.0	4.0	0.0	0.0	66.0	53.0	0.0
0.0	15.0	63.0	59.0	0.0	71.0	96.0	0.0	0.0	61.0	0.0	0.0	0.0	52.0	0.0	63.0	7.0	79.0	55.0	0.0	65.0	0.0	86.0	0.0	17.0	78.0	0.0	0.0	0.0	0.0	0.0	0.0	0.0	76.0	0.0	14.0	83.0	0.0	0.0	25.0	0.0	45.0	0.0	0.0	0.0	62.0	65.0	83.0	0.0	62.0	0.0	85.0	26.0	47.0	64.0	0.0	51.0	0.0	0.0	0.0	0.0	0.0	18.0	0.0	86.0	0.0	0.0	0.0	0.0	0.0	0.0	0.0	0.0	0.0	0.0	0.0	0.0	0.0	0.0	0.0	79.0	84.0	0.0	17.0
60.0	70.0	51.0	78.0	36.0	0.0	44.0	0.0	0.0	38.0	0.0	43.0	33.0	0.0	0.0	40.0	0.0	0.0	0.0	0.0	9.0	0.0	88.0	0.0	99.0	37.0	91.0	0.0	19.0	0.0	78.0	97.0	8.0	93.0	62.0	28.0	0.0	24.0	0.0	0.0	7.0	22.0	0.0	88.0	0.0	53.0	40.0	36.0	82.0	0.0	19.0	0.0	4.0	27.0	0.0	3.0	0.0	84.0	34.0	88.0	0.0	70.0	65.0	45.0	6.0	82.0	24.0	0.0	87.0	0.0	38.0	0.0	93.0	75.0	0.0	0.0	27.0	0.0	0.0	65.0	81.0	0.0	0.0
16.0	0.0	0.0	0.0	0.0	58.0	34.0	41.0	6.0	56.0	54.0	0.0	0.0	0.0	0.0	45.0	0.0	84.0	0.0	0.0	53.0	5.0	80.0	52.0	0.0	55.0	58.0	0.0	0.0	0.0	0.0	0.0	0.0	64.0	43.0	0.0	0.0	14.0	0.0	0.0	5.0	100.0	0.0	21.0	81.0	24.0	80.0	28.0	0.0	0.0	5.0	0.0	0.0	0.0	22.0	0.0	41.0	96.0	34.0	0.0	0.0	0.0	0.0	83.0	0.0	33.0	82.0	66.0	56.0	7.0	60.0	0.0	0.0	0.0	0.0	0.0	0.0	68.0	79.0	12.0	0.0	0.0
45.0	37.0	0.0	0.0	93.0	27.0	1.0	0.0	0.0	0.0	57.0	69.0	76.0	0.0	0.0	1.0	50.0	0.0	0.0	78.0	0.0	0.0	66.0	94.0	5.0	0.0	0.0	0.0	69.0	0.0	82.0	0.0	45.0	0.0	4.0	0.0	16.0	97.0	79.0	60.0	0.0	0.0	31.0	35.0	0.0	0.0	0.0	0.0	96.0	40.0	0.0	28.0	0.0	0.0	0.0	0.0	0.0	8.0	0.0	0.0	0.0	0.0	0.0	0.0	30.0	14.0	95.0	0.0	3.0	0.0	41.0	0.0	0.0	0.0	86.0	54.0	0.0	0.0	0.0	0.0	0.0
0.0	23.0	0.0	0.0	56.0	68.0	0.0	0.0	0.0	0.0	27.0	0.0	30.0	0.0	4.0	0.0	11.0	0.0	3.0	0.0	35.0	0.0	0.0	95.0	43.0	1.0	0.0	65.0	15.0	92.0	0.0	25.0	82.0	13.0	0.0	84.0	0.0	50.0	0.0	82.0	78.0	0.0	0.0	77.0	61.0	0.0	0.0	19.0	96.0	0.0	0.0	47.0	94.0	0.0	59.0	0.0	0.0	68.0	0.0	0.0	58.0	0.0	0.0	0.0	46.0	0.0	10.0	75.0	0.0	20.0	0.0	0.0	47.0	0.0	22.0	0.0	37.0	0.0	0.0	0.0
0.0	96.0	47.0	78.0	96.0	25.0	0.0	25.0	0.0	75.0	16.0	98.0	36.0	0.0	31.0	0.0	70.0	0.0	4.0	0.0	0.0	0.0	0.0	0.0	0.0	0.0	65.0	57.0	0.0	0.0	51.0	87.0	35.0	0.0	0.0	95.0	0.0	42.0	0.0	0.0	100.0	0.0	0.0	0.0	0.0	0.0	0.0	0.0	0.0	68.0	32.0	27.0	0.0	0.0	16.0	0.0	38.0	0.0	25.0	0.0	0.0	0.0	0.0	0.0	42.0	29.0	44.0	0.0	0.0	69.0	0.0	18.0	0.0	0.0	0.0	0.0	0.0	13.0	65.0
0.0	0.0	91.0	76.0	0.0	0.0	87.0	0.0	29.0	33.0	0.0	0.0	0.0	0.0	93.0	58.0	0.0	4.0	63.0	68.0	0.0	0.0	40.0	33.0	62.0	0.0	0.0	72.0	57.0	0.0	0.0	0.0	0.0	0.0	60.0	52.0	56.0	81.0	0.0	40.0	0.0	0.0	51.0	81.0	0.0	0.0	69.0	21.0	0.0	0.0	0.0	0.0	7.0	0.0	0.0	66.0	0.0	89.0	98.0	0.0	12.0	0.0	30.0	6.0	55.0	93.0	0.0	0.0	0.0	91.0	0.0	41.0	0.0	17.0	4.0	0.0	49.0	0.0
73.0	63.0	0.0	4.0	2.0	0.0	0.0	73.0	13.0	9.0	0.0	52.0	23.0	0.0	92.0	84.0	0.0	3.0	20.0	9.0	47.0	0.0	0.0	27.0	91.0	0.0	28.0	0.0	52.0	0.0	0.0	0.0	61.0	19.0	0.0	98.0	0.0	40.0	58.0	0.0	38.0	0.0	97.0	93.0	6.0	0.0	0.0	0.0	0.0	0.0	1.0	37.0	51.0	0.0	0.0	23.0	0.0	0.0	0.0	0.0	85.0	69.0	33.0	0.0	63.0	66.0	1.0	0.0	70.0	63.0	98.0	45.0	0.0	56.0	0.0	0.0	100.0
29.0	0.0	51.0	0.0	0.0	0.0	23.0	13.0	0.0	0.0	40.0	0.0	49.0	0.0	16.0	84.0	0.0	46.0	0.0	0.0	84.0	0.0	0.0	0.0	0.0	0.0	7.0	42.0	0.0	0.0	68.0	0.0	0.0	30.0	1.0	0.0	0.0	0.0	26.0	0.0	52.0	0.0	3.0	26.0	0.0	0.0	86.0	99.0	97.0	83.0	0.0	19.0	0.0	0.0	81.0	60.0	79.0	36.0	0.0	99.0	0.0	0.0	0.0	58.0	99.0	18.0	0.0	37.0	0.0	0.0	45.0	0.0	70.0	32.0	0.0	0.0
92.0	93.0	0.0	0.0	0.0	0.0	94.0	0.0	0.0	0.0	12.0	87.0	0.0	0.0	0.0	41.0	0.0	91.0	46.0	0.0	0.0	0.0	0.0	0.0	0.0	0.0	0.0	0.0	0.0	0.0	100.0	0.0	16.0	0.0	0.0	0.0	57.0	0.0	57.0	22.0	0.0	6.0	0.0	54.0	0.0	37.0	0.0	0.0	0.0	0.0	36.0	0.0	0.0	0.0	0.0	0.0	57.0	0.0	36.0	63.0	0.0	0.0	18.0	0.0	15.0	47.0	0.0	28.0	0.0	0.0	30.0	0.0	96.0	31.0	0.0
0.0	81.0	16.0	0.0	19.0	87.0	97.0	4.0	43.0	0.0	0.0	84.0	0.0	0.0	12.0	97.0	0.0	0.0	0.0	0.0	67.0	0.0	84.0	81.0	0.0	0.0	0.0	0.0	0.0	23.0	0.0	20.0	0.0	0.0	0.0	42.0	76.0	4.0	0.0	0.0	0.0	0.0	0.0	0.0	0.0	0.0	0.0	12.0	0.0	95.0	78.0	0.0	0.0	13.0	24.0	41.0	45.0	0.0	53.0	9.0	93.0	0.0	0.0	90.0	94.0	0.0	81.0	81.0	21.0	72.0	0.0	0.0	26.0	93.0
38.0	85.0	67.0	62.0	0.0	0.0	2.0	0.0	90.0	5.0	0.0	0.0	0.0	0.0	63.0	0.0	96.0	0.0	0.0	0.0	0.0	0.0	8.0	0.0	21.0	10.0	0.0	0.0	0.0	57.0	0.0	60.0	0.0	0.0	17.0	69.0	35.0	0.0	33.0	55.0	83.0	21.0	76.0	0.0	0.0	36.0	97.0	51.0	79.0	48.0	0.0	57.0	0.0	10.0	0.0	0.0	0.0	59.0	7.0	15.0	67.0	0.0	13.0	0.0	1.0	0.0	0.0	55.0	97.0	91.0	69.0	99.0	48.0
40.0	63.0	47.0	0.0	50.0	17.0	23.0	0.0	46.0	0.0	1.0	0.0	77.0	0.0	0.0	0.0	0.0	93.0	56.0	7.0	54.0	58.0	21.0	0.0	65.0	93.0	11.0	85.0	0.0	0.0	0.0	88.0	96.0	3.0	52.0	0.0	76.0	30.0	37.0	55.0	0.0	70.0	71.0	0.0	0.0	0.0	80.0	33.0	0.0	0.0	0.0	13.0	68.0	0.0	81.0	0.0	8.0	23.0	97.0	37.0	79.0	0.0	0.0	55.0	0.0	25.0	40.0	43.0	44.0	80.0	20.0	0.0
0.0	0.0	27.0	0.0	0.0	0.0	0.0	0.0	60.0	0.0	0.0	26.0	0.0	0.0	0.0	35.0	0.0	63.0	26.0	87.0	0.0	0.0	0.0	0.0	0.0	17.0	0.0	0.0	0.0	0.0	0.0	36.0	30.0	0.0	85.0	0.0	53.0	0.0	0.0	0.0	0.0	83.0	0.0	0.0	0.0	0.0	0.0	40.0	0.0	98.0	0.0	0.0	0.0	68.0	0.0	0.0	19.0	0.0	69.0	0.0	0.0	7.0	29.0	0.0	0.0	0.0	0.0	42.0	0.0	0.0	74.0
81.0	50.0	0.0	0.0	6.0	0.0	0.0	85.0	87.0	0.0	78.0	62.0	66.0	60.0	0.0	0.0	41.0	0.0	0.0	68.0	5.0	0.0	0.0	42.0	45.0	0.0	0.0	0.0	0.0	67.0	69.0	63.0	92.0	0.0	0.0	0.0	19.0	78.0	81.0	0.0	8.0	0.0	99.0	33.0	77.0	0.0	61.0	59.0	19.0	8.0	56.0	0.0	87.0	0.0	52.0	1.0	0.0	73.0	17.0	48.0	2.0	0.0	0.0	55.0	100.0	7.0	63.0	0.0	0.0	0.0
46.0	66.0	29.0	93.0	99.0	0.0	90.0	0.0	0.0	98.0	0.0	0.0	71.0	68.0	0.0	86.0	6.0	0.0	32.0	44.0	0.0	0.0	66.0	30.0	43.0	98.0	0.0	0.0	0.0	0.0	0.0	4.0	17.0	16.0	64.0	0.0	43.0	0.0	63.0	8.0	32.0	69.0	78.0	0.0	97.0	0.0	0.0	0.0	0.0	0.0	32.0	42.0	65.0	98.0	0.0	0.0	0.0	2.0	18.0	0.0	0.0	0.0	53.0	28.0	0.0	9.0	4.0	69.0	93.0
56.0	0.0	0.0	0.0	25.0	98.0	10.0	73.0	26.0	0.0	0.0	0.0	82.0	77.0	43.0	20.0	2.0	73.0	53.0	0.0	0.0	50.0	0.0	0.0	28.0	4.0	0.0	0.0	0.0	85.0	4.0	81.0	20.0	0.0	93.0	54.0	99.0	90.0	58.0	5.0	0.0	26.0	0.0	0.0	0.0	0.0	68.0	81.0	14.0	0.0	0.0	0.0	0.0	0.0	0.0	88.0	18.0	0.0	0.0	0.0	4.0	48.0	48.0	27.0	72.0	66.0	100.0	0.0
92.0	0.0	0.0	21.0	55.0	27.0	75.0	0.0	15.0	77.0	62.0	0.0	0.0	0.0	15.0	0.0	0.0	0.0	0.0	0.0	74.0	96.0	20.0	87.0	79.0	0.0	0.0	19.0	0.0	33.0	94.0	0.0	21.0	80.0	24.0	27.0	0.0	82.0	21.0	48.0	25.0	0.0	0.0	0.0	37.0	63.0	18.0	76.0	0.0	0.0	75.0	0.0	0.0	79.0	88.0	74.0	0.0	0.0	0.0	62.0	13.0	0.0	0.0	0.0	71.0	0.0	86.0
0.0	0.0	31.0	0.0	0.0	50.0	94.0	0.0	93.0	98.0	0.0	77.0	29.0	0.0	90.0	72.0	0.0	0.0	0.0	42.0	0.0	98.0	0.0	0.0	0.0	15.0	77.0	0.0	36.0	0.0	43.0	57.0	24.0	31.0	72.0	94.0	21.0	38.0	0.0	0.0	26.0	51.0	60.0	57.0	0.0	95.0	0.0	92.0	41.0	0.0	0.0	36.0	0.0	0.0	34.0	0.0	52.0	0.0	86.0	0.0	0.0	0.0	0.0	0.0	0.0	0.0
0.0	0.0	0.0	79.0	76.0	0.0	0.0	0.0	0.0	82.0	24.0	0.0	0.0	50.0	0.0	0.0	0.0	0.0	0.0	0.0	0.0	54.0	73.0	64.0	25.0	24.0	0.0	46.0	0.0	0.0	80.0	0.0	0.0	0.0	43.0	0.0	80.0	0.0	24.0	18.0	0.0	0.0	28.0	24.0	75.0	38.0	0.0	86.0	94.0	0.0	0.0	88.0	61.0	0.0	40.0	54.0	82.0	18.0	43.0	0.0	0.0	43.0	82.0	0.0	52.0
93.0	42.0	0.0	95.0	0.0	79.0	56.0	70.0	0.0	0.0	90.0	0.0	0.0	22.0	9.0	0.0	0.0	89.0	59.0	65.0	0.0	40.0	32.0	0.0	91.0	26.0	93.0	0.0	59.0	0.0	14.0	0.0	0.0	0.0	0.0	0.0	0.0	0.0	0.0	0.0	0.0	0.0	0.0	75.0	0.0	0.0	0.0	23.0	0.0	30.0	0.0	0.0	58.0	96.0	28.0	0.0	57.0	0.0	98.0	0.0	0.0	76.0	0.0	75.0
94.0	32.0	40.0	30.0	58.0	0.0	39.0	0.0	0.0	48.0	45.0	82.0	0.0	13.0	56.0	1.0	26.0	0.0	41.0	0.0	0.0	0.0	0.0	0.0	0.0	42.0	42.0	0.0	53.0	78.0	81.0	28.0	51.0	0.0	0.0	0.0	0.0	0.0	50.0	83.0	0.0	0.0	0.0	0.0	85.0	9.0	94.0	24.0	18.0	18.0	0.0	68.0	61.0	0.0	25.0	0.0	80.0	10.0	0.0	90.0	19.0	0.0	0.0
0.0	28.0	91.0	27.0	49.0	39.0	97.0	0.0	0.0	84.0	45.0	0.0	0.0	0.0	22.0	0.0	61.0	97.0	59.0	39.0	0.0	0.0	30.0	99.0	0.0	49.0	0.0	0.0	32.0	0.0	22.0	46.0	35.0	0.0	0.0	57.0	0.0	81.0	0.0	63.0	18.0	59.0	18.0	0.0	70.0	79.0	0.0	0.0	0.0	77.0	44.0	0.0	98.0	84.0	0.0	0.0	55.0	67.0	68.0	0.0	0.0	0.0
73.0	0.0	67.0	0.0	68.0	75.0	15.0	67.0	0.0	0.0	0.0	0.0	0.0	88.0	0.0	88.0	64.0	37.0	89.0	0.0	0.0	71.0	0.0	72.0	0.0	26.0	75.0	53.0	0.0	8.0	0.0	57.0	0.0	91.0	13.0	0.0	0.0	70.0	0.0	0.0	0.0	0.0	0.0	0.0	0.0	0.0	0.0	63.0	0.0	0.0	33.0	64.0	0.0	20.0	5.0	85.0	0.0	0.0	41.0	0.0	0.0
98.0	0.0	22.0	0.0	75.0	0.0	0.0	27.0	43.0	0.0	0.0	76.0	0.0	0.0	0.0	33.0	30.0	58.0	0.0	24.0	60.0	0.0	77.0	0.0	27.0	39.0	0.0	57.0	67.0	0.0	54.0	14.0	0.0	0.0	0.0	15.0	0.0	0.0	0.0	68.0	18.0	63.0	83.0	65.0	0.0	0.0	8.0	3.0	91.0	95.0	88.0	41.0	96.0	0.0	0.0	13.0	0.0	0.0	0.0	0.0
25.0	0.0	5.0	6.0	88.0	0.0	0.0	0.0	0.0	0.0	0.0	82.0	84.0	62.0	0.0	50.0	35.0	0.0	0.0	8.0	0.0	0.0	0.0	0.0	73.0	20.0	0.0	83.0	2.0	62.0	94.0	0.0	0.0	0.0	100.0	0.0	0.0	92.0	72.0	0.0	0.0	0.0	75.0	27.0	0.0	36.0	0.0	0.0	56.0	0.0	92.0	99.0	59.0	0.0	72.0	42.0	0.0	53.0	0.0
4.0	0.0	0.0	14.0	31.0	0.0	75.0	31.0	0.0	19.0	0.0	12.0	0.0	78.0	38.0	0.0	0.0	0.0	0.0	98.0	0.0	71.0	50.0	1.0	64.0	0.0	78.0	0.0	0.0	0.0	0.0	57.0	4.0	0.0	0.0	0.0	10.0	89.0	30.0	0.0	0.0	0.0	0.0	0.0	29.0	50.0	0.0	35.0	15.0	0.0	44.0	0.0	0.0	72.0	0.0	0.0	84.0	57.0
0.0	99.0	0.0	0.0	0.0	12.0	87.0	0.0	0.0	0.0	0.0	60.0	53.0	0.0	7.0	0.0	0.0	80.0	0.0	0.0	0.0	0.0	0.0	0.0	48.0	56.0	76.0	100.0	88.0	35.0	0.0	73.0	0.0	91.0	0.0	68.0	89.0	0.0	37.0	0.0	0.0	38.0	79.0	0.0	0.0	43.0	0.0	81.0	0.0	0.0	0.0	44.0	65.0	0.0	0.0	58.0	0.0
97.0	0.0	24.0	0.0	0.0	77.0	19.0	24.0	0.0	4.0	0.0	0.0	0.0	0.0	0.0	4.0	0.0	72.0	0.0	0.0	3.0	0.0	0.0	85.0	44.0	0.0	82.0	0.0	0.0	0.0	54.0	82.0	98.0	73.0	0.0	7.0	0.0	22.0	91.0	0.0	13.0	12.0	11.0	0.0	74.0	45.0	83.0	4.0	47.0	55.0	84.0	22.0	4.0	0.0	29.0	0.0
0.0	0.0	21.0	0.0	0.0	23.0	0.0	81.0	0.0	0.0	0.0	92.0	84.0	33.0	0.0	0.0	0.0	93.0	0.0	46.0	0.0	0.0	0.0	0.0	0.0	0.0	80.0	42.0	0.0	23.0	50.0	9.0	0.0	0.0	0.0	0.0	56.0	58.0	0.0	0.0	44.0	0.0	26.0	0.0	22.0	22.0	0.0	27.0	32.0	0.0	0.0	7.0	0.0	7.0	17.0
0.0	49.0	0.0	0.0	0.0	94.0	56.0	0.0	55.0	46.0	0.0	0.0	67.0	38.0	0.0	44.0	8.0	0.0	0.0	0.0	0.0	87.0	0.0	37.0	0.0	0.0	16.0	68.0	0.0	0.0	24.0	31.0	8.0	0.0	45.0	56.0	26.0	0.0	0.0	72.0	72.0	0.0	0.0	0.0	52.0	0.0	0.0	0.0	22.0	34.0	47.0	0.0	87.0	0.0
19.0	0.0	0.0	57.0	37.0	0.0	0.0	0.0	0.0	0.0	5.0	0.0	21.0	0.0	0.0	74.0	0.0	0.0	0.0	43.0	0.0	0.0	48.0	66.0	50.0	29.0	0.0	0.0	61.0	88.0	1.0	92.0	22.0	0.0	78.0	33.0	0.0	79.0	97.0	5.0	0.0	10.0	0.0	0.0	0.0	0.0	98.0	0.0	0.0	0.0	0.0	47.0	9.0
93.0	0.0	97.0	2.0	0.0	0.0	0.0	82.0	35.0	0.0	76.0	43.0	72.0	25.0	64.0	28.0	0.0	69.0	79.0	0.0	0.0	83.0	80.0	0.0	0.0	28.0	58.0	16.0	100.0	87.0	0.0	0.0	77.0	0.0	49.0	0.0	25.0	0.0	26.0	0.0	48.0	0.0	0.0	49.0	46.0	0.0	0.0	0.0	0.0	85.0	0.0	0.0
0.0	83.0	0.0	0.0	0.0	0.0	0.0	92.0	0.0	0.0	0.0	81.0	0.0	0.0	0.0	0.0	0.0	0.0	42.0	32.0	78.0	8.0	17.0	0.0	41.0	0.0	56.0	0.0	70.0	31.0	0.0	67.0	42.0	63.0	0.0	100.0	0.0	0.0	0.0	0.0	82.0	13.0	69.0	34.0	96.0	0.0	39.0	21.0	0.0	0.0	0.0
21.0	25.0	0.0	0.0	69.0	12.0	71.0	0.0	0.0	0.0	19.0	98.0	92.0	11.0	16.0	0.0	0.0	64.0	88.0	81.0	16.0	71.0	99.0	52.0	85.0	0.0	0.0	0.0	9.0	0.0	0.0	44.0	0.0	0.0	0.0	13.0	0.0	0.0	0.0	78.0	100.0	0.0	80.0	0.0	77.0	67.0	58.0	0.0	0.0	35.0
0.0	0.0	91.0	0.0	0.0	0.0	49.0	0.0	39.0	81.0	88.0	0.0	0.0	0.0	42.0	0.0	42.0	0.0	0.0	0.0	79.0	91.0	51.0	0.0	7.0	7.0	95.0	0.0	0.0	70.0	0.0	97.0	85.0	0.0	0.0	81.0	0.0	0.0	48.0	0.0	0.0	86.0	13.0	0.0	0.0	0.0	0.0	0.0	0.0
0.0	44.0	7.0	73.0	0.0	0.0	69.0	35.0	57.0	0.0	0.0	0.0	0.0	0.0	0.0	0.0	73.0	0.0	0.0	0.0	0.0	17.0	0.0	0.0	4.0	50.0	0.0	0.0	0.0	0.0	79.0	0.0	0.0	0.0	82.0	0.0	0.0	79.0	0.0	0.0	0.0	0.0	0.0	95.0	24.0	12.0	48.0	0.0
6.0	0.0	0.0	0.0	100.0	87.0	3.0	0.0	0.0	17.0	19.0	79.0	49.0	70.0	36.0	18.0	56.0	1.0	16.0	0.0	0.0	51.0	30.0	54.0	98.0	45.0	5.0	95.0	0.0	0.0	28.0	0.0	0.0	15.0	0.0	34.0	0.0	0.0	0.0	0.0	33.0	67.0	0.0	13.0	0.0	93.0	0.0
83.0	0.0	0.0	25.0	5.0	92.0	0.0	0.0	0.0	96.0	67.0	75.0	0.0	22.0	0.0	0.0	0.0	0.0	0.0	0.0	86.0	1.0	0.0	0.0	35.0	0.0	18.0	0.0	83.0	56.0	0.0	0.0	0.0	89.0	0.0	97.0	38.0	73.0	26.0	0.0	55.0	0.0	0.0	43.0	0.0	20.0
0.0	0.0	0.0	0.0	30.0	26.0	0.0	9.0	78.0	0.0	12.0	27.0	0.0	89.0	88.0	0.0	0.0	0.0	11.0	0.0	0.0	27.0	0.0	0.0	96.0	1.0	86.0	0.0	97.0	58.0	0.0	0.0	0.0	0.0	66.0	0.0	0.0	0.0	77.0	71.0	0.0	91.0	74.0	80.0	0.0
0.0	0.0	27.0	64.0	0.0	0.0	33.0	72.0	0.0	13.0	88.0	0.0	0.0	23.0	65.0	0.0	0.0	39.0	0.0	0.0	0.0	12.0	0.0	0.0	0.0	36.0	4.0	96.0	0.0	6.0	0.0	0.0	87.0	0.0	17.0	0.0	82.0	11.0	0.0	8.0	0.0	0.0	0.0	0.0
63.0	0.0	9.0	0.0	20.0	20.0	0.0	20.0	28.0	61.0	0.0	0.0	0.0	61.0	44.0	49.0	8.0	95.0	71.0	0.0	37.0	0.0	86.0	4.0	81.0	57.0	38.0	0.0	0.0	12.0	16.0	53.0	0.0	39.0	0.0	0.0	0.0	0.0	0.0	0.0	85.0	0.0	90.0
17.0	61.0	79.0	0.0	0.0	71.0	0.0	84.0	45.0	0.0	66.0	0.0	23.0	22.0	45.0	0.0	4.0	0.0	0.0	0.0	13.0	81.0	0.0	25.0	0.0	0.0	0.0	86.0	0.0	0.0	45.0	42.0	56.0	3.0	0.0	0.0	54.0	32.0	35.0	0.0	0.0	11.0
70.0	49.0	43.0	0.0	4.0	1.0	100.0	0.0	0.0	43.0	70.0	0.0	63.0	5.0	45.0	37.0	0.0	0.0	94.0	61.0	0.0	0.0	0.0	0.0	91.0	95.0	0.0	73.0	0.0	70.0	0.0	67.0	1.0	0.0	73.0	82.0	52.0	13.0	0.0	63.0	19.0
75.0	57.0	0.0	0.0	34.0	0.0	0.0	0.0	0.0	0.0	0.0	28.0	32.0	54.0	0.0	0.0	73.0	94.0	0.0	0.0	56.0	0.0	0.0	1.0	35.0	46.0	0.0	85.0	0.0	54.0	0.0	82.0	22.0	46.0	98.0	96.0	0.0	18.0	0.0	45.0
0.0	60.0	0.0	3.0	93.0	0.0	32.0	67.0	2.0	89.0	88.0	0.0	0.0	16.0	0.0	70.0	0.0	22.0	0.0	0.0	0.0	0.0	0.0	0.0	34.0	0.0	30.0	24.0	0.0	81.0	0.0	98.0	65.0	19.0	0.0	0.0	0.0	82.0	0.0
0.0	0.0	43.0	60.0	58.0	0.0	92.0	0.0	66.0	0.0	0.0	39.0	0.0	0.0	0.0	68.0	0.0	19.0	18.0	0.0	88.0	23.0	0.0	0.0	63.0	0.0	0.0	0.0	96.0	2.0	88.0	0.0	0.0	12.0	56.0	27.0	70.0	47.0
0.0	33.0	0.0	0.0	9.0	0.0	61.0	97.0	59.0	0.0	35.0	0.0	39.0	0.0	63.0	0.0	0.0	64.0	43.0	0.0	0.0	69.0	55.0	34.0	46.0	0.0	0.0	42.0	0.0	86.0	0.0	58.0	11.0	0.0	0.0	95.0	0.0
29.0	0.0	52.0	99.0	58.0	0.0	0.0	51.0	0.0	9.0	0.0	11.0	3.0	21.0	0.0	9.0	20.0	81.0	2.0	0.0	8.0	0.0	0.0	83.0	6.0	0.0	0.0	42.0	91.0	68.0	23.0	0.0	69.0	2.0	46.0	55.0
96.0	0.0	10.0	49.0	0.0	0.0	87.0	0.0	0.0	41.0	87.0	59.0	0.0	45.0	70.0	47.0	19.0	0.0	0.0	1.0	0.0	26.0	0.0	0.0	0.0	0.0	9.0	0.0	27.0	11.0	29.0	0.0	93.0	0.0	23.0
0.0	0.0	6.0	6.0	0.0	0.0	0.0	93.0	39.0	0.0	0.0	52.0	21.0	0.0	22.0	65.0	51.0	80.0	9.0	0.0	0.0	97.0	0.0	0.0	0.0	0.0	54.0	46.0	0.0	0.0	0.0	2.0	0.0	0.0
0.0	60.0	42.0	19.0	0.0	0.0	0.0	0.0	0.0	76.0	55.0	0.0	72.0	14.0	22.0	20.0	0.0	65.0	0.0	6.0	0.0	0.0	25.0	40.0	36.0	54.0	0.0	47.0	59.0	0.0	77.0	78.0	94.0
0.0	0.0	69.0	38.0	83.0	84.0	0.0	0.0	0.0	0.0	35.0	0.0	33.0	0.0	66.0	85.0	0.0	0.0	0.0	0.0	0.0	0.0	97.0	0.0	0.0	0.0	0.0	0.0	0.0	84.0	0.0	97.0
83.0	13.0	33.0	0.0	76.0	0.0	0.0	0.0	60.0	58.0	5.0	98.0	94.0	0.0	0.0	32.0	0.0	0.0	0.0	97.0	14.0	0.0	50.0	0.0	42.0	0.0	24.0	0.0	15.0	0.0	0.0
87.0	40.0	93.0	0.0	83.0	0.0	91.0	0.0	0.0	0.0	0.0	0.0	0.0	0.0	24.0	45.0	0.0	73.0	55.0	0.0	35.0	0.0	7.0	66.0	59.0	0.0	20.0	0.0	41.0	0.0
89.0	53.0	47.0	14.0	0.0	0.0	0.0	51.0	11.0	0.0	0.0	0.0	60.0	0.0	0.0	0.0	0.0	15.0	75.0	86.0	74.0	8.0	0.0	0.0	17.0	0.0	0.0	1.0	99.0
0.0	0.0	81.0	26.0	0.0	0.0	48.0	95.0	0.0	79.0	0.0	0.0	0.0	73.0	0.0	0.0	0.0	0.0	95.0	0.0	0.0	0.0	36.0	0.0	0.0	90.0	9.0	1.0
0.0	45.0	0.0	94.0	0.0	44.0	9.0	0.0	0.0	0.0	38.0	0.0	1.0	0.0	100.0	85.0	0.0	0.0	0.0	61.0	0.0	98.0	39.0	0.0	9.0	17.0	0.0
0.0	0.0	32.0	76.0	0.0	54.0	0.0	61.0	9.0	23.0	0.0	24.0	50.0	0.0	0.0	37.0	57.0	0.0	58.0	87.0	79.0	0.0	0.0	24.0	0.0	33.0
40.0	30.0	0.0	20.0	0.0	59.0	0.0	0.0	39.0	64.0	0.0	0.0	0.0	0.0	0.0	0.0	0.0	0.0	38.0	69.0	21.0	73.0	85.0	0.0	53.0
64.0	0.0	0.0	68.0	0.0	0.0	0.0	0.0	0.0	99.0	0.0	42.0	69.0	0.0	0.0	0.0	0.0	0.0	29.0	20.0	0.0	0.0	0.0	84.0
44.0	0.0	23.0	28.0	0.0	64.0	56.0	0.0	0.0	0.0	40.0	0.0	0.0	13.0	0.0	0.0	19.0	0.0	94.0	0.0	17.0	0.0	12.0
48.0	10.0	0.0	12.0	63.0	12.0	0.0	0.0	100.0	92.0	0.0	75.0	0.0	88.0	0.0	0.0	0.0	0.0	0.0	0.0	0.0	84.0
17.0	47.0	72.0	16.0	87.0	57.0	0.0	70.0	77.0	0.0	98.0	98.0	57.0	0.0	26.0	0.0	0.0	0.0	0.0	0.0	6.0
8.0	0.0	0.0	0.0	0.0	0.0	0.0	0.0	37.0	0.0	0.0	77.0	78.0	78.0	0.0	24.0	59.0	94.0	6.0	14.0
16.0	78.0	78.0	0.0	0.0	80.0	68.0	0.0	95.0	12.0	2.0	79.0	0.0	15.0	0.0	0.0	0.0	25.0	0.0
0.0	0.0	0.0	59.0	0.0	0.0	0.0	0.0	0.0	0.0	24.0	0.0	0.0	83.0	86.0	0.0	0.0	21.0
29.0	0.0	88.0	0.0	0.0	0.0	0.0	29.0	15.0	78.0	0.0	0.0	99.0	51.0	85.0	47.0	0.0
0.0	0.0	97.0	36.0	0.0	49.0	2.0	0.0	10.0	32.0	0.0	0.0	0.0	0.0	0.0	0.0
0.0	0.0	65.0	19.0	46.0	0.0	91.0	0.0	0.0	0.0	0.0	86.0	0.0	0.0	69.0
0.0	0.0	0.0	66.0	0.0	0.0	0.0	0.0	92.0	0.0	0.0	8.0	0.0	74.0
0.0	61.0	79.0	0.0	100.0	72.0	0.0	74.0	0.0	35.0	81.0	0.0	0.0
80.0	0.0	0.0	0.0	27.0	0.0	37.0	0.0	87.0	69.0	0.0	99.0
71.0	13.0	24.0	71.0	3.0	0.0	0.0	80.0	0.0	0.0	9.0
30.0	75.0	61.0	92.0	72.0	0.0	0.0	0.0	0.0	0.0
77.0	0.0	54.0	0.0	17.0	59.0	0.0	0.0	60.0
0.0	76.0	0.0	15.0	0.0	95.0	0.0	54.0
0.0	90.0	0.0	61.0	0.0	0.0	73.0
65.0	50.0	0.0	0.0	44.0	0.0
0.0	0.0	92.0	27.0	4.0
72.0	0.0	48.0	10.0
0.0	93.0	37.0
0.0	24.0
21.0

11.0	41.0	23.0	13.0	21.0	19.0	37.0	34.0	16.0	19.0	42.0	10.0	39.0	48.0	13.0	27.0	2.0	15.0	11.0	47.0	48.0	15.0	50.0	44.0	48.0	5.0	47.0	3.0	39.0	3.0	23.0	34.0	30.0	34.0	21.0	11.0	13.0	16.0	20.0	36.0	9.0	19.0	6.0	37.0	32.0	22.0	15.0	16.0	26.0	35.0	35.0	49.0	41.0	35.0	19.0	9.0	10.0	31.0	26.0	31.0	15.0	27.0	33.0	42.0	27.0	14.0	20.0	10.0	41.0	49.0	25.0	15.0	16.0	46.0	16.0	30.0	21.0	42.0	10.0	27.0	25.0	38.0	38.0	49.0	40.0	8.0	47.0	22.0	22.0	19.0	36.0	7.0	7.0	44.0	42.0	26.0	27.0	34.0	28.0	35.0

212.08	212.08	212.08	212.08	212.08	212.08	212.08	212.08	212.08	212.08
